1 0.725658 0.174741
2 6.41637 5.42089
3 0.925929 0.2905
4 0.601648 0.0863169
5 0.586826 0.0805255
6 0.648314 0.0979134
7 0.629201 0.107823
8 0.559304 0.0924018
9 0.451333 0.038529
10 0.468573 0.0394926
11 0.529855 0.0668246
12 0.516773 0.0639367
13 0.427261 0.0343121
14 0.39245 0.0279789
15 0.476888 0.0433873
16 0.536452 0.0713276
17 0.535124 0.0562233
18 0.725906 0.228043
19 0.923224 0.497365
20 0.767544 0.313217
21 0.666164 0.171535
22 0.740152 0.21135
23 1.14088 0.603095
24 1.75833 1.10018
25 1.6738 0.992891
26 1.56543 0.713662
27 2.77832 1.94655
28 0.881192 0.199618
29 0.639249 0.0948343
30 0.61362 0.0899842
31 0.749154 0.178422
32 0.596071 0.0615705
33 0.696305 0.124143
34 0.701869 0.0960955
35 1.27646 0.590618
36 0.560195 0.0824634
37 0.478137 0.0491619
38 0.532821 0.0577944
39 0.484173 0.0412299
40 0.516635 0.0557957
41 0.556628 0.0766462
42 0.511258 0.0537636
43 0.534761 0.0724955
