556
223
58
207
80
219
24
43
36
518
114
111
192
273
426
442
249
196
463
424
451
122
448
478
386
5
438
496
187
44
541
481
200
292
122
512
234
413
160
200
80
241
211
68
150
333
438
108
363
200
575
109
496
74
249
153
574
89
221
514
36
39
354
223
350
478
35
241
414
247
407
373
537
414
490
353
298
232
112
298
61
362
232
400
450
153
513
431
482
93
462
322
331
394
467
76
463
310
356
212
0
13
264
555
209
425
419
302
178
403
418
500
348
444
36
90
165
150
101
172
136
5
301
72
172
191
322
324
36
54
557
241
427
299
553
164
537
65
501
258
178
407
428
564
99
381
68
249
354
13
294
314
501
310
79
472
532
408
217
106
473
501
150
429
297
539
334
313
117
353
150
413
554
537
289
369
353
171
550
140
88
159
194
302
525
138
277
209
308
69
79
308
264
235
394
494
271
564
312
13
188
225
435
497
487
178
72
69
97
63
524
234
384
456
249
416
82
170
355
207
464
117
365
196
2
76
454
349
195
209
51
227
21
216
61
483
525
496
197
403
540
97
500
427
345
410
191
124
220
551
315
167
168
415
272
226
283
274
234
4
552
534
455
406
178
176
13
47
417
228
455
442
293
227
134
404
414
2
469
306
353
167
234
140
96
514
287
239
552
178
442
347
63
427
118
46
254
91
353
372
499
5
203
389
12
96
366
359
372
303
353
520
498
26
108
214
124
424
489
131
102
376
370
398
491
455
271
0
51
521
359
457
368
32
237
60
281
303
286
233
412
551
428
534
326
541
338
294
4
398
484
36
504
71
16
24
371
206
368
550
7
271
39
174
278
557
225
33
207
39
131
199
521
569
129
104
177
182
535
84
508
224
148
501
555
415
554
379
408
318
226
496
113
331
136
214
257
427
440
20
410
392
223
91
465
214
271
106
444
331
540
28
96
550
42
263
387
531
504
327
540
181
532
150
221
435
481
461
231
218
481
480
244
528
512
20
338
35
318
403
284
172
393
522
206
4
567
381
367
346
137
16
574
293
2
414
406
128
39
387
480
471
353
106
563
410
490
67
85
228
474
426
424
381
444
96
465
74
473
502
192
439
297
51
402
503
410
197
228
73
527
288
63
326
175
508
499
306
254
370
324
441
465
189
467
344
137
168
500
218
408
41
379
98
20
15
324
198
466
254
134
437
499
454
157
416
102
0
485
520
40
7
156
151
411
464
369
21
372
36
334
67
55
564
108
92
175
553
279
294
276
494
193
24
4
148
102
296
247
36
446
483
185
57
101
421
303
473
529
567
26
118
230
52
110
119
275
296
195
375
495
430
429
331
288
373
497
201
401
281
528
538
1
131
324
401
186
24
18
474
86
162
502
387
544
233
258
549
361
204
97
233
397
458
260
367
340
2
573
14
434
536
457
509
213
377
438
372
204
358
3
373
103
374
103
400
456
80
445
404
151
266
362
496
367
170
308
236
397
117
505
574
329
421
238
233
102
228
533
87
302
43
572
478
182
21
404
372
488
380
533
472
440
452
523
515
40
480
277
483
194
0
204
506
236
486
383
473
549
80
265
332
369
398
422
327
275
247
445
278
139
388
78
176
454
215
160
563
425
467
174
215
81
294
459
394
33
44
411
361
174
482
332
15
571
81
147
536
357
492
269
313
136
471
306
225
551
79
144
340
504
246
458
399
458
570
348
6
427
548
181
257
455
146
286
146
192
555
380
356
448
346
226
304
368
12
13
158
303
354
380
164
405
134
405
73
26
123
545
552
163
71
482
394
369
133
514
103
73
28
86
366
270
518
573
545
401
552
63
83
415
191
192
422
386
134
480
568
133
367
24
561
162
560
234
162
359
551
87
291
110
179
445
195
574
572
498
172
29
483
174
363
238
532
183
156
166
172
365
95
345
15
546
146
112
85
221
208
178
558
466
426
413
276
246
111
21
263
514
350
236
538
163
90
87
250
368
240
283
82
192
523
458
327
395
161
370
7
337
485
516
17
154
174
508
378
263
116
288
361
26
565
35
265
251
83
263
136
239
365
524
33
278
515
365
370
574
476
496
491
517
502
397
396
311
456
195
310
219
308
16
505
429
485
113
537
74
535
370
433
183
267
192
166
263
41
488
407
35
149
361
240
315
95
152
365
438
139
172
63
48
67
60
502
357
234
236
567
15
171
258
377
328
165
61
399
343
360
485
164
286
360
188
545
235
210
436
340
127
264
324
360
548
97
465
31
207
54
411
147
121
295
113
181
210
221
165
497
539
322
163
121
535
540
403
262
247
178
480
553
190
184
523
20
92
245
85
216
477
509
217
95
431
51
51
136
215
564
324
406
109
389
48
515
348
480
433
302
320
336
478
386
242
41
423
364
188
239
181
74
426
477
545
374
495
430
492
570
520
460
157
527
263
345
545
348
48
348
376
279
233
267
398
221
76
146
204
47
185
560
157
276
311
45
2
245
238
244
2
17
212
515
234
234
544
56
255
84
432
243
105
421
497
189
63
253
306
302
71
188
299
115
437
395
35
99
467
232
286
190
267
188
353
76
419
46
398
306
181
176
61
80
179
355
145
54
258
519
428
436
504
458
234
423
278
221
537
162
233
343
525
65
133
97
73
343
134
539
437
80
208
177
421
17
169
84
219
117
349
40
432
484
557
451
307
510
168
157
301
29
167
182
476
184
483
355
563
248
288
554
300
279
178
143
535
110
186
233
290
31
424
549
319
240
205
182
383
54
181
115
190
319
470
218
563
144
428
117
190
440
504
446
505
487
532
15
101
192
287
287
145
263
368
573
134
564
494
383
134
168
251
514
84
490
294
554
476
395
355
102
10
415
253
298
66
416
473
274
427
386
374
17
553
144
157
194
319
247
564
24
29
563
66
537
155
500
450
470
18
462
424
524
552
464
452
69
419
448
432
286
50
102
451
396
29
532
373
315
211
317
388
256
182
301
77
440
470
415
217
179
189
257
410
447
505
490
5
52
571
253
229
54
26
161
411
523
475
523
243
540
292
336
288
300
29
15
368
257
524
537
198
34
82
339
452
34
317
134
449
326
468
392
337
542
383
16
484
358
186
84
197
264
571
291
487
466
426
460
382
87
428
270
565
548
479
340
360
49
504
64
427
45
424
478
115
242
378
179
233
356
547
132
286
157
259
102
147
230
381
199
76
30
265
416
87
55
553
389
326
521
51
49
319
45
301
5
229
158
34
89
47
106
356
233
360
372
168
93
50
395
159
267
440
100
484
495
384
284
495
554
220
481
364
113
277
177
267
543
168
418
421
232
159
98
116
553
443
505
474
264
535
8
294
452
130
150
284
500
150
23
31
110
514
12
93
407
244
461
398
376
450
295
481
327
513
168
277
48
16
452
366
88
370
504
302
129
248
418
429
536
353
382
16
107
12
329
435
389
168
380
325
439
277
177
235
426
539
6
324
247
304
6
409
134
508
228
34
295
115
99
500
221
31
370
500
461
477
450
488
388
429
94
251
255
104
359
193
94
488
522
216
17
243
415
2
480
199
246
8
277
214
227
56
330
137
360
140
131
244
241
233
470
437
41
534
458
414
26
175
202
35
113
216
146
29
460
232
322
439
166
67
295
75
541
64
215
435
503
382
328
338
118
426
275
64
364
170
352
219
316
468
209
352
435
238
490
3
3
436
151
432
358
214
22
140
115
28
12
72
295
177
21
396
72
372
275
478
82
411
272
226
488
344
517
281
333
517
303
247
502
204
230
90
112
269
31
147
427
356
225
480
491
368
461
546
524
561
432
462
421
541
306
478
233
153
487
236
480
465
9
226
404
196
408
230
306
58
491
344
404
98
411
536
407
334
242
328
130
14
195
537
383
301
507
204
477
243
187
304
404
220
363
158
506
189
333
120
427
143
190
436
365
391
186
247
404
450
486
427
72
3
86
299
337
429
200
264
228
355
286
18
86
361
537
443
241
182
260
528
318
245
101
412
465
81
273
390
39
31
571
31
5
286
162
337
419
26
162
246
28
447
110
556
419
246
479
473
244
229
6
150
438
41
459
501
549
291
86
416
31
277
488
306
110
416
159
110
361
315
118
271
491
566
281
215
259
297
350
150
127
515
565
95
79
505
490
350
352
466
402
34
510
242
424
303
196
210
500
236
46
367
43
466
434
180
118
127
503
450
68
201
373
172
465
423
491
110
189
563
136
31
511
274
311
192
484
10
535
273
259
58
204
416
282
474
289
171
383
366
473
289
325
233
76
233
543
20
243
302
78
104
507
503
259
350
543
519
410
408
45
92
343
101
90
429
109
7
316
181
359
67
439
451
352
281
287
143
437
50
526
185
361
396
439
301
314
26
204
261
274
187
50
515
144
420
373
101
339
481
298
302
199
318
549
122
370
522
213
148
423
217
300
360
513
132
249
147
77
232
510
531
31
9
318
286
465
371
212
539
2
333
368
418
183
392
148
116
54
539
572
382
154
197
197
86
563
473
278
321
413
50
474
156
247
270
215
441
446
109
524
467
241
524
78
395
241
322
301
253
462
122
38
443
156
354
48
278
86
311
144
309
122
205
278
391
482
116
360
338
455
419
2
144
503
213
178
395
86
388
329
218
75
302
511
251
440
28
9
36
148
230
179
84
126
299
439
3
219
524
296
301
21
356
508
402
518
407
283
334
80
425
153
433
354
5
400
296
474
368
174
350
298
544
532
322
311
372
142
351
345
301
338
338
112
227
109
255
467
411
342
50
238
82
429
283
90
61
129
566
246
396
534
249
3
387
204
396
249
409
391
381
240
563
301
232
320
296
279
249
214
90
419
556
557
454
199
385
231
258
50
232
12
230
306
7
389
215
338
26
79
375
107
472
564
339
345
94
172
202
409
119
233
165
45
484
278
520
167
233
130
72
540
482
355
541
129
535
400
78
211
354
361
400
482
215
485
72
316
531
230
231
146
112
179
433
385
85
382
135
165
86
367
470
505
229
97
373
554
11
493
309
527
561
503
211
245
482
298
474
92
429
96
552
512
75
5
209
47
172
152
89
31
189
238
33
470
202
204
462
64
470
118
549
513
322
488
95
485
11
312
199
57
478
350
483
246
323
134
211
498
306
552
296
506
403
509
356
521
57
305
145
42
223
51
83
473
368
120
12
417
346
343
501
523
202
242
333
371
438
165
540
304
142
368
51
478
415
250
83
418
182
204
340
278
496
269
284
165
74
250
259
333
68
454
522
201
264
274
118
395
155
315
523
31
272
127
133
325
71
112
119
451
501
310
433
237
76
303
444
366
551
245
336
395
143
102
451
27
198
237
315
252
198
412
162
118
521
523
415
248
569
269
465
264
294
209
277
441
17
177
445
479
59
31
494
377
103
421
322
472
97
118
370
226
244
192
342
226
518
510
43
180
74
181
42
105
448
364
536
469
488
390
558
228
4
387
250
523
103
294
509
277
285
466
493
463
546
528
305
187
400
66
423
36
0
42
69
336
326
311
556
127
311
112
388
506
386
109
399
62
261
34
490
334
394
286
44
308
214
420
390
34
202
536
298
398
468
312
549
288
369
237
51
435
177
211
250
326
197
448
532
84
340
78
375
501
341
440
166
236
152
206
319
308
217
357
334
144
45
377
217
490
326
523
78
476
171
368
125
300
484
84
390
375
284
152
330
432
115
185
248
469
97
95
533
381
563
395
52
488
417
181
295
520
337
242
21
382
543
365
226
92
49
106
243
495
162
500
428
247
453
545
98
263
501
388
253
286
22
300
350
390
296
382
257
482
349
188
94
39
56
418
349
282
100
223
168
477
211
518
181
368
399
409
305
441
8
179
573
39
117
397
226
181
36
9
141
319
381
41
173
353
381
40
167
192
396
230
17
542
216
545
407
314
87
169
285
279
279
21
309
546
111
462
188
93
569
456
564
436
346
51
398
246
390
46
78
188
381
200
564
567
228
253
366
415
308
519
235
246
138
243
386
99
369
78
87
234
569
232
90
415
405
65
155
174
428
376
497
338
246
98
226
166
534
225
163
423
397
92
160
219
50
283
295
397
173
502
359
233
423
380
501
46
365
415
402
6
526
390
378
441
146
86
20
103
267
160
465
442
147
409
47
575
103
187
476
200
98
326
174
490
197
368
58
87
479
264
183
305
67
253
263
305
9
441
117
494
534
218
549
411
215
138
271
575
153
154
136
364
22
264
290
234
549
121
548
116
113
393
81
327
415
334
146
5
478
191
262
489
164
136
285
494
271
31
119
319
202
218
56
116
47
360
96
336
359
441
174
33
551
370
413
459
532
309
100
255
106
309
368
479
291
452
235
320
20
505
53
270
272
504
455
284
263
409
405
100
490
460
285
480
40
106
480
445
4
132
266
137
478
251
402
479
143
263
75
461
164
83
372
180
525
330
359
112
511
109
524
327
426
278
495
64
400
26
112
510
434
266
354
180
420
190
516
263
53
143
558
159
353
10
512
261
112
133
522
507
431
420
55
223
152
394
247
118
479
461
446
390
456
498
441
285
114
318
56
570
434
120
441
140
489
279
386
545
418
232
555
317
470
289
119
443
142
520
290
88
375
113
128
322
28
133
235
572
60
182
320
173
214
569
65
497
24
390
10
567
491
138
182
142
124
441
522
23
210
161
24
330
434
449
137
138
138
538
453
104
90
113
258
224
26
219
21
219
317
524
568
520
27
568
72
92
324
497
237
251
135
393
488
391
53
38
7
552
397
124
38
187
260
344
56
493
537
21
237
256
397
464
102
37
531
528
244
445
565
26
76
372
564
397
6
552
441
528
202
493
94
428
37
206
72
231
356
16
557
83
86
101
370
476
358
10
178
352
395
422
114
134
1
190
386
445
396
422
104
294
387
153
322
37
83
317
428
422
448
549
177
477
314
80
416
510
568
496
453
8
292
482
534
252
139
329
102
534
187
468
37
111
109
75
428
434
492
251
178
284
12
562
30
102
72
460
109
274
314
362
251
430
447
327
72
88
431
464
320
124
36
570
62
338
325
168
418
314
296
113
405
437
395
301
306
497
318
118
285
476
181
350
365
490
427
480
406
505
399
356
83
261
342
330
32
223
8
370
511
544
152
158
26
137
293
384
119
445
21
260
420
404
391
241
384
574
403
332
478
266
492
544
177
10
50
533
220
512
522
265
17
187
148
113
327
221
134
72
444
53
314
483
107
202
240
570
117
141
11
551
173
143
364
483
346
407
510
402
290
410
420
360
421
511
574
417
556
294
367
46
412
40
78
435
109
186
391
475
472
217
215
234
346
551
4
557
483
448
194
119
478
415
509
527
497
187
305
540
404
458
3
40
59
23
16
478
150
389
58
184
470
426
36
19
342
123
114
252
376
232
5
479
5
406
359
66
508
258
320
562
381
513
470
161
413
241
234
359
122
80
216
76
526
136
81
47
190
154
556
80
305
99
415
195
381
503
315
137
70
324
123
67
493
98
339
436
536
161
82
513
76
418
4
266
136
398
231
375
31
478
295
240
518
342
400
207
534
524
430
27
368
265
305
558
394
3
202
117
392
131
107
416
195
151
347
411
297
207
278
425
277
156
471
76
150
85
570
558
459
67
277
241
541
423
389
60
141
566
87
47
570
199
29
390
101
279
498
143
137
365
153
338
375
186
96
441
92
123
237
413
219
279
493
381
180
74
293
232
221
291
521
412
13
202
6
13
87
72
264
365
427
575
445
187
175
528
142
277
317
341
53
70
495
297
165
519
78
388
488
54
248
449
493
126
32
490
533
246
279
394
394
470
173
61
154
332
510
120
202
8
420
371
554
399
15
114
207
117
295
573
369
523
96
414
454
218
556
46
444
494
556
71
299
238
475
188
407
444
221
300
367
286
498
537
175
551
191
23
266
62
99
135
143
71
440
178
427
23
397
275
267
218
204
202
200
97
538
67
523
404
440
126
559
376
425
17
140
492
81
99
275
426
299
78
35
175
486
487
259
287
449
67
549
342
412
285
178
226
32
254
86
394
433
223
218
205
524
120
571
15
243
361
44
67
280
425
248
245
417
230
169
120
17
299
178
122
243
457
420
330
404
439
342
408
341
104
523
156
178
95
268
468
129
456
219
118
120
225
207
5
376
556
179
244
511
73
372
345
243
423
145
274
515
324
83
69
345
572
160
161
438
169
374
439
397
96
308
359
573
126
571
452
404
551
404
407
74
492
232
547
448
494
420
313
257
478
444
22
537
542
316
144
375
574
511
453
287
204
249
135
98
394
360
136
401
19
15
299
219
115
185
370
287
516
437
446
478
130
481
522
10
31
528
99
44
533
552
322
287
566
285
63
185
35
114
482
481
126
90
212
122
120
56
91
351
294
199
402
516
535
569
210
540
554
549
324
187
286
213
168
423
432
394
241
332
475
536
359
309
339
70
187
18
342
302
457
90
230
546
456
263
157
230
462
501
308
573
575
373
49
553
525
544
178
134
486
497
55
436
188
387
524
187
517
334
342
388
503
225
498
63
564
396
396
543
340
360
468
332
68
451
461
380
399
285
438
143
303
354
20
143
342
382
354
348
464
294
249
192
512
37
556
137
241
546
443
118
19
236
367
436
357
204
396
56
136
123
289
378
154
149
315
376
294
529
148
225
22
331
362
295
337
412
71
571
154
334
318
144
261
528
511
168
495
168
432
188
25
45
452
137
203
156
416
542
130
503
156
307
519
212
486
82
111
178
315
62
313
373
144
241
141
509
95
291
531
114
62
427
466
339
69
572
3
465
53
89
108
335
278
475
81
504
572
0
559
517
67
188
8
403
245
327
158
531
86
271
327
39
381
369
295
237
236
397
335
236
84
211
69
138
208
45
436
39
480
547
293
174
17
239
429
561
369
13
494
94
103
386
99
551
326
119
213
144
485
411
210
392
575
474
113
556
49
354
557
575
461
496
248
199
104
265
340
399
402
193
339
473
300
163
173
145
24
212
26
23
504
402
292
147
564
557
495
67
157
422
557
429
92
543
74
309
92
3
546
535
90
405
503
12
161
129
307
199
491
45
556
559
134
572
281
488
435
147
96
234
8
335
401
80
272
91
199
424
531
27
271
298
560
442
8
530
196
25
71
517
27
435
28
328
199
14
498
76
170
130
104
526
144
59
529
499
96
52
34
167
71
492
62
69
463
375
458
83
483
217
541
28
29
7
18
551
37
33
485
99
401
564
515
528
529
94
514
496
371
522
560
485
393
457
195
98
329
281
107
530
541
39
255
126
168
160
118
45
285
345
408
186
403
231
55
249
302
276
354
124
7
367
39
409
563
442
323
388
92
446
395
90
481
55
169
368
496
459
290
497
386
437
463
575
273
377
289
368
222
289
314
363
404
2
94
388
198
312
461
332
298
283
244
363
90
152
357
532
203
332
246
286
137
445
264
369
185
472
62
566
170
440
165
187
44
24
347
384
460
54
41
168
196
174
529
55
283
514
81
332
273
283
446
274
247
406
187
380
244
541
465
136
71
514
434
305
386
351
548
39
102
21
147
227
455
564
499
472
87
133
413
500
395
482
19
182
430
249
150
492
519
330
1
312
379
33
102
565
98
2
476
479
18
21
176
249
464
345
365
249
166
342
426
401
332
485
219
133
327
305
5
38
96
256
312
107
434
61
446
114
152
374
270
0
339
142
142
203
533
161
528
570
309
446
215
15
35
374
69
379
499
296
88
217
421
47
339
244
343
19
530
365
461
62
290
83
437
434
412
365
57
555
394
47
94
480
555
199
349
435
166
434
513
147
211
278
159
29
415
359
25
235
528
133
40
62
22
518
316
572
382
410
127
110
61
405
395
412
515
314
326
157
43
303
333
288
461
239
491
406
208
202
50
348
329
449
68
345
29
253
60
564
465
474
327
330
415
512
450
68
508
236
469
144
363
147
34
513
54
105
40
490
152
229
565
47
38
94
126
40
230
157
191
173
558
14
258
472
234
112
420
339
95
81
211
311
468
442
164
540
572
116
252
514
492
157
291
89
169
165
166
343
203
21
24
553
24
177
521
368
388
495
403
95
411
521
390
293
150
559
178
432
377
162
402
363
265
112
105
276
298
366
27
44
559
246
248
374
121
142
538
87
446
261
566
342
462
234
494
401
525
140
118
378
136
530
467
448
12
87
293
448
431
526
487
23
255
173
122
535
540
21
376
368
145
497
323
147
309
395
128
177
173
223
347
201
535
513
221
431
392
340
214
501
28
214
139
18
145
81
503
369
142
22
187
119
243
274
128
85
14
18
227
355
336
217
94
401
273
135
456
574
302
157
98
335
419
296
517
573
481
249
109
141
141
567
112
441
539
55
298
542
135
1
336
566
347
171
286
420
85
138
391
291
471
165
456
315
395
125
259
307
256
382
558
22
39
543
198
239
203
367
174
552
489
369
469
555
425
490
366
211
337
391
492
311
185
542
244
386
259
490
72
569
40
541
33
126
249
436
517
267
273
266
340
336
336
30
378
323
154
492
480
186
35
147
406
244
160
469
334
412
391
184
266
164
194
147
232
251
33
157
224
176
256
125
401
425
403
531
535
395
561
132
308
252
487
139
355
13
26
484
159
256
500
504
404
320
485
496
59
494
183
198
72
326
43
498
490
514
287
283
145
568
471
448
191
448
388
207
5
89
439
119
550
223
427
122
433
147
373
253
355
318
8
44
142
198
365
19
108
308
382
21
141
176
18
158
30
283
44
512
461
134
114
560
78
361
357
475
533
141
431
285
5
24
394
451
559
125
55
471
558
187
383
502
431
122
397
433
353
380
457
369
37
433
205
76
490
315
369
3
416
431
176
351
155
82
195
17
440
159
379
44
397
359
89
418
425
382
8
117
205
191
337
134
396
353
363
187
477
30
363
411
11
52
390
242
498
17
299
123
299
498
206
452
479
504
532
123
449
473
98
78
321
143
390
131
489
290
227
25
398
478
426
196
543
3
189
474
22
64
478
60
71
126
525
209
318
120
332
390
20
92
15
143
113
433
444
24
187
201
124
176
390
449
385
2
61
522
95
135
475
312
353
165
519
404
380
231
139
235
153
429
440
499
108
512
359
143
448
432
109
476
281
376
572
214
111
214
454
30
65
101
28
157
235
22
285
552
78
97
96
224
392
166
414
337
537
54
111
464
460
435
478
285
18
197
71
504
96
9
67
455
425
56
118
154
73
95
37
487
89
244
18
272
539
26
18
391
479
292
501
333
326
110
447
575
369
390
293
94
460
551
86
493
241
112
33
367
41
543
18
387
356
474
93
357
260
111
30
561
432
343
444
37
456
552
520
396
149
50
303
151
63
520
571
389
505
284
271
207
326
230
82
433
196
429
360
546
533
341
256
15
184
563
440
76
46
26
324
95
550
129
529
39
85
157
292
326
386
8
45
101
435
525
561
484
303
472
417
50
496
318
47
484
443
245
45
244
25
73
254
257
14
197
386
472
445
46
554
109
546
507
43
215
450
472
369
200
115
51
231
572
241
148
58
355
498
270
51
516
303
252
462
139
506
284
503
45
185
356
498
287
49
242
253
85
149
79
256
373
554
543
443
180
455
228
440
259
360
282
374
391
227
327
199
49
24
546
415
192
252
252
168
63
520
19
412
137
536
148
530
408
565
356
415
71
378
129
243
491
415
370
520
421
158
535
389
476
568
74
167
433
493
553
283
253
533
473
146
410
157
562
370
439
197
377
284
171
253
402
278
287
518
148
144
478
403
506
553
167
129
47
392
226
507
69
157
253
197
123
287
424
167
310
273
115
345
278
452
420
136
366
47
524
352
247
452
261
142
508
429
462
92
497
536
37
483
85
264
224
207
512
64
228
152
299
39
237
419
249
529
322
550
242
168
442
124
262
112
409
494
303
222
422
341
306
425
404
166
206
535
269
520
163
461
41
380
157
377
252
283
224
569
551
437
229
426
146
524
51
332
515
305
166
464
293
504
138
271
94
321
453
178
421
418
356
571
111
124
450
495
399
504
359
58
536
1
150
465
555
484
452
570
440
78
359
14
467
453
298
430
481
74
334
82
389
497
115
148
543
531
505
399
93
517
186
564
107
505
95
67
37
243
336
519
67
174
479
199
203
570
85
411
203
493
419
278
517
140
526
203
218
330
107
77
77
396
544
49
381
383
432
548
348
78
18
536
270
515
169
404
363
570
422
310
527
403
360
127
93
170
194
47
536
522
11
29
179
153
467
309
142
129
292
560
343
469
344
393
315
133
506
243
466
551
152
94
252
316
11
462
539
333
458
498
308
302
502
344
244
226
511
121
319
439
507
189
366
180
120
397
323
243
544
444
218
438
390
27
198
271
372
372
276
496
135
219
383
104
35
360
381
348
532
203
528
202
91
306
200
120
430
23
257
413
98
132
496
488
61
141
368
539
250
38
398
287
547
475
414
94
511
67
431
420
17
403
13
54
19
117
226
70
423
106
127
121
10
527
278
567
78
250
457
40
79
242
124
373
450
506
147
244
42
253
333
323
236
76
527
360
554
488
251
511
515
177
370
326
180
85
554
510
482
74
342
85
120
292
173
549
60
198
280
256
528
192
33
127
234
429
124
151
62
412
82
54
544
70
358
466
384
552
12
114
25
306
373
389
535
339
292
244
283
360
68
85
76
204
169
326
466
522
248
310
522
563
283
479
562
539
235
328
85
56
74
115
438
62
54
291
412
138
25
488
467
3
205
172
277
29
109
412
518
127
78
322
160
421
400
264
257
107
520
81
308
153
535
56
390
8
202
484
127
88
344
319
512
146
382
223
85
395
75
377
153
373
69
65
507
419
507
399
245
310
70
338
462
149
35
279
332
492
543
518
256
571
116
40
17
166
274
83
306
245
360
575
251
306
532
550
395
61
92
495
338
75
235
306
492
146
207
221
317
575
469
237
419
360
298
284
23
181
36
455
249
237
269
446
324
55
341
575
543
213
554
123
507
449
570
270
171
401
188
14
343
30
358
485
219
67
442
258
169
201
321
523
32
497
344
547
24
271
44
426
167
429
273
221
289
170
116
19
536
115
23
134
113
269
126
411
42
479
544
357
407
79
342
379
336
269
305
137
137
424
470
420
432
265
189
221
29
270
265
366
29
48
271
144
82
273
396
406
384
208
188
61
172
539
493
29
266
330
470
384
236
251
100
287
557
234
469
48
427
57
480
145
530
448
273
554
38
356
48
191
487
184
406
250
294
122
298
448
489
124
384
319
194
176
317
510
408
514
469
493
446
328
27
539
87
242
502
275
270
448
125
107
311
351
284
510
186
408
562
547
194
188
440
570
351
172
354
33
349
440
405
55
65
187
19
280
254
19
10
254
277
381
427
397
542
87
392
289
480
178
529
294
72
310
152
130
341
262
513
200
352
554
200
74
409
76
479
7
316
575
89
43
79
407
21
557
86
192
437
466
174
192
572
341
327
119
305
261
153
242
250
323
258
503
8
526
111
69
171
161
178
522
139
445
377
7
427
431
183
335
162
422
281
254
291
18
310
503
407
128
220
218
382
277
42
262
365
186
419
26
143
57
222
104
86
224
499
254
17
16
204
114
462
79
59
115
387
4
414
332
66
332
56
220
40
379
513
365
421
533
92
90
36
111
543
294
194
10
223
65
29
364
381
381
329
420
52
170
27
197
394
183
301
92
422
52
180
401
563
124
189
8
283
177
79
407
344
294
240
467
43
130
279
17
142
409
416
26
179
97
485
257
319
101
341
204
66
494
197
316
289
42
389
509
437
367
356
103
29
66
36
425
330
286
451
353
14
147
262
387
186
15
414
357
211
407
14
483
248
209
399
267
82
510
190
249
134
282
496
178
270
492
364
349
408
394
238
526
555
134
133
29
541
563
141
341
18
263
351
257
238
488
425
534
544
318
351
110
555
68
513
239
563
560
399
332
43
566
228
239
390
179
291
394
331
365
43
257
424
343
414
198
276
140
203
191
54
263
493
414
279
398
203
366
200
555
165
106
374
0
345
559
70
231
458
122
47
494
492
190
296
63
289
21
118
161
473
318
203
375
226
173
507
418
176
378
189
418
425
99
130
90
559
506
562
458
106
573
401
8
426
7
145
111
528
358
24
478
340
112
476
85
166
355
311
394
345
163
99
89
186
418
118
174
389
169
9
434
370
458
493
159
461
372
289
197
97
398
528
11
274
477
2
401
441
313
529
298
27
299
327
178
117
360
327
412
472
330
469
468
310
562
448
530
265
311
131
503
526
276
249
53
192
312
320
85
265
554
517
309
528
467
495
178
529
311
511
442
117
178
473
345
209
299
354
434
181
528
419
290
80
469
182
126
399
126
360
141
103
314
151
462
506
38
238
427
332
441
151
438
453
574
182
28
505
346
60
46
54
419
532
156
344
410
497
41
528
178
222
558
68
128
255
563
111
153
206
133
401
399
151
403
434
392
64
141
47
130
300
34
462
312
314
309
421
119
169
574
394
76
67
78
60
565
279
164
219
533
210
189
226
544
540
541
166
287
300
352
239
508
462
256
494
51
433
127
499
504
274
564
300
124
151
121
157
37
70
88
497
260
330
168
570
103
239
408
231
274
47
364
88
422
134
404
91
169
363
434
344
29
516
242
291
324
481
187
499
90
575
70
59
352
540
371
231
442
117
348
133
512
442
443
482
146
317
117
552
138
359
544
457
556
115
356
394
403
528
274
300
427
202
67
239
29
242
3
88
385
516
469
235
289
323
376
328
491
529
207
91
366
540
439
53
50
161
138
152
520
221
69
328
41
424
346
89
396
155
41
49
50
399
559
87
111
320
406
360
54
310
20
23
131
313
264
575
60
242
342
274
77
119
379
187
559
348
220
183
425
470
566
541
202
567
45
87
38
265
342
26
498
417
154
517
399
221
553
554
482
282
274
497
214
264
485
493
370
251
499
256
125
237
250
87
392
468
26
469
87
137
194
314
137
236
566
379
485
282
416
145
289
528
206
72
48
157
68
535
145
371
89
97
13
274
159
231
284
549
17
85
322
218
448
452
371
406
239
279
505
553
444
54
345
221
219
186
141
468
447
12
531
355
52
60
3
356
52
115
419
89
318
32
187
425
428
268
56
354
172
425
217
139
401
10
505
339
538
3
300
118
89
34
11
434
82
333
565
251
328
32
203
159
84
448
23
377
525
541
143
225
345
178
124
512
322
187
197
291
114
147
358
160
317
17
147
516
236
406
279
449
570
275
123
284
216
444
409
268
365
341
320
442
268
461
70
200
327
425
143
575
250
473
240
98
169
51
152
49
77
180
204
404
193
11
103
143
358
250
279
333
381
371
369
306
535
34
241
524
441
25
325
371
91
298
372
352
178
367
350
61
28
438
180
169
380
16
232
138
69
415
252
319
94
156
460
59
9
331
8
456
318
536
52
39
178
552
512
425
100
11
400
74
104
202
522
387
548
463
349
19
230
39
381
129
532
272
270
138
212
217
151
452
519
370
550
501
471
352
449
365
331
489
356
88
22
443
381
551
306
220
550
257
81
559
521
119
331
365
372
383
258
114
372
26
515
38
196
144
47
515
250
468
182
101
29
367
320
107
18
43
548
144
56
441
215
113
434
151
180
570
183
203
9
377
418
447
499
289
104
254
473
349
6
468
228
151
289
299
398
559
435
90
0
160
313
167
192
574
104
279
0
336
250
567
504
63
364
353
461
81
199
286
427
548
507
516
404
460
290
446
320
195
193
391
132
215
472
357
87
351
545
149
227
195
374
383
84
479
567
388
353
250
575
91
374
171
403
317
117
429
90
265
563
78
206
1
367
129
362
534
224
534
507
505
563
512
215
506
224
550
152
3
389
341
295
83
85
239
283
191
43
176
50
104
266
18
51
394
61
112
418
319
264
55
311
370
162
505
131
405
468
152
472
383
119
436
375
388
451
275
32
448
462
448
481
229
177
42
421
66
429
316
504
299
299
327
222
494
138
56
462
38
266
446
170
443
257
463
92
433
239
186
67
15
173
507
24
467
382
358
171
91
85
246
19
352
87
66
494
265
558
39
121
492
127
125
504
358
97
535
347
278
452
451
79
350
195
421
175
509
421
472
141
130
569
234
547
212
383
320
347
77
316
499
1
558
56
355
242
202
114
496
311
6
375
380
174
477
362
278
51
256
537
463
179
461
512
19
160
211
9
310
399
569
12
27
257
384
494
441
394
194
512
182
496
169
26
190
211
77
189
296
254
273
512
371
129
280
420
202
473
121
201
475
261
222
161
138
225
26
451
421
246
186
416
288
267
446
160
296
392
380
465
122
560
24
112
118
47
341
547
369
271
230
212
99
451
5
198
458
48
369
93
146
434
561
443
387
24
333
51
570
417
286
239
312
438
511
104
126
520
124
235
328
2
326
252
0
143
11
237
527
346
112
523
575
192
387
151
77
349
421
423
557
77
21
326
45
523
506
121
259
173
278
307
427
519
214
112
90
404
45
84
539
462
38
397
318
352
160
168
71
224
320
304
296
390
192
161
32
235
290
557
189
479
238
135
358
371
345
252
566
204
475
114
151
380
406
451
32
475
327
455
301
189
471
33
412
565
390
52
471
188
384
239
139
438
297
475
434
106
7
453
373
85
412
320
438
298
268
369
162
478
95
235
384
307
19
575
361
116
323
72
465
268
488
77
161
403
443
443
317
253
539
103
185
219
144
538
340
143
394
339
201
464
85
32
441
423
102
394
565
515
21
481
81
129
458
60
527
266
407
533
121
443
268
352
423
61
335
442
423
267
308
52
237
544
227
64
333
345
39
156
570
206
509
442
227
485
484
205
167
407
277
249
447
275
109
345
143
335
324
131
70
384
232
149
77
408
469
21
305
223
401
441
488
382
458
47
429
190
485
343
2
245
265
127
226
426
210
118
67
324
325
184
343
430
14
199
505
32
134
435
514
72
462
272
480
174
539
519
74
464
245
269
258
64
437
442
259
408
171
194
166
395
174
209
182
128
152
187
54
480
159
305
27
426
161
114
363
242
89
113
426
466
149
146
102
113
369
318
2
74
382
215
174
43
373
120
268
102
560
241
223
313
171
258
107
411
226
409
85
54
460
77
335
370
35
448
307
291
226
227
113
166
252
355
465
161
28
199
178
322
454
156
15
477
78
546
95
107
411
192
145
51
492
560
397
562
476
103
147
273
390
224
265
451
193
476
60
93
405
305
443
103
252
397
492
40
64
11
105
272
376
437
191
146
407
421
389
206
564
15
0
308
427
354
250
34
408
131
3
5
180
266
12
131
122
254
64
521
1
265
151
141
373
495
521
430
282
191
546
175
222
453
441
0
284
93
434
30
482
433
188
67
390
515
405
469
125
497
121
163
322
254
224
485
481
362
140
78
260
213
309
269
149
250
419
165
97
295
419
264
354
103
97
309
472
73
196
542
395
225
352
484
520
174
133
92
548
545
457
140
62
488
13
342
495
344
376
406
309
227
271
530
2
456
138
182
124
375
273
311
500
128
486
3
301
250
30
344
311
100
31
487
484
211
396
195
553
424
193
124
465
124
65
206
213
490
171
454
25
36
414
120
260
478
353
185
171
77
517
178
561
551
275
117
452
459
0
114
60
416
58
387
272
320
396
301
485
135
329
436
536
322
397
452
51
399
391
564
232
531
472
152
290
423
22
105
422
472
3
364
302
116
387
327
551
404
47
469
305
63
545
14
153
365
489
107
570
325
116
8
38
424
361
44
431
375
337
14
439
62
327
541
166
420
187
99
238
516
375
97
187
131
168
215
450
189
184
185
455
195
500
140
306
228
529
103
116
492
118
477
459
196
454
523
212
289
537
108
379
238
565
417
445
427
132
45
108
124
140
337
12
397
490
435
2
501
333
209
92
332
47
35
249
286
298
3
226
36
239
275
158
433
327
52
359
502
195
337
259
200
346
114
257
220
537
6
430
44
526
124
276
425
353
569
246
424
441
426
349
59
509
205
558
459
471
536
407
132
0
150
356
556
22
128
359
242
473
31
15
468
375
87
441
206
187
323
509
409
471
568
568
276
205
389
132
527
191
108
566
163
272
480
52
321
290
567
92
475
148
264
215
419
73
179
435
546
536
52
220
309
86
150
420
568
215
275
148
61
356
64
380
281
502
512
406
555
571
258
463
455
556
86
565
181
75
20
356
122
209
319
98
1
147
323
443
156
83
321
235
351
79
325
565
342
56
293
6
302
349
175
445
379
509
272
215
489
385
513
479
77
51
188
558
148
130
268
360
253
498
175
555
324
38
153
564
122
301
468
355
384
64
140
555
528
321
64
368
361
202
165
171
345
420
152
47
570
163
106
277
345
214
252
281
113
269
517
330
419
522
239
92
111
323
12
521
185
294
157
327
493
281
437
392
545
109
106
402
220
492
158
547
5
189
24
378
67
540
120
352
504
558
451
408
269
314
286
188
170
416
18
432
191
526
326
34
140
176
361
575
243
433
60
520
448
352
90
522
319
22
531
15
60
311
528
43
82
43
372
49
137
465
385
85
86
171
389
171
555
153
207
1
322
107
566
227
246
519
555
278
162
361
158
432
281
85
254
454
101
62
424
151
196
549
132
49
436
536
49
463
155
153
50
194
494
514
266
536
115
311
523
131
329
226
157
140
338
158
129
126
43
259
158
188
230
42
464
396
174
17
155
515
452
127
571
280
287
575
502
212
79
520
478
422
528
451
307
67
296
420
319
210
291
91
344
35
429
376
300
570
304
535
411
272
54
322
342
113
320
530
295
347
483
322
330
124
235
415
202
215
50
278
186
404
289
196
482
346
10
266
336
501
558
196
178
299
424
176
435
197
60
568
361
124
520
203
455
205
523
410
355
425
437
493
155
253
425
378
414
552
307
402
428
243
304
97
2
348
26
351
109
557
556
468
27
160
320
459
330
217
186
362
482
155
312
336
475
261
518
416
515
41
425
250
312
218
521
196
50
84
218
280
186
121
264
371
385
441
511
38
445
203
366
465
329
99
32
365
546
534
126
172
160
382
175
534
154
118
483
553
547
494
124
475
289
14
243
347
518
551
115
431
175
275
556
422
21
443
253
121
227
41
566
376
353
368
92
507
354
543
412
163
319
167
431
155
401
474
127
92
156
176
412
160
420
331
438
415
151
292
250
446
462
150
418
532
121
502
503
353
240
361
68
317
214
124
323
41
343
298
243
243
259
100
123
278
292
406
332
30
407
238
27
335
151
275
63
196
240
368
357
115
270
485
326
519
424
566
547
365
316
275
354
476
531
31
353
329
419
61
426
333
395
337
123
357
486
53
287
548
542
140
416
364
113
23
13
155
114
292
222
195
8
17
67
9
245
439
193
39
277
47
186
521
571
202
12
94
371
258
135
172
495
525
491
460
137
364
222
264
299
22
358
80
230
87
169
360
80
184
2
169
472
531
102
487
491
22
37
27
55
420
85
545
39
335
484
70
535
442
177
487
271
79
124
17
532
62
335
525
503
518
28
564
350
435
61
65
271
316
139
160
568
527
491
249
456
386
236
349
413
213
321
542
439
75
144
226
230
471
97
208
100
365
509
314
220
208
2
447
550
321
498
2
207
558
543
399
453
303
137
494
178
532
78
285
49
46
49
62
148
136
151
343
157
230
508
264
24
541
51
34
416
357
393
380
245
188
244
31
436
351
533
571
262
291
567
378
26
218
45
350
297
101
316
57
516
286
67
362
439
34
306
318
59
185
1
542
478
185
26
54
249
100
418
188
437
471
24
395
323
28
151
220
491
260
511
57
0
289
343
518
167
452
446
479
165
413
422
540
468
494
350
568
217
424
428
13
548
435
360
524
32
558
118
315
359
458
434
417
296
520
133
531
27
573
30
65
408
279
333
170
107
118
406
129
65
249
479
217
467
154
54
295
55
511
512
540
151
328
207
413
35
153
116
325
287
8
241
527
9
330
248
325
330
282
199
289
502
240
305
136
161
187
500
476
143
448
226
116
156
325
51
34
551
397
3
510
502
54
163
109
189
151
192
228
440
283
147
202
44
327
200
26
520
225
493
170
266
23
490
512
552
520
340
265
443
308
5
172
504
93
31
315
367
568
400
187
6
438
461
109
480
427
325
257
31
422
428
17
369
283
153
160
395
29
350
123
472
513
162
136
120
228
214
454
552
459
468
433
473
215
192
515
33
127
416
441
400
273
271
388
359
229
267
493
96
287
85
200
388
516
565
187
422
451
259
407
114
95
295
558
182
278
536
100
515
182
529
388
417
575
47
138
418
341
271
541
306
359
341
553
440
93
332
34
258
23
169
222
298
89
207
120
417
536
226
377
298
308
422
475
69
254
367
28
440
440
407
95
4
298
348
546
487
188
161
278
555
167
215
539
530
252
189
301
103
130
541
548
270
351
297
38
549
291
38
513
400
357
412
552
404
483
529
35
313
53
53
337
244
551
529
116
83
161
198
351
59
162
329
8
270
292
308
288
110
524
503
73
108
89
437
108
162
252
504
517
540
383
153
230
163
127
322
320
227
361
47
391
147
520
471
365
247
555
306
428
553
83
389
209
105
416
242
347
27
524
138
288
79
24
381
282
568
314
566
132
147
209
356
166
515
252
169
444
110
147
71
180
489
0
242
346
408
111
70
508
142
413
95
65
367
288
93
487
244
262
332
193
565
325
137
325
483
287
471
365
515
6
43
60
18
345
176
487
308
307
433
144
114
18
448
331
72
575
492
339
526
331
303
241
351
62
428
432
391
70
520
331
255
123
268
411
472
266
253
246
269
113
164
211
531
458
345
166
306
86
285
555
130
388
444
368
226
291
59
509
457
519
245
188
411
206
247
545
169
295
493
500
233
567
407
6
174
124
400
189
488
82
183
289
387
31
226
46
179
163
278
17
193
405
427
166
150
179
20
60
277
335
77
482
164
541
564
481
322
282
507
508
509
479
427
406
13
493
495
123
240
30
229
150
297
505
142
558
273
373
183
499
69
79
99
383
266
53
484
59
524
254
250
362
257
575
527
350
226
114
522
165
481
434
449
549
31
166
118
56
477
200
481
9
89
214
350
250
307
445
116
406
322
236
563
148
216
362
301
334
272
277
536
313
508
432
248
240
537
93
53
73
288
85
544
220
272
65
34
343
508
192
32
567
193
459
99
214
474
173
415
537
309
558
49
199
340
546
32
105
352
137
11
4
297
535
30
511
415
231
213
525
558
223
179
549
438
42
455
46
325
28
273
21
375
141
505
558
273
380
536
380
422
9
515
88
469
19
146
495
522
88
51
381
400
550
150
474
412
426
287
526
91
256
533
311
159
56
91
334
232
58
536
558
42
178
76
272
411
508
363
321
340
411
122
28
478
313
122
3
186
529
551
186
145
523
163
547
152
114
30
455
465
114
555
541
380
548
524
376
1
295
178
523
297
323
277
30
575
549
30
520
107
150
32
178
141
226
474
546
140
279
301
245
301
88
135
368
495
427
105
356
497
278
230
45
77
99
513
45
108
39
350
287
339
303
538
505
438
196
61
99
224
267
559
357
568
257
257
469
392
10
455
175
540
222
532
481
264
288
215
5
465
491
398
557
75
499
243
333
256
390
369
455
321
106
223
185
290
269
372
49
73
166
63
93
350
49
467
422
476
574
363
278
363
45
42
347
46
532
372
260
216
246
20
394
314
492
521
292
405
216
123
413
462
166
43
277
396
384
207
489
269
380
413
559
279
99
438
493
489
56
292
463
73
159
216
39
379
204
525
75
520
275
123
544
388
43
143
49
281
532
161
335
205
378
204
203
217
353
281
183
241
117
156
493
136
415
202
14
242
66
481
535
304
129
301
206
263
312
384
121
544
509
515
418
512
420
8
447
328
65
544
15
445
506
154
78
499
362
486
123
37
9
351
218
540
544
330
240
73
242
288
486
110
369
59
149
121
360
141
400
160
393
340
131
226
377
259
535
530
525
215
156
566
53
198
114
294
352
369
85
356
423
534
524
425
193
538
558
575
164
294
382
550
305
293
9
108
53
311
129
418
55
475
319
8
307
127
384
157
560
505
332
512
429
421
294
495
105
510
441
136
68
178
470
127
221
411
505
212
141
202
290
450
504
507
525
278
319
556
309
91
225
78
69
164
160
387
114
253
104
185
71
473
169
127
296
465
535
377
308
436
353
447
542
405
402
59
234
74
169
350
541
76
43
561
378
442
3
89
432
410
404
304
158
116
93
401
178
508
38
419
276
100
281
193
148
514
520
279
510
75
234
110
477
27
231
284
169
248
397
14
59
316
196
504
353
370
129
395
326
15
351
225
66
451
77
321
10
414
376
503
447
485
146
240
19
459
392
406
502
421
171
87
216
134
72
44
187
297
427
176
424
382
388
249
394
84
4
535
507
369
218
561
173
10
525
503
571
243
234
565
323
456
84
226
535
553
525
72
402
513
103
386
404
446
187
19
474
572
65
342
564
406
166
508
300
276
569
322
447
403
382
356
193
498
146
265
396
194
282
351
173
14
386
77
542
22
91
48
388
268
439
565
84
90
224
165
374
329
527
311
566
156
308
245
116
391
524
194
421
342
477
311
191
209
402
14
23
270
498
454
190
165
88
180
497
341
25
105
336
406
514
525
575
23
217
432
53
13
257
423
190
139
296
398
145
538
257
493
246
14
139
505
363
453
472
308
492
296
460
268
367
136
258
354
378
158
201
265
209
56
421
439
548
459
552
356
176
524
76
78
7
30
280
575
102
182
91
474
552
306
367
73
292
395
361
473
59
52
234
313
122
527
1
530
13
176
19
185
477
427
281
479
192
72
565
126
554
128
224
468
206
73
414
439
10
388
71
27
44
14
42
515
514
21
406
2
115
508
515
218
221
149
82
139
343
392
27
384
91
235
481
567
455
334
246
431
351
374
161
336
305
334
78
44
485
483
245
435
514
85
313
476
361
135
505
358
326
277
141
513
193
396
174
453
371
343
531
70
360
335
372
533
351
258
71
344
110
209
264
412
476
240
557
53
312
292
514
432
476
25
0
287
455
486
106
289
155
494
442
357
174
435
37
408
75
476
469
462
419
280
43
356
7
350
201
459
103
126
362
168
427
514
273
504
14
50
132
484
12
225
152
284
86
431
316
467
228
168
335
574
88
358
496
21
160
224
287
25
240
360
75
214
562
212
138
156
43
78
477
538
207
33
567
306
280
22
471
527
45
372
308
93
412
51
486
360
52
95
337
141
506
437
423
58
327
168
436
216
283
103
10
417
19
525
146
270
365
344
547
92
139
15
236
147
464
350
570
424
47
112
568
84
287
165
448
187
385
299
133
165
238
470
91
414
336
266
418
477
275
200
386
42
288
426
28
329
133
392
478
371
281
323
572
371
198
259
37
393
325
542
229
342
38
139
474
384
336
200
197
266
562
393
122
226
376
343
240
260
414
221
422
522
558
199
556
151
358
192
211
203
163
81
505
423
522
470
251
340
215
513
122
464
214
417
81
317
39
381
61
483
255
64
46
428
399
255
36
399
205
120
560
412
463
154
523
398
129
387
309
511
92
396
267
504
515
534
482
218
575
120
440
76
399
177
503
381
216
429
524
268
493
117
70
82
324
503
265
339
539
46
316
307
452
49
520
129
97
12
12
442
506
284
114
6
411
530
381
426
347
311
455
539
478
32
472
416
160
357
131
76
508
3
32
76
366
288
326
386
196
534
514
331
218
263
547
218
503
571
463
141
57
189
483
530
515
470
363
184
374
10
463
282
510
427
415
146
130
44
436
198
52
197
185
107
538
498
219
439
40
535
88
211
57
537
101
15
333
440
88
460
539
534
139
503
565
429
107
57
163
218
202
333
326
99
80
92
495
213
205
549
352
564
491
296
320
412
122
323
335
542
354
571
340
218
200
43
212
421
373
303
384
430
98
117
95
510
25
363
240
6
439
29
203
527
252
71
571
514
141
289
433
365
513
414
258
98
102
99
198
542
508
348
500
451
26
153
136
459
153
56
405
353
88
16
224
427
534
408
402
199
356
97
384
429
538
308
434
400
230
262
437
234
292
172
342
340
235
180
311
408
290
476
44
426
200
537
381
139
186
349
0
445
570
103
525
42
343
535
102
43
277
49
144
307
46
471
312
222
28
405
289
210
212
429
93
252
468
145
476
345
175
488
403
95
30
506
225
167
242
257
365
475
101
27
531
277
454
408
264
178
97
394
88
6
208
257
31
59
251
381
143
8
157
471
345
288
250
28
405
371
326
278
97
30
86
6
29
332
459
493
278
105
362
264
141
289
325
241
412
36
210
271
16
50
210
198
6
334
328
399
107
269
35
100
477
79
50
423
0
525
316
254
254
282
57
23
529
165
564
278
466
361
316
347
136
312
370
104
294
240
186
287
374
199
384
287
243
185
21
452
440
30
197
20
401
238
129
440
117
267
344
364
493
477
340
176
173
223
384
528
61
89
3
303
22
84
525
540
445
282
394
562
488
403
473
282
441
238
290
403
278
154
506
241
415
289
123
418
18
45
417
436
30
34
211
101
445
453
573
235
390
36
563
489
208
144
421
370
258
165
384
50
313
1
526
134
70
70
186
552
418
111
279
211
59
553
276
543
551
330
534
304
227
53
89
330
20
53
516
340
447
344
84
88
76
104
53
178
319
421
183
572
50
457
237
340
516
522
382
304
70
346
105
486
339
490
98
553
18
63
19
338
498
356
235
470
456
493
338
552
317
410
124
121
93
546
95
184
93
445
48
117
484
338
535
76
539
60
73
232
221
309
534
502
62
3
307
455
69
211
239
458
200
367
491
270
370
313
262
84
137
121
101
300
372
199
543
517
355
439
408
148
73
38
222
283
284
552
131
41
221
484
111
97
513
245
510
354
467
495
163
573
551
425
286
552
59
423
147
308
101
36
444
509
107
40
525
564
301
523
319
324
206
523
36
375
526
91
425
305
112
84
223
101
37
480
300
328
319
347
210
335
84
28
289
442
85
504
456
471
170
138
479
563
199
214
68
281
456
241
281
73
559
455
384
378
163
542
184
185
490
342
447
321
379
147
183
472
23
573
57
129
389
58
10
479
382
117
276
415
152
556
109
439
11
490
71
154
480
552
181
226
542
420
87
191
519
215
129
568
402
296
255
429
566
202
167
439
54
66
387
557
473
366
19
565
181
158
165
129
536
153
105
564
433
382
201
149
393
371
154
107
178
373
165
108
530
319
175
338
206
0
81
518
342
284
121
436
495
296
148
73
565
361
45
469
75
111
441
547
518
424
478
545
162
11
73
317
338
257
88
235
228
142
382
470
217
456
288
260
228
367
95
59
278
172
160
198
156
308
563
37
6
292
556
168
14
68
41
241
523
114
198
348
42
340
26
173
235
194
140
247
244
170
534
123
195
65
165
406
240
31
114
435
449
293
456
465
199
209
415
81
112
366
408
204
272
382
208
565
250
136
434
435
406
144
570
240
26
560
43
468
66
366
97
88
478
454
31
391
454
417
458
139
13
38
148
331
17
198
526
510
41
167
490
354
206
289
321
526
518
293
186
100
472
168
236
94
304
436
342
331
388
362
62
390
376
334
176
35
541
308
362
497
350
35
68
574
160
321
377
114
547
139
518
302
266
439
31
247
204
428
90
266
306
256
103
485
40
123
152
304
519
212
487
228
322
380
246
303
338
191
158
102
159
369
179
550
517
54
113
215
51
109
267
104
362
246
62
338
410
85
157
334
191
439
203
564
400
494
64
186
369
13
123
436
410
174
498
91
437
197
408
376
47
401
113
230
574
104
154
142
155
19
51
374
259
365
365
9
331
567
174
490
384
66
348
319
514
528
516
331
541
367
530
90
452
26
460
247
241
559
429
568
336
334
481
240
494
447
279
303
159
530
496
62
460
48
500
37
554
83
123
241
435
469
398
334
149
66
395
149
433
298
74
148
113
559
193
502
526
66
307
320
171
517
460
473
37
557
173
227
93
344
160
81
73
270
541
557
221
240
66
299
58
433
350
339
251
528
177
511
347
320
179
69
336
104
513
343
404
8
172
434
71
92
76
209
287
199
291
227
469
339
398
287
508
312
87
254
41
274
553
417
395
492
531
163
516
397
462
388
569
169
480
470
23
242
469
430
472
231
469
427
356
5
90
472
134
511
303
511
485
395
549
3
531
134
125
532
272
471
307
242
113
241
404
275
335
114
366
556
344
171
380
51
275
571
219
181
174
553
459
381
151
123
459
395
26
181
156
197
124
312
243
86
235
495
23
531
487
127
297
304
44
309
24
373
138
325
46
426
182
303
382
401
127
227
461
461
29
511
139
263
557
194
331
242
216
447
539
312
283
12
458
161
238
569
132
492
478
358
76
493
60
168
410
66
460
163
133
88
159
164
570
325
27
12
54
80
282
227
52
263
503
95
460
434
55
424
364
228
42
28
287
25
228
546
242
287
242
200
528
309
494
257
228
179
560
328
274
11
296
102
28
282
547
410
123
519
480
76
435
421
396
123
24
130
92
344
113
292
200
347
494
39
361
39
419
209
544
368
383
32
480
138
212
482
532
396
195
101
302
279
260
545
423
159
333
428
480
242
285
575
487
422
517
484
75
422
36
316
335
32
527
372
32
226
13
546
60
327
216
21
335
48
90
547
288
268
499
478
14
209
288
564
226
287
516
63
575
51
387
563
112
243
449
217
181
114
152
191
528
233
26
433
69
327
288
286
451
524
46
324
288
60
514
112
460
290
507
36
537
385
333
290
268
137
17
462
91
227
290
114
309
429
277
279
72
101
527
168
460
48
164
169
319
209
536
462
575
238
192
92
370
49
160
391
93
473
575
362
2
160
207
512
227
207
189
169
304
274
69
319
511
570
83
257
124
254
473
127
421
270
534
190
574
245
391
346
110
451
561
235
95
325
358
69
36
482
26
148
108
144
550
114
321
299
297
192
125
519
68
83
96
340
224
271
15
189
90
127
484
352
321
522
60
258
319
408
279
377
371
257
59
477
309
156
434
413
575
183
402
455
63
430
149
301
204
235
529
551
323
364
87
99
539
164
43
110
466
5
291
275
554
357
455
234
51
34
56
411
385
476
155
494
482
428
326
345
325
48
168
295
475
70
511
70
245
146
33
360
383
155
182
448
374
454
54
94
84
490
176
437
459
396
471
446
431
480
527
233
126
364
570
125
76
407
571
239
179
497
266
332
269
74
363
374
357
115
479
239
527
475
254
463
157
237
74
150
331
242
528
455
72
72
520
78
248
502
483
354
327
179
564
416
468
543
371
226
126
100
107
568
217
205
273
136
186
73
527
515
442
14
47
113
31
301
487
126
142
144
348
57
142
333
129
252
359
236
468
466
41
558
75
551
497
73
26
461
463
280
441
395
380
42
145
248
159
547
155
420
544
129
159
461
276
289
230
340
561
13
105
497
306
4
444
196
73
466
506
84
270
277
424
551
157
227
544
527
330
533
197
156
565
245
343
121
467
402
466
52
127
49
381
131
561
267
508
127
555
438
47
202
437
216
419
419
142
18
328
202
553
334
216
142
515
155
427
548
277
94
144
45
475
473
558
442
387
283
500
322
258
451
223
213
4
235
360
4
411
486
573
279
264
530
76
422
497
142
25
366
512
312
560
61
334
306
461
105
382
348
525
162
380
488
172
538
84
272
297
444
501
96
33
364
10
1
72
387
351
417
574
413
70
401
454
291
374
397
575
112
169
156
84
407
309
231
520
506
425
91
547
183
295
203
63
198
226
215
335
547
193
575
504
331
563
481
364
129
448
306
480
418
530
229
232
302
99
567
413
196
91
450
249
72
572
572
338
235
572
123
456
159
425
350
430
74
113
501
176
184
270
245
66
8
401
475
270
510
543
23
280
54
216
500
308
238
459
250
406
43
519
423
145
451
68
319
29
286
438
229
528
108
295
530
107
513
492
274
196
280
11
224
101
425
9
511
157
340
152
56
97
279
269
458
334
396
11
178
470
438
520
450
230
559
59
74
279
451
430
94
174
375
454
318
225
545
17
492
43
523
128
528
407
444
423
515
127
493
458
71
46
570
203
17
136
318
279
485
384
302
302
143
475
304
469
106
216
31
15
3
121
559
317
351
276
398
520
551
317
94
249
334
41
159
165
377
25
476
520
495
20
492
470
278
147
545
11
462
181
415
165
69
180
461
19
249
543
524
260
283
33
113
160
101
257
519
501
296
487
63
548
259
318
131
296
539
279
196
555
138
327
440
294
481
212
97
169
539
376
364
384
77
259
348
17
87
397
367
26
351
46
360
400
405
443
458
457
126
511
339
345
250
530
480
250
7
22
366
176
559
533
360
111
84
509
23
320
462
162
289
92
278
515
384
304
450
462
307
482
15
506
266
94
524
336
420
179
418
469
331
502
179
136
265
517
382
333
283
73
148
485
569
551
266
28
317
14
321
177
219
114
179
121
209
173
185
322
171
41
13
380
272
373
271
547
259
469
206
129
316
121
234
425
551
183
535
405
546
309
542
215
295
19
181
256
388
386
304
392
427
457
20
275
128
467
423
570
548
53
153
502
434
304
81
428
345
173
118
271
298
306
503
529
45
61
508
453
366
248
168
439
477
209
402
377
474
221
400
526
530
135
379
512
167
416
512
254
40
526
428
525
504
508
351
37
570
373
457
98
575
544
533
79
258
41
153
335
190
98
216
285
132
178
264
122
55
53
72
41
162
92
475
424
205
536
420
530
105
84
272
438
543
418
551
146
154
306
151
522
205
210
563
494
229
520
370
128
432
323
50
336
210
298
516
141
279
124
147
329
84
572
546
461
80
146
8
272
357
547
494
446
208
106
508
560
439
132
227
210
80
336
122
192
457
254
174
417
45
441
368
48
164
441
37
265
573
84
72
279
379
546
154
336
552
543
274
525
281
458
147
331
197
13
63
533
293
368
410
408
514
485
514
427
361
235
300
32
254
49
338
16
383
87
249
433
174
387
438
135
44
150
429
225
342
81
166
548
343
16
207
230
538
291
197
135
308
521
274
206
542
303
276
108
446
281
428
349
205
324
15
55
232
318
140
542
114
493
141
20
208
283
124
278
225
524
248
389
473
429
488
46
85
373
500
150
318
481
522
449
111
13
434
403
120
69
488
333
263
74
107
124
542
433
85
538
61
299
521
395
169
407
198
243
111
306
327
230
338
94
149
489
34
488
147
231
481
231
350
365
434
333
150
471
219
424
511
103
418
72
567
277
395
76
55
264
467
15
5
538
338
372
537
308
338
368
502
109
55
314
87
501
572
9
161
462
6
197
488
555
501
133
324
472
322
41
542
349
368
198
474
183
418
71
49
383
370
75
197
127
516
138
182
234
118
542
547
525
448
62
165
72
3
156
283
318
41
114
151
363
72
260
548
532
450
492
278
262
10
83
141
279
475
339
42
506
359
477
35
119
25
418
357
312
239
248
417
437
191
492
318
205
61
83
379
263
504
55
145
443
147
107
216
517
115
165
490
529
162
344
406
248
430
66
523
544
14
322
560
571
313
481
162
185
422
355
433
318
132
218
292
422
443
359
518
66
17
349
481
566
28
563
397
147
477
250
323
530
121
124
187
145
291
93
1
147
115
173
6
255
14
352
154
54
144
489
81
300
115
557
352
282
228
317
254
366
194
278
7
294
404
42
95
118
447
63
219
134
201
55
155
355
23
447
234
298
281
154
557
113
247
524
420
413
487
516
83
528
517
500
187
473
71
264
23
74
502
73
118
266
81
74
61
448
531
32
183
475
526
24
505
516
198
197
507
502
28
107
109
480
264
481
388
169
439
478
322
308
231
419
38
308
352
231
529
339
270
407
46
432
404
256
77
498
563
327
148
55
118
52
503
460
180
200
489
312
200
203
0
308
230
524
241
128
468
125
464
385
0
468
434
469
291
101
437
14
189
336
388
368
503
571
548
42
272
221
239
233
57
394
394
203
414
506
248
66
528
52
476
491
562
76
231
51
103
322
118
247
397
141
573
8
161
163
487
123
32
562
87
258
155
17
119
487
179
459
430
451
69
241
23
270
81
28
513
460
129
376
235
327
362
175
50
452
469
506
133
395
566
539
198
15
541
499
217
60
275
466
416
79
135
348
177
298
401
100
143
414
460
487
391
327
188
108
203
553
391
279
407
545
340
489
432
35
77
518
411
94
186
162
47
564
423
193
297
166
516
203
311
527
108
143
385
144
573
352
443
524
269
455
211
428
302
464
307
371
230
574
61
178
349
479
346
134
363
553
86
276
56
321
325
338
119
514
273
545
24
354
459
468
328
77
527
71
437
163
426
64
567
65
544
441
482
339
564
1
507
123
438
118
469
46
34
460
192
225
430
39
243
306
347
349
290
459
431
132
110
293
2
342
300
541
362
466
122
375
466
383
497
418
225
541
325
473
568
533
302
330
342
410
316
444
274
440
258
565
496
15
2
300
483
213
312
286
514
403
473
545
68
536
477
44
121
544
275
314
405
139
9
325
401
571
230
142
566
533
318
234
442
330
428
34
69
447
69
563
386
243
512
191
502
475
277
191
440
31
282
164
113
143
319
156
451
483
326
500
262
326
493
123
517
229
440
442
158
570
137
60
489
56
417
316
120
288
289
298
509
216
393
47
465
36
48
384
229
445
24
328
216
339
277
277
6
116
167
203
357
550
574
39
344
382
389
426
321
459
435
318
344
453
44
153
204
75
497
559
496
346
250
327
422
398
569
410
481
287
129
339
422
430
300
303
392
300
243
233
113
443
333
475
559
153
336
370
301
387
301
14
178
151
123
339
230
124
279
455
230
555
465
353
245
417
209
305
344
568
568
401
27
170
299
233
150
219
161
200
417
338
549
109
120
501
392
372
221
325
205
176
180
69
350
271
505
431
187
481
86
468
118
226
565
514
496
40
434
438
131
435
497
366
498
154
423
212
136
316
326
562
514
93
566
80
118
388
223
429
426
80
14
100
148
430
27
569
69
451
91
227
394
517
38
8
15
25
564
12
90
128
528
473
120
407
79
236
160
335
244
354
284
29
183
104
322
14
489
312
53
133
356
214
412
322
495
185
216
475
217
453
376
109
154
121
466
377
35
288
524
452
255
90
321
86
514
12
299
191
103
0
561
349
256
391
506
136
0
369
354
136
114
124
137
211
313
202
242
404
246
46
92
288
288
529
82
196
369
466
148
502
61
485
372
561
159
343
180
548
259
305
229
302
117
293
406
45
297
562
19
203
490
354
157
319
423
445
251
506
360
40
109
475
431
466
544
241
123
206
366
244
444
213
107
247
10
548
309
204
342
379
506
54
211
24
93
192
8
116
466
102
421
229
539
454
117
97
0
443
53
556
482
203
360
188
425
157
41
433
162
104
453
465
483
291
206
47
293
119
398
335
41
402
319
277
430
423
378
323
545
355
400
389
254
34
294
150
26
168
369
240
280
200
546
118
319
113
302
391
39
101
101
559
481
66
278
360
311
436
262
74
552
515
436
249
423
161
491
342
451
135
34
349
363
508
433
524
370
506
491
236
62
82
188
210
459
122
12
137
50
278
203
553
83
120
88
251
357
126
62
154
67
147
5
444
570
47
232
571
403
47
210
420
428
23
323
268
553
521
311
108
92
518
207
45
44
244
401
267
369
94
354
515
227
386
314
472
62
386
200
452
89
255
36
46
488
254
361
189
31
495
201
293
542
314
488
298
241
424
346
159
60
198
414
472
47
495
342
470
274
451
126
493
399
556
517
187
447
495
472
542
241
330
355
384
89
384
573
543
405
446
430
533
128
505
293
114
79
74
172
213
425
188
51
234
556
355
280
434
323
183
505
424
531
531
181
402
150
412
209
426
341
228
560
156
325
99
117
134
86
149
379
460
156
340
214
541
264
232
393
178
257
555
415
303
262
128
182
487
190
271
511
573
567
323
20
397
293
84
125
50
532
5
444
503
377
391
168
96
517
563
334
108
423
479
67
166
66
195
447
207
545
56
369
248
557
154
326
525
106
161
541
25
563
379
154
107
133
217
423
522
141
13
293
543
190
532
249
412
25
49
39
49
447
213
120
511
239
573
52
530
2
331
432
11
314
329
388
480
165
393
467
373
98
16
27
512
507
223
527
334
47
510
570
560
13
487
474
260
424
386
158
352
49
87
59
383
194
122
319
90
210
510
121
80
200
182
291
341
388
195
166
426
169
289
133
282
291
7
169
232
343
111
122
573
424
180
487
196
558
183
340
232
223
497
520
471
36
502
75
194
123
444
420
494
281
224
183
258
46
291
513
203
303
321
570
415
145
345
230
285
2
112
427
488
158
225
245
432
405
291
166
259
168
166
254
427
499
144
438
0
13
386
36
497
219
207
395
471
157
23
305
194
495
504
317
199
7
461
442
218
110
214
422
209
403
214
293
77
196
90
195
349
257
512
278
296
211
574
129
419
7
123
53
402
507
50
556
523
526
420
381
403
98
282
451
59
214
494
291
528
175
44
369
0
106
451
461
247
551
425
314
17
381
257
424
544
369
256
293
5
491
372
458
45
448
164
562
421
540
57
456
569
372
50
100
360
49
23
104
550
163
308
316
12
542
442
434
557
473
302
427
138
496
125
550
386
55
267
398
277
503
394
229
268
553
300
551
17
458
348
446
371
539
98
259
428
541
540
207
321
166
372
11
494
43
82
421
562
394
174
574
32
360
432
472
108
262
278
283
163
229
471
432
301
471
362
94
356
430
260
497
448
183
269
137
503
51
504
496
300
152
349
353
427
451
476
96
247
92
191
245
327
212
151
360
530
507
362
275
151
571
394
94
544
381
218
219
224
487
349
565
479
500
254
31
7
150
349
301
300
328
39
361
107
51
140
100
299
166
382
435
345
229
61
528
379
33
407
517
0
295
312
346
117
140
448
20
92
328
338
177
559
42
410
558
34
528
394
321
408
398
468
95
416
10
93
195
240
297
398
158
523
394
211
187
21
571
291
416
412
541
441
45
373
73
567
118
161
160
523
191
523
460
104
225
174
353
289
37
572
426
299
34
531
291
457
30
117
7
416
87
160
428
346
464
381
16
46
175
73
11
77
168
291
145
416
324
210
145
214
258
314
159
257
144
554
250
536
162
12
475
513
63
489
562
293
562
212
137
352
426
166
219
146
338
42
394
19
55
473
428
179
480
508
505
459
175
244
240
559
372
156
323
564
174
255
177
462
23
498
139
445
407
291
251
442
265
171
195
270
413
262
287
41
205
309
11
455
321
286
287
166
335
231
483
105
7
289
437
118
289
114
286
130
265
159
308
415
320
453
24
139
40
118
270
392
524
274
547
231
573
273
230
159
232
43
134
168
374
240
132
411
404
118
418
534
307
42
199
5
265
155
222
346
294
113
445
275
391
459
518
204
527
268
340
254
249
101
439
13
474
543
392
196
92
278
360
361
246
517
38
90
284
489
439
204
415
256
205
454
134
322
371
191
452
59
164
159
245
176
197
19
154
180
486
437
104
555
565
117
7
414
522
567
508
459
209
96
60
100
17
193
479
464
62
100
413
341
54
368
488
477
565
442
92
526
166
17
429
50
357
235
35
526
54
132
229
206
81
233
214
12
554
242
422
218
156
366
107
105
185
166
424
571
394
395
462
266
296
453
376
297
496
60
297
293
407
213
400
381
455
253
38
268
276
418
24
234
522
307
547
14
233
288
241
86
308
38
367
288
555
137
403
359
518
186
319
202
575
105
544
463
56
254
248
167
1
441
544
194
556
486
470
397
359
543
557
557
137
99
166
400
400
86
170
188
405
485
129
566
346
213
450
571
523
290
186
539
295
486
412
549
456
486
98
484
77
61
170
543
44
385
456
140
151
61
286
263
122
359
67
288
6
232
295
193
209
117
444
569
170
333
454
349
251
80
426
223
385
85
128
258
135
23
418
197
9
467
328
277
71
194
232
438
379
430
295
190
228
23
42
478
174
199
140
498
374
523
288
7
62
159
442
238
398
364
161
368
174
512
197
77
362
60
150
194
408
539
156
173
568
268
179
33
398
240
168
393
493
408
135
60
571
455
302
275
103
474
230
575
454
16
105
352
168
453
73
144
292
357
314
396
431
28
513
383
271
83
468
19
21
288
193
8
335
219
202
245
3
320
265
398
127
353
156
110
343
137
277
234
130
87
253
398
233
378
350
442
486
552
431
188
62
428
471
292
193
157
326
529
571
37
72
8
310
350
298
190
21
499
30
540
60
293
33
250
60
572
97
265
213
575
470
538
89
512
437
442
328
248
497
156
16
209
55
13
183
310
91
470
193
46
444
418
513
38
78
213
335
381
449
540
308
492
272
88
282
558
466
476
163
94
93
189
6
548
552
452
510
149
513
113
538
275
273
557
337
467
369
165
376
572
144
545
360
214
210
433
87
543
403
148
471
67
285
347
442
383
362
403
202
456
451
152
444
233
164
439
149
524
166
399
368
549
573
243
466
7
310
122
480
296
222
167
525
78
554
76
557
329
456
233
495
103
7
62
296
370
491
245
106
553
529
453
165
103
92
81
449
185
89
396
361
126
278
489
338
190
117
522
329
240
358
76
333
66
517
380
167
3
133
44
286
321
547
545
55
516
232
507
373
227
414
60
452
174
196
105
42
544
539
525
158
463
306
258
464
447
489
169
351
125
285
423
17
572
472
123
174
286
314
57
294
9
347
19
458
79
107
285
132
252
343
473
574
241
446
72
19
463
560
332
355
355
22
563
486
7
234
364
213
97
221
285
147
413
163
148
126
456
355
94
478
378
496
475
42
551
248
29
165
17
253
71
147
177
555
355
417
92
408
444
135
507
136
53
435
414
474
60
109
420
224
572
525
100
122
553
21
18
543
503
134
461
123
481
446
275
178
369
412
262
200
572
1
176
379
146
532
180
470
33
43
432
334
125
154
253
87
97
291
94
457
78
25
230
474
568
229
444
54
99
266
14
266
174
543
359
342
434
503
45
39
272
546
53
540
321
437
240
550
125
123
0
181
563
319
308
20
459
54
75
216
329
190
183
247
529
149
358
243
180
271
347
549
83
264
216
362
329
436
568
369
569
276
26
183
160
176
338
552
350
89
322
317
286
525
501
187
255
121
188
164
569
339
193
538
218
501
133
525
194
193
214
0
369
497
410
140
369
493
169
55
571
63
548
172
553
494
55
382
203
211
405
206
407
364
444
444
344
509
303
527
339
365
300
19
273
420
299
465
142
29
246
332
264
407
320
137
112
305
564
256
383
494
185
183
471
70
197
254
560
277
1
487
483
274
373
496
103
255
560
81
189
360
376
351
308
325
216
317
397
328
446
185
342
27
160
142
166
551
135
48
533
105
183
216
125
273
230
284
27
209
254
333
490
57
457
123
491
128
329
574
209
195
561
255
312
272
32
414
243
229
154
42
555
551
567
329
150
508
94
147
463
567
4
327
435
452
497
404
399
409
153
18
249
169
466
136
77
143
89
315
104
136
403
134
211
508
437
218
164
192
149
380
109
110
478
33
364
540
83
319
208
391
451
432
17
527
104
72
1
181
72
380
522
86
305
153
148
529
354
307
476
298
177
575
498
479
119
538
406
524
497
319
490
425
66
94
106
124
323
86
379
436
453
268
97
199
426
532
345
97
157
6
161
86
182
499
228
35
450
355
544
21
322
506
540
183
132
68
539
227
234
247
298
276
302
484
27
11
246
221
81
109
253
207
415
424
335
398
552
502
174
153
415
371
141
356
104
57
514
444
545
359
378
261
101
509
12
357
453
19
555
187
363
72
350
284
150
472
531
97
511
156
567
274
440
278
514
261
329
45
240
127
45
500
222
514
183
530
58
441
482
464
484
173
118
12
56
274
505
147
403
463
338
441
552
338
417
251
114
79
124
321
429
182
39
239
169
399
347
399
207
291
254
86
52
480
148
558
329
239
196
333
558
79
114
221
11
167
499
478
464
440
528
421
520
317
76
571
56
296
481
425
97
18
296
429
261
208
494
112
575
100
103
509
114
559
209
202
15
96
453
302
424
376
423
542
361
167
132
158
254
207
100
465
560
148
424
257
441
166
381
158
309
373
400
222
484
71
114
96
373
169
91
337
3
312
273
79
227
358
353
386
313
288
183
488
386
282
308
315
256
114
268
333
456
499
3
337
419
217
360
446
10
437
241
374
356
11
165
465
527
126
248
381
88
485
385
474
549
129
333
192
212
385
386
335
305
369
526
201
71
456
88
251
125
372
107
549
471
447
181
443
398
307
434
416
522
304
371
226
530
442
321
437
403
456
491
11
489
346
203
341
233
16
249
127
197
211
363
355
276
138
78
295
239
474
217
403
178
167
395
556
486
529
165
75
251
21
104
448
294
160
117
206
356
544
168
194
532
398
214
16
477
141
450
446
545
320
295
252
486
464
562
552
211
241
264
420
184
562
411
381
219
46
199
128
434
159
532
121
256
57
72
542
102
288
393
265
288
363
54
94
61
494
540
86
86
124
544
287
147
135
206
88
277
572
229
341
350
111
392
88
23
35
250
414
469
340
569
12
135
58
72
312
312
433
402
547
441
60
141
48
507
284
546
29
447
98
483
71
97
390
141
531
135
330
223
556
276
74
549
92
465
572
111
83
170
97
305
351
418
544
433
16
447
3
294
302
97
336
46
439
465
527
559
350
524
226
53
279
422
370
300
3
455
332
538
14
416
6
51
189
570
527
571
34
54
470
33
125
264
429
27
285
116
443
534
39
486
80
136
539
558
405
60
542
554
424
112
345
335
572
43
77
193
412
263
12
371
44
248
238
101
527
515
411
538
73
361
279
335
206
8
469
399
145
533
176
315
438
16
397
302
210
325
291
455
269
190
6
99
455
345
291
80
164
404
457
14
240
406
412
384
346
331
325
212
448
551
514
164
550
350
246
409
360
437
394
71
268
395
507
433
382
461
448
229
337
212
504
117
445
392
426
546
264
550
86
186
480
14
23
339
188
157
139
215
214
368
150
520
448
528
458
321
559
248
334
239
193
110
355
528
84
421
211
18
53
240
15
555
487
198
189
528
197
425
10
211
350
393
264
495
120
17
325
245
84
403
413
213
218
519
302
52
390
323
500
305
567
459
92
60
57
354
151
384
284
502
425
198
499
384
205
14
239
545
212
159
377
33
387
192
432
237
57
18
342
22
572
212
175
202
278
429
18
111
549
52
159
574
413
355
124
407
504
176
316
145
416
64
458
502
465
133
383
159
130
77
284
44
307
115
293
45
308
20
14
282
286
84
310
438
20
349
391
449
403
315
35
114
13
238
450
104
233
538
155
535
555
272
263
558
192
372
405
64
461
526
384
164
301
522
27
264
315
260
50
231
286
408
335
277
52
557
144
516
136
234
438
288
188
287
117
436
242
381
522
84
76
233
335
84
543
59
438
148
524
532
448
381
480
183
440
428
552
340
388
385
247
340
130
225
287
534
55
47
254
533
362
95
331
523
227
241
96
370
133
427
396
502
164
251
20
466
225
480
213
137
520
176
493
488
162
261
265
390
356
351
77
18
314
490
420
15
242
390
361
485
530
224
286
317
69
358
183
9
83
493
313
237
264
353
422
354
359
52
406
459
179
261
452
92
353
212
326
417
235
21
551
47
356
424
317
226
159
42
202
176
544
563
479
122
88
479
280
245
432
534
477
450
367
203
521
91
5
321
37
481
218
553
240
332
329
117
266
555
452
381
466
33
296
1
19
450
435
212
550
335
479
88
357
192
283
547
211
346
352
349
267
288
524
355
359
445
500
283
389
363
33
373
124
189
162
441
448
267
420
206
293
257
239
472
370
543
12
354
34
264
375
199
19
247
344
487
136
70
261
21
547
34
325
564
278
523
467
80
197
436
121
84
253
322
338
340
348
476
211
483
176
53
50
522
84
288
156
321
363
267
189
380
226
370
294
239
289
276
310
226
242
534
227
206
27
422
510
469
316
321
317
388
120
253
569
195
226
308
564
462
509
178
127
319
14
480
224
100
374
289
432
234
470
409
334
384
419
497
209
155
574
99
158
187
401
257
77
317
221
244
59
432
422
267
192
459
553
345
424
394
384
334
211
225
54
224
64
157
219
462
382
244
103
537
226
550
357
187
365
121
157
363
287
13
499
213
107
549
132
77
481
228
308
237
424
227
214
356
438
373
21
329
441
96
469
442
490
411
528
58
55
156
74
26
187
130
191
404
213
342
227
277
7
416
14
24
562
369
77
567
386
477
28
136
124
377
295
139
116
249
64
334
156
187
107
331
226
324
476
319
513
114
388
203
28
520
195
552
339
188
86
178
263
112
123
349
166
202
570
108
377
266
100
331
232
172
205
3
278
342
41
310
327
128
172
125
573
476
88
409
572
533
442
337
116
351
415
378
558
201
112
38
283
109
111
320
59
543
9
68
318
54
144
104
329
119
537
522
463
425
9
174
490
354
441
569
138
202
131
212
552
392
389
438
43
105
87
123
128
125
560
135
11
377
377
286
87
271
565
417
375
92
12
355
541
409
458
77
12
115
308
555
331
494
401
73
454
160
295
327
229
57
402
573
279
168
158
346
463
552
574
276
70
441
99
322
383
12
289
258
158
152
445
505
541
438
121
567
26
574
115
332
487
404
205
141
377
32
409
41
213
9
160
276
526
411
83
134
65
229
401
96
534
235
92
384
471
418
451
389
64
391
111
190
123
10
261
489
131
62
85
426
574
561
543
442
438
316
218
390
285
394
200
49
308
236
487
542
251
76
574
186
529
97
316
337
12
529
148
394
458
355
435
207
239
207
165
440
73
195
559
229
540
551
295
409
355
195
311
440
296
302
134
119
39
271
190
71
346
534
186
382
99
380
536
211
313
193
411
69
191
196
220
158
73
48
10
93
105
440
507
216
186
420
157
348
551
99
142
119
409
208
144
418
571
395
529
543
230
574
205
240
311
543
42
147
464
535
153
373
46
396
563
574
110
353
428
376
529
256
339
59
115
108
536
64
396
368
415
379
240
562
94
370
132
314
284
529
308
445
234
209
569
284
561
78
473
259
173
171
132
127
81
375
363
367
445
34
361
54
511
211
200
30
107
229
76
389
527
196
180
107
360
331
424
111
542
305
70
420
445
293
160
87
56
19
322
63
237
543
8
416
67
193
48
186
241
551
246
213
293
375
390
457
240
346
225
59
443
179
243
74
267
189
377
151
484
473
375
120
506
235
347
263
484
399
383
535
160
135
44
532
292
37
180
511
314
314
321
42
228
464
272
44
56
462
453
278
19
498
266
78
67
160
386
443
573
174
541
357
536
263
131
548
440
226
284
262
561
239
277
571
284
353
337
234
532
120
111
534
171
551
513
480
235
381
244
393
174
421
480
59
73
166
326
339
526
251
174
90
388
389
178
178
9
195
388
272
69
162
39
86
571
567
180
326
354
42
564
144
214
323
258
499
520
65
82
383
19
132
263
424
115
39
550
241
440
501
36
135
428
14
86
259
90
471
44
292
19
468
259
46
267
205
15
180
140
48
219
514
70
19
428
550
9
284
181
489
348
330
167
525
446
223
565
342
147
403
527
167
453
104
130
287
241
403
344
335
251
200
437
363
55
495
433
260
134
338
533
479
552
16
236
509
136
532
416
446
49
149
420
477
212
399
44
390
444
482
524
575
508
301
130
271
134
149
199
76
168
81
435
381
575
141
574
416
327
386
165
61
84
96
429
396
124
265
508
448
346
306
514
266
246
166
473
465
456
59
207
321
533
457
93
396
387
495
221
24
61
270
500
549
126
221
516
111
366
356
92
329
102
196
323
195
464
395
495
254
381
461
371
180
225
500
389
67
448
416
83
421
448
53
174
96
339
197
549
194
564
353
136
548
243
550
277
153
176
77
127
11
481
92
393
387
381
226
415
518
33
151
197
446
373
399
329
75
417
443
70
210
139
227
353
1
84
435
517
550
18
13
52
179
240
547
552
360
57
470
189
401
282
166
393
258
194
426
300
311
265
19
406
11
393
353
114
476
27
227
567
412
275
558
445
495
497
67
98
8
192
333
85
308
65
360
542
145
135
387
17
214
233
280
66
24
249
48
285
517
207
431
315
164
273
283
8
250
468
179
167
432
342
314
189
188
435
305
333
440
73
218
561
552
319
509
326
381
311
565
240
470
270
532
277
571
255
427
393
191
37
185
468
76
395
84
375
79
186
345
252
252
122
167
56
476
507
20
412
488
343
275
565
43
562
269
376
244
35
520
211
565
8
518
23
285
491
118
148
461
269
457
308
110
420
245
400
360
405
463
575
321
463
145
494
3
573
13
347
557
233
206
435
314
230
328
448
58
261
268
98
218
177
344
345
516
22
251
415
349
115
314
54
15
84
395
190
282
355
277
506
205
557
130
86
570
415
450
400
376
406
233
540
328
179
326
328
423
467
299
368
227
491
149
420
563
393
10
176
375
255
272
410
258
360
307
506
245
21
230
478
317
442
76
416
366
521
544
365
455
314
307
349
468
263
218
255
402
523
555
199
119
397
94
222
54
361
462
343
462
314
524
65
43
12
278
490
521
279
441
503
475
422
69
362
40
236
377
186
137
377
368
507
319
476
416
478
76
386
440
188
97
186
184
450
261
475
125
532
457
122
394
375
242
205
103
416
573
167
218
226
2
496
143
507
390
571
126
463
23
126
386
544
507
402
62
133
189
168
552
463
550
12
65
120
524
261
106
562
119
573
157
562
373
137
221
15
176
106
381
545
76
572
517
403
495
343
31
441
260
150
51
47
573
129
152
183
134
34
135
126
377
552
345
359
234
222
335
557
4
431
262
28
129
345
70
548
114
146
185
376
355
293
512
127
166
336
437
41
476
484
13
504
106
457
333
228
106
396
65
200
119
221
247
568
402
476
509
165
114
219
329
526
513
47
402
36
437
446
112
288
447
490
422
110
205
291
94
303
361
70
525
274
425
178
548
275
10
341
526
117
52
551
527
153
131
381
112
439
279
5
462
421
96
137
88
38
446
159
552
198
338
20
394
4
145
60
54
143
128
430
446
225
146
342
114
46
9
252
223
558
305
524
199
19
97
329
389
74
228
553
461
352
107
402
296
441
447
340
202
10
429
104
120
6
114
362
173
335
311
441
446
509
228
110
439
504
51
58
314
543
86
110
245
345
435
77
363
443
250
2
376
301
28
570
446
496
409
370
216
442
321
436
88
310
176
446
186
392
563
8
363
326
315
178
457
337
96
167
561
76
36
275
351
517
144
280
341
165
129
48
52
558
175
482
411
311
346
123
320
511
200
117
102
375
341
13
25
120
511
40
29
47
217
568
214
144
65
571
472
208
250
199
394
481
250
560
290
27
32
283
0
2
313
275
513
300
89
13
446
66
120
498
370
534
56
553
217
404
356
69
322
563
65
75
94
264
374
19
392
395
79
298
100
279
341
19
20
56
348
189
63
472
335
477
311
558
440
421
438
212
275
280
129
168
442
326
82
558
392
369
141
194
506
154
141
97
236
237
44
126
435
570
512
82
397
304
281
495
212
377
571
70
391
100
438
350
167
249
126
406
33
109
199
383
463
315
103
316
148
409
80
59
59
521
321
10
389
389
539
243
556
331
422
507
284
321
426
341
260
511
546
201
185
382
78
326
15
349
395
46
444
536
406
409
419
38
348
470
256
435
213
422
35
538
293
547
486
210
470
346
102
389
506
263
37
251
475
31
329
65
183
203
465
270
25
569
122
200
148
487
56
264
566
314
533
570
96
85
37
297
491
489
484
194
302
380
242
404
496
223
8
324
260
224
66
25
305
534
272
74
100
341
535
8
87
285
404
459
62
335
167
502
53
562
348
410
369
132
400
149
484
225
249
276
406
26
41
292
255
394
18
109
80
482
98
404
67
512
0
183
37
166
556
394
47
195
283
304
112
112
261
326
33
385
559
67
135
244
481
94
309
147
301
25
322
369
369
335
410
265
334
237
520
176
559
68
76
254
149
322
185
383
330
104
348
24
457
380
348
424
78
74
341
181
107
93
483
387
572
68
51
270
469
169
371
42
353
451
547
104
371
321
194
514
161
387
431
394
100
180
262
138
535
338
557
173
139
215
112
416
235
366
482
61
157
418
157
519
221
26
29
1
251
203
505
446
213
400
546
150
127
566
272
555
97
350
289
408
555
255
319
348
259
347
29
293
504
221
549
15
194
443
376
147
572
154
41
570
291
428
356
379
178
486
216
370
483
319
491
41
129
321
223
244
64
104
218
147
471
319
492
121
293
154
528
385
534
570
414
541
396
170
468
479
164
359
67
283
263
502
297
54
253
76
337
571
63
27
38
148
139
461
109
201
200
264
149
87
99
4
345
18
210
571
449
190
356
324
148
569
122
531
11
211
563
337
314
443
297
337
572
526
210
359
215
424
356
179
471
544
521
437
143
432
382
481
432
213
301
376
536
343
382
447
373
39
481
137
200
213
265
394
339
306
447
408
506
508
174
336
153
495
109
189
199
409
212
240
13
199
255
265
321
327
288
257
509
343
148
164
402
437
211
9
500
57
375
549
96
455
430
21
575
0
575
509
72
20
179
496
198
47
266
115
567
258
192
109
74
1
129
401
508
397
500
115
505
352
279
94
184
500
108
442
1
182
119
319
224
230
209
321
216
171
397
333
133
124
117
244
93
66
327
402
256
402
535
352
217
191
441
521
420
177
299
510
351
162
235
264
85
58
34
498
89
398
350
271
402
51
82
102
345
279
505
30
310
207
181
170
3
93
115
233
255
190
516
211
414
385
230
306
554
143
184
162
288
297
245
129
574
536
139
570
420
329
245
104
429
481
20
265
361
367
297
233
385
362
449
532
224
284
424
303
264
108
17
544
236
498
316
289
301
432
418
401
418
284
191
543
338
381
165
478
72
155
326
488
515
368
309
115
270
385
513
456
135
319
556
17
17
575
508
309
563
402
287
236
212
228
574
433
167
109
195
62
201
85
449
515
188
546
232
369
492
283
182
393
266
235
89
273
272
324
394
441
265
245
421
351
134
155
441
300
557
170
521
288
434
338
308
454
115
271
394
516
326
323
544
125
458
30
170
131
366
333
219
482
150
193
482
144
460
6
388
102
514
417
333
396
191
300
547
414
282
339
204
296
464
196
62
284
263
174
290
370
574
200
373
571
240
167
76
256
68
280
85
486
247
371
261
547
231
336
115
313
58
172
391
301
487
293
165
57
482
436
345
485
456
239
575
204
542
286
384
137
93
473
234
209
72
323
191
189
308
369
137
440
553
0
352
98
493
554
240
464
57
19
403
170
59
322
111
474
322
527
152
508
428
549
371
546
153
4
549
42
573
22
83
218
189
8
111
213
531
261
373
365
238
392
485
392
572
495
219
235
184
413
130
253
59
447
544
118
567
87
241
379
396
560
318
6
307
474
222
564
256
443
263
433
55
178
185
496
22
366
72
326
58
120
457
220
479
104
553
22
79
492
55
66
112
82
14
200
440
326
333
229
40
118
531
242
536
88
568
0
261
162
285
391
434
190
336
445
555
369
539
218
49
177
249
547
113
317
228
130
156
65
138
48
278
282
198
101
28
184
537
454
76
330
104
287
242
83
217
448
557
258
5
365
210
424
130
61
163
84
296
48
74
235
361
523
177
40
459
387
301
28
228
156
548
197
557
114
298
207
179
309
487
418
52
252
472
417
68
60
539
176
533
228
163
333
302
244
91
84
505
303
98
541
369
139
389
292
362
201
424
113
58
30
63
332
296
176
544
201
132
14
379
4
424
371
481
509
301
483
49
514
85
117
543
464
226
144
302
271
431
482
256
438
195
32
218
106
101
451
142
332
228
504
178
58
28
273
273
236
248
548
213
224
91
211
391
465
213
298
373
414
518
196
98
137
451
242
359
495
546
490
85
379
79
513
500
198
163
148
59
351
249
304
313
144
471
178
1
438
94
279
353
570
353
108
87
324
311
562
85
207
324
528
513
379
242
482
513
533
81
453
194
81
369
196
34
547
139
521
302
526
80
108
454
190
65
284
439
269
513
521
347
371
353
421
398
292
165
398
545
275
209
242
236
185
180
253
208
76
164
279
256
349
271
429
413
552
545
190
322
551
401
106
244
330
318
43
192
189
522
439
275
496
34
163
440
575
174
485
432
534
418
449
32
390
271
98
501
572
425
471
137
119
37
526
431
162
5
457
72
291
295
250
347
185
477
191
230
319
14
318
322
270
235
517
352
237
14
363
66
490
476
191
116
171
162
390
432
561
24
65
512
339
287
45
151
418
426
345
164
113
253
209
553
298
166
212
224
551
541
512
481
461
527
270
471
550
345
567
284
155
437
569
513
8
184
330
464
88
352
501
123
152
456
242
67
1
196
182
512
517
136
154
549
36
565
164
496
476
252
167
492
208
548
392
433
454
365
464
35
235
31
227
481
379
412
568
24
214
400
317
491
209
15
539
96
566
491
291
303
425
187
116
256
317
167
485
541
73
152
143
285
553
40
259
206
21
36
236
506
492
484
382
295
519
111
556
223
398
512
240
124
30
24
542
121
375
433
187
500
260
320
272
540
312
19
122
502
291
118
294
495
80
379
48
317
119
457
382
283
502
69
273
495
455
3
152
363
273
509
544
239
201
252
424
103
172
330
551
21
67
493
350
103
457
295
199
420
75
15
381
566
454
75
569
227
332
313
482
132
72
19
161
549
9
220
509
249
354
295
125
521
293
320
311
30
465
535
41
97
539
471
375
206
260
241
259
49
69
259
97
223
559
466
354
517
397
66
186
190
234
356
296
121
394
209
268
347
118
484
533
571
430
553
255
354
194
25
323
492
567
142
214
346
61
320
482
278
68
536
532
538
444
242
80
198
126
294
389
512
74
484
453
315
467
225
215
522
211
69
47
291
193
51
338
535
233
275
19
88
480
381
128
531
390
289
118
373
165
268
478
389
94
330
4
240
316
367
243
301
476
553
166
14
64
278
317
53
53
252
51
545
313
108
14
24
248
337
247
274
468
437
303
317
108
369
254
334
241
30
318
114
9
152
65
248
181
165
50
183
421
251
542
260
151
474
473
497
567
318
396
337
421
303
55
425
99
405
45
7
418
74
268
180
395
421
449
492
431
417
280
423
155
560
553
229
372
521
525
72
185
158
241
542
438
128
404
366
487
313
282
52
366
76
49
390
262
402
38
302
538
332
159
574
204
114
494
340
143
384
91
396
4
555
114
492
166
377
175
131
75
479
96
545
425
462
54
504
38
237
153
267
518
397
160
368
359
103
41
167
553
96
33
58
404
82
530
39
221
24
481
182
359
468
204
96
319
85
110
307
429
153
83
509
413
123
299
134
392
225
207
53
130
143
436
330
319
61
427
28
147
314
479
468
574
497
395
186
449
39
319
487
241
87
335
428
201
366
335
503
228
215
369
480
490
253
455
371
115
105
41
224
531
206
483
156
195
271
294
459
492
357
484
443
514
517
315
308
2
236
0
509
398
315
403
243
333
123
521
39
324
331
509
382
480
245
428
29
408
366
558
573
370
537
88
431
546
201
557
482
493
478
152
13
142
138
340
159
224
54
451
433
119
274
384
168
41
207
460
84
234
283
460
459
131
557
156
316
2
435
163
175
199
357
212
79
296
306
357
84
157
555
505
342
400
208
206
158
514
478
112
90
172
319
346
107
84
382
239
283
473
270
319
191
388
65
540
40
341
280
276
372
202
282
86
343
557
172
54
58
120
101
120
413
359
521
221
564
384
112
5
8
267
62
114
306
6
357
10
310
556
491
289
132
431
372
567
541
215
227
186
448
148
5
491
52
37
354
507
556
404
209
127
16
356
306
519
512
483
394
443
496
333
541
80
245
318
154
306
400
292
521
308
131
123
415
155
109
241
245
556
463
496
466
427
134
178
453
348
296
67
86
435
31
160
75
530
431
427
498
333
138
8
254
407
227
101
354
474
445
292
552
432
511
77
208
73
135
549
77
180
541
157
36
46
552
73
289
36
310
3
541
298
462
149
153
113
212
325
497
312
540
227
257
398
308
517
140
550
182
487
530
306
107
373
341
458
512
204
515
101
191
108
200
225
103
51
369
267
535
356
39
74
129
568
316
478
55
5
381
1
175
77
255
558
403
151
445
144
415
369
131
46
535
221
497
363
536
230
209
328
151
299
42
555
528
153
558
444
307
230
538
4
18
81
158
558
364
203
322
348
539
531
507
184
96
346
197
226
202
108
301
556
436
375
13
414
525
412
167
80
319
459
97
350
78
312
4
518
107
256
211
132
473
491
346
504
45
369
429
367
223
538
18
473
455
267
552
45
207
168
200
551
375
516
256
33
287
185
504
501
25
175
344
551
414
18
224
461
189
535
469
551
346
540
239
256
107
38
241
127
392
375
472
200
314
239
6
406
516
574
478
76
240
30
334
22
427
163
502
159
262
377
7
351
481
185
538
496
123
538
156
211
419
125
488
383
386
51
392
141
22
278
335
234
187
215
500
296
497
460
41
65
524
179
532
425
102
2
484
552
338
51
431
255
418
99
118
423
268
552
142
38
275
28
460
142
200
230
188
64
118
183
137
204
481
353
31
559
421
72
154
460
84
144
181
39
157
180
237
431
546
179
377
19
412
120
165
215
150
383
522
266
328
293
226
152
174
439
222
166
435
426
305
182
492
343
328
68
166
280
359
343
305
13
534
555
127
31
549
407
385
42
493
208
416
543
51
174
83
273
60
5
90
64
465
282
191
338
113
351
350
289
569
278
499
439
309
14
560
148
262
11
335
112
60
326
423
120
557
487
441
235
344
447
517
197
175
212
302
230
8
138
401
138
461
494
189
387
214
530
175
342
19
200
490
541
231
134
290
328
210
299
262
178
0
550
167
468
129
291
78
406
572
310
476
26
540
78
564
548
235
5
397
182
187
534
271
158
251
240
394
509
200
14
472
171
403
114
5
306
371
92
470
475
244
54
310
356
341
108
557
67
467
183
519
287
487
463
281
230
363
214
239
379
290
255
399
261
363
187
560
181
394
487
222
439
488
398
511
243
15
454
290
310
133
138
341
387
458
97
57
291
99
202
487
6
123
392
345
76
302
354
406
29
44
19
192
328
337
296
308
62
47
133
62
239
423
414
108
389
90
244
302
376
220
345
358
332
306
229
359
465
281
388
565
250
379
339
221
508
94
396
192
78
349
310
460
562
482
490
192
536
310
356
117
8
20
545
279
225
482
130
78
564
179
385
196
240
144
204
354
170
328
38
37
241
90
138
17
131
470
313
512
441
476
560
314
168
4
536
520
102
530
245
392
348
436
106
337
543
87
255
174
265
146
329
542
341
434
354
145
409
201
47
431
53
74
529
116
412
51
19
346
221
326
315
510
434
199
387
204
527
236
476
24
47
92
161
320
301
27
80
179
357
552
498
346
461
64
217
434
220
524
511
309
216
441
467
566
177
397
157
27
412
275
112
460
338
83
145
131
349
490
202
550
59
519
149
237
416
376
543
571
197
166
555
441
98
284
115
532
253
82
27
135
26
290
533
55
325
119
557
201
168
483
26
343
20
55
565
98
213
354
236
85
245
378
538
451
145
178
562
413
3
171
203
279
355
574
9
116
290
263
557
240
80
92
204
387
555
310
333
247
78
248
345
326
266
286
462
18
272
335
225
418
387
460
153
440
113
85
402
29
467
136
46
266
438
178
279
246
80
169
23
451
564
278
249
248
443
515
9
279
250
55
330
316
38
219
479
35
206
533
84
24
568
120
476
568
490
392
70
339
401
97
210
357
569
543
429
525
34
3
370
541
141
440
428
350
311
312
149
365
21
37
426
64
58
44
364
281
234
477
89
478
513
441
422
76
80
250
250
552
362
123
22
20
122
378
258
439
360
449
94
13
135
493
40
359
210
500
478
378
258
513
239
310
290
10
224
246
27
230
163
564
154
79
171
480
507
281
9
122
239
530
481
270
82
37
55
502
467
429
304
492
291
37
294
557
26
40
529
52
77
385
363
337
480
570
229
149
52
205
214
278
258
402
180
490
548
321
170
385
191
161
206
14
493
65
476
439
12
200
74
192
385
445
109
555
185
199
378
37
455
71
532
360
118
64
502
321
154
216
289
59
138
26
172
321
330
521
435
267
85
173
146
507
443
410
510
47
294
131
510
273
520
363
72
91
481
195
457
328
416
42
360
237
53
554
46
358
533
533
448
287
551
172
20
232
200
204
479
520
208
182
348
254
393
318
364
122
570
481
208
463
163
552
103
325
407
378
42
458
20
385
96
457
377
50
175
216
141
530
207
179
294
214
4
156
320
512
333
122
374
339
215
379
436
182
493
289
551
428
323
244
442
188
80
122
455
336
366
254
565
382
552
323
146
199
41
213
46
48
563
112
418
196
31
527
366
1
159
239
483
501
76
213
370
378
246
20
480
466
568
115
258
526
448
126
409
414
408
492
564
34
336
9
161
155
289
126
51
325
374
430
552
96
116
464
306
285
264
53
190
558
508
435
334
54
122
438
18
123
85
269
82
76
190
558
99
213
336
39
527
374
112
312
204
244
125
165
131
188
219
138
148
113
15
344
4
374
389
378
293
412
15
270
311
346
373
477
478
365
497
201
96
428
483
68
515
376
518
348
114
508
68
158
217
106
258
206
311
102
78
321
2
288
507
92
515
73
311
17
121
400
349
68
269
98
25
66
143
528
383
293
316
528
453
497
508
222
488
293
504
462
441
87
528
118
291
64
541
172
291
288
464
340
92
505
445
121
384
554
73
383
364
123
353
33
442
94
273
372
227
409
175
356
147
481
540
555
244
449
290
89
262
332
96
396
191
419
3
441
278
553
548
173
210
454
443
153
560
515
438
561
570
270
234
245
494
506
41
39
480
473
98
101
42
410
244
64
384
39
121
340
397
543
366
179
246
527
420
283
438
294
484
287
48
241
495
59
501
123
136
160
473
385
512
249
453
227
354
127
552
402
132
364
390
163
443
19
207
174
79
327
501
1
217
340
496
182
165
440
382
430
171
297
98
496
244
570
202
46
340
236
217
123
435
244
93
511
99
99
182
334
347
338
435
86
391
256
14
310
471
270
170
321
288
548
143
395
24
7
513
95
400
141
398
154
161
452
48
79
54
131
158
108
419
461
378
503
387
210
457
241
513
302
168
554
211
224
415
159
69
307
332
319
511
108
305
249
487
256
164
239
282
107
196
114
151
37
398
76
564
282
189
150
370
211
304
37
555
292
205
389
462
357
208
82
118
381
314
152
562
444
24
299
465
246
14
14
414
29
246
310
497
93
319
250
550
189
571
411
286
237
49
43
389
68
398
1
16
538
71
27
148
361
403
192
540
116
542
375
342
309
464
314
302
212
108
293
6
47
56
305
309
405
298
115
83
409
74
309
378
52
176
499
213
110
484
34
550
285
473
351
184
160
370
30
301
485
420
335
83
561
313
362
276
502
93
227
272
432
143
305
531
353
509
206
488
418
564
120
282
557
263
301
274
247
275
52
18
171
522
242
130
287
508
85
31
522
419
365
375
113
85
454
499
301
210
489
242
193
163
206
494
362
428
435
381
2
335
37
290
79
419
284
56
29
386
180
260
242
111
47
25
288
412
428
514
335
572
426
85
478
314
413
305
117
549
27
487
223
170
23
91
34
162
478
335
494
139
541
106
208
325
108
84
501
162
201
142
132
152
27
522
372
377
107
77
2
269
257
79
315
0
108
193
207
398
300
337
423
315
378
475
471
275
275
430
281
77
3
573
16
111
372
334
139
95
296
488
67
404
552
289
526
176
159
57
257
343
105
141
380
17
177
521
57
329
261
460
545
280
284
140
4
302
499
289
89
465
169
500
35
227
336
440
357
260
61
256
532
349
440
69
365
258
381
513
494
234
491
225
445
68
134
84
257
405
180
319
419
545
172
404
515
289
317
551
193
200
235
175
271
10
462
452
225
445
339
537
162
312
493
519
4
222
205
112
214
10
275
76
319
128
390
463
271
440
361
220
470
386
339
462
210
540
375
347
361
241
301
328
410
22
349
318
458
489
16
548
153
540
68
220
292
174
84
351
40
152
524
453
24
310
574
94
86
26
344
94
513
407
193
98
364
118
512
183
56
328
166
36
364
60
32
172
286
486
241
64
29
358
114
572
19
512
160
55
76
494
500
311
501
155
532
104
10
542
242
316
50
305
143
570
161
511
351
330
143
521
338
300
458
498
11
52
243
86
545
81
123
298
475
271
14
441
409
38
15
551
430
276
155
546
33
304
8
485
393
374
245
414
90
510
45
87
294
525
225
563
36
507
122
32
298
431
293
33
134
324
420
437
213
573
160
328
518
386
558
368
178
2
88
317
557
405
363
288
277
259
441
134
143
102
547
100
149
493
382
358
194
57
395
286
268
158
312
232
487
310
277
360
530
40
448
345
52
324
500
0
467
512
565
565
357
405
101
162
389
134
395
357
298
166
229
52
222
392
285
503
510
517
205
288
261
92
339
349
232
319
293
573
164
266
115
512
567
292
456
133
496
534
540
107
557
266
300
449
337
542
176
563
570
560
305
441
107
97
266
448
101
36
547
157
415
58
40
306
532
208
107
81
568
286
543
273
65
406
113
564
299
186
357
165
464
216
361
45
296
573
29
29
415
296
335
44
253
399
517
5
464
239
240
183
255
321
508
218
382
37
556
91
571
37
354
206
392
197
52
136
569
481
171
463
259
10
454
526
463
507
412
302
67
503
61
425
228
39
263
373
403
136
259
357
493
151
516
77
185
49
130
171
151
325
523
17
76
254
545
325
367
425
47
118
435
253
218
425
285
390
257
398
360
434
530
344
351
277
545
302
299
266
496
255
425
20
428
307
252
275
459
181
227
361
272
519
569
268
568
176
403
267
556
92
486
199
11
367
90
377
409
459
118
243
282
251
509
563
453
38
395
370
265
109
131
281
400
555
282
231
439
268
404
517
319
454
462
389
107
545
305
513
387
413
381
457
361
153
564
563
127
20
453
376
217
76
126
153
518
427
240
3
134
189
424
339
123
554
292
427
495
10
1
450
236
163
136
74
99
357
366
365
216
538
426
340
516
404
413
556
186
486
153
189
84
1
403
141
506
563
570
422
281
563
281
540
431
167
255
264
181
358
564
83
113
110
356
382
452
148
398
20
77
518
88
419
97
527
19
49
312
141
213
11
325
155
268
332
502
372
30
266
166
383
65
56
60
425
494
572
565
250
203
66
77
261
225
246
217
159
539
88
452
381
481
420
56
390
291
99
537
186
171
366
502
31
481
53
261
277
220
200
313
199
230
87
104
68
221
80
299
350
452
513
178
545
87
340
284
320
38
442
383
472
570
180
412
439
531
517
342
8
275
1
38
412
58
189
268
453
246
233
10
556
510
301
539
571
187
265
527
551
208
442
368
265
571
14
133
247
291
360
520
148
551
105
93
50
553
266
474
305
265
376
153
286
167
554
499
462
236
416
237
185
233
378
319
467
549
68
222
191
285
375
175
452
431
105
72
178
64
200
315
85
504
82
484
538
446
87
570
228
91
260
263
309
370
445
488
247
396
167
365
191
499
469
321
120
434
402
228
402
224
179
33
434
538
253
243
31
389
120
182
38
426
147
313
475
27
25
251
268
293
85
330
239
448
167
538
283
515
357
320
477
353
455
108
9
399
339
181
287
102
515
214
229
167
38
226
294
124
312
332
180
339
529
507
246
300
333
82
563
212
39
170
72
87
43
171
242
62
56
337
520
194
42
448
223
192
525
204
309
432
58
247
174
280
71
133
160
402
530
482
283
246
348
156
421
215
179
152
234
19
421
305
549
493
191
228
540
23
307
526
414
350
247
548
432
311
247
369
245
162
432
433
30
186
160
375
217
388
105
382
438
320
184
386
342
339
54
438
283
481
462
230
401
186
437
151
14
87
529
242
59
314
171
345
414
437
9
541
372
472
372
206
85
46
108
152
472
57
170
17
441
515
189
92
487
501
85
87
434
419
416
518
247
212
304
273
404
78
85
45
387
215
70
23
343
144
428
309
498
388
330
498
377
322
70
148
133
82
448
213
30
573
283
19
390
532
345
361
481
349
309
462
219
484
261
571
361
554
131
274
189
551
410
77
29
60
62
236
254
512
530
307
501
187
348
497
278
233
501
102
296
59
429
0
