-8150.717947
-1166.941634
-654.0679821
-10.04785167
-741.7153112
-107.7667376
-67.16533753
-159.1759555
-101.0184793
-86.49756648
-64.48675521
-40.92630171
-545.1481554
-154.7113912
-103.3460614
-292.4409785
-196522.5036
-2503.325831
-19.7144347
-183.4840821
-326.1908918
-720.3773527
-492.2144848
-154.733981
-63.10107901
-83.19597176
-6516.287239
-124.8779055
-1104.217329
-89.94238735
-1639.806442
-169.2293979
-1371.582995
-214.4281933
-298.0046556
-66.3080288
-647.7964438
-207.8572975
-43.74992994
