199
311
229
307
109
94
199
169
190
164
238
255
233
56
241
29
171
267
243
36
265
190
268
68
284
229
26
234
210
191
53
68
227
2
194
188
110
133
271
217
2
240
239
318
80
22
42
210
90
164
193
161
271
232
13
329
56
207
72
329
296
194
129
224
48
53
206
49
150
52
46
13
47
242
121
148
242
208
167
119
331
29
312
177
299
13
4
49
15
289
344
109
152
227
298
314
138
182
180
168
129
346
152
92
265
254
148
166
2
252
129
335
52
218
64
221
134
85
318
318
204
158
85
208
72
11
82
186
341
70
140
50
171
336
178
254
105
331
70
170
32
148
325
87
24
254
18
42
127
193
141
8
279
109
277
219
331
326
257
38
135
84
68
299
233
81
236
186
22
80
194
117
36
171
326
69
186
346
215
276
214
340
269
31
319
8
123
326
194
332
157
51
282
86
346
268
261
297
232
306
17
246
238
2
228
26
33
203
124
185
319
215
255
258
14
68
335
276
257
292
0
5
316
21
223
190
263
154
210
325
290
214
251
78
68
194
47
314
290
132
211
331
137
70
194
228
293
265
126
284
312
182
269
66
214
276
158
322
334
15
18
321
202
63
292
326
199
218
16
268
12
52
277
140
308
292
325
114
128
314
53
292
333
14
292
136
226
311
171
16
64
109
219
41
83
141
65
277
184
37
38
183
286
154
207
331
268
120
137
272
232
142
29
266
211
43
12
294
219
89
306
21
309
41
150
90
196
71
259
4
109
36
253
194
58
278
50
189
0
142
158
175
269
296
185
109
296
296
157
213
99
14
217
264
179
160
307
68
349
348
118
228
0
24
153
348
37
310
116
253
297
5
217
285
249
343
18
293
50
304
207
278
144
57
191
27
200
192
65
13
116
155
229
268
154
127
346
21
189
319
124
24
291
318
88
280
297
317
248
258
155
194
184
129
214
281
226
236
328
187
338
94
71
20
336
342
135
288
171
93
286
21
343
349
208
290
25
247
23
295
40
287
166
57
68
228
260
90
69
28
130
187
174
136
252
308
10
90
206
190
193
289
163
13
22
55
165
310
194
138
184
61
326
13
70
201
156
99
108
5
215
10
72
108
104
135
34
342
152
105
301
114
18
340
189
284
115
170
319
49
111
117
293
127
223
118
154
24
192
185
34
342
83
2
236
266
28
234
349
34
231
91
343
198
45
283
57
157
349
276
214
261
19
189
60
301
18
290
280
299
102
192
17
132
218
20
52
174
30
228
30
307
303
244
266
175
128
251
128
61
265
206
293
211
251
325
164
201
259
117
14
194
268
219
293
144
74
26
103
198
188
10
198
138
313
29
115
170
293
332
266
35
158
64
211
80
94
114
232
58
29
14
171
99
124
141
141
303
252
39
286
19
236
5
84
290
39
287
323
176
167
165
35
291
123
314
120
33
301
228
286
9
82
104
337
147
220
216
78
100
69
280
62
248
324
214
305
343
217
102
324
46
340
16
307
307
287
306
132
31
299
323
230
232
178
80
239
105
59
43
39
127
140
327
345
170
257
53
13
43
331
59
3
195
51
52
38
147
97
64
188
181
103
304
62
195
27
223
22
18
12
204
36
162
92
16
107
55
59
134
313
30
108
94
97
74
252
195
266
232
38
286
184
331
9
114
176
78
27
336
219
254
298
11
133
279
136
39
119
147
71
244
136
56
248
312
256
333
62
325
349
127
161
161
132
3
165
331
7
132
132
246
268
226
267
340
241
326
56
136
294
136
201
124
325
54
57
130
215
228
155
136
30
271
195
51
214
51
338
262
330
265
332
2
222
213
248
40
85
349
19
248
269
338
140
36
57
307
327
103
79
167
168
250
277
52
9
54
5
8
31
106
124
96
136
153
167
292
107
127
204
298
170
30
38
300
309
298
74
105
174
339
282
318
236
157
176
30
124
34
116
83
334
120
205
255
61
56
227
82
53
292
133
215
261
212
290
167
310
105
6
34
238
204
132
245
324
104
219
31
339
16
280
161
140
204
82
271
315
315
245
230
27
292
265
327
102
141
341
216
81
212
188
12
333
154
71
120
291
326
120
304
231
89
195
16
271
291
315
327
190
295
228
27
72
158
34
340
209
119
158
194
307
116
327
119
151
192
106
228
38
245
322
12
69
217
145
116
79
89
247
253
315
134
73
285
265
153
218
119
158
170
52
295
241
317
309
25
114
210
22
34
153
93
273
249
56
292
18
67
26
149
45
309
171
239
115
38
58
237
184
251
332
291
184
325
63
188
339
63
98
176
172
160
57
130
152
98
262
261
306
18
96
347
252
172
230
337
18
305
336
67
165
203
222
172
347
265
14
38
18
116
300
227
227
230
141
301
45
301
335
214
237
327
34
81
307
26
210
61
9
77
65
57
268
67
109
17
178
189
267
286
45
238
212
244
167
115
176
285
247
312
184
249
345
250
306
263
244
340
89
152
345
264
85
109
63
329
114
66
57
38
10
77
6
349
179
36
161
311
30
2
195
225
344
133
240
181
156
43
95
22
218
52
244
256
326
309
244
330
212
42
214
312
57
264
236
265
244
290
54
153
330
244
45
50
156
253
268
191
277
70
299
346
199
283
19
40
347
335
79
265
160
325
233
70
52
318
264
101
30
268
218
57
264
95
304
67
115
111
299
172
194
256
218
346
272
186
308
280
92
46
329
105
121
166
305
79
82
175
229
337
128
61
31
119
341
237
113
263
337
143
280
109
285
119
117
180
198
0
108
86
285
349
243
279
346
252
243
297
171
84
152
296
69
272
82
69
280
23
326
69
41
216
279
268
32
214
115
116
339
118
286
290
282
256
182
140
151
335
252
153
334
160
160
187
108
102
320
172
260
321
320
171
226
269
49
278
162
205
93
328
182
315
183
279
257
305
95
86
12
240
31
242
227
149
286
302
265
327
191
266
234
214
349
189
108
302
140
167
286
243
195
302
312
349
31
284
196
233
21
226
237
265
157
151
291
15
51
295
244
324
157
203
242
227
91
269
83
282
312
278
325
240
249
204
83
333
117
99
39
136
330
209
53
234
53
320
108
84
121
67
47
339
234
0
76
18
253
27
3
265
342
48
57
148
47
116
137
124
95
199
22
309
0
1
141
330
303
94
170
188
265
325
157
327
95
4
193
187
92
336
103
190
195
12
56
115
222
8
15
315
169
312
93
47
304
122
342
269
80
40
248
345
234
236
220
333
322
30
35
44
45
53
15
177
34
233
236
15
215
230
141
268
205
157
289
330
41
200
45
26
17
340
245
67
318
81
67
215
144
113
72
290
162
116
13
67
170
269
3
53
349
287
241
185
35
92
142
161
15
12
2
131
168
181
279
114
307
249
149
260
35
208
203
159
336
241
204
337
289
325
188
19
237
15
149
139
119
242
179
318
90
231
290
22
78
179
206
177
319
216
142
27
131
254
259
331
334
32
1
87
193
334
36
267
30
311
87
86
104
243
275
162
149
307
216
175
146
302
129
129
275
14
110
105
80
209
252
56
57
47
237
9
337
334
96
231
119
287
43
179
224
217
7
60
149
329
49
90
78
210
254
265
289
268
163
9
90
321
59
74
62
303
249
256
118
255
24
157
109
41
312
11
88
185
32
330
232
198
19
304
74
348
113
299
319
222
100
60
315
233
278
305
37
174
285
234
274
303
250
78
169
19
210
300
255
326
231
156
102
84
156
156
74
168
318
164
182
131
43
81
272
199
94
259
230
185
237
171
189
118
332
100
24
328
9
36
52
90
7
297
59
341
92
226
253
104
287
283
72
126
252
183
261
271
52
160
287
100
341
69
179
321
100
331
199
250
262
31
326
100
24
88
141
226
317
118
53
84
30
341
149
72
20
266
132
340
81
9
313
99
98
270
300
29
43
314
330
86
347
242
85
290
82
68
325
32
321
84
168
227
283
138
298
233
150
336
303
278
88
274
195
24
147
114
291
1
139
75
189
177
314
278
246
140
140
265
99
220
31
183
31
151
279
19
21
323
279
36
326
14
32
233
256
210
176
297
100
283
266
340
264
114
87
165
2
260
174
78
86
198
89
170
149
348
228
19
264
79
110
314
130
346
33
164
191
207
264
241
33
105
261
1
61
150
281
72
275
295
189
336
156
172
156
191
331
324
143
112
7
269
89
349
340
88
227
327
141
149
105
211
93
141
315
295
108
71
72
2
4
313
231
214
335
167
187
128
306
85
53
89
59
198
33
194
51
110
35
90
22
314
183
5
314
59
200
97
161
305
177
56
216
183
10
35
246
80
128
159
129
130
155
87
138
11
313
214
316
170
72
101
179
189
151
262
156
236
262
71
243
184
175
87
127
163
315
177
111
163
266
63
97
320
82
284
114
85
3
323
66
141
97
348
78
160
195
142
290
8
210
331
35
26
91
145
58
122
16
287
102
130
132
275
154
69
210
293
164
197
330
224
328
156
12
177
106
100
80
189
72
113
332
200
293
129
69
191
5
172
311
195
265
102
122
309
73
194
321
321
329
106
122
223
54
164
154
189
347
246
334
31
0
204
151
295
144
114
194
123
145
345
63
184
275
86
12
178
308
52
86
128
227
227
302
16
54
175
19
148
181
189
111
197
118
227
254
217
305
257
160
164
139
262
112
32
161
128
161
64
221
254
240
149
204
296
328
240
337
265
77
196
199
59
145
243
292
280
119
161
272
323
310
139
64
200
18
300
346
232
179
164
14
312
219
301
174
306
43
200
347
254
55
231
115
138
206
91
116
149
98
217
254
200
300
104
77
85
226
270
22
177
225
297
230
148
63
292
117
214
112
52
29
210
278
307
6
243
307
299
51
283
185
321
289
315
180
337
277
79
167
247
251
118
273
338
83
51
169
114
267
105
196
284
99
116
341
95
35
74
272
42
136
238
95
143
141
43
24
284
284
116
250
31
202
238
169
311
270
59
302
185
269
64
176
349
230
225
79
224
188
89
169
155
328
195
96
46
102
77
116
109
315
187
155
99
108
77
4
104
256
16
277
197
34
77
193
322
340
308
174
31
315
185
80
128
348
9
187
314
306
136
279
57
130
249
228
25
308
238
316
88
300
68
66
36
58
12
19
285
269
82
16
3
311
135
155
143
40
230
176
157
51
48
203
258
283
189
190
56
132
232
44
171
234
238
176
13
326
164
158
55
128
260
130
81
325
328
340
123
271
115
85
232
123
173
309
270
123
341
141
225
238
65
156
2
8
82
220
286
262
92
197
203
103
204
209
79
142
307
196
100
131
287
305
119
263
186
202
249
29
320
183
220
0
152
235
129
117
152
63
267
343
3
309
255
57
183
212
238
8
72
160
208
153
220
12
162
32
223
340
124
162
313
255
165
130
322
243
12
140
69
271
195
89
137
186
193
81
295
107
128
320
267
248
271
88
59
138
251
216
1
206
21
103
11
28
137
145
194
10
342
64
96
321
270
96
146
182
39
132
50
143
192
67
240
76
216
317
180
107
299
117
131
299
28
241
67
69
212
320
306
40
182
195
253
221
343
31
200
291
46
335
38
261
202
243
146
342
299
9
26
115
271
139
234
36
38
51
307
155
259
216
223
161
197
191
241
329
202
299
183
115
230
46
64
195
165
49
155
95
115
14
45
241
342
57
308
41
225
296
99
21
270
26
338
10
258
10
158
150
116
45
57
336
5
267
180
166
193
183
202
20
281
62
71
7
122
42
5
79
208
268
319
194
349
24
118
18
256
156
216
59
182
328
324
257
204
116
235
244
310
79
340
150
77
116
82
323
226
222
298
202
334
250
195
226
87
165
256
296
268
202
250
298
200
112
242
311
57
201
267
257
233
239
84
311
95
90
127
256
102
16
55
59
242
93
295
43
134
344
277
271
20
156
342
220
49
337
272
31
273
255
223
241
38
284
20
141
57
117
251
56
131
247
36
230
278
189
104
45
84
165
166
269
38
255
189
83
118
253
159
263
330
102
107
321
191
210
285
335
171
201
191
196
166
93
312
299
107
33
8
199
321
349
246
141
140
33
317
75
45
294
262
328
5
258
196
20
36
244
297
91
3
288
322
125
51
5
264
305
200
19
15
192
112
204
264
59
262
226
256
157
19
144
72
20
296
320
165
287
121
257
252
15
152
48
314
108
264
115
143
125
213
292
81
264
175
336
230
24
329
125
164
7
56
310
102
140
179
261
322
216
119
160
304
303
211
137
187
183
340
253
11
94
201
333
258
92
61
246
83
274
234
44
309
163
146
290
44
79
135
319
160
292
160
72
211
340
267
260
215
268
24
227
125
221
24
84
310
228
273
133
290
202
90
164
53
235
196
154
158
91
330
185
160
154
274
209
13
189
324
290
140
257
65
159
231
23
308
37
10
117
80
15
285
339
190
99
83
139
275
116
212
113
27
53
190
318
343
213
328
275
216
331
254
205
249
102
277
44
10
276
245
229
44
126
263
69
140
249
39
188
77
184
16
178
256
343
70
206
332
126
171
12
347
61
265
1
76
99
73
278
119
123
234
73
230
317
51
16
137
244
151
72
77
272
51
227
59
83
290
3
68
51
85
213
161
1
256
343
279
295
306
236
318
120
36
265
170
213
118
228
320
269
201
231
27
43
193
85
190
298
148
117
330
340
49
224
250
160
203
25
208
345
302
236
195
36
217
259
176
67
302
108
212
302
236
122
35
179
7
141
213
90
157
25
255
101
152
290
58
70
7
145
13
174
252
67
260
98
180
345
290
171
191
40
88
21
180
186
160
337
17
243
157
337
13
199
1
240
213
94
228
76
254
88
51
194
310
16
106
109
260
197
136
210
113
332
29
296
159
58
107
245
37
80
348
282
229
31
86
159
247
340
142
132
110
217
319
330
207
305
194
17
32
7
106
331
94
118
157
213
189
165
86
149
141
311
226
226
119
331
127
222
206
234
260
44
340
174
173
324
36
161
126
93
312
59
117
53
72
176
191
243
330
127
305
257
52
129
6
335
211
262
1
167
46
44
226
191
196
327
126
116
25
89
312
186
343
150
33
259
104
226
141
167
246
155
95
189
194
150
72
311
295
6
218
202
262
241
58
194
75
100
129
67
213
232
79
27
287
108
7
168
62
95
299
45
199
62
66
339
56
344
125
0
227
206
318
147
3
117
137
93
213
230
67
153
10
3
231
203
199
260
247
128
31
128
311
114
158
265
167
153
332
253
298
194
266
88
293
75
326
47
230
21
170
291
335
129
243
291
41
140
330
114
54
46
97
257
144
312
335
329
333
312
110
257
41
12
110
128
82
82
55
256
17
291
341
204
0
51
231
135
94
332
152
185
145
98
151
37
331
206
125
152
56
176
279
157
220
124
36
171
30
41
21
19
90
208
302
227
298
258
117
263
295
297
310
331
182
240
334
153
115
150
61
69
193
172
134
23
76
210
197
21
114
19
297
298
321
46
67
86
146
68
196
338
30
253
141
145
304
46
253
201
279
290
320
255
242
257
136
63
64
244
246
228
16
215
250
86
36
87
240
26
224
283
98
85
23
8
145
111
30
72
173
314
146
96
307
29
63
46
185
317
4
308
75
23
58
297
115
198
211
260
341
221
87
298
147
47
55
2
211
60
11
172
58
217
298
189
263
117
80
317
242
203
348
49
193
222
185
54
213
333
98
310
11
39
254
321
21
47
240
81
94
114
29
239
194
139
87
117
29
178
320
284
19
317
177
304
112
108
87
120
345
280
91
88
138
80
337
93
60
60
284
177
292
260
40
188
146
117
192
278
183
293
333
8
5
70
96
146
283
287
14
58
243
227
70
4
58
215
136
154
275
112
295
154
187
170
310
71
9
256
205
283
346
120
14
323
337
54
30
319
247
174
284
141
283
225
255
3
314
1
284
295
227
175
220
9
104
89
179
40
284
343
209
214
129
45
326
322
21
127
92
251
327
164
298
183
261
192
164
329
159
216
145
153
185
163
28
225
210
100
210
245
171
318
254
169
92
205
16
100
123
68
45
320
291
329
6
307
6
326
295
264
272
42
109
177
317
148
186
142
213
67
105
321
244
329
177
319
196
160
54
239
61
276
190
348
200
187
308
26
348
50
33
98
145
287
327
28
339
64
318
308
282
263
316
302
153
343
173
47
68
145
335
281
209
31
23
60
157
197
45
23
310
28
197
190
163
11
185
201
258
37
190
259
173
343
258
240
24
209
68
287
275
44
279
28
332
99
324
308
333
129
42
44
274
19
295
63
243
176
248
64
92
160
254
15
205
49
150
295
165
209
231
47
249
310
85
208
59
112
251
42
69
33
165
243
333
53
191
304
306
103
33
124
192
120
223
203
76
226
328
76
234
243
187
209
174
259
259
259
99
236
197
122
127
337
121
127
294
12
144
339
231
261
261
54
279
147
259
61
147
212
59
22
142
205
81
212
38
92
113
163
184
37
309
28
176
269
158
61
24
0
254
125
258
230
241
200
208
211
111
170
98
294
52
148
271
98
298
135
58
70
111
163
0
122
140
249
159
327
200
122
185
239
142
41
273
187
302
226
134
107
49
202
85
81
247
203
92
269
79
130
322
109
300
306
260
4
141
221
108
13
19
295
45
279
328
200
217
308
90
141
70
165
149
96
344
197
199
254
110
274
128
182
15
90
41
253
295
274
77
1
44
131
109
336
349
348
306
212
212
51
175
326
50
82
286
237
77
125
329
30
349
336
298
134
16
136
55
25
148
90
132
294
236
72
136
122
115
241
74
226
201
181
274
301
262
24
159
327
153
316
339
17
16
82
191
111
150
279
115
271
113
31
336
214
213
109
202
177
237
342
253
267
158
11
260
53
114
136
343
322
220
71
230
105
205
102
119
41
328
58
135
259
53
294
340
304
273
139
158
84
339
46
166
324
349
236
7
299
167
153
0
15
171
36
75
25
147
110
5
182
230
253
122
198
323
294
227
45
293
313
305
261
125
313
276
76
240
8
298
5
190
141
122
18
115
138
323
273
139
298
84
191
200
338
69
125
153
73
112
286
225
249
45
4
210
139
104
127
12
7
304
328
182
112
93
322
55
326
119
238
197
15
252
229
65
102
344
8
111
122
342
326
11
71
250
210
327
102
212
340
37
8
207
235
82
146
146
182
267
306
18
130
207
63
250
255
69
78
172
49
305
191
235
76
204
126
256
170
171
281
340
126
216
288
306
319
331
187
65
138
171
340
119
260
177
46
285
200
130
239
163
288
264
121
67
328
201
44
253
54
286
221
210
345
260
52
27
61
95
301
83
17
286
318
345
54
193
272
287
252
327
323
147
56
33
82
172
305
252
267
111
143
112
87
60
298
266
243
298
322
118
138
195
71
186
348
249
263
111
133
258
278
44
35
133
107
332
98
250
146
79
274
280
274
333
302
267
51
340
349
63
251
139
247
130
302
12
87
153
278
266
79
329
118
339
325
234
284
133
178
55
204
325
177
207
304
332
39
180
193
215
239
29
156
60
183
106
276
154
270
153
147
220
73
233
11
181
316
65
298
145
182
0
236
330
285
244
296
152
243
104
115
302
203
226
38
204
15
304
83
171
158
337
140
79
284
28
306
185
257
138
143
106
257
56
7
264
327
118
197
346
244
239
159
344
56
45
48
289
151
169
159
305
135
44
200
104
140
12
32
163
65
87
182
298
65
3
327
204
94
153
265
91
313
24
317
180
169
306
286
109
348
140
92
215
325
101
207
7
315
233
26
218
151
124
284
199
96
318
44
90
226
170
172
226
65
339
309
200
198
82
210
337
186
98
30
269
316
168
16
91
103
267
104
343
291
266
103
184
291
19
35
181
275
30
325
193
188
251
133
136
95
154
259
76
324
202
60
104
291
245
334
323
248
41
282
117
291
213
319
121
137
207
246
130
150
140
128
281
255
323
86
215
92
121
305
295
233
161
95
214
182
206
296
153
251
325
218
267
288
91
285
104
141
94
2
178
90
282
53
20
40
328
191
279
76
151
129
279
21
319
344
265
192
228
220
189
152
104
290
204
347
244
21
72
24
7
247
22
203
229
242
10
159
117
196
231
251
90
107
238
211
156
136
223
262
7
120
262
215
204
141
214
201
10
240
81
178
342
160
174
323
176
8
261
260
170
214
171
156
186
204
196
297
80
235
137
52
7
344
240
340
259
66
243
165
160
250
317
187
90
97
5
155
107
180
121
149
273
243
144
279
70
127
48
108
316
194
60
205
67
318
95
323
211
135
324
226
184
79
136
28
115
74
288
67
129
169
68
63
13
148
292
134
187
162
339
186
67
219
116
241
70
330
325
348
230
302
316
95
296
54
258
291
31
269
196
245
212
285
68
308
23
20
117
81
27
181
39
318
214
211
327
287
32
16
205
304
178
196
90
166
20
339
145
99
225
138
253
145
54
342
70
159
105
27
27
316
193
169
165
153
289
58
177
105
9
304
16
225
302
205
290
62
119
288
228
7
126
238
349
144
76
338
127
271
187
71
166
90
325
321
138
146
28
77
75
255
68
28
152
346
138
72
184
200
119
84
45
63
319
294
191
46
281
248
21
309
281
127
27
294
329
241
24
225
184
15
23
2
321
158
94
139
12
79
158
253
111
323
266
132
293
239
2
146
101
178
272
71
263
139
101
324
92
6
12
163
77
47
244
27
211
287
290
245
211
18
313
334
218
349
238
81
339
341
176
66
139
60
290
22
174
260
238
82
325
344
107
179
115
177
53
237
81
230
101
49
262
74
286
86
332
179
116
70
60
292
80
127
174
215
29
27
94
312
309
200
248
131
260
334
31
269
52
9
233
91
312
18
124
257
233
215
226
332
166
251
67
239
271
15
323
49
88
73
276
282
114
61
153
73
221
191
343
345
27
66
347
188
304
153
187
345
329
197
173
194
50
293
302
122
18
240
295
90
195
54
91
293
171
320
151
172
194
10
176
326
20
233
142
230
224
170
68
11
156
219
53
79
134
179
42
156
146
262
79
103
289
215
54
281
24
90
302
259
134
146
282
179
222
118
33
269
218
153
228
194
310
34
141
256
13
155
42
82
4
253
187
14
132
70
3
87
191
206
255
319
179
38
98
240
208
333
82
74
13
126
194
154
229
31
334
149
288
137
119
68
166
282
228
348
179
212
254
190
35
198
86
29
37
273
208
240
140
210
258
295
325
248
57
35
31
303
74
302
24
201
260
145
263
231
230
325
77
74
55
233
25
5
240
197
126
221
13
97
252
177
244
151
214
20
331
142
310
272
153
65
241
60
93
114
96
168
226
146
138
305
164
139
151
36
177
135
62
256
326
13
73
255
349
281
335
66
87
241
17
304
62
216
339
197
274
233
74
236
298
167
240
23
275
64
2
138
181
342
155
267
80
333
267
203
128
43
22
110
181
346
195
347
280
187
233
284
183
305
305
122
158
131
12
325
121
251
193
324
67
295
70
259
327
268
62
229
62
165
244
25
150
244
244
274
339
308
73
276
41
245
62
328
84
103
208
5
70
80
245
53
305
287
154
73
122
106
293
298
322
165
51
106
145
60
55
36
168
116
220
131
339
40
203
27
5
11
170
291
273
294
311
181
284
42
84
174
64
343
146
166
107
116
96
150
346
45
226
40
245
45
58
193
335
270
146
57
343
286
310
251
8
155
109
256
333
286
106
17
215
83
254
51
202
73
69
51
164
256
60
237
12
180
71
42
13
0
15
295
339
302
227
223
126
135
154
11
185
146
148
116
122
20
154
122
125
170
334
60
113
237
113
294
285
202
88
14
268
106
189
39
194
21
296
210
237
39
185
200
316
36
174
265
34
270
21
35
148
213
294
129
331
312
169
116
343
348
177
228
245
334
182
219
142
270
284
171
2
92
312
103
251
340
51
213
180
100
95
117
77
144
185
159
8
267
131
226
36
242
236
295
140
88
197
333
349
167
36
186
84
302
5
284
25
229
64
226
340
193
109
245
132
333
92
139
186
157
263
158
236
325
91
103
200
284
241
20
216
329
11
128
344
244
316
148
50
33
78
146
194
110
157
84
158
303
260
107
290
327
167
63
15
121
115
214
47
26
72
276
301
160
344
197
305
162
209
74
162
70
229
285
292
8
227
328
80
221
281
80
140
84
11
194
258
327
154
4
92
328
174
305
80
70
135
148
19
37
68
300
260
331
205
115
284
328
36
218
214
17
261
99
231
64
102
70
154
62
214
109
255
114
139
89
69
312
107
124
43
312
324
330
155
312
45
300
138
3
231
276
156
123
206
98
230
114
18
105
291
258
200
162
175
174
111
245
187
222
242
10
242
104
65
194
200
18
207
13
102
176
194
196
267
98
116
23
206
54
222
145
5
115
232
200
257
184
39
312
178
301
66
224
244
271
227
316
339
252
72
320
261
320
341
46
260
34
232
335
289
168
85
154
238
113
80
54
155
87
244
213
300
305
307
101
243
220
88
200
335
263
332
178
285
128
161
21
304
21
217
78
302
130
114
68
183
323
320
41
184
222
10
318
215
114
318
116
271
189
241
62
219
242
99
36
163
218
321
108
0
72
27
27
202
238
304
264
78
139
130
203
85
166
27
184
272
158
65
3
269
271
255
169
267
264
167
58
145
164
91
154
131
237
214
101
322
46
64
108
349
37
216
141
248
228
297
195
123
49
50
94
294
228
300
166
301
159
51
203
0
313
46
82
246
265
75
11
55
78
216
216
279
192
272
34
176
196
9
274
56
278
237
144
319
326
276
188
61
40
264
123
20
269
178
326
49
9
41
334
203
326
177
327
167
174
217
128
44
197
120
320
18
303
85
207
168
296
327
206
42
16
308
202
256
178
89
348
91
65
96
31
78
81
343
212
130
42
312
85
108
271
129
187
182
98
201
130
199
171
208
81
65
17
234
113
28
35
138
36
231
276
101
54
215
91
181
275
92
189
167
212
65
345
68
55
223
85
33
239
155
35
324
98
349
269
251
339
327
172
108
340
96
85
271
323
24
224
204
312
303
40
320
115
95
159
226
271
99
95
192
344
0
50
150
228
61
161
159
212
77
54
53
145
270
182
195
43
165
161
178
195
11
270
285
337
205
296
262
31
128
108
89
310
242
48
108
142
4
302
195
83
15
92
236
302
207
54
87
195
186
346
154
320
218
83
348
318
79
131
251
245
242
172
115
345
334
179
248
349
336
65
193
311
90
348
346
218
186
266
102
245
110
151
54
54
86
44
253
232
1
96
227
121
121
287
88
298
201
178
258
84
116
189
64
302
236
53
86
173
294
137
31
27
320
87
164
173
336
318
165
286
331
280
277
122
30
43
41
329
331
265
115
114
53
23
346
338
329
201
178
316
145
216
164
314
86
5
68
172
279
321
329
271
256
39
280
15
264
311
277
38
33
215
50
99
339
114
85
143
110
253
268
218
150
269
338
295
94
190
337
339
246
17
130
8
51
106
236
71
134
103
323
280
119
136
134
129
336
306
42
288
47
209
90
321
258
179
89
331
128
57
232
85
292
212
3
171
104
76
39
287
47
186
304
234
318
294
148
243
259
280
241
169
201
60
263
292
139
109
172
346
302
73
280
12
104
74
120
127
136
283
34
135
99
265
286
164
258
53
161
297
240
186
184
255
34
188
306
18
347
77
79
77
347
343
60
6
15
155
296
286
82
201
86
3
314
254
304
180
148
193
278
349
195
269
188
170
61
137
131
127
296
95
130
82
228
74
252
119
75
137
169
148
0
299
221
289
262
281
123
148
285
197
85
83
191
73
61
230
217
138
325
107
106
296
6
275
145
330
162
299
233
3
290
287
346
311
211
65
125
9
296
36
255
138
287
158
193
107
187
250
170
88
261
145
337
348
292
217
9
215
12
347
298
298
273
10
17
67
173
95
306
36
0
229
55
130
339
86
213
59
59
63
321
255
83
137
318
67
48
305
52
306
107
235
247
331
82
163
65
206
135
101
79
52
69
341
168
304
187
233
314
274
107
130
118
138
10
340
271
304
15
82
340
314
20
56
265
325
97
115
339
51
297
339
85
205
48
61
197
199
99
157
145
85
33
0
176
269
24
209
98
127
208
269
86
124
59
207
59
185
8
347
24
47
280
218
302
176
268
325
306
68
144
347
271
291
65
302
252
151
24
343
22
211
40
110
258
20
340
209
123
338
259
192
75
115
21
98
106
124
110
55
153
255
179
96
79
46
164
107
233
14
152
247
223
229
3
153
333
167
164
68
280
275
59
275
30
259
189
262
116
261
265
159
75
37
239
214
27
184
57
67
197
38
210
166
288
256
98
200
327
173
281
137
317
212
275
191
210
146
52
255
20
91
166
52
239
196
192
343
215
138
253
337
110
82
212
343
230
222
90
264
219
204
75
218
67
271
337
8
257
44
205
343
240
317
337
143
114
247
177
59
329
328
189
349
166
89
56
30
215
125
58
132
291
205
170
101
141
349
320
98
166
125
16
33
288
88
25
181
284
32
169
166
167
230
153
280
226
30
239
39
69
108
212
259
130
239
35
108
340
103
154
110
152
12
290
94
31
291
63
40
34
169
20
184
134
49
49
169
237
63
123
25
264
283
236
102
31
59
8
274
290
148
4
157
23
332
291
71
223
180
154
332
298
79
281
15
176
148
198
283
62
8
53
334
124
110
323
271
233
276
284
102
140
108
338
285
61
179
268
37
82
60
86
21
266
25
199
109
10
212
141
268
249
262
129
331
191
119
251
67
326
212
171
270
264
266
37
234
84
199
186
271
225
320
138
346
234
216
105
314
331
84
82
219
10
35
164
319
97
186
145
276
232
309
330
46
329
346
123
154
91
170
159
133
215
265
235
156
43
318
85
276
262
47
228
305
290
112
282
249
283
69
217
165
41
37
252
249
58
119
329
307
239
184
284
336
79
306
265
330
276
291
169
292
79
332
115
344
215
188
167
342
249
83
102
251
11
172
1
228
45
222
202
281
193
241
149
68
169
73
339
47
77
339
186
46
123
210
243
233
65
295
148
159
112
187
161
238
291
264
84
160
210
208
198
307
77
307
102
173
134
295
268
123
248
215
204
326
289
248
319
109
11
3
330
96
159
35
223
159
34
185
238
37
88
128
15
335
341
289
29
198
17
184
166
43
263
331
300
326
257
32
185
81
176
347
196
332
228
82
20
101
80
130
213
170
250
191
298
317
226
317
345
320
132
250
24
191
234
295
97
182
187
75
19
248
9
16
323
209
16
296
36
38
235
66
167
60
288
32
321
73
11
187
223
307
248
126
191
296
240
216
164
77
44
337
164
98
339
280
138
224
296
214
145
279
108
81
16
288
147
96
312
336
18
294
106
38
280
115
132
69
180
249
180
128
204
125
180
339
114
55
230
194
227
337
332
266
112
280
335
178
336
99
315
332
227
255
128
3
338
24
247
257
1
219
18
91
335
94
330
330
179
226
143
254
109
128
59
141
194
330
33
228
343
202
19
272
245
290
293
87
154
112
172
50
24
140
110
252
253
293
64
12
165
318
222
82
303
343
171
167
60
171
73
322
226
270
161
128
192
320
330
296
9
128
109
349
319
164
348
92
91
206
127
83
27
334
194
23
338
89
241
228
93
70
263
117
199
103
83
315
224
276
136
35
237
109
113
170
110
79
94
135
210
336
70
265
188
25
220
247
147
348
173
69
42
105
35
80
106
18
258
73
290
162
334
100
285
40
170
106
211
195
72
161
63
91
194
289
194
30
42
319
347
303
211
279
82
184
181
167
216
88
205
160
173
231
88
290
53
31
99
318
100
306
142
331
166
50
107
199
100
63
172
303
128
118
164
197
122
310
184
316
32
28
133
85
90
256
281
297
283
264
71
152
87
91
4
293
90
112
90
59
80
109
91
291
234
304
0
91
92
331
208
331
57
240
310
149
166
106
74
197
17
184
88
66
60
19
180
84
249
162
119
127
74
297
193
190
49
163
327
53
99
335
62
281
197
247
87
76
174
293
139
17
295
46
66
318
96
289
227
223
291
232
35
234
63
13
349
246
176
75
275
33
342
149
192
99
142
175
245
177
240
154
290
160
87
309
127
25
33
88
191
141
69
63
222
57
338
319
172
271
204
88
339
166
61
53
277
205
212
93
57
271
296
10
312
277
128
175
219
318
102
316
345
135
250
194
175
308
256
230
181
0
172
330
283
290
75
66
292
270
143
47
335
186
198
289
206
88
55
59
56
124
7
1
192
190
40
97
25
148
101
174
113
115
49
287
271
55
230
122
177
36
170
260
51
54
323
285
57
214
172
106
328
58
47
339
80
173
65
170
211
161
67
102
220
300
227
255
172
270
290
138
15
196
8
204
205
124
161
299
54
55
226
109
260
276
220
273
238
116
264
276
135
24
227
327
325
13
56
53
172
124
124
52
101
346
301
138
70
336
178
165
245
30
180
60
181
169
250
285
349
61
174
35
311
154
24
263
145
332
156
260
276
283
141
338
144
215
164
33
208
302
30
13
145
174
119
329
28
324
310
40
33
140
206
11
259
5
11
112
207
271
166
22
256
95
263
43
74
164
118
196
118
238
8
145
144
259
188
139
177
71
231
5
301
309
131
21
246
223
266
146
258
6
82
175
111
263
37
145
97
56
275
286
225
219
246
156
266
238
217
191
50
80
335
14
251
32
204
58
31
154
236
293
308
177
152
289
115
297
61
250
346
316
78
214
96
242
43
58
20
178
207
60
209
37
83
185
115
217
58
250
282
103
108
18
124
45
81
139
120
52
64
243
83
215
332
266
276
277
95
188
8
174
323
333
318
336
283
199
188
104
108
262
239
87
65
7
211
254
310
65
186
115
331
112
347
211
267
49
32
289
94
52
214
166
59
332
117
104
174
121
219
298
337
136
233
312
63
124
78
109
142
65
21
309
176
108
260
45
170
80
232
124
36
206
34
331
53
95
69
263
69
204
337
203
335
47
117
277
201
208
48
318
330
317
199
330
158
68
27
41
46
84
214
275
245
165
125
278
326
54
186
345
27
279
316
260
213
344
164
187
228
133
116
112
189
35
134
330
318
215
262
334
76
278
8
22
205
77
48
309
334
55
224
19
90
31
176
243
86
99
49
200
243
110
176
189
100
164
38
323
158
133
78
170
99
47
337
95
215
213
224
180
267
299
290
219
260
117
78
194
142
313
190
3
192
268
215
233
8
242
151
231
27
293
132
22
326
204
38
316
110
114
219
113
151
150
130
13
315
114
209
73
138
38
349
289
226
318
260
35
150
328
34
201
142
71
264
74
174
38
160
279
91
149
228
112
23
200
140
174
110
176
273
140
300
246
43
226
83
43
242
171
119
150
233
130
188
61
18
265
61
57
167
44
159
141
233
178
340
300
186
209
295
157
112
131
105
132
305
20
160
162
316
204
196
49
200
217
24
255
133
54
250
20
303
256
85
199
110
86
119
277
232
301
270
206
38
8
211
101
273
216
240
249
43
243
122
88
232
254
158
176
193
52
105
95
119
65
96
316
17
316
263
151
124
175
343
209
208
75
274
290
149
23
210
16
214
286
252
331
345
332
113
99
148
115
149
152
8
112
31
214
331
305
77
233
344
3
140
149
234
11
14
302
18
145
214
1
49
175
275
110
116
133
102
0
110
340
321
223
77
248
95
256
138
180
11
236
43
319
200
179
107
207
117
127
138
95
340
252
242
151
126
49
101
242
43
3
220
284
119
70
262
302
13
53
109
123
6
134
117
219
310
158
65
341
141
257
23
30
311
236
205
318
119
238
314
63
148
130
232
36
83
139
150
51
54
213
21
290
289
249
265
3
272
57
61
344
239
47
32
342
237
160
283
186
254
116
147
196
9
50
295
185
102
95
131
167
254
11
107
18
59
48
283
318
275
210
318
304
140
47
341
224
270
258
179
224
148
141
224
236
170
79
98
187
94
119
292
99
313
144
224
314
6
13
167
258
91
265
298
90
62
348
44
290
22
224
192
167
95
313
121
226
183
234
227
57
85
164
85
343
134
186
52
129
90
23
58
140
153
53
62
75
227
119
126
221
122
33
322
234
309
213
182
273
273
12
153
234
130
271
8
300
92
233
267
320
242
122
187
105
259
60
24
12
287
21
231
191
278
187
6
166
21
52
93
160
181
199
65
334
289
135
342
215
290
25
46
236
218
235
59
217
301
62
43
264
29
254
209
239
3
265
205
3
259
242
340
209
344
296
239
210
304
279
171
14
162
237
177
267
125
38
38
285
349
168
237
278
8
337
196
186
325
170
170
325
221
172
58
162
159
156
140
345
279
343
171
12
307
4
100
121
151
121
58
66
225
246
198
172
308
339
240
12
190
274
119
176
200
213
24
191
321
16
315
21
222
205
316
310
97
121
127
337
30
322
338
2
139
179
337
308
157
45
272
100
142
115
280
104
337
344
161
346
161
100
280
109
48
267
345
262
301
21
319
51
70
56
287
74
97
146
262
8
23
142
343
274
51
319
246
34
222
229
76
84
168
145
166
338
301
345
324
57
37
145
231
138
142
323
138
124
256
280
338
192
27
7
183
15
278
123
345
2
100
143
158
156
124
46
342
302
270
122
186
125
304
287
166
124
253
83
10
234
45
186
212
270
205
274
6
217
219
235
209
12
66
188
218
102
102
310
231
125
155
218
14
139
106
48
4
242
347
346
186
217
258
15
313
140
0
325
190
211
91
99
87
265
106
303
269
21
254
131
343
275
282
5
203
32
4
337
211
334
153
226
188
295
141
63
254
163
335
271
264
236
78
11
97
125
322
139
31
159
222
201
159
69
226
87
314
49
311
313
307
346
139
61
73
41
337
102
27
173
252
127
310
31
156
318
322
285
7
274
210
278
297
74
184
279
98
3
259
345
159
66
86
98
79
338
16
311
163
92
79
45
19
9
3
92
243
239
225
293
241
291
166
338
134
251
130
80
201
92
318
23
28
52
280
192
215
338
82
247
320
10
181
327
308
240
188
2
97
65
269
243
1
43
20
304
155
97
302
85
337
159
218
135
322
94
173
82
188
248
75
32
256
45
184
300
14
13
116
62
16
274
86
43
86
261
192
304
28
112
8
4
248
187
79
151
29
345
253
27
5
13
232
267
183
176
29
13
187
138
210
246
236
32
171
34
65
345
243
90
52
211
77
337
278
339
153
200
109
105
131
75
55
49
150
157
81
279
192
349
203
35
229
42
134
58
144
116
124
82
193
270
205
84
290
233
44
140
167
126
292
265
24
174
58
137
260
116
338
320
188
4
41
211
75
274
56
283
282
219
205
239
180
99
345
199
323
140
252
272
215
174
208
236
140
272
184
29
1
308
246
149
16
277
301
238
106
209
239
189
139
284
40
223
331
102
77
336
328
98
145
302
274
256
289
66
109
67
69
194
171
165
36
337
124
251
165
258
200
60
133
149
175
34
294
78
175
326
12
58
137
244
348
92
322
84
292
69
320
188
304
256
178
311
10
146
219
193
200
36
256
127
178
348
247
165
90
210
319
55
317
149
84
40
277
268
108
64
228
53
251
253
58
173
165
32
214
249
95
18
204
77
326
269
186
60
201
295
172
346
7
132
335
278
145
270
263
19
53
40
309
96
98
60
28
217
21
199
186
346
260
99
343
110
202
201
126
42
231
44
178
193
239
291
223
60
221
188
178
32
65
329
50
272
20
201
217
110
255
26
247
324
15
319
344
206
134
266
21
72
303
48
302
279
236
51
261
126
72
83
278
131
42
253
258
101
150
244
335
77
133
51
39
272
344
6
263
163
67
123
110
261
293
139
321
54
274
51
144
124
341
223
317
343
333
221
150
41
156
302
348
143
37
48
123
292
238
238
127
317
317
27
197
42
188
272
240
294
160
156
58
276
173
261
3
122
165
142
175
130
72
53
186
112
72
40
62
143
245
294
153
258
202
4
89
199
154
276
282
157
74
60
84
266
199
98
345
124
54
190
169
4
258
22
278
43
240
119
302
303
19
124
77
74
11
68
330
210
345
78
194
31
336
89
156
180
248
80
242
53
76
229
178
84
331
284
98
207
344
261
289
161
33
343
45
245
299
173
43
289
111
95
5
139
72
203
142
180
220
161
24
223
256
194
97
312
327
338
26
149
66
66
68
8
124
83
262
67
305
84
78
255
127
48
80
18
274
294
7
273
295
201
187
154
22
221
70
119
138
344
43
68
119
29
265
314
232
64
236
347
147
99
291
186
2
239
26
64
313
256
302
8
75
23
289
284
79
326
197
7
348
277
121
206
209
327
32
238
150
77
145
324
154
45
97
45
216
243
338
45
37
184
238
193
30
196
225
139
95
81
276
98
321
34
82
301
210
18
9
295
336
324
119
250
98
26
55
139
328
144
298
33
159
291
283
81
21
292
141
196
323
102
20
95
9
75
171
315
117
199
26
257
160
264
145
141
212
257
219
177
62
300
227
221
273
25
241
299
239
76
282
74
275
18
107
143
76
215
226
27
346
117
116
161
130
192
44
234
240
27
230
216
186
325
169
214
116
300
57
241
65
338
209
253
78
172
280
21
155
199
182
290
227
81
250
256
80
107
263
343
16
182
6
276
134
244
314
123
140
3
214
170
227
30
172
326
93
40
112
123
140
244
180
173
308
8
18
134
23
325
10
345
44
116
110
74
314
209
171
205
227
234
276
53
188
27
177
333
112
163
257
245
119
297
197
304
242
102
146
282
151
272
198
316
104
190
316
286
20
162
43
15
169
139
256
315
121
301
105
346
130
137
112
313
139
69
290
314
339
150
139
144
20
170
43
140
3
263
43
150
349
271
172
72
103
158
217
20
217
245
144
119
110
65
327
172
32
148
138
326
24
130
96
8
143
251
136
206
160
342
17
15
3
41
110
184
302
28
65
11
264
339
169
140
86
341
17
66
325
160
28
137
88
272
342
136
327
0
314
205
27
137
321
123
303
16
190
313
111
101
301
317
238
315
11
110
323
209
178
229
175
160
300
263
106
302
174
78
236
196
230
240
139
304
104
230
293
85
244
103
219
294
339
233
82
272
118
41
203
69
276
64
321
318
121
331
306
331
165
103
246
40
152
89
311
154
253
213
126
139
278
325
94
103
276
141
293
148
325
264
96
312
131
34
58
64
179
97
183
171
35
71
78
37
211
83
334
306
206
0
218
266
190
327
277
131
318
286
110
78
245
305
190
283
171
105
138
118
0
111
123
150
83
316
279
138
28
316
28
151
27
138
89
343
230
172
47
36
124
290
313
302
231
73
230
243
218
177
114
163
251
294
60
273
313
174
343
318
206
341
12
51
305
119
188
264
47
346
12
277
47
251
199
73
178
184
327
179
140
123
152
28
75
85
310
9
317
220
207
275
37
230
230
163
239
130
175
167
12
162
332
199
220
133
105
207
315
314
75
11
263
5
304
242
245
93
321
323
114
132
9
171
271
206
131
110
96
114
110
66
347
79
67
184
239
14
106
349
47
198
229
125
84
207
104
66
123
219
37
149
225
257
53
176
75
294
55
69
304
96
98
349
343
317
53
191
81
247
39
125
107
140
280
63
1
37
142
47
3
98
313
0
239
162
196
230
349
179
0
165
95
235
269
112
156
72
2
231
43
72
131
192
272
201
66
199
144
158
36
313
238
11
269
347
297
241
53
235
260
264
171
65
193
137
339
11
173
199
147
144
52
283
348
275
294
232
165
60
325
183
134
39
177
23
0
97
271
249
261
132
298
27
199
169
317
166
83
2
75
24
238
171
112
214
298
304
155
74
207
69
253
255
268
26
265
207
237
323
6
279
14
317
233
237
208
104
219
245
171
75
69
56
202
80
59
238
142
239
134
47
91
64
180
203
184
336
79
32
276
268
276
0
293
32
265
145
282
170
230
184
272
0
309
276
24
16
80
335
316
270
247
317
272
340
96
267
163
339
245
251
170
275
153
103
276
67
137
116
212
230
158
120
191
246
267
324
349
14
30
60
287
224
249
15
156
253
35
162
120
13
17
291
296
210
21
202
55
130
222
328
9
56
142
214
32
315
151
206
214
140
171
58
75
130
285
96
143
204
112
155
245
265
61
241
132
331
312
281
251
265
75
278
219
311
333
116
58
229
277
236
273
56
206
299
162
158
296
302
292
4
4
108
164
80
85
83
320
139
11
312
156
174
323
344
143
343
60
0
142
253
310
246
35
255
206
208
202
214
26
245
266
206
184
156
143
265
154
141
170
123
208
9
258
296
104
310
296
306
94
140
334
292
323
50
332
92
215
90
240
159
78
83
132
20
167
206
116
157
99
188
21
324
10
250
247
257
68
83
21
110
129
93
153
121
271
300
157
247
295
171
344
54
76
139
20
156
115
244
53
317
20
4
121
270
50
34
277
62
38
276
323
202
328
34
70
2
321
279
103
230
215
75
246
291
246
208
3
108
11
59
127
124
97
217
313
201
51
316
322
345
59
57
330
191
74
155
31
253
210
36
212
249
275
146
57
338
184
153
9
264
172
111
225
147
339
204
228
218
12
21
128
244
212
163
62
241
173
205
193
268
237
205
184
215
56
93
159
219
52
337
111
315
137
124
30
56
261
10
96
173
20
232
253
260
64
76
71
259
79
262
223
2
291
138
317
339
253
61
207
15
210
328
49
11
343
186
73
214
189
43
245
313
122
160
50
178
55
24
93
245
162
124
76
259
274
314
209
333
27
291
124
150
58
349
328
50
346
220
150
39
145
214
192
287
290
165
214
207
302
197
329
287
32
134
214
261
152
236
175
314
241
198
203
239
236
265
78
314
31
70
244
244
209
142
296
257
227
196
262
161
22
185
124
162
21
48
149
21
35
199
6
173
53
189
90
320
262
343
173
313
208
129
329
67
20
110
53
0
218
340
97
97
102
162
222
214
216
328
201
79
115
219
294
81
232
161
20
140
150
213
236
198
22
145
320
238
123
46
69
128
271
147
242
236
245
2
261
75
83
75
309
66
227
238
96
7
340
202
163
7
298
294
157
244
72
123
87
76
143
120
230
236
108
7
271
108
104
246
290
283
182
275
245
327
261
19
343
190
90
257
126
85
313
276
122
145
190
257
202
234
270
68
111
250
229
88
110
79
85
68
81
167
139
278
121
43
82
1
91
231
69
162
262
229
339
154
260
329
161
39
338
296
93
141
186
293
276
210
108
151
216
328
67
238
143
231
334
137
287
312
235
147
137
117
292
211
206
240
157
91
327
212
295
124
331
282
164
242
215
20
211
98
194
99
174
331
25
157
238
303
40
229
275
83
48
60
249
122
25
20
89
203
22
336
26
273
44
343
317
8
239
271
146
28
203
293
316
293
83
221
18
263
331
83
121
185
121
123
3
235
88
212
10
294
188
239
54
116
20
80
246
89
188
187
242
159
1
174
162
316
243
154
26
72
266
160
188
188
99
75
297
271
231
96
345
178
38
340
163
10
238
69
151
153
179
179
108
102
7
226
87
94
202
117
85
337
320
0
209
135
199
11
95
242
3
291
140
124
172
163
226
264
321
32
337
179
32
89
250
87
152
164
194
199
216
140
151
116
209
149
20
316
151
151
287
248
71
41
267
51
246
117
184
278
82
86
68
233
51
123
221
3
71
15
154
64
207
60
147
85
75
8
343
14
341
278
74
43
15
223
295
102
181
137
41
211
110
225
47
252
124
21
271
185
44
255
136
44
327
306
294
54
37
144
278
78
4
308
154
24
253
234
133
78
303
56
281
57
344
141
41
225
279
282
279
253
341
23
68
58
322
79
261
66
8
196
342
235
60
323
170
233
34
135
157
236
88
86
189
21
110
189
50
114
96
281
349
200
163
11
284
96
181
243
295
21
71
49
144
273
10
42
60
243
256
87
41
0
49
43
43
29
66
83
304
25
309
247
14
71
271
233
218
314
140
316
197
170
343
220
346
305
225
45
342
33
276
169
263
7
124
87
176
85
262
349
81
344
311
171
239
206
306
60
163
163
39
70
276
51
74
188
112
288
231
167
149
324
264
61
184
104
338
196
75
58
35
64
168
43
10
3
265
49
70
151
82
267
58
60
260
271
176
74
255
207
174
141
259
49
312
196
336
69
163
207
47
44
174
128
276
335
205
111
136
315
324
37
26
22
228
235
237
308
1
318
215
307
156
200
33
276
315
82
184
240
322
45
98
238
343
81
132
61
246
54
68
253
273
230
225
294
27
191
189
345
37
158
247
37
246
283
88
297
11
140
62
184
121
235
325
30
235
206
229
145
265
186
2
81
102
203
225
122
295
342
314
235
298
77
222
180
265
253
300
205
158
293
180
5
136
143
344
230
159
342
63
219
116
213
134
121
57
186
74
222
155
302
282
30
232
215
174
42
181
53
59
131
293
289
303
135
147
149
268
65
143
143
51
185
296
135
259
251
308
120
215
275
68
118
120
72
242
138
5
342
277
62
56
156
138
18
205
15
284
250
223
345
215
199
147
18
85
244
308
132
73
308
173
311
145
156
77
213
314
292
165
207
236
196
289
23
127
336
343
116
332
271
191
154
66
66
242
259
264
289
184
284
306
311
145
173
203
11
215
27
195
281
12
322
182
321
19
244
2
213
226
338
157
236
220
168
286
138
347
122
49
15
46
154
79
23
84
234
273
250
70
24
118
64
301
102
134
8
148
127
269
239
230
250
116
79
305
77
142
318
48
13
215
51
294
312
287
289
17
246
213
176
104
27
68
131
254
211
84
141
216
100
53
234
292
248
265
274
7
313
238
103
128
120
239
146
246
308
218
147
159
309
34
211
71
239
171
7
33
79
7
8
182
28
304
136
292
184
237
158
4
114
45
228
76
285
86
273
176
13
25
279
238
25
79
168
272
180
149
224
144
30
21
252
30
242
228
240
287
213
170
218
15
306
43
278
243
211
168
144
148
59
37
176
172
280
91
34
327
161
338
199
182
204
91
293
48
248
43
250
76
83
339
217
310
43
337
6
79
308
51
24
26
282
11
19
334
180
45
333
286
11
309
131
123
178
94
274
89
325
92
307
58
158
88
38
147
246
260
262
260
314
186
0
283
127
310
131
176
35
175
13
267
252
76
146
232
180
88
71
316
333
314
189
124
45
15
334
28
25
66
165
243
7
199
227
119
305
100
271
294
10
79
151
82
137
179
5
71
293
179
186
26
12
296
46
159
79
186
232
8
182
100
271
70
282
213
234
325
325
178
211
148
242
172
186
207
59
79
121
94
66
66
147
231
223
238
64
175
9
254
119
64
94
32
2
265
309
208
235
293
307
300
182
50
63
198
137
69
203
212
331
117
165
9
138
184
208
166
212
203
200
17
10
282
208
120
311
215
162
202
141
102
94
201
337
63
60
86
41
313
330
258
184
291
9
51
117
117
33
275
184
201
132
69
88
190
175
64
74
53
33
180
192
128
323
215
295
349
128
23
4
165
227
31
218
324
107
223
157
41
208
160
21
163
319
275
335
343
239
303
234
133
27
296
165
151
320
103
18
14
123
213
258
210
53
48
70
70
120
345
327
69
199
290
154
5
143
7
9
244
144
226
300
240
80
255
173
18
67
48
206
37
0
90
151
285
273
279
68
59
321
50
110
323
111
53
10
6
140
328
244
327
308
288
330
1
243
161
264
271
210
144
117
344
300
82
75
186
139
241
41
18
4
201
151
53
291
190
143
117
298
143
49
234
299
39
108
230
331
210
260
320
257
170
17
137
190
107
10
20
152
120
126
66
4
345
160
186
154
293
182
90
342
223
326
59
242
201
178
256
18
104
293
104
163
93
48
256
293
195
291
214
324
82
44
51
306
202
342
79
203
286
117
83
83
152
255
75
69
266
162
26
306
330
318
247
265
69
163
229
316
278
214
232
186
151
87
293
26
241
115
293
127
127
12
29
169
145
273
26
102
237
273
183
34
114
204
287
264
38
159
194
207
232
104
12
190
137
61
343
89
46
157
22
244
282
273
64
275
163
69
28
22
345
130
9
91
26
143
329
274
283
28
24
330
57
284
74
34
309
98
237
167
98
33
275
53
187
33
16
309
134
142
132
98
16
275
254
337
109
191
3
334
264
209
237
120
193
344
315
179
245
195
252
57
282
55
4
279
272
145
334
72
30
47
13
342
283
23
289
300
142
312
274
315
274
182
137
252
172
23
9
261
165
308
269
209
222
318
101
230
266
30
129
335
39
150
135
37
68
33
120
67
333
136
298
333
296
91
96
83
57
69
37
255
335
139
112
34
258
220
107
177
91
252
107
249
57
146
300
184
259
41
138
149
110
312
155
115
194
315
31
63
347
70
40
92
66
139
164
189
209
29
194
203
346
126
259
324
148
212
306
149
265
306
53
288
303
204
31
26
268
304
57
40
4
208
277
277
347
232
247
303
71
156
289
145
204
111
5
173
348
312
295
152
58
334
256
289
237
288
172
199
92
199
200
115
182
31
298
200
98
110
202
298
338
25
202
331
101
228
285
181
254
111
243
184
156
306
304
152
71
298
211
130
267
68
249
176
48
268
182
83
317
205
211
148
35
192
212
137
201
154
48
259
170
64
127
224
172
62
52
202
119
219
335
23
211
148
331
89
24
252
214
256
230
58
229
243
24
108
263
206
33
100
182
52
192
107
332
52
328
256
129
159
331
52
245
76
108
139
10
226
214
245
204
201
117
60
194
302
241
228
104
182
302
75
68
349
108
121
68
154
20
104
41
66
297
13
267
3
337
96
280
91
213
27
87
109
200
338
286
313
218
83
286
117
267
337
121
285
313
80
217
99
32
43
57
266
55
189
92
247
222
258
302
250
101
256
2
45
73
58
164
310
301
54
56
227
134
147
343
119
206
289
286
232
90
215
208
79
293
72
133
256
256
155
324
348
129
82
164
324
311
132
0
236
283
67
39
195
322
55
260
300
55
325
192
317
54
224
204
199
247
191
113
232
191
7
4
313
67
50
311
184
239
348
217
119
266
282
203
32
90
269
4
266
223
208
173
215
194
317
36
189
330
86
266
221
20
97
154
329
76
32
62
37
236
0
71
134
174
293
289
128
284
267
247
329
227
93
69
278
183
280
150
225
294
261
220
132
151
232
308
69
113
191
140
260
39
199
3
99
264
135
252
209
168
15
269
305
208
90
216
315
126
305
88
193
331
232
10
272
3
98
205
150
94
254
15
72
305
105
79
344
64
81
176
106
302
26
304
108
85
141
12
267
207
53
168
158
105
137
337
134
254
68
253
220
235
143
118
313
305
112
135
347
302
31
0
191
19
14
105
144
88
245
95
0
292
147
304
312
170
124
55
230
232
80
204
28
243
188
61
217
274
1
124
221
109
341
57
249
154
304
14
19
31
29
26
28
134
130
33
275
103
198
72
51
249
35
165
260
253
203
8
188
282
198
235
169
273
260
20
304
237
61
227
133
138
180
107
237
271
233
140
106
13
139
271
183
101
268
27
9
76
206
57
275
269
68
241
74
230
80
3
87
141
310
265
125
141
314
347
211
190
265
81
76
162
341
103
126
23
230
206
61
258
163
229
281
46
292
170
199
16
304
8
202
31
116
301
190
75
279
280
66
108
175
67
304
61
48
210
319
249
182
142
192
58
46
301
217
285
292
46
225
344
90
232
204
276
293
109
163
281
87
127
109
187
239
110
319
305
14
228
237
201
295
320
299
235
73
50
345
58
130
27
11
6
245
297
26
273
348
139
52
215
301
4
197
345
251
263
173
139
301
52
192
265
5
73
231
327
177
71
32
344
282
308
128
261
273
162
249
217
118
98
237
79
325
199
58
99
117
268
38
186
5
38
38
323
55
279
197
77
67
25
23
79
248
76
117
331
181
323
214
231
3
344
47
329
81
274
52
170
38
265
166
281
11
109
194
74
268
105
38
72
268
67
222
76
122
181
193
305
97
330
235
307
22
114
125
288
11
329
225
251
348
43
328
216
150
156
323
193
35
26
272
11
279
23
290
271
227
239
162
189
286
102
154
22
198
332
168
45
46
219
72
7
321
51
327
100
254
30
51
90
282
327
258
127
124
105
81
137
23
73
349
270
87
232
264
251
294
125
344
172
270
11
116
186
336
104
208
64
198
153
67
313
174
142
143
65
66
213
272
343
36
116
52
80
237
58
262
41
307
336
260
124
140
256
4
201
154
146
219
122
307
261
95
9
118
85
66
4
9
77
58
212
196
0
8
280
82
154
333
24
166
192
104
41
55
92
264
230
88
26
205
135
298
142
14
190
321
278
346
72
297
267
41
164
189
142
33
194
203
338
338
218
24
266
329
75
219
128
159
296
190
132
96
193
178
263
302
112
231
123
134
328
248
310
246
104
258
188
317
90
308
21
165
116
335
3
76
193
38
76
309
126
296
17
18
104
103
330
95
103
62
297
254
3
300
95
200
260
217
136
310
301
202
333
172
232
31
331
217
106
296
120
26
247
64
45
195
265
106
88
213
345
236
233
4
189
19
55
318
329
227
298
43
23
298
205
78
260
233
296
47
34
149
311
62
28
239
168
55
329
110
328
203
89
330
78
174
271
254
120
8
270
232
16
88
332
201
183
175
275
214
331
303
142
30
206
263
132
310
9
290
238
165
216
49
315
46
243
109
323
271
289
275
132
314
40
259
4
106
302
115
307
131
23
343
106
102
101
257
224
193
298
30
293
211
139
206
190
308
132
258
183
296
115
112
105
121
34
253
241
139
121
82
223
192
191
272
44
346
177
38
167
124
139
100
313
34
221
167
313
145
100
212
18
86
190
70
183
177
240
159
100
272
251
282
124
187
165
13
55
32
240
129
143
261
215
232
203
240
259
204
142
20
139
94
333
138
179
150
321
206
74
240
138
197
277
331
74
153
143
196
294
316
3
5
224
280
18
330
116
115
292
320
52
71
40
344
78
232
293
28
281
91
70
86
104
92
74
287
40
175
301
18
318
183
40
336
294
221
271
317
36
206
76
110
342
328
243
139
211
20
279
342
143
141
94
224
115
159
182
227
129
207
321
343
331
64
342
5
294
71
344
267
267
55
19
42
74
142
21
0
142
331
36
255
325
262
54
224
86
1
304
206
183
150
192
23
107
267
19
69
224
242
76
199
80
18
100
23
107
91
35
270
190
15
15
265
263
229
213
275
92
153
19
111
66
88
71
198
278
96
141
54
256
78
140
232
233
254
318
135
255
70
183
205
171
165
22
316
219
224
32
309
316
89
198
14
211
261
339
221
345
87
152
252
203
259
177
278
139
314
347
138
121
184
184
89
162
19
179
154
259
133
93
263
46
306
68
9
25
57
237
146
234
112
166
254
0
177
191
137
121
246
89
210
75
181
296
246
262
330
229
138
84
111
283
9
339
51
268
79
323
120
22
337
73
162
313
11
194
161
63
69
49
120
317
79
241
260
211
28
181
135
301
90
63
345
164
349
212
313
25
323
202
180
39
339
180
135
0
142
244
332
192
5
139
137
303
347
219
259
185
17
34
22
274
287
178
223
139
275
290
290
154
59
274
199
296
71
333
86
240
180
195
67
287
0
74
115
160
40
43
18
23
228
127
177
134
157
188
100
65
87
219
70
62
349
40
330
138
219
19
114
258
69
169
333
253
273
12
74
59
287
284
92
296
5
26
303
21
81
172
78
322
89
75
345
216
231
50
248
203
137
154
195
192
21
136
270
349
322
34
177
24
67
257
334
79
94
349
293
70
348
248
237
257
251
14
136
316
300
34
99
336
210
113
341
50
106
257
116
216
346
337
299
98
305
179
256
182
255
218
37
295
64
175
259
216
5
231
38
301
278
125
169
130
278
123
90
91
112
105
239
75
79
215
108
315
108
67
4
302
130
86
199
131
166
125
233
83
95
274
48
20
34
66
348
287
44
167
166
322
175
84
259
254
120
108
128
102
138
77
185
241
71
259
102
162
189
313
196
92
8
112
173
122
162
127
239
206
295
335
246
127
24
314
66
150
94
160
235
8
60
203
99
202
276
248
257
237
68
167
203
173
257
221
4
35
63
24
124
283
171
12
14
172
6
139
80
217
74
301
256
81
115
255
67
38
121
331
127
144
127
291
174
142
263
103
225
254
223
28
278
301
300
78
186
67
145
79
93
44
67
221
60
113
97
278
316
175
196
171
257
201
331
54
296
217
162
34
333
236
3
305
123
346
113
112
26
244
74
343
67
31
107
332
184
198
94
9
37
340
279
19
74
224
198
217
210
37
234
271
302
257
217
109
264
345
153
146
193
151
342
65
197
80
162
1
290
93
344
60
271
94
255
183
83
10
162
24
326
113
196
195
35
193
203
74
13
121
213
45
14
259
218
180
84
36
295
302
207
175
296
107
178
270
19
162
6
28
327
204
110
36
178
156
51
341
5
292
45
290
101
130
51
14
91
64
270
236
15
341
345
263
310
284
192
75
135
216
279
47
175
212
255
39
302
242
13
156
238
75
107
0
299
39
90
230
152
311
284
90
233
197
91
224
181
309
0
222
345
183
257
73
8
334
344
197
333
148
60
32
222
53
199
226
50
281
12
140
46
247
82
25
107
268
281
181
347
86
317
238
211
100
181
98
265
0
280
261
15
32
130
266
39
169
265
321
20
208
156
140
316
177
201
201
258
42
90
291
246
110
206
107
140
9
178
220
61
254
79
281
222
194
180
246
337
242
230
31
29
324
196
121
140
339
283
156
158
254
82
338
43
339
258
120
138
125
258
307
252
0
269
197
197
49
31
316
51
302
20
306
125
67
41
67
299
315
337
245
0
102
207
218
320
300
28
73
245
4
200
108
332
310
316
41
343
254
303
44
347
83
90
112
201
145
206
52
280
152
27
233
171
43
83
245
4
65
249
269
65
291
90
203
204
323
285
3
3
35
122
125
208
298
340
255
103
90
182
93
129
79
289
151
52
186
204
21
46
29
114
95
210
3
122
30
42
289
52
285
291
109
233
116
35
213
235
264
303
213
340
126
290
235
162
39
296
257
0
24
37
197
203
158
114
22
221
207
131
181
140
29
153
54
22
209
339
64
289
51
284
7
33
255
162
37
124
206
176
126
314
172
179
345
195
112
155
237
294
268
248
168
22
52
52
249
59
348
322
264
22
300
54
194
346
291
321
172
284
56
320
195
132
264
140
297
7
98
113
51
349
242
283
35
257
0
253
211
4
66
303
112
100
9
143
65
263
108
7
89
90
209
80
38
187
100
333
258
181
126
171
264
267
92
167
197
84
268
17
214
194
86
265
138
134
10
187
348
215
112
239
208
273
144
243
129
96
217
35
76
49
304
205
87
290
45
177
243
332
60
221
212
330
18
18
79
76
330
317
262
183
310
139
129
219
322
333
236
3
199
322
139
31
328
199
168
327
321
167
198
169
24
199
335
303
314
87
64
315
52
178
112
207
59
223
42
28
22
196
295
301
259
8
192
198
184
88
71
87
332
239
216
349
264
172
111
27
169
45
166
60
253
60
4
55
187
111
26
252
138
33
185
331
295
225
349
90
214
184
156
45
181
80
164
102
272
63
8
225
78
269
187
44
270
115
343
261
166
70
312
1
35
100
96
314
90
332
179
273
316
258
53
250
249
294
270
6
60
14
75
31
343
320
100
313
42
63
317
178
81
90
339
91
293
159
321
184
150
337
87
22
80
133
251
279
182
143
230
108
291
88
259
119
150
133
233
259
61
259
78
115
55
264
108
331
222
283
131
272
157
306
109
291
325
172
261
228
58
339
325
56
87
341
305
33
261
82
108
306
128
222
343
131
112
23
288
264
273
214
70
2
37
296
263
168
82
305
325
341
76
76
343
229
226
192
14
109
229
223
151
333
102
116
253
208
325
312
146
67
159
199
75
196
195
172
264
68
226
326
222
4
94
83
78
131
75
312
92
112
64
125
117
140
35
70
325
199
195
76
246
115
217
116
157
278
34
108
277
312
250
288
209
286
101
263
215
337
29
215
118
275
128
246
239
95
161
317
221
210
122
291
261
97
207
72
233
103
265
322
5
199
326
32
49
183
346
31
60
322
58
287
5
78
76
261
202
34
210
324
308
148
126
1
253
6
82
210
36
166
252
128
68
257
327
138
43
56
189
247
309
125
55
56
68
293
147
122
271
25
228
222
31
191
148
169
327
82
77
54
311
65
57
101
202
167
77
138
118
17
180
174
83
149
100
261
309
178
264
229
336
97
315
216
52
156
149
157
79
163
259
91
156
344
284
307
221
274
259
114
71
122
27
325
80
325
163
144
176
23
37
84
325
270
210
229
19
52
252
335
244
219
173
291
17
122
175
251
295
33
4
53
251
79
38
332
277
266
342
46
88
22
195
234
188
85
292
38
268
168
90
79
23
254
220
42
335
110
65
314
104
112
0
124
264
156
290
175
103
265
88
30
53
92
282
111
48
63
328
38
70
1
231
230
21
205
90
308
332
135
227
162
210
1
138
231
335
278
144
279
141
193
122
346
335
215
253
8
193
156
259
250
326
10
288
113
268
210
29
248
216
160
110
180
56
122
121
162
167
325
97
205
152
79
226
210
118
212
131
137
94
52
326
316
1
299
77
31
124
147
114
12
1
233
343
335
272
235
39
242
121
175
113
67
206
167
59
345
243
280
287
342
1
33
211
254
144
66
264
204
40
198
280
348
197
122
249
113
240
39
314
317
337
282
288
104
129
239
293
228
16
88
97
175
68
297
5
175
145
33
160
226
337
178
181
80
50
246
81
59
8
288
81
268
235
238
88
72
175
343
104
168
69
7
243
104
98
288
235
316
134
215
40
191
137
31
87
204
258
280
6
146
349
97
308
191
270
101
161
284
310
244
167
224
267
202
95
182
276
282
255
78
123
287
346
299
308
138
248
104
253
233
231
349
140
208
284
98
333
261
279
41
56
167
256
10
8
281
249
244
318
283
196
308
333
137
89
333
21
192
46
110
40
54
3
190
71
167
284
79
223
198
81
345
299
322
202
3
169
16
176
213
230
133
137
267
209
346
22
36
37
143
104
146
115
125
204
155
267
309
323
15
279
96
188
174
253
229
48
218
20
20
294
244
188
334
273
250
326
88
252
254
32
159
111
196
250
230
241
40
190
335
15
152
170
18
44
296
70
334
228
71
250
292
138
281
96
243
348
330
3
215
155
176
58
315
2
91
252
57
41
276
248
298
200
98
14
72
123
313
262
288
326
306
0
278
330
188
296
338
162
273
328
89
229
111
36
152
129
273
200
71
19
306
335
169
54
348
212
227
309
19
328
91
162
323
41
80
12
50
247
88
35
251
29
153
91
259
309
160
345
207
322
348
165
76
207
165
286
166
43
295
347
14
180
307
166
334
88
287
46
263
60
14
174
67
30
141
267
174
7
339
208
320
292
192
338
22
216
138
255
347
74
225
153
160
135
279
218
247
288
74
137
40
143
257
132
27
60
155
91
51
100
11
16
172
135
117
266
22
262
240
67
240
122
143
327
179
143
154
185
192
97
53
282
221
31
144
67
215
153
179
296
16
327
281
12
166
4
7
340
144
7
323
61
140
16
126
340
116
71
22
131
238
294
325
266
184
178
279
323
348
154
225
46
16
229
187
35
57
308
60
219
297
314
256
334
74
12
282
24
16
319
192
281
101
285
178
226
267
237
229
240
295
19
294
345
241
197
164
234
303
248
185
66
18
69
162
328
256
208
328
326
251
74
128
82
294
270
103
70
105
319
219
3
287
254
146
90
103
73
179
90
139
273
105
289
105
300
77
131
231
338
185
43
7
287
113
7
276
240
244
232
204
91
300
327
279
68
188
314
178
24
110
345
188
218
298
339
225
34
285
277
162
324
86
269
163
201
46
32
197
76
133
135
77
187
94
194
235
22
178
212
147
149
323
225
326
83
304
337
173
68
280
53
252
307
18
201
115
105
11
209
326
80
40
317
133
143
278
84
325
282
276
167
36
223
210
330
234
104
115
277
102
338
161
155
104
87
347
40
114
160
297
150
317
11
218
113
280
63
271
347
252
135
317
338
129
259
2
72
139
9
150
272
237
144
331
329
140
50
214
264
105
57
84
329
43
192
73
27
42
292
163
215
85
188
15
212
31
111
42
263
112
147
222
172
298
299
225
229
105
218
37
322
227
199
278
299
24
122
151
325
205
36
339
124
149
159
242
34
84
240
155
60
45
238
106
249
195
165
167
188
322
261
311
151
124
289
307
349
319
38
34
147
337
192
204
274
221
137
262
286
300
310
181
169
5
169
195
8
24
39
304
145
172
252
326
5
305
223
103
45
245
5
87
298
298
60
252
144
278
163
57
35
338
323
102
122
240
120
76
153
54
45
165
76
249
15
101
199
104
339
43
242
112
253
297
4
12
328
132
103
253
240
201
195
58
165
146
104
302
178
249
80
296
136
163
40
338
31
230
337
250
145
2
175
332
118
101
296
87
102
282
62
161
280
265
269
178
37
107
27
280
185
328
217
278
176
272
69
101
28
84
130
52
346
297
44
282
301
46
226
286
301
37
336
332
247
293
119
268
14
338
325
197
233
238
27
24
12
242
257
289
27
173
150
64
163
215
91
286
326
94
288
55
339
270
295
88
327
270
338
163
84
172
98
141
228
212
24
121
200
177
207
321
22
248
313
98
206
101
25
66
203
185
314
76
114
207
279
96
297
39
65
287
90
184
20
27
181
151
183
60
8
312
163
289
192
183
121
337
267
56
310
138
274
110
124
236
6
325
304
273
90
37
80
73
236
276
234
236
84
118
117
37
276
299
321
229
322
204
269
299
177
204
1
269
90
342
342
175
150
149
46
319
70
110
343
41
69
171
98
267
267
142
181
280
296
159
34
271
246
37
247
161
191
91
221
173
260
225
260
253
150
233
197
152
335
55
6
147
297
73
34
147
262
192
146
25
109
304
325
181
280
296
173
319
280
33
253
94
56
122
219
289
73
301
335
298
90
2
184
253
281
133
319
288
21
53
87
301
4
243
16
116
104
156
230
204
221
302
247
15
197
273
144
341
236
155
309
293
326
89
89
46
104
217
69
342
128
73
270
3
69
163
160
152
165
241
349
250
59
169
173
59
59
140
341
27
90
0
89
175
341
290
158
244
87
311
199
133
289
305
60
175
259
180
241
72
107
77
100
68
182
27
182
192
107
175
300
140
270
313
334
268
163
7
73
99
250
185
229
279
224
73
243
293
288
170
20
259
153
322
335
118
67
157
60
8
324
27
64
48
349
74
270
25
206
312
259
194
131
162
40
140
58
77
153
38
298
344
339
277
306
312
129
222
11
0
334
333
195
21
137
153
167
39
341
306
105
290
287
131
151
217
144
83
303
288
1
2
163
139
160
302
203
191
214
143
317
164
158
330
308
8
221
171
176
273
84
3
343
139
341
341
113
239
110
311
170
120
23
31
143
191
292
292
129
311
164
244
45
155
139
110
212
277
138
266
35
187
139
112
219
262
326
318
0
235
172
201
164
78
108
343
158
177
108
116
78
184
214
54
347
52
333
116
199
324
261
142
219
171
182
291
64
100
272
91
242
181
177
101
236
279
16
129
323
27
150
126
322
20
249
113
64
62
99
332
165
349
270
335
80
212
254
148
314
349
260
1
101
293
170
256
234
281
19
290
299
232
230
164
162
189
294
122
93
294
66
343
332
292
126
238
66
221
201
58
1
106
308
20
48
38
296
4
129
38
100
100
274
60
17
217
54
25
91
132
18
171
86
29
125
133
17
283
139
341
31
129
68
302
116
67
88
231
211
116
113
264
22
303
266
99
343
265
86
41
52
74
20
129
174
20
242
303
296
60
49
127
242
180
98
302
1
243
90
58
174
316
318
85
171
81
314
25
285
88
14
290
219
87
319
46
227
86
3
283
38
11
113
39
284
321
53
18
158
80
98
1
81
169
224
53
201
206
211
126
257
322
333
81
32
209
68
262
345
191
324
290
14
193
289
201
105
257
35
139
328
10
289
124
89
22
189
62
344
135
125
323
55
160
235
255
147
170
346
38
155
2
294
71
288
157
68
59
271
193
256
60
68
128
50
75
70
89
8
219
160
167
171
29
108
62
23
345
12
321
170
147
217
124
136
233
243
40
77
288
80
240
256
167
184
52
69
21
257
331
103
124
49
335
336
213
298
49
61
250
332
298
172
294
124
43
288
292
267
274
93
314
56
179
221
342
17
160
94
40
201
87
74
13
7
262
11
117
147
241
128
113
326
187
294
192
5
10304
