1 1.68162 0.277808
2 1.37546 0.133272
3 1.28281 0.101412
4 1.04699 0.0478814
5 1 0
6 0.940307 0.051542
7 0.901692 0.0610794
8 0.89212 0.084937
9 1.07598 0.188067
10 0.839044 0.146889
11 1.20823 0.474479
12 0.704541 0.284621
13 0.507195 0.091152
14 0.290178 0.0453399
15 0.260018 0.0656553
16 0.210096 0.0600177
17 0.247514 0.0783389
18 0.20412 0.0816675
19 0.180078 0.107354
20 0.094019 0.0283384
21 0.0715822 0.0244205
22 0.156251 0.102286
23 0.0577521 0.0344552
24 0.0506332 0.0332254
25 0.0428846 0.0274808
26 0.146311 0.130857
27 0.0360976 0.0273325
28 0.0185383 0.0109956
29 0.00886135 0.00389615
30 0.00970425 0.00506796
31 0.00766692 0.00325359
32 0.00592667 0.00282454
33 0.00418998 0.00169464
34 0.00317603 0.00106455
35 0.00196857 0.000629426
36 0.00246474 0.00176159
37 0.00074063 0.000277087
38 0.00207369 0.00123729
39 0.00508473 0.00277942
