1 1 0
2 0.83831 0.0136848
3 0.728217 0.0174882
4 0.616545 0.0169804
5 0.577918 0.0325926
6 0.517068 0.0267323
7 0.481437 0.0372423
8 0.559211 0.0746252
9 0.934903 0.483278
10 0.713482 0.287796
11 0.38604 0.0800996
12 0.409361 0.0944764
13 0.342089 0.092095
14 0.272589 0.0479899
15 0.347215 0.129174
16 0.198532 0.0293996
17 0.214198 0.0378342
18 1.03173 0.642354
19 2.14492 1.64009
20 0.213275 0.0665783
21 0.472763 0.175203
22 0.217349 0.0620506
23 0.271835 0.110489
24 0.126711 0.0316884
25 0.102554 0.0272919
26 0.131004 0.0380314
27 0.0776637 0.0232991
28 0.0818118 0.0291432
29 0.106011 0.0451497
30 0.17749 0.140466
31 0.145172 0.0995121
