-1886.914672
-750.6076292
-1555.202887
-792.7240529
-2301.142654
-813.2714494
-1086.061867
-1055.76155
-1455.295422
-1382.269153
-867.01557
-663.5113963
-1610.337231
-875.5062077
-1799.543282
-1363.064395
-1930.280404
-931.5379275
-2141.11217
-1212.773774
-904.3297517
-1314.586055
-1249.313029
-1755.931285
-1828.058979
-1087.677004
-1798.546485
-1170.498914
-1719.028923
-710.9388148
-1325.524737
-1861.481939
-1461.355354
-1338.970193
-1000.203631
-1272.614301
-933.2768304
-1355.681524
-1243.639248
-1499.196248
-2038.691868
-1088.411104
-1778.905519
-2040.370019
-1156.545423
-1060.665038
-1170.700428
-1449.38906
-1542.771134
-1097.672598
-1367.639578
-1077.13601
-967.4415881
-1156.994203
-1937.433417
-2210.910351
-1317.421418
-1460.835788
-1137.923046
-1062.297051
-1746.719817
-1249.965433
-2156.896644
-2006.922537
-1513.357895
-980.4552023
-2190.203546
-2398.796414
-1532.161132
-854.2539549
-937.9768016
-1224.873058
-1019.179887
-1328.561957
-2080.829192
-1128.769956
-1449.512519
-1575.65169
-808.935067
-758.3892469
-1394.977854
-988.0596996
-1646.193014
-1498.62701
-1426.751388
-1132.213334
-1780.213386
-1713.615429
-1297.54794
-960.2877725
-1408.245209
-1569.720043
-1102.077012
-2066.462352
-1415.847339
-1159.661371
-1644.388322
-1519.411016
-1334.415582
-798.7338574
-1329.054251
-1031.704226
-1095.943969
-947.6647746
-1219.866316
-870.4901993
-1361.826747
-1280.036362
-1489.510331
-1686.237272
-1680.467459
-1637.949202
-958.2393631
-1177.651043
-1839.996851
-2105.598504
-931.4902609
-919.7975565
-1158.254464
-1305.375375
-1263.495286
-1139.042141
-1718.43849
-1052.167945
-1576.477786
-1410.626774
-1445.535072
-1176.330191
-1278.910441
-1690.819122
-1317.703418
-1262.199893
-923.0471175
-1078.40758
-1212.221681
-1497.280854
-1078.938032
-819.6293582
-910.853574
-1348.92279
-1286.454203
-1225.782208
-1006.245691
-1803.627283
-1715.54872
-1512.718455
-991.5108341
-1703.731574
-1218.464536
-1774.823987
-941.2496258
-1624.659268
-976.9228586
-1253.549418
-978.5476171
-1128.339552
-2475.721242
-1544.117513
-1255.734418
-1120.451126
-1953.766338
-1999.794201
-1289.536695
-1381.700358
