1 0.0213407 0.00255808
2 0.0238585 0.0033574
3 0.0208811 0.0024102
4 0.0301249 0.00718411
5 0.0384453 0.0132958
6 0.044579 0.0139104
7 0.0270579 0.00493826
8 0.0337357 0.00660664
9 0.0484853 0.0123131
10 0.0393292 0.00992996
11 0.0598636 0.0357934
12 0.0623625 0.0299056
13 0.0943722 0.0543973
14 0.0591944 0.0306333
15 0.0362428 0.0122625
16 0.0540999 0.0216015
17 0.0463957 0.0162477
18 0.235964 0.198732
19 0.127261 0.0840915
20 0.0490928 0.0142938
21 0.0598105 0.0234211
22 0.0361502 0.00919741
23 0.0315373 0.00778863
24 0.0211942 0.00219214
25 0.0300869 0.00496084
26 0.0351427 0.00732183
27 0.0302531 0.00405197
28 0.0321957 0.00674727
29 0.0249144 0.00326366
30 0.0271329 0.00548621
31 0.0278836 0.0050133
32 0.0377323 0.0105814
33 0.0383977 0.0139325
34 0.0272888 0.00610675
35 0.0366274 0.0111904
36 0.0231914 0.00264148
37 0.0275856 0.00382589
38 0.0282752 0.00456992
39 0.0249292 0.00319849
40 0.0244857 0.00276738
41 0.0264254 0.00362294
42 0.018151 0.001977
43 0.022581 0.00270867
