-286.0763332
-286.2446254
-281.246289
-286.9264219
-287.4870623
-281.5779049
-283.9760411
-284.1904433
-282.394176
-285.4013393
-284.8446761
-280.8964759
-280.4219374
-285.0379703
-282.8411179
-282.5821965
-286.5287692
-285.8378231
-278.9020065
-287.2625756
-281.3528235
-282.8276813
-279.9095906
-283.3449056
-283.7953691
-287.0987764
-287.2240155
-285.8804734
-284.6868041
-288.2444209
-283.6204706
-282.0899914
-282.8906625
-287.8190749
-285.7373561
-284.1393604
-284.5237875
-280.8749085
-284.9380294
-284.8699924
-282.609585
-283.4466803
-283.1867074
-283.0000511
-281.9356856
-283.7765366
-287.1388106
-286.1110864
-285.4763606
-283.366827
-285.0133545
-280.2936281
-286.0622104
-281.8084331
-285.0608419
-278.8932086
-283.6762159
-283.580157
-284.2163693
-282.7395765
-285.0927964
-283.4291029
-278.1138244
-282.4687672
-282.0001256
-283.5993416
-283.8181361
-284.6217386
-285.8947234
-289.4667998
-282.2844334
-284.1586245
-285.7211572
-286.294731
-286.2026932
-285.065577
-283.9888444
-284.345646
-284.4174559
-286.8969338
-282.2856529
-281.5304636
-285.6440756
-286.9619032
-287.6058578
-284.073147
-282.9308246
-287.7846397
-281.409651
-282.8732711
-283.9712257
-281.7637905
-282.6146835
-281.8441354
-281.2346422
-282.0878096
-280.054818
-282.5062035
-284.7355058
-282.7865104
-283.6107521
-282.3179085
-285.9053629
-281.7632873
-283.9746788
-282.7458926
-281.4218265
-286.9628786
-286.0096196
-288.6917876
-281.286672
-282.4181122
-284.9107605
-285.3056194
-284.1118294
-285.8383916
-286.4393959
-283.6606103
-283.4275174
-285.2752249
-280.3157753
-285.1740315
-288.3229545
-280.7085784
-286.9116255
-285.2757581
-282.1017664
-279.6415009
-279.1349876
-284.3591831
-284.980017
-279.1718977
-286.2382519
-285.9331973
-285.6258885
-285.2619135
-284.606265
-283.954665
-284.1277995
-288.235158
-284.7533565
-283.3574951
-281.7750214
-284.1954923
-284.1790815
-284.2116394
-282.810957
-282.5233076
-282.3612694
-284.5084252
-283.9441871
-284.2032607
-283.9512367
-287.6019521
-281.0380414
-287.0033355
-286.2826275
-286.4459782
-284.4404865
-282.6187204
-283.0621234
-282.0549503
-280.3652591
-283.5387848
-285.4003331
-284.4600161
-290.3289896
-284.2689817
-279.8568
-283.0128713
-285.291366
-279.3280819
-282.9696008
-284.3258824
-285.8175229
-285.5080568
-286.0150639
-284.1695153
-286.238763
-281.0319368
-282.6932475
-280.9418374
-281.929638
-283.9995079
-286.5218029
-281.040018
-282.1943809
-285.3848974
-285.746115
-288.0845198
-283.0828204
-283.3423095
-286.2495135
-284.6833485
-288.0957146
-282.3713591
-282.2890665
-287.9218399
-283.7419564
-283.959438
-281.3054992
-280.0809506
-286.8732173
-282.6024986
-281.9083425
-283.7965031
-280.0861534
-284.2408612
-283.069845
-284.6958679
-282.6611272
-285.3300206
-284.192364
-284.5907951
-281.756409
-285.6005539
-282.1795226
-284.7982718
-282.4743814
-282.492042
-283.6598044
-287.1334886
-285.6823095
-284.7970095
-283.4631311
-288.6247388
-284.4547136
-281.6936422
-286.285692
-283.4496398
-282.106746
-288.5185095
-279.7533232
-284.0443193
-284.4560498
-284.936139
-285.770736
-288.2624839
-278.014146
-283.1895165
-283.9384905
-286.9908889
-284.4942615
-281.6123753
-282.8467631
-283.6244771
-285.7571786
-283.7632631
-280.2627124
-287.0317129
-286.2057607
-285.6498469
-280.7280259
-284.4470213
-285.6910853
-283.7975295
-286.7417711
-282.6752764
-280.9152443
-281.611089
-283.1729932
-284.2738005
-281.6485575
-286.4218909
-281.4782145
-285.4238565
-283.46745
-282.2361634
-287.9878965
-280.7765539
-281.2686908
-284.1071527
-281.3008114
-285.9958627
-282.7334962
-281.8212761
-283.2947216
-283.2731261
-284.5330425
-284.5226092
-285.562122
-282.5848991
-283.9730227
-289.557168
-281.2521026
-281.2909245
-280.7484199
-284.6643698
-282.267303
-287.2392101
-286.6776199
-287.9080759
-284.8971165
-283.8490984
-284.7402533
-285.2213299
-286.2996439
-285.3024746
-278.2027526
-284.121165
-283.0166888
-283.9054538
-282.7314851
-285.3276881
-285.6703346
-282.1379651
-282.222687
-282.1945271
-284.0650811
-283.2615904
-286.2788081
-289.3018717
-282.9446944
-285.4793749
-286.6115816
-285.2953395
-283.7042933
-283.428978
-283.513938
-286.6446004
-286.3615103
-285.7703111
-283.0240657
-282.0056738
-286.4385244
-279.301281
-284.5341019
-284.0676544
-281.0513798
-284.534442
-284.561976
-279.6359254
-284.9198171
-286.417113
-284.86509
-282.106539
-287.8595048
-287.2177177
-281.4041861
-287.3468494
-287.4012446
-284.4399375
-283.4175341
-285.0367433
-282.4050259
-286.6202025
-282.2948846
-287.785605
-285.2618835
-286.4784161
-288.0219833
-281.1475256
-283.5001804
-287.489115
-284.1221479
-286.6115355
-282.5469026
-284.0436874
-281.1380974
-283.7740399
-283.9898284
-278.3211015
-282.8691383
-284.9740331
-284.6107837
-283.6655895
-282.4001197
-287.067246
-284.7552862
-288.036828
-282.5795888
-287.1451916
-287.0173099
-281.4900769
-278.8029915
-280.9820479
-286.7503695
-280.0106201
-284.2644551
-283.6652606
-284.9409649
-287.6982559
-284.9705205
-285.718797
-287.7432626
-287.2135118
-283.9208696
-282.1711736
-285.2426471
-285.0439294
-284.157069
-283.5011663
-284.4168491
-286.5099116
-281.2985036
-285.9650498
-283.8712826
-284.2763426
-283.8744495
-283.7539819
-280.8639128
-287.5759789
-283.018515
-286.9017664
-288.3279637
-278.7734426
-282.3809407
-283.0537785
-280.4195621
-281.5896116
-281.495649
-285.9855619
-283.6466723
-287.3633783
-286.8156465
-280.7905009
-281.2404866
-284.6896361
-281.1644441
-285.7537665
-283.7461699
-278.4364312
-285.0420915
-282.0098497
-282.171675
-284.704431
-282.0978067
-284.0068159
-285.2911418
-284.1325365
-283.0513838
-283.4443972
-284.587797
-281.2778951
-283.4060648
-285.1691321
-287.064585
-284.1084698
-279.8850604
-285.1517389
-282.9690611
-286.26939
-278.3574514
-285.2375209
-287.4708926
-284.4592676
-286.5445012
-285.1071409
-279.5532566
-283.5841717
-282.8529131
-284.7395464
-283.2478282
-279.6938513
-283.5689231
-285.6668764
-285.300486
-280.7422988
-287.3616551
-285.4194952
-283.2495761
-284.6607086
-282.8024122
-277.7606096
-284.3308586
-281.3313799
-284.3962144
-282.604704
-285.0635899
-280.7272298
-285.246792
-282.8361146
-285.265212
-281.8826347
-284.8097362
-283.6362443
-284.6146586
-283.6326128
-289.0015601
-285.5940352
-283.9672275
-285.0237184
-287.1325061
-281.2998926
-283.895628
-281.2359514
-283.7795768
-281.6620849
-286.4322296
-281.9992283
-283.2907042
-285.5660055
-283.4400139
-286.3636511
-286.238052
-285.6532463
-283.1158012
-281.8981088
-279.3012345
-283.0558354
-280.3727389
-285.8136064
-284.2218184
-282.0530156
-284.9247593
-286.5770149
-282.746388
-281.8060335
-286.0904543
-285.7504238
-284.7140044
-280.9150984
-285.9359479
-285.7154741
-285.3399664
-285.7275203
-283.8138221
-277.8037995
-281.0971365
-283.1161245
-287.6018381
-285.0864926
-283.3867526
-283.5167104
-283.0609552
-283.8705904
-285.5546707
-283.3136111
-284.6548729
-282.4854874
-282.7928205
-283.4158253
-280.4706289
-281.0540573
-285.3535256
-282.8996197
-281.0976566
-285.6065374
-281.2813823
-282.0999664
-281.291727
-283.6258702
-284.0335253
-282.5903951
-280.5531683
-287.2785649
-285.0175133
-286.8086201
-283.9913025
-280.722948
-283.5368805
-283.8652504
-287.3138933
-278.6294824
-286.8030262
-283.0901306
-285.2971639
-281.4437415
-284.2018785
-283.6000628
-284.2259775
-282.3858352
-284.051298
-281.0347838
-282.0143464
-283.217769
-285.8513831
-290.1310402
-285.8642314
-285.2023676
-286.4138224
-285.6734085
-285.1520554
-286.2327532
-291.041409
-281.2852466
-283.8108806
-284.3966336
-281.1295976
-281.9430094
-281.1946714
-281.9667101
-284.9124742
-280.8888026
-284.4097868
-280.8691882
-283.4841214
-284.2556479
-284.3782669
-287.7700343
-278.839512
-281.1932794
-281.7580823
-281.5071049
-284.8913955
-288.474063
-287.3619533
-285.2228978
-281.5169119
-284.9821459
-283.7674088
-285.242241
-280.4025232
-282.059091
-281.8120208
-284.9617001
-283.730022
-285.0184871
-284.6231445
-280.949868
-282.4439599
-285.5113136
-282.3033997
-284.8212949
-282.121326
-286.8301969
-284.026083
-284.8542004
-281.6925799
-284.0676746
-284.913105
-285.9374696
-283.6638203
-282.743223
-284.2141943
-279.0926812
-287.4663551
-283.9225575
-282.6486971
-288.0954131
-283.1001019
-282.4530045
-289.1346855
-285.0552907
-283.8510157
-287.4964642
-283.1710417
-284.1917306
-286.0201144
-283.873389
-281.4767516
-284.4987727
-285.2056834
-282.5430195
-281.3086376
-283.1415623
-285.123987
-283.4336051
-280.1796469
-281.7154042
-285.5017965
-283.1083931
-283.8117443
-282.3943796
-285.4832029
-286.8876503
-288.3096165
-283.0919993
-285.6997894
-288.075528
-285.162828
-283.6179686
-286.4414618
-282.3452704
-281.7779325
-283.8218197
-284.2135702
-283.4938905
-284.9802319
-283.0204275
-283.386591
-284.1164816
-285.5474081
-283.8017779
-286.0215413
-285.2575088
-282.9359126
-281.5845326
-280.6468001
-285.6635543
-282.5978573
-283.4714419
-285.0618142
-284.6777813
-286.6472438
-282.1906297
-284.7357461
-286.9655284
-288.523713
-286.057194
-283.9450519
-284.4980284
-279.2080838
-283.0546493
-284.9876632
-286.3695191
-283.6256738
-284.464338
-285.4011491
-280.9536304
-284.1653126
-282.7317049
-287.0117104
-283.8894394
-280.5283815
-286.9678133
-276.4148497
-283.4389841
-282.6200752
-285.8324629
-286.1915951
-283.0512577
-291.2130645
-279.3408315
-285.1294762
-281.7004027
-284.8598089
-282.2147764
-283.9689056
-285.3126551
-282.4561598
-282.910266
-288.3411994
-286.3517224
-283.3003271
-282.3877661
-286.0592036
-284.1173055
-283.0307891
-287.4385459
-284.0181664
-281.7862271
-286.844874
-283.823019
-283.2887936
-287.1914062
-284.8617881
-281.6221984
-285.5851725
-286.404654
-286.7666392
-285.2667949
-283.056306
-283.3928812
-283.2514286
-281.6936486
-285.967602
-284.0440031
-287.6857196
-284.4029595
-281.7026745
-284.6039929
-279.60903
-283.199418
-282.4768301
-285.8778788
-283.6912312
-284.1261131
-282.2213198
-286.6739617
-286.8626332
-283.3144939
-283.6102943
-281.4560749
-287.7990105
-279.5682082
-282.8550116
-286.4627711
-286.9140821
-285.3340732
-282.4854975
-280.8929138
-283.3515757
-283.9450481
-281.9476613
-287.5399864
-284.7250283
-280.2957184
-286.3029998
-287.5852969
-284.3938987
-283.1584508
-282.9852967
-283.3836904
-282.5424742
-283.1550446
-286.8137497
-282.4252448
-287.56008
-282.933039
-284.326173
-286.3795324
-284.8022021
-284.3241446
-281.4693795
-283.6941791
-283.1838585
-285.486822
-281.0402134
-288.6812936
-285.4152262
-284.8803041
-283.8578737
