-930.269817
-515.396295
-174.8726911
-71.72822466
-348.7522892
-22.02053252
-219.6944553
-582.3217018
-71.76180509
-10.11031551
-327.9049174
-1756.619197
-458.1359992
-104.7969592
-1967.637124
-1919.362338
-417.6412608
-352.2330493
-279.8720144
-1073.319779
-511.6706284
-7424.710346
-2563.253384
-416.8727807
-178.4109192
-526.2880491
-404.4794094
-2025.949467
-2129.885581
-435.6201849
-76.8482726
-172.4374799
-907.4794659
-155.37155
-1505.480922
-779.7409918
-182.1781585
-192.5728935
-215.4239828
-2237.603369
-128.2363585
-537.5092873
-270.236586
-940.0913156
-764.6929586
-175.9345937
-561.0410726
-1931.080627
-570.3843711
-120.4352496
-100.3157218
-609.0787151
-6096.686544
-458.9338644
-686.0143738
-20895.55435
-3754.728325
-132.7338805
-57.07942282
-240.7542483
-595.8311715
-715.685647
-118.4906183
-23.1647504
-142.7190172
-239.9449733
-77.16868338
-221.5575519
-158.382967
-205.4039096
-138.2935666
-676.03474
-318.8295635
-3314.605176
-269.8669968
-5296.247039
-219.4686761
-144.7717906
-111.7533522
-2229.678539
-230.1613485
-12829.60324
-4469.629621
-446.7086883
-92.5452133
-223.5206026
-121.3530932
-597.272288
-411.2017876
-673.7896975
-2555.884032
-572.5483728
-988.0326647
-2169.242237
-1993.723693
-53.69058956
-49.11813214
-86.90878823
-387.3019658
-144.6936267
-318.3414393
-385.4335099
-1214.948172
-335.6031613
-336.672092
-179.5695573
-343.7540277
-66.50852465
-134.6514945
-6968.272693
-81.10011963
-105.3948881
-189.4792275
-2052.255499
-126.9865491
-532.2765706
-249.6909152
-183.9936744
-123.1912494
-26337.66847
-24861.24896
-297.0263364
-1321.992426
-391.7061363
-158.4784446
-122.4854168
-56.5223837
-743.0342915
-66.66573285
-85.03727771
-269.0204725
-527.6439717
-467.7882895
-83.87292177
-790.9767143
-136.6322975
-40.2892418
-338.5713502
-62.82825859
-508.123003
-12253.76447
-7154.146906
-417.8170024
-399.0653268
-449.5103059
-3571.326815
-412.1346222
-176.483046
-465.5727396
-60.94624821
-514.7316109
-128.4307871
-517.0798742
-806.6330078
-971.0024486
-146.3379826
-271.3031336
-109.4274784
-710.1487138
-1347.632378
-1071.623272
-145.8500012
-551.665309
-1039.25896
-82.88814313
-36.77022345
-87.30898764
-193.8880744
-227.0665277
-38.07357775
-95.22978777
-137.2269556
-1621.469873
-221.7228972
-48.10292196
-71.33706796
-224.6589011
-508.8007985
-1805.673167
-879.365558
-416.4646649
-604.2282318
-104.2971586
-1058.495224
-167.6215409
-63.13258566
-159.193566
-111.2463668
-64.61128132
-2375.652426
-218.1352465
-364.7543714
-2396.404903
-296.9363381
-101.4406135
-170.7313532
-557.9486514
-90.49103744
-80.34729837
-4771.007623
-99.12822024
-8.684975458
-185.8639971
-523.1401302
-128.268044
-12887.39409
-593.3700824
-1002.241193
-1453.315171
-1496.568814
-394.3700527
-1697.131075
-3547.726192
-64.40970535
-216.5576276
-39.78952951
-306.6855807
-1567.508749
-529.2657592
-49.99365409
-78.57361145
-1893.421748
-781.5994843
-232.6808093
-469.852747
-303.9623229
-783.7545454
-110.8023304
-1210.75837
-64.73683251
-137.3784413
-847.2475021
-319.8146387
-46.5936541
-3215.230942
-864.6605047
-336.3005452
-323.4304137
-285.0679684
-2237.732291
-367.1026947
-1343.310672
-134.3407246
-2334.343604
-31.66245231
-1499.319098
-1031.526549
-1672.840729
-607.2709228
-422.4247502
-319.2386058
-108.2255406
-305.5698961
-34.48576926
-106.0979937
-546.0704759
-1611.084533
-450.2811891
-26.6316738
-233.8094951
-141.1359289
-447.0549619
-539.1728624
-3715.006212
-196.4566578
-501.9404859
-682.6112699
-262.9027665
-86.03352251
-955.4387739
-152.4785406
-3083.730919
-584.3238187
-291.4885474
-3948.920343
-72.81828045
-271.3129533
-699.8629361
-681.1428134
-603.2584132
-159.3559923
-579.3257251
-64.48932335
-122.3585598
-230.4983786
-3735.37935
-435.3467956
-748.224853
-140.1032882
-197.327576
-717.7298812
-13610.79411
-14.07081022
-644.6717202
-132.5548006
-705.4432226
-34.7451914
-130.3972205
-253.4938664
-432.1344133
-682.4449311
-11230.8266
-184.7693023
-81.76449632
-362.0090502
-226.3034034
-227.1279682
-586.2739601
-452.615405
-1154.391896
-291.1510252
-356.3267083
-1790.204285
-1616.068449
-1215.723817
-1986.978428
-396.8283529
-419.3353446
-446.829386
-279.562783
-494.2388603
-201.062679
-2801.392798
-231.8073445
-3490.834574
-289.3253904
-335.4020663
-276.356625
-242.9568892
-254.1943671
-149.3126474
-507.826788
-329.6608297
-1858.556743
-109.4277972
-2390.881781
-121.3603161
-1620.291959
-34.01367425
-571.9201835
-217.3309405
-105.6653476
-183.6189929
-123.9383116
-939.6858367
-140.8669434
-747.7242588
-82.36609707
-350.8446364
-203.862231
-458.4356087
-966.261833
-775.3792511
-81.16578803
-282.1084374
-101.6260057
-7658.566287
-662.4618024
-239.8747143
-277.2069478
-123.8356841
-23.39057513
-239.8522856
-1326.813373
-309.7276163
-108.2424929
-2630.729357
-319.336335
-357.927038
-518.5292765
-944.7651093
-997.8838031
-668.7838455
-6015.157423
-185.7263512
-302.3465223
-21.12877812
-19.52436495
-4578.492151
-309.9205155
-1727.598666
-2695.431803
-956.5311665
-61.3180755
-16186.78488
-304.5293735
-45.73490564
-158.3119799
-114.569423
-368.6760401
-926.0199832
-484.931616
-208.3842396
-663.3258195
-138.9637539
-1887.190545
-203.5307824
-1113.920409
-9455.12841
-3798.330613
-475.4177425
-384.7218209
-83.16672243
-1990.651586
-51.62637486
-800.0047127
-588.2231217
-18324.66316
-293.5835169
-552.2276529
-366.6400864
-56.12438606
-1331.907423
-469.8429218
-50.48874568
-1250.809148
-2874.558375
-1099.459892
-1472.857728
-92.63671091
-370.5400662
-195.6713675
-402.2559831
-2455.439486
-220.8537231
-1602.391382
-505.1028435
-227.4290757
-272.3005026
-278.7664886
-93.72404067
-174.9204128
-191.1351861
-361.1813353
-231.6098292
-287.0340512
-189.9394545
-820.6593611
-2671.678576
-336.7756204
-4973.331491
-72.22768276
-159.1525417
-136.3140208
-116.7121035
-163.6286027
-2472.605798
-865.794672
-19.07359792
-121.9322099
-1286.153324
-324.8496622
-95.66254976
-313.5142162
-2765.213051
-118.8626213
-3497.013998
-21.9145332
-259.612596
-5312.522079
-218.0688515
-5494.141128
-1125.699384
-121.0381737
-173.3598912
-994.6860792
-282.2065353
-232.737408
-8197.705674
-1251.450403
-33.25523318
-257.5913806
-398.4998718
-724.4767074
-339.0917093
-24.06623243
-418.6589403
-1117.466567
-727.0667336
-49.23438398
-137.6692714
-146.8104867
-3893.348255
-17.35039909
-73.86110937
-202.3764124
-1741.185412
-281.8917689
-134.4351179
-4524.454557
-237.1672113
-405.1922406
-232.0610297
-92.10381259
-44.2904195
-1376.07194
-597.7639253
-196.0293768
-106.078632
-324.6793471
-74.78169438
-50.30754615
-18.34162033
-268.5220369
-107.3374892
-291.3204111
-502.3926229
-256.8075026
-425.9973319
-1395.565249
-131.4855481
-255.5667051
-3804.990139
-278.3025777
-2621.940919
-56.32394068
-72.46559844
-305.2986087
-2383.141077
-635.2374895
-389.0247176
-1414.82919
-249.0118269
-4487.289705
-716.4169476
-567.7841353
-271.9408004
-107.9432047
-142.0047757
-1164.268794
-191.4998759
-621.8065572
-1983.383648
-225.753415
-73.04017416
-417.8173076
-973.408282
-366.4163729
-7078.037762
-405.8782696
-6293.846755
-13.90056337
-4666.382782
-399.3932462
-428.3640422
-2339.324584
-1097.203461
-1738.587376
-2967.430156
-1087.01466
-98.98042107
-313.1236777
-299.0083303
-121.8828771
-37718.51082
-74.87172756
-955.4116578
-142.3582227
-1448.334073
-630.8732251
-6030.641367
-1177.531826
-669.1992422
-74.04585159
-139.1429774
-173.4654526
-693.9396282
-395.4485023
-640.6699557
-743.2512923
-161.3017881
-3352.656824
-96.03047597
-344.8098332
-666.4343751
-780.8436043
-125.3267877
-109.0362708
-1240.106886
-180.6399319
-1171.985259
-748.2017861
-96.99384702
-2145.777356
-770.1326894
-260.7372192
-595.3329935
-91.1117059
-124.0800236
-11.98830414
-542.3799155
-48.97277619
-75.27147201
-180.9647419
-129.6895535
-2498.021201
-328.6491569
-4904.139558
-59.63348063
-1152.029463
-74.11420818
-561.4920059
-4441.190796
-173.860636
-368.0396347
-509.878492
-464.7096771
-30.47220035
-33.80685603
-413.257699
-38.30471959
-671.8164762
-199.44219
-61.10601389
-23.85241542
-341.2593011
-60.93637407
-7165.851702
-857.7170481
-115.2578675
-147.0692601
-9.870077145
-2032.439987
-65.37731294
-89.61557324
-155.5239983
-82.16387958
-185.185542
-227.5947463
-27.39249631
-243.8502528
-740.3994756
-176.4423004
-381.7978148
-3875.06798
-116.8973982
-255.9040597
-868.0558599
-229.5049995
-718.1703891
-309.5670264
-5871.876868
-177.4537342
-944.0028727
-352.0942794
-153.5344205
-248.2887113
-390.3682877
-463.9288103
-835.9811785
-58.95999367
-85.27530608
-161.959887
-121.5513271
-266.4465736
-551.8653946
-429.6620939
-145.2911071
-123.2224826
-176.1645923
-50.21974121
-35.18441745
-372.8435613
-198.7111259
-143.7006157
-130.1523564
-332.0455546
-2226.538344
-421.3279199
-121.2412158
-168.2721934
-42645.4443
-99.84616322
-34.54598802
-342.0252267
-46.40142498
-7839.273056
-84.64014693
-472.90367
-144.831885
-62.58809991
-96.66596771
-770.8459209
-159.8281493
-781.1808577
-662.4937774
-565.6994892
-117.8441499
-103.2600147
-409.8229491
-1346.124579
-45.7226125
-1939.777478
-78.45453253
-32.59418313
-97.39534712
-354.7928201
-638.2353086
-1595.664951
-139.5301183
-539.6929826
-13009.1908
-343.4600823
-15.32011719
-248.3841701
-263.6786047
-332.9032057
-386.1405512
-476.7592257
-366.3422755
-65.06227635
-481.7813106
-453.8128612
-7528.57256
-7102.067671
-1662.861459
-1088.219461
-642.7790037
-88.77821116
-37.44702307
-634.7057169
-43.09822867
-471.5680714
-76.44010555
-413.0110501
-49203.37836
-31.40642652
-1128.304034
-234.8368521
-308.507156
-1449.371658
-124.8509285
-400.4676399
-503.5247878
-350.2834794
-283.8460576
-3211.430487
-3127.570628
-172.0306652
-15961.82289
-94.1810859
-714.8984482
-1744.862226
-15717.63856
-134.7778842
-541.8942246
-493.8678623
-230.7629384
-838.3034962
-613.4212945
-71.63763724
-761.8853007
-1258.571654
-634.7287339
-1377.595899
-185.3979966
-69.46696088
-345.9694128
-168.1792794
-10.82908267
-687.3927949
-459.8014284
-5283.95071
-480.010246
-635.6812625
-1056.447684
-269.4793129
-71.8689854
-171.8111834
-1522.194617
-141.6075567
-32.61397687
-616.2806425
-141.7727139
-327.0880332
-25.79612663
-311.0700856
-394.8173785
-775.9313009
-2477.892415
-223.8653167
-4440.132558
-155.3919536
-3637.857571
-1069.500757
-552.0019957
-680.0908647
-199.3404053
-1723.273863
-306.3099304
-468.1766106
-194.4656111
-33.67706852
-7.745328543
-944.5213467
-49.89929383
-70.66154282
-83.95883716
-452.3272518
-5420.689418
-162.9093862
-534.7554832
-505.1597679
-29.83567015
-22070.32797
-85.70482267
-94.24349724
-321.2071871
-612.0160364
-56.54231723
-271.3461931
-52.09068335
-152.0771079
-229.0022384
-7289.808797
-61.1881537
-304.1568957
-23.36049607
-333.6431765
-30.32478394
-124.093448
-3812.81019
-145.1991761
-165.7230937
-612.3985516
-105.992886
-341.0119731
-190.6744843
-67.60685196
-660.88637
-58.22922775
-2851.057321
-1035.381088
-56.84877274
-2146.418586
-342.050194
-194.5507791
-203.9472118
-70.04254657
-581.929662
-743.6862353
-10948.8794
-319.8178955
-339.0838789
-49.59248012
-550.1653635
-368.259016
-42.82799319
-2391.991568
-696.1105944
-5286.788677
-90.64945444
-903.3962508
-354.8892958
-439.0515139
-2812.747835
-218.2102741
-2550.706117
-175.5241007
-1641.513828
-25.26413138
-101.2170387
-73.0534195
-99.50589214
-2178.320157
-334.8452358
-2590.627323
-2891.974069
-67.88395107
-203.7099435
-382.9173648
-407.7489568
-560.167679
-746.5754283
-1567.018375
-16187.4901
-1131.168405
-418.1736984
-1172.940131
-646.8200821
-63.85611514
-368.4720524
-914.1397958
-49.8804155
-58.11550274
-714.3687303
-139.1503413
-1177.248546
-252.7504471
-1125.566789
-493.5139555
-72.70768983
-153.7412957
-109.7169283
-322.6387154
-2676.716285
-393.2821077
-81.91395376
-482.1546237
-1377.963157
-2162.507333
-151.546126
-239.9280729
-30.69871725
-17.76668562
-768.9210301
-785.018803
-77.95684831
-3326.209794
-169.4883242
-104.9531101
-481.0785375
-196.3305775
-11610.59124
-6685.726969
-265.9403544
-283.6041703
-788.7086603
-618.5722174
-169.1051109
-368.9468721
-490.8590201
-1813.685342
-200.2945722
-4393.704903
-414.1659684
-32.51788875
-42.07700131
-74.76196331
-3564.763031
-76.5636832
-100.7764776
-2682.176768
-1108.522931
-3774.16884
-3595.584329
-211.8940768
-390.728889
-1335.354133
-1283.971481
-962.9403155
-68.79872245
-113.127953
-905.2873397
-18153.03402
-218.4344244
-139.1396493
-440.3876999
-396.4486051
-100.5102198
-46.2966697
-68.6374474
-12711.70281
-578.2316961
-412.2576485
-619.5397972
-222.9747545
-34.37185208
-303.6179043
-130.9514548
-462.0674065
-6643.596077
-107.8787502
-195.9026592
-315.5154904
-669.2715549
-520.4276604
-1642.934514
-191.2678429
-111.2549686
-158.4102483
-394.1038433
-154.9124334
-332.9174667
-105.5100211
-3010.491574
-1015.355578
-380.8839478
-2137.760487
-3552.465678
-2744.79945
-55.13630899
-1105.335201
-466.8904662
-132.9023766
-569.0138947
-2118.095584
-228.1485363
-4236.406024
-97.87856931
-344.1830472
-1368.509945
-251.1306979
-708.7483978
-363.8440911
-743.6890001
-137.7681549
-646.3654816
-686.2191446
-300.5106327
-38.10670777
-655.6064235
-416.7258011
-963.5989794
-753.8119386
-93.54373075
-247.9785964
-327.1896356
-660.5516317
-2834.267439
-78.93981072
-154.2879889
-642.5687597
-51.04589606
-372.019543
-134.4174165
-131.2051713
-123.3882515
-116.2512714
-1350.466354
-528.8551918
-5376.193255
-114.4710971
-556.7447397
-11485.06305
-813.1663618
-214.2771822
-453.8794998
-1983.663911
-67.45829078
-555.0920718
-330.5075569
-257.983248
-219.3803723
-249.4833758
-1393.767059
-155.2311625
-297.2165539
-82.15744253
-23666.68044
-2322.605658
-7853.457679
-74759.22031
-1293.1375
-199.8735261
-169.8681723
-662.7068949
-52.18789849
-1445.277677
-1067.569395
-476.8213606
-249.5266131
-161.7426311
-654.4528333
-373.2342573
-345.3939937
-164.1196958
-247.6686084
-528.8285551
-238.1828881
-90.24066672
-191.2311939
-117.1687811
-521765.2685
-89.41968085
-205.8660242
-135.9192644
-914.5815092
-20.08769247
-271.0416187
-328.5013498
-52.74013564
-142.9748273
-87.09423665
-405.096617
-650.8831602
-315.1666257
-78.39708894
-296.3268646
-1754.533725
-36.70547212
-263.55456
-24.85630597
-367.3988044
-230.4275687
-168.1044157
-2034.817914
-401.5710399
-1675.779212
-650.684283
-156.1014885
-2876.059815
-41.33317893
-3604.258118
-406.5609893
-130.2832851
-599.4899578
-367.1610846
-296.9675019
-84.32259655
-1548.395899
-149.4277598
-136.0412436
-323.7606129
-202.8964641
-208.8903186
-68.05137216
-1714.842533
-110.3101025
-380.1078792
-588.8451502
-4002.669348
-1469.394351
-59.83285458
-1971.152384
-418.5495389
-146.726125
-1742.166054
-93.79650826
-508.6510489
-359.8869671
-116.0590644
-28.08382527
-468.9279509
-314.4533471
-538.1403568
-114.4285555
-821.9478364
-1109.95712
-347.1816446
-95.98562432
-148.0280285
-169.4789735
-137.2124431
-35.50665357
-834.8107169
-269.5621515
-40.99218768
-148.7687917
-1691.256966
-1784.541222
-471.8150318
-64.6574689
-1490.699624
-361.1605359
-134.5415585
-358.0227427
-1843.098811
-109.0029157
-7348.618249
-135.4704248
-4675.787182
-300.9183281
-146.5363044
-16.28166709
-580.7716191
-413.4166342
-619.8770838
-37.97110697
-219.6678649
-2393.586877
-92.51907792
-596.4312657
-80.71190275
-61.58495936
-321.8221103
-72.91742398
-1174.992815
-547.1715197
-571.361106
-18.21512365
-21.92727161
-4368.189126
-267.5984077
-155.1283041
-123.5964555
-91.25317675
-8999.278452
-2718.537339
-1177.486826
-35.26191563
-398.3312119
-1034.211961
-404.1923836
-1885.330216
-389.5401108
-495.862378
-2585.312864
-1918.62077
-127.8510063
-141.8743803
-1644.205528
-58.66858742
-6505.506419
-386.5421352
-2641.296986
-233.3181995
-101.4105735
-198.2751789
-283.6412426
-58.57123857
-29.32292877
-32.54901119
-200.3502637
-375.3887052
-125.60839
-168.4906047
-1173.047557
-2883.325321
-44.00131506
-265.078511
-485.6273464
-616.3435137
-86.6339245
-643.7454071
-21.05984835
-175.522274
-146.8786788
-694.2617333
-190.654961
-5313.79985
-4162.473835
-344.0223467
-468.1040226
-2889.945687
-123.1671154
-7204.852041
-29.92961152
-1246.288406
-909.912278
-413.0496893
-88.65005523
-2910.063161
-794.235424
-204.2897424
-591.2480017
-453.4908465
-878.3579084
-414.1205041
-678.1924901
-165.2767146
-25.74654772
-1295959.227
-250.3152729
-162.299933
-51.98394694
-396.3032221
-96.18916326
-119.5969256
-1224.728052
-1363.394442
-173.0359339
-356.406558
-649.0405368
-286.4714283
-386.8577609
-108.0374688
-72.52755121
-173.5025127
-31.86969831
-5962.595231
-247.8598809
-449.6653572
-44.40289114
-594.7764614
-322.3322192
-199.3663717
-444.5552146
-919.5380649
-237.659002
-517.165455
-3000.60178
-92.32779873
-73.69441816
-2939.757043
-4711.506818
-29.05952228
-318.3076981
-1505.424245
-303.5985611
-488.6141171
-857.0335995
-34.66345113
-357.3795488
-938.5180873
-133.2979847
-137.064446
-634.2384894
-251.1969837
-527.2804756
-299.398508
-2763.594736
-309.3582064
-224.5736867
-240.7255641
-64.86717365
-395.712428
-891.5641635
-377.7220064
-291.7971196
-455.1934704
-276.6902871
-242.1360093
-490.7575274
-335.8730855
-1236.641693
-157.1093589
-283.0503882
-281.8314984
-330.6600687
-121.4747028
-1423.889498
-29.09206474
-525.9280311
-33.81999616
-565.3219002
-615.7375804
-147.892492
-348.4298897
-49.08494364
-26.66042635
-615.1502954
-246.0708883
-54.66590238
-202.329853
-387.9711752
-222.2493982
-48.99525172
-69.70889684
-2662.789208
-13925.38458
-856.5387447
-240.2377326
-21354.54716
-127.740171
-546.3001369
-6167.271545
-4288.851804
-80.82537406
-61.1003406
-298.3463675
-276.8826923
-915.2716619
-3312.553907
-4439.637252
-759.5316134
-32.76035131
-250.9611921
-359.2890617
-6668.020616
-4222.031164
-293.1146999
-115.9531513
-116.6516785
-265.8384371
-699.8728671
-2667.29706
-2867.41984
-15.10698279
-1270.693821
-155.9754265
-177.8221738
-842.5427646
-146.7159813
-556.2138181
-743.7591274
-414.209658
-47.98106693
-112.5135929
-587.5521194
-747.7484877
-379.4647638
-258.6382978
-264.8598025
-307.0095131
-11833.34747
-1719.655136
-226.1048177
-183.8356808
-161.3952918
-2420.313251
-153.2622179
-115.5154716
-477.9278278
-47.56969562
-15.42242063
-161.1598916
-24.98797507
-159.916062
-50.94402814
-71.64394676
-864.5382663
-116.5106227
-269.8804625
-166.9119135
-710.4281582
-38.22167299
-217.8468603
-811.5762155
-168.8930381
-154.6072933
-93.82150724
-543.7668382
-105.9512636
-84.32184212
-73.90041172
-176.8591466
-43.46546127
-7.902852345
-482.6997827
-130.3109563
-2576.597004
-1810.943663
-22.97450346
-104.0880951
-443.4984489
-143.3202124
-339.1237059
-27.65160237
-1193.621568
-7041.75883
-29246.75017
-203.4568217
-16871.85146
-110.1974865
-892.6922822
-2892.593749
