-2436.737617
-2367.940365
-2321.114415
-2300.411738
-2314.8987
-2306.296905
-2286.409148
-2304.253672
-2300.92659
-2326.465148
-2303.905725
-2305.373753
-2325.593948
-2365.84158
-2298.48798
-2294.691915
-2302.22829
-2308.35078
-2293.994378
-2290.683623
-2307.545047
-2345.12337
-2301.538492
-2274.888818
-2317.604145
-2292.678037
-2326.88856
-2301.433875
-2294.375295
-2270.502322
-2307.250095
-2330.265847
-2322.337838
-2299.266863
-2309.994308
-2308.560525
-2303.734702
-2311.657508
-2301.36648
-2350.889205
-2345.82216
-2310.714083
-2338.638345
-2329.884608
-2307.18399
-2334.36168
-2305.182232
-2278.616707
-2295.964275
-2313.081953
-2290.255837
-2307.56613
-2327.201527
-2332.482863
-2325.305153
-2328.938115
-2364.055223
-2287.6143
-2310.777683
-2311.773023
-2349.049222
-2284.57812
-2315.62875
-2320.323563
-2294.827747
-2322.452287
-2347.800892
-2338.79697
-2328.610358
-2339.663782
-2281.956233
-2296.638952
-2288.361915
-2311.844925
-2332.422068
-2345.335695
-2336.196713
-2343.409042
-2305.292955
-2328.566265
-2316.94707
-2365.180882
-2321.196105
-2331.30867
-2326.095262
-2338.4238
-2282.525558
-2328.739477
-2325.1974
-2265.735547
-2313.741577
-2297.258708
-2318.273805
-2326.651245
-2319.771795
-2321.103855
-2337.924105
-2329.6869
-2319.853643
-2333.906467
-2284.973318
-2321.929837
-2336.608335
-2305.480335
-2307.312008
-2320.382138
-2303.66253
-2283.16911
-2291.305807
-2301.70884
-2299.640873
-2298.758783
-2292.930803
-2317.897635
-2299.341458
-2319.561607
-2314.751445
-2269.610437
-2319.507825
-2336.377515
-2320.439902
-2269.616895
-2322.921383
-2343.538665
-2321.556668
-2286.83754
-2318.584035
-2275.267478
-2304.2268
-2323.110262
-2306.843452
-2333.524792
-2306.71806
-2341.642133
-2304.348608
-2309.246775
-2307.292845
-2292.355523
-2319.552398
-2296.84488
-2290.938015
-2347.634663
-2350.297185
-2337.156083
-2340.192503
-2321.0709
-2283.530108
-2294.076577
-2329.502415
-2339.92626
-2355.316133
-2349.794865
-2323.80123
-2327.680058
-2351.144377
-2310.791078
-2349.503145
-2330.320403
-2327.48565
-2330.958428
-2308.902285
-2343.289875
-2339.494628
-2374.981508
-2342.299147
-2309.465782
-2320.06236
-2303.52234
-2285.9901
-2308.65936
-2329.48269
-2345.811218
-2311.259152
-2280.925192
-2303.148675
-2294.393843
-2318.989088
-2309.497455
-2295.595627
-2329.860323
-2318.301908
-2334.57204
-2311.195357
-2331.470287
-2309.276482
-2310.765682
-2331.3927
-2303.954032
-2334.059115
-2325.935693
-2307.305048
-2338.892565
-2339.383702
-2337.757222
-2305.527982
-2311.356225
-2310.9102
-2339.203957
-2327.970495
-2313.592035
-2292.000742
-2315.54835
-2343.27678
-2372.354618
-2344.532925
-2299.837635
-2294.105272
-2304.174158
-2303.736945
-2323.78869
-2299.83723
-2318.367442
-2275.345972
-2318.157488
-2330.269598
-2290.73256
-2313.382163
-2326.555612
-2347.495447
-2346.774353
-2297.541488
-2299.037377
-2285.06034
-2290.410217
-2330.569695
-2310.176295
-2296.75074
-2297.83143
-2316.50433
-2307.286222
-2365.208468
-2283.315143
-2280.4383
-2307.262912
-2310.24993
-2293.311585
-2276.357655
-2309.35299
-2290.49466
-2298.237045
-2347.188982
-2316.074062
-2307.763965
-2306.176065
-2305.243132
-2324.327685
-2306.495768
-2314.129057
-2306.788312
-2301.841627
-2324.537032
-2325.019515
-2322.358635
-2301.536325
-2363.733367
-2330.502495
-2316.686122
-2303.815395
-2333.464448
-2315.489805
-2305.029068
-2299.045672
-2300.516887
-2286.198008
-2297.368005
-2335.512435
-2352.482895
-2321.89779
-2319.150668
-2350.098983
-2321.219782
-2329.878802
-2311.625318
-2318.011028
-2303.674792
-2335.71831
-2282.697637
-2337.690352
-2331.373155
-2300.573542
-2311.77933
-2305.833105
-2312.913277
-2347.34436
-2315.715135
-2334.342825
-2339.550345
-2321.120917
-2325.328388
-2331.804848
-2327.994465
-2309.90043
-2317.314368
-2295.883935
-2295.411765
-2287.830998
-2330.071928
-2319.170828
-2305.208925
-2302.224975
-2302.830045
-2341.10064
-2299.492102
-2309.189212
-2309.108183
-2382.377768
-2332.066583
-2325.280575
-2307.00069
-2304.506955
-2333.56302
-2283.662003
-2301.762367
-2318.66886
-2340.780195
-2330.506012
-2283.874815
-2305.161195
-2350.09647
-2329.177793
-2304.380633
-2292.73002
-2302.41507
-2303.694937
-2331.682028
-2328.895042
-2306.448877
-2343.429075
-2307.73647
-2329.652865
-2331.270465
-2283.77256
-2341.241318
-2348.372737
-2361.432495
-2341.796235
-2300.642723
-2313.634477
-2318.166743
-2317.673708
-2325.97107
-2283.759757
-2301.838732
-2277.387157
-2266.88052
-2284.196542
-2296.75785
-2307.987277
-2314.874115
-2359.22763
-2333.7948
-2323.16478
-2271.169005
-2307.083198
-2310.29403
-2303.300587
-2292.80826
-2271.610552
-2293.357777
-2317.742708
-2294.89725
-2307.769328
-2345.847098
-2308.400257
-2332.266788
-2286.70674
-2303.200028
-2322.951323
-2301.446415
-2306.29527
-2298.461565
-2299.821562
-2315.948122
-2327.019945
-2309.72541
-2319.91833
-2296.662435
-2297.424217
-2317.29291
-2314.343122
-2295.35823
-2345.066572
-2319.91104
-2324.378888
-2334.07329
-2335.41858
-2311.430408
-2312.324962
-2315.086162
-2334.46725
-2317.809008
-2326.615793
-2283.295845
-2297.48403
-2363.905335
-2352.084563
-2297.55333
-2291.004885
-2326.190595
-2303.81325
-2309.31696
-2322.319695
-2308.109647
-2339.338335
-2325.428798
-2346.365407
-2309.096505
-2296.796115
-2326.37781
-2300.825543
-2295.774645
-2314.606995
-2336.751615
-2337.03024
-2291.17848
-2324.282872
-2308.613993
-2284.436595
-2287.305465
-2294.783355
-2280.613965
-2305.727685
-2346.767903
-2356.589707
-2293.009875
-2286.76725
-2312.090745
-2327.013615
-2324.931225
-2346.611827
-2318.152402
-2288.98437
-2335.055745
-2342.802015
-2308.24251
-2318.444557
-2328.290737
-2308.739625
-2304.231517
-2312.895435
-2291.117468
-2319.165577
-2281.580603
-2295.837382
-2301.824242
-2314.43943
-2324.31117
-2339.727908
-2342.906603
-2330.76993
-2325.129922
-2315.079907
-2349.296063
-2295.79191
-2289.127035
-2309.545463
-2276.612025
-2293.341908
-2285.928533
-2291.316517
-2280.078263
-2280.194205
-2288.450078
-2317.831672
-2342.70267
-2318.532967
-2321.07684
-2332.673535
-2355.08247
-2288.357243
-2308.485727
-2324.444257
-2318.470208
-2308.612507
-2311.211333
-2300.529788
-2303.69265
-2339.431837
-2287.049685
-2300.800935
-2298.4281
-2363.545808
-2328.597337
-2296.909402
-2288.56128
-2265.17175
-2294.367668
-2347.256362
-2337.996892
-2366.471692
-2307.816765
-2323.064228
-2315.841465
-2300.08536
-2318.699018
-2339.113478
-2368.610325
-2321.562952
-2322.26394
-2316.586447
-2285.772495
-2275.096748
-2310.859583
-2326.02624
-2315.962237
-2283.61419
-2326.68471
-2350.97166
-2346.0804
-2308.526385
-2313.199103
-2292.591533
-2304.272685
-2317.729838
-2324.840962
-2279.798115
-2273.479905
-2286.872212
-2321.726295
-2305.101338
-2304.203048
-2306.912903
-2340.217665
-2346.928013
-2271.013087
-2285.219092
-2331.20613
-2324.76051
-2312.344283
-2365.104458
-2330.633453
-2301.993353
-2331.849668
-2285.121068
-2324.09154
-2346.99072
-2292.623198
-2286.86145
-2312.42352
-2297.565128
-2344.05831
-2321.364495
-2305.929585
-2347.500255
-2343.218295
-2314.637752
-2351.689583
-2282.358683
-2312.399678
-2295.99678
-2319.496178
-2318.360857
-2315.80707
-2299.527442
-2297.511202
-2299.150793
-2318.316563
-2320.201095
-2336.98254
-2317.060237
-2306.487892
-2319.092085
-2310.196905
-2300.09925
-2346.07728
-2334.967762
-2342.5728
-2320.03218
-2333.57223
-2362.252222
-2302.176862
-2306.306362
-2303.424105
-2296.770675
-2320.44135
-2329.937752
-2303.41071
-2322.434055
-2329.460573
-2281.991452
-2272.71804
-2300.062658
-2292.610958
-2300.79522
-2311.687777
-2312.440245
-2324.488245
-2317.50759
-2348.080005
-2305.776548
-2326.038855
-2306.084888
-2309.598998
-2343.366105
-2302.600342
-2325.688973
-2300.209162
-2332.481557
-2335.80654
-2319.741593
-2285.784825
-2314.094602
-2303.17083
-2361.804668
-2282.051557
-2268.363067
-2311.919715
-2327.223795
-2299.915485
-2292.207473
-2322.47898
-2276.999947
-2279.2764
-2312.26509
-2328.143445
-2329.576628
-2295.372075
-2313.083422
-2336.22057
-2295.57435
-2298.10242
-2307.45165
-2296.116367
-2287.454618
-2304.955748
-2317.99596
-2329.410735
-2293.728675
-2291.101898
-2326.90074
-2316.316522
-2317.701045
-2330.456573
-2305.724273
-2302.300755
-2340.925493
-2332.148932
-2327.788448
-2318.999145
-2324.74866
-2313.80316
-2309.353312
-2317.064078
-2309.97981
-2309.050313
-2305.341037
-2291.679668
-2300.274112
-2336.523855
-2336.450063
-2333.839373
-2314.349895
-2285.23926
-2322.26121
-2345.000295
-2313.456787
-2304.244132
-2282.749043
-2292.11427
-2355.940942
-2337.850507
-2311.858598
-2309.98371
-2332.624702
-2297.09022
-2278.071188
-2306.822265
-2309.46051
-2304.49029
-2326.80432
-2352.111397
-2341.950375
-2344.113653
-2328.565312
-2340.669765
-2332.519185
-2293.339928
-2323.900297
-2383.821428
-2301.88095
-2316.29733
-2291.280075
-2336.238998
-2300.15868
-2298.582795
-2302.105305
-2298.3405
-2341.13382
-2282.989305
-2327.414273
-2292.478657
-2293.811723
-2301.630435
-2282.980905
-2301.74193
-2338.476975
-2310.770092
-2349.048473
-2349.988552
-2308.921267
-2313.21966
-2314.031025
-2313.794535
-2299.852447
-2304.567487
-2277.866325
-2324.144633
-2348.196713
-2294.930145
-2293.436032
-2285.054288
-2302.195455
-2329.487558
-2309.09142
-2348.930415
-2314.033417
-2340.635835
-2309.400112
-2331.641453
-2321.33655
-2320.98897
-2298.27768
-2311.61271
-2313.782572
-2305.63605
-2282.81514
-2299.839232
-2317.42449
-2324.826315
-2311.420065
-2318.284523
-2314.97577
-2309.696235
-2310.548205
-2319.82662
-2306.980672
-2297.065927
-2320.330627
-2301.149932
-2318.628953
-2321.90943
-2317.77783
-2342.036167
-2315.411925
-2289.161325
-2299.784325
-2301.59643
-2331.282128
-2339.013698
-2305.92027
-2319.51519
-2322.300457
-2331.356752
-2344.128712
-2308.416503
-2294.529915
-2312.607367
-2313.14649
-2339.59677
-2334.59355
-2308.877835
-2286.265537
-2306.860245
-2308.717477
-2300.53473
-2300.5791
-2351.31447
-2302.94766
-2312.93205
-2334.605948
-2347.07973
-2325.611318
-2299.213575
-2323.464825
-2296.516913
-2318.16786
-2324.793
-2311.23405
-2317.37505
-2290.211543
-2307.314153
-2299.702552
-2307.712448
-2332.05663
-2282.673308
-2313.390217
-2339.33169
-2296.076797
-2285.280855
-2329.738725
-2317.732373
-2316.54213
-2306.119402
-2289.303517
-2281.894372
-2315.093827
-2322.924547
-2307.186735
-2280.866437
-2321.242185
-2325.747915
-2349.432945
-2331.176002
-2327.457592
-2295.628515
-2309.783932
-2315.874982
-2292.101505
-2332.945192
-2307.22812
-2300.367765
-2322.20724
-2336.83413
-2333.225302
-2311.72788
-2307.670725
-2332.66299
-2310.173985
-2327.531873
-2326.985385
-2297.012497
-2302.633583
-2325.791745
-2292.31617
-2337.000713
-2360.34465
-2330.426048
-2333.583712
-2331.427462
-2319.087713
-2343.504412
-2305.327267
-2285.226398
-2316.795555
-2271.78528
-2299.31418
-2311.305495
-2309.215402
-2325.276682
-2289.032198
-2310.52347
-2322.726053
-2347.267275
-2352.285203
-2316.367912
-2317.727415
-2349.50646
-2307.994875
-2308.152015
-2269.873253
-2300.804835
-2368.453808
-2349.466478
-2304.469995
-2320.088543
-2305.995803
-2328.51306
-2309.883067
-2313.482955
-2302.970565
-2312.1069
-2318.357303
-2338.277768
-2321.07498
-2338.673227
-2317.058445
-2320.981613
-2296.60128
-2294.95014
-2314.057162
-2375.70249
-2337.39765
-2314.397092
-2303.446943
-2337.489825
-2341.822995
-2303.678438
-2340.925943
-2337.020685
-2330.699093
-2326.22082
-2274.519923
-2329.525395
-2289.609345
-2300.255918
-2283.185985
-2303.027505
-2336.251943
-2323.123387
-2337.471472
-2376.069458
-2331.382193
-2279.956163
-2255.288408
-2280.072758
-2339.669737
-2306.8884
-2341.872803
-2324.081355
-2342.110875
-2316.397125
-2336.107815
-2336.601555
-2320.136033
-2308.361835
-2297.458725
-2254.697955
-2285.739503
-2293.971015
-2324.422185
-2330.631247
-2333.632665
-2339.716755
-2342.484525
-2305.047382
-2311.26093
-2328.123832
-2303.805008
-2323.627312
-2378.882768
-2335.311233
-2325.61074
-2320.535032
-2327.421833
-2288.909085
-2288.701935
-2305.502467
-2321.063715
-2347.06737
-2336.921085
-2284.470218
-2311.422255
-2336.473905
-2359.70775
-2317.708935
-2310.96153
-2308.051658
-2287.136055
-2332.695337
-2370.124815
-2329.64019
-2344.90125
-2316.985552
-2313.991935
-2330.209028
-2308.956247
-2333.317725
-2305.126905
-2323.80177
-2316.847267
-2289.636713
-2306.157165
-2297.170402
-2312.429512
-2334.460718
-2305.1619
-2310.309563
-2276.175308
-2330.88468
-2350.30437
-2313.995572
-2298.74835
-2306.343795
-2319.131048
-2297.179942
-2309.232675
-2306.722102
-2327.463578
-2265.422468
-2289.951112
-2304.386048
-2287.30506
-2314.391018
-2309.020327
-2280.953513
-2327.73831
-2311.698127
-2304.538838
-2334.994448
-2335.845548
-2338.677645
-2314.726477
-2334.412125
-2309.94081
-2316.36873
-2289.058373
-2323.53144
-2298.514148
-2362.78077
-2330.653455
-2302.272068
-2280.819458
-2311.964048
-2317.47903
-2323.135095
-2322.693075
-2292.694718
-2306.166075
-2274.66717
-2310.96816
-2293.555035
-2331.938325
-2326.281908
-2333.249145
-2303.351745
-2319.310373
-2296.807635
-2289.992723
-2333.132108
-2327.615078
-2315.273265
-2315.283353
-2332.218217
-2300.87826
-2320.461615
-2330.377957
-2319.009487
-2345.57322
-2318.817945
-2303.9514
-2344.596158
-2303.259233
-2313.83907
-2303.815718
-2291.845665
-2304.039278
-2319.14517
-2334.457072
-2278.302143
-2266.342448
-2328.710738
-2338.415722
-2315.938222
-2289.371483
-2274.325583
-2300.685472
-2303.012813
-2298.7539
-2292.313605
-2337.384292
-2296.766715
-2305.632593
-2313.695003
-2275.520873
-2308.723402
-2323.18572
-2322.36786
-2339.581372
-2321.126198
-2315.26248
-2307.64569
-2315.218642
-2291.286285
-2319.61074
-2316.993068
-2300.424765
-2319.718148
-2347.145768
-2312.193653
-2313.50916
-2285.806448
-2314.985265
-2325.969285
-2340.728865
-2322.060232
-2303.475232
-2333.549295
-2328.61608
-2319.073725
-2326.866832
-2310.0489
-2299.558432
-2299.92024
-2292.89856
-2315.203388
-2349.933937
-2329.080795
-2289.759765
-2297.225948
-2354.04999
-2308.760093
-2312.923822
-2315.82054
-2336.750242
-2330.908103
-2355.321127
-2304.88365
-2293.027237
-2296.599203
-2341.641187
-2312.098132
-2297.466667
-2318.78796
-2314.337835
-2338.87398
-2348.53923
-2315.16978
-2311.372583
-2309.316008
-2276.885063
-2322.574845
-2298.2193
-2334.674797
-2332.067632
-2350.931347
-2310.854355
-2299.419908
-2335.89861
-2310.010567
-2346.851235
-2312.60076
-2334.36627
-2325.434572
-2300.375933
-2313.794333
-2328.855803
-2304.11115
-2322.376822
-2276.415495
-2288.926583
-2317.539008
-2315.980957
-2328.736208
-2286.92133
-2340.73497
-2293.758623
-2272.823513
-2331.352515
-2297.311058
-2330.688615
-2343.350438
-2324.33484
-2313.08502
-2345.043262
-2299.47513
-2317.288252
-2320.83783
-2307.041842
-2310.512505
-2279.416297
-2304.85773
-2326.460235
-2332.5672
-2319.675915
-2291.14107
-2300.09391
-2284.440405
-2287.770742
-2325.504465
-2309.602687
-2339.09946
-2317.471507
-2317.422397
-2302.679565
-2319.027825
-2324.231003
-2357.234573
-2304.699195
-2319.59139
-2326.82697
-2306.42631
-2282.011283
-2283.113482
-2320.580115
-2315.869425
-2321.58147
-2305.238917
-2306.926125
-2327.25801
-2316.0621
-2319.71775
-2339.04711
-2305.616092
-2300.055638
-2298.91341
-2276.967105
-2299.207342
-2270.65086
-2288.70984
-2305.31034
-2348.992073
-2330.89398
-2327.129722
-2315.554703
-2313.692048
-2279.673375
-2349.77895
-2291.938185
-2288.30193
-2329.347525
-2288.868592
-2263.156838
-2313.733995
-2315.713635
-2322.59073
-2316.529455
-2307.054832
-2316.134933
-2302.501897
-2296.204253
-2305.404937
-2297.130428
-2314.21293
-2277.115005
-2283.941737
-2327.905927
-2350.518997
-2344.706602
-2354.759145
-2307.722355
-2339.372603
-2320.885905
-2316.654135
-2315.710973
-2292.826013
-2289.71931
-2301.990728
-2309.745405
-2319.79203
-2314.635008
-2286.960757
-2302.459335
-2350.06668
-2346.57141
-2318.186662
-2299.179262
-2300.37666
-2345.37612
-2315.71179
-2307.77925
-2310.195863
-2285.413042
-2323.771462
-2330.830478
-2348.910592
-2379.236318
-2357.280135
-2295.17481
-2309.67864
-2303.351497
-2319.77724
-2318.034938
-2310.020685
-2300.388173
-2317.991385
-2271.126225
-2318.068155
-2305.902922
-2337.132187
-2317.39623
-2335.195853
-2347.717778
-2285.804805
-2298.122632
-2305.446472
-2284.720748
-2299.685048
-2305.492515
-2331.859463
-2335.966792
-2337.890693
-2302.364257
-2347.68453
-2330.911957
-2339.76255
-2328.49194
-2326.92033
-2318.66325
-2316.823658
-2333.888955
-2291.327543
-2281.960725
-2312.80104
-2297.777205
-2304.929325
-2337.161408
-2322.624675
-2341.395413
-2302.010258
-2322.449677
-2294.636737
-2305.747537
-2285.313773
-2309.015632
-2314.21698
-2330.750595
-2263.268632
-2278.706933
-2308.866937
-2282.936738
-2327.105902
-2315.916435
-2349.417217
-2278.713892
-2285.940435
-2349.12414
-2305.72242
-2301.260587
-2279.86686
-2297.199953
-2295.354495
-2308.788202
-2345.591318
-2315.698583
-2335.924448
-2317.015365
-2343.19974
-2286.430695
-2317.4913
-2303.217375
-2315.926725
-2333.524035
-2280.437505
-2275.104548
-2308.545742
-2329.24824
-2330.100443
-2335.03359
-2317.820775
-2276.049585
-2331.387015
-2337.472785
-2344.334355
-2339.28474
-2303.97237
-2277.101535
-2299.429958
-2344.504687
-2326.358903
-2310.29379
-2282.697787
-2343.626363
-2293.093267
-2362.526063
-2353.86843
-2316.381667
-2308.558748
-2324.10012
-2325.978172
-2293.374855
-2329.461383
-2315.844465
-2281.08612
-2305.405853
-2336.339595
-2308.358798
-2288.48979
-2311.437915
-2341.46952
-2304.241147
-2297.100472
-2277.39843
-2292.647415
-2343.762277
-2327.623733
-2349.312502
-2327.380185
-2308.726455
-2321.147737
-2276.397682
-2272.82049
-2282.861888
-2296.6017
-2335.279042
-2327.76765
-2325.701858
-2286.95214
-2273.377988
-2296.226745
-2339.93025
-2316.31464
-2352.170475
-2295.26577
-2320.134518
-2270.104673
-2334.103395
-2284.53459
-2291.336423
-2323.409242
-2353.030807
-2325.400012
-2343.986122
-2331.980655
-2337.163612
-2284.82934
-2303.322352
-2308.438372
-2311.351215
-2271.321322
-2305.380187
-2326.338548
-2311.910475
-2329.76085
-2303.49027
-2314.836818
-2337.154702
-2295.81999
-2301.387165
-2309.755035
-2300.005395
-2311.882837
-2330.179132
-2287.101967
-2316.644917
-2304.321285
-2324.769728
-2334.105037
-2321.963558
-2314.48836
-2301.75138
-2312.249475
-2312.408438
-2291.793435
-2324.10942
-2294.196952
-2349.03642
-2296.110795
-2333.973608
-2311.074795
-2319.26514
-2312.101455
-2319.85713
-2320.67577
-2363.606392
-2358.053775
-2356.646985
-2332.319933
-2278.363725
-2291.947185
-2286.99495
-2291.069865
-2294.306655
-2317.435905
-2332.893915
-2310.146482
-2338.372058
-2333.480573
-2325.242295
-2319.658755
-2296.007138
-2316.108023
-2282.776755
-2313.935685
-2297.644305
-2312.294873
-2292.864885
-2283.808072
-2321.466015
-2311.240657
-2278.476863
-2299.713923
-2305.670857
-2313.97218
-2312.396235
-2331.62787
-2341.152938
-2278.549373
-2322.62793
-2317.31634
-2345.114002
-2361.74964
-2331.221002
-2307.65511
-2327.328832
-2317.833878
-2290.171065
-2284.050367
-2297.920215
-2320.233645
-2349.004957
-2311.722848
-2263.52259
-2315.024017
-2309.750872
-2298.028252
-2301.764775
-2326.949865
-2256.146985
-2317.338015
-2320.510613
-2297.511945
-2333.278928
-2302.008563
-2313.041528
-2366.38167
-2317.073333
-2332.360988
-2296.268535
-2310.845145
-2320.308878
-2282.978385
-2287.324485
-2291.89866
-2275.166572
-2297.186985
-2306.564805
-2336.286525
-2262.911565
-2311.023203
-2318.942678
-2315.572718
-2261.332575
-2285.059958
-2338.86645
-2329.822485
-2336.533013
-2378.70828
-2327.212072
-2294.679773
-2302.8624
-2292.929363
-2318.31432
-2306.925653
-2276.949878
-2297.058465
-2344.784303
-2325.372563
-2349.080333
-2307.623558
-2346.59937
-2287.856835
-2309.092387
-2291.404972
-2314.109588
-2312.902117
-2305.146637
-2297.32617
-2325.444278
-2288.044853
-2343.443378
-2323.58751
-2295.564195
-2333.043885
-2345.444992
-2311.445805
-2318.768213
-2313.54078
-2317.716075
-2323.788022
-2299.756418
-2302.63752
-2305.156327
-2300.486805
-2335.069792
-2350.350037
-2330.417498
-2355.157755
-2333.931285
-2334.405848
-2309.340465
-2368.053862
-2343.26937
-2317.705882
-2296.199602
-2358.16362
-2320.151535
-2315.97798
-2303.90217
-2302.023697
-2302.24782
-2291.685772
-2350.371075
-2317.521067
-2323.084335
-2305.172948
-2285.340345
-2297.075385
-2304.67908
-2342.61987
-2339.70387
-2342.896185
-2308.08864
-2305.318073
-2315.84607
-2325.783135
-2332.280415
-2301.656055
-2303.86569
-2299.029983
-2292.496065
-2310.396907
-2279.64285
-2330.811585
-2303.42505
-2316.491197
-2353.938233
-2310.632055
-2312.070015
-2311.20291
-2279.324108
-2295.585773
-2334.891735
-2315.113012
-2291.25171
-2298.177975
-2334.540713
-2319.887558
-2320.485622
-2329.566172
-2279.602403
-2290.480913
-2294.81019
-2280.686932
-2322.984195
-2326.535182
-2306.014185
-2266.549365
-2260.347188
-2324.290042
-2322.11175
-2319.36756
-2261.667968
-2329.279942
-2295.403522
-2338.016025
-2293.10121
-2315.60565
-2285.964225
-2320.292775
-2294.019675
-2294.2143
-2288.20041
-2286.42189
-2302.54107
-2332.53201
-2324.288617
-2328.944325
-2301.518415
-2334.792495
-2352.014753
-2364.642052
-2304.081172
-2310.80403
-2356.93395
-2315.29617
-2317.6623
-2329.752232
-2318.671882
-2348.058922
-2329.770667
-2312.104732
-2305.312522
-2293.167435
-2298.200618
-2303.519055
-2354.287822
-2332.55175
-2331.413707
-2284.103475
-2337.676717
-2334.962588
-2301.416152
-2329.38318
-2315.859458
-2311.338315
-2317.337115
-2325.10902
-2305.866428
-2317.62633
-2307.681007
-2314.486943
-2331.899498
-2333.610787
-2325.508395
-2351.31813
-2312.163495
-2264.176687
-2295.566745
-2338.6752
-2283.44877
-2318.64879
-2317.79436
-2320.462545
-2347.824352
-2293.010482
-2302.19034
-2308.764773
-2333.006063
-2298.026175
-2326.58769
-2284.504905
-2271.147608
-2313.896752
-2288.316967
-2316.579683
-2306.987527
-2299.292693
-2304.038955
-2306.890365
-2256.380745
-2292.490133
-2327.670532
-2295.893303
-2306.63433
-2298.39477
-2298.272092
-2327.214757
-2275.64067
-2317.98279
-2306.919217
-2325.99273
-2279.519723
-2313.500235
-2348.599523
-2303.671028
-2309.631015
-2307.31911
-2298.491415
-2279.379068
-2348.130075
-2338.544175
-2295.741127
-2335.41948
