-301.9269836
-0.01848599442
-0.1619917526
-1.713976494
-0.05226036399
-5.046031028
-7974.343514
-132.6643428
-0.7918214202
-5.468194841
-14.37908125
-0.1789493492
-0.04743364757
-0.3734747669
-2.881386573
-1.891559813
-0.6010192326
-7.599938942
-0.0103522648
-0.488795391
-0.03267401167
-1210.819897
-0.5383473215
-2.192865162
-0.01008816898
-0.31149705
-0.02672952955
-22.34337288
-0.307362025
-0.1062392197
-0.06494662986
-13.91846642
-0.1076159919
-1.310060482
-0.1938915763
-8.884388917
-15.13500614
-21.44027
-2.333754015
-0.472920103
-3.053484143
-0.1208909543
-0.6708762531
-0.3348362686
-0.257996261
-0.1402919369
-317.979945
-2.75701289
-164.6428838
-0.7194093619
-2.991408059
-103.5496152
-0.1170967219
-2.687267944
-9.857865515
-109.7225337
-9.901804393
-0.3596305528
-0.01638471834
-2.249649892
-0.1572042936
-72.9420435
-0.1169930511
-68.79553515
-0.2822156164
-3.123332766
-501.0302653
-8.472971821
-0.8507834855
-0.2447979346
-18.9708969
-3036.168117
-1.009412027
-0.535522735
-4.070706055
-18.11079497
-5.410152504
-5.963468747
-0.1816750294
-0.4685755073
-1.495432883
-0.612623313
-1.31800397
-0.07534671547
-0.009524909913
-1.269157314
-19.98781562
-0.008093915868
-0.031083666
-5.384010379
-4.305355343
-5.734370794
-4.013648727
-9.659804352
-0.4557916433
-0.647796919
-0.01242668473
-0.7714689795
-3.272799877
-65.9104899
-8.847848523
-0.8599891612
-48.61296059
-0.05747360746
-0.4038824643
-1.507606294
-0.3313854253
-2.592041128
-0.8893827612
-0.007586225018
-3.09047136
-18.47801022
-0.02338616431
-57.6634686
-199.716109
-0.3877401518
-0.0924639577
-35.88462648
-0.8783065771
-0.03143787423
-2.150798651
-0.1607234997
-632.9226715
-0.02169612709
-0.441435485
-2.787805521
-1.292348808
-7.116198995
-0.1721810789
-216.278201
-5.021764149
-0.3924476419
-0.1286278927
-11.25833807
-0.2976904311
-5.078252093
-10.09428512
-0.7571856507
-6.126626677
-0.05176100083
-0.3865525519
-0.2850690789
-32.63417749
-0.158085673
-0.0786023952
-0.3254847236
-0.008377648728
-0.8559074611
-0.14601831
-0.2751512709
-22.83469398
-1361.040776
-0.04541481543
-0.751264206
-10.62945541
-0.1709211696
-1.060125307
-0.1486368352
-0.295588774
-0.06533607511
-1.340216265
-8.748984961
-0.6179416979
-0.4237654386
-0.07574257347
-0.1206944019
-8.172773754
-153.3063343
-0.2456785978
-0.07301748256
-0.4068689753
-0.0237297659
-5.46626658
-0.5530003044
-2.589942105
-2.636598809
-2.045545284
-0.9933443014
-228.2050356
-0.586920685
-40.23474169
-95.63345328
-0.2952363361
-194.4628717
-3.814955615
-1.756285839
-0.1766882361
-0.8173173945
-13.06570413
-0.2062968293
-0.6293286619
-0.6718060318
-0.004824804789
-4.385478218
-20.14686688
-0.000346888269
-0.3826035692
-0.6529154533
-0.1500628172
-1.879715973
-0.2515507835
-0.03843184832
-0.01595513103
-1.54539183
-1.566942029
-0.09849349495
-0.1029809807
-2.206139047
-4.159305198
-1.77605036
-11.46718613
-2.015720518
-0.08496497161
-1.966306141
-0.1987561783
-3.304430212
-29.82000126
-0.02656171264
-3.48641114
-0.04756381796
-0.2810984952
-5.721311507
-1.412083168
-2.051870341
-7.575005978
-92.81645715
-0.5312434981
-6.606329204
-0.0691044396
-1.647195288
-0.9263532366
-676.1408069
-0.1066092766
-46.0000877
-3.171869249
-9.725398655
-0.05375104611
-9.77588349
-1.886491756
-58.5072163
-1.687421235
-0.02191799207
-4.909295265
-162.7355352
-0.07702308029
-62.63820342
-3.640082056
-4.163989571
-0.2347822982
-2.386229152
-0.447795252
-9.78658313
-4.156717621
-10.98126248
-0.2129263553
-0.01925191293
-0.7302242768
-0.2175188382
-0.9013982297
-0.3078735395
-0.02035890245
-0.1155270102
-319.0836851
-0.9387459797
-5.946541304
-4.27235388
-176.4159162
-0.03101708166
-769.1298795
-0.1939462443
-0.01405253423
-0.3190837297
-0.2107602006
-0.8070036665
-0.1913210431
-8.932018455
-2.295673066
-3.446262586
-33.85146969
-0.2436963927
-55.47038779
-0.3332356354
-0.1872484927
-0.5357052429
-0.5486338201
-11.67928457
-0.006952983325
-0.03746674781
-1.431287904
-31.29323723
-0.1923065803
-0.535229511
-0.256961604
-0.4738101049
-3.528413858
-0.1629839772
-1.082030296
-0.9409650759
-0.1171296029
-0.2075309448
-0.0664104867
-0.3105346488
-0.3606845129
-468.8093711
-2.015333909
-1.050522745
-26.56824712
-0.4462444498
-0.03780530643
-0.1868095431
-0.03910251496
-1.950158414
-0.03507888827
-7.697895051
-3.206311555
-133.7831022
-5.637126902
-17.30869586
-42487.0709
-0.4104609917
-0.02223609876
-2.293295113
-0.4144583437
-9.607424011
-17.12405892
-0.09632525702
-0.0736630365
-0.1890359396
-13.81565676
-6.115968324
-182.956923
-0.03683386764
-13.50096995
-53.43407509
-392.5135649
-0.0206435497
-0.1698100397
-3.992024907
-0.3594943079
-0.1481126433
-2.730193929
-27.08701136
-2714.060733
-3.573962725
-0.03995994215
-102.1685534
-0.11945155
-33.03943892
-0.3934661139
-0.01191292702
-0.3480934904
-0.05774578355
-0.7611937756
-341.2989076
-0.0494344277
-0.04151431655
-0.7017573096
-0.6393129937
-1.335850719
-0.01553313648
-8.179210569
-3.794603034
-0.5822727762
-0.02424754645
-0.1362457718
-3.949170834
-2.952461999
-2.285512839
-0.1688798859
-2.624011578
-0.409212057
-39485.36684
-0.1336182784
-0.09593593704
-23.16923689
-17.77343518
-0.7876892856
-154.3128216
-0.0448725868
-0.1594324122
-0.1965623754
-21.93152499
-0.04759780867
-0.1028113112
-0.02696251923
-1.23378458
-45.94146024
-1826.620554
-0.93127833
-0.3960989143
-0.2216193889
-0.2103837233
-0.8758240949
-0.5839647943
-3.074791482
-0.1307924205
-0.3329864475
-1.314350396
-0.5782445745
-1.530148364
-2.057173139
-25.29423289
-0.006009066868
-2.442434788
-141.3551649
-27.96451212
-0.7045029388
-13.99192651
-208.9355386
-0.5665195092
-0.1051827014
-0.2788544484
-0.1516999402
-0.08393757744
-235.9703814
-1.096363677
-0.1265852663
-1279.914931
-0.8114946325
-21.58646154
-19.75988312
-0.3298278304
-0.1672462428
-6.084392949
-3.454045898
-2.031577064
-264.0906085
-21124.75365
-0.9685821117
-1.302002241
-121.4594077
-0.6867354388
-0.521259066
-4.505356719
-0.009860443789
-1.417786528
-57.39879181
-0.2789456409
-1.070526985
-662.4174819
-0.1691479464
-3.38951552
-0.5639009756
-0.3252764656
-18.22713754
-56.66874613
-0.5201716376
-0.8384422867
-0.631463925
-1.933481712
-54.68318828
-1.281016286
-0.4006020862
-0.1033329922
-0.5005055817
-0.101729594
-10.39852518
-1.957355276
-0.002440460215
-1.333879894
-154.7465797
-0.04789294493
-0.1187495971
-11.9071148
-6.092583849
-0.03512552481
-0.342679756
-0.3459491146
-4.369174775
-0.01881156503
-0.3338762046
-2.683043714
-0.5403328212
-0.1031635304
-0.277160937
-3.14052422
-0.2180356862
-0.09412942216
-0.4021651434
-0.08165226038
-1.025426056
-16.12972056
-0.1344123854
-1.876146533
-0.03741175378
-0.007085794129
-3044.829766
-0.1537457803
-0.4164261118
-184.475178
-0.05135195224
-2.476325441
-0.1270150189
-7.364453977
-4.989614137
-0.7102447312
-5.667330539
-0.007646396508
-41.74233652
-8.478231127
-99.78011738
-1.758873852
-2.079338917
-144.5363862
-1.195957985
-0.003498834219
-0.2793329583
-7.68849619
-48.80057196
-42.74518335
-2.908483975
-5.246354601
-0.9250648933
-1.300324733
-0.4409571218
-74.66825164
-2.815952083
-0.3098368585
-108.8312642
-0.06139524885
-0.05969289426
-0.9472877635
-3.262807122
-0.05804421714
-2.732952748
-0.2452318617
-4.072946554
-0.3902844869
-0.1713977167
-4397.932715
-13.3872409
-0.02891995923
-0.00238822198
-411.582273
-0.6083734741
-42.26003698
-1.010091752
-0.1704972524
-3.174657794
-0.5865557848
-21.27821456
-0.104612211
-38.05652981
-90.62436312
-121.3959349
-0.3248994296
-0.5210763647
-6.826386655
-0.9416314137
-0.1282598179
-4.13753289
-2.440138188
-0.7718384994
-0.2019115656
-281971.9351
-0.5407069824
-12.92758838
-5.896220304
-0.1998835232
-0.460609988
-3.487861545
-147.5506618
-0.7517124099
-0.7168039517
-2.615924113
-5.781015628
-1.878138348
-0.7747686008
-0.2205204556
-399.1553772
-0.05268703934
-0.4093630279
-9.792783896
-0.06914573445
-0.09747168513
-1.12209367
-7.894072253
-0.4780371011
-4.96049814
-0.5525443698
-3.409728377
-0.02216933877
-0.5976164849
-67.89559705
-3.50043018
-1.844110187
-41.1146322
-0.1149983067
-0.0922644738
-0.2460131755
-0.3273875729
-0.05552700533
-0.1673403866
-4.115071629
-0.04790508201
-2.04115507
-793.0918186
-26.54156865
-5.584075916
-9.510362992
-0.1377862849
-0.2101299227
-0.6764502486
-5.676917653
-16.72675682
-5.490574949
-1.62363763
-3.455125474
-0.1345405187
-2.193445425
-2.0939482
-0.2423772286
-0.1952985699
-22.63768614
-0.8531215586
-4.30161905
-0.1282741468
-39.25963891
-0.5210135974
-0.01824315833
-5.145226648
-0.07917562717
-0.1804360785
-1.815070707
-4.195278812
-0.0349053848
-0.4601214984
-6.729134407
-0.3727790461
-31.92740202
-0.05020802018
-1.091380232
-29.83805243
-1.80930784
-0.1227272215
-0.6331188513
-4642.755102
-18.08332786
-354.8894899
-0.1375553818
-218.7235718
-10.76402525
-0.9807446229
-0.4400996088
-11.6958454
-3.273138491
-4.718515148
-2.174623787
-0.7442427964
-0.05543016936
-8.282922995
-0.2633719468
-18.99513139
-0.2159055909
-0.07915763519
-2.613938439
-0.6682220155
-19.10914419
-3.471422573
-187.1096484
-0.2059770332
-0.06288547184
-3.738198876
-0.1100994939
-169853.3678
-37.75648822
-56.26338768
-1.81845566
-0.09197505865
-0.1902602364
-62.47361572
-0.03778929438
-0.2338828451
-15.89661053
-83.23288874
-2.171059156
-0.06918729659
-0.2661339973
-1.53396959
-69.56252754
-1.3279281
-0.1083954065
-0.09524343651
-5.51356802
-0.6581460604
-0.0231380175
-0.3861007887
-0.3169481084
-0.2054977737
-0.1511365271
-0.0159464129
-519.0642524
-8.955131879
-22.28804985
-4.427879506
-0.4564739977
-0.4496781485
-0.0130466173
-10.61079368
-10.60076842
-3.910905435
-0.4949136887
-0.05005681864
-0.02770981432
-0.8024251807
-418.335001
-54.78482373
-0.9161180784
-30.44312087
-0.5422728538
-0.03012847813
-3.033845199
-0.3775591595
-1.06653962
-0.5216101226
-0.02954662883
-111.2816469
-27.58003264
-1.269592461
-294.2269297
-0.4546398661
-0.5874852636
-40.88140401
-0.2558781945
-3.743829388
-0.1249211291
-41.10351078
-0.1380672759
-94.28071304
-0.1613847956
-0.3692293015
-0.6191610682
-1141.824742
-0.6883273581
-0.1729910397
-5.848534444
