1 6.47783 5.34272
2 3.1411 2.0676
3 2.34178 1.44106
4 1.14557 0.248133
5 1.21636 0.280826
6 1.21263 0.207772
7 0.946168 0.0601986
8 0.934301 0.05202
9 0.970186 0.0426946
10 1.01275 0.0338216
11 0.981382 0.024418
12 0.993895 0.0182545
13 1 0
14 0.995281 0.0183563
15 0.997092 0.0246778
16 0.981558 0.0331713
17 0.972656 0.0368929
18 0.931631 0.0430141
19 0.949237 0.049562
20 1.09842 0.0814839
21 1.1138 0.140979
22 1.58875 0.403303
23 1.34164 0.258189
24 1.31442 0.323888
25 1.0741 0.246115
26 1.24369 0.29714
27 1.1383 0.236258
