156
264
56
150
116
113
324
0
86
168
238
34
136
245
291
82
289
180
76
87
258
105
324
143
279
117
341
66
269
61
9
5
257
292
236
295
309
284
8
15
339
7
10
191
196
182
144
37
188
31
245
7
37
157
67
277
288
109
305
169
229
254
59
308
46
224
218
254
39
53
225
150
246
256
50
120
93
326
48
164
120
221
207
70
16
325
167
305
249
342
123
50
214
12
157
339
310
218
67
160
153
37
139
189
87
234
159
272
91
70
128
91
193
236
62
289
18
330
203
325
64
62
315
269
108
203
21
55
103
109
200
75
218
239
4
338
199
90
82
204
140
95
312
31
228
110
37
288
24
219
37
340
318
175
116
219
337
336
57
39
247
322
139
335
153
162
147
1
254
27
102
145
149
96
64
181
277
161
201
280
129
156
214
233
273
152
96
71
308
21
129
116
153
95
1
129
193
122
346
283
23
102
343
263
280
84
52
4
205
263
347
151
71
196
305
321
176
276
72
59
318
337
9
132
47
198
186
250
289
47
226
17
105
254
273
229
102
40
183
145
337
335
190
222
159
9
312
323
324
220
141
167
220
135
88
128
65
53
93
144
244
238
155
187
238
154
79
54
339
265
86
184
167
292
56
107
295
287
276
129
304
72
112
94
45
56
177
117
72
303
123
310
329
323
8
143
155
224
109
323
303
87
185
78
327
20
108
99
101
51
321
346
99
191
216
174
33
24
210
72
286
314
327
99
31
172
160
152
258
172
19
284
247
128
191
97
201
131
244
268
134
273
168
281
314
8
11
301
51
309
47
303
334
126
36
265
283
111
168
124
35
328
309
202
191
301
55
163
239
59
228
129
228
174
72
2
349
257
327
115
64
275
247
294
343
216
121
72
253
300
328
2
76
272
326
125
146
183
205
62
174
207
135
224
346
322
244
168
215
67
51
65
132
38
137
346
264
141
303
157
145
204
71
81
125
92
18
214
161
313
252
71
35
63
183
36
242
312
197
347
99
200
294
107
306
301
132
71
10
61
315
31
270
10
156
40
193
299
204
328
81
305
196
75
10
254
9
35
88
164
89
3
298
125
153
49
76
12
241
59
331
125
312
4
347
244
171
244
267
164
333
45
206
170
56
299
153
4
163
0
111
234
342
312
257
320
298
336
323
99
184
110
227
244
133
163
58
242
73
91
301
269
158
36
80
266
227
312
78
55
296
31
188
286
256
324
28
298
98
343
238
235
121
287
267
61
248
96
158
242
250
235
229
307
306
52
97
313
128
81
302
36
336
91
73
245
40
340
88
55
171
245
129
13
221
203
346
13
131
252
335
69
6
310
344
13
183
165
245
217
333
346
242
201
90
200
19
63
196
306
270
46
331
164
55
42
138
242
218
208
81
296
89
52
98
203
126
246
343
38
206
181
183
105
127
181
68
158
247
61
28
135
335
310
58
262
295
342
28
184
45
120
307
33
110
202
85
89
296
344
244
184
291
304
109
325
125
77
154
8
42
325
303
255
229
137
238
343
32
52
56
5
60
24
172
3
149
347
42
308
110
163
179
132
259
133
206
195
318
249
129
250
100
266
121
293
23
338
23
193
24
52
70
270
207
99
6
187
177
180
293
54
114
204
261
324
84
185
43
252
132
193
320
51
300
68
268
205
10
102
148
8
11
148
236
279
310
39
158
249
14
147
193
94
161
95
275
116
227
75
29
313
35
272
250
28
317
122
181
153
6
69
273
325
197
47
136
40
147
25
340
154
60
95
84
167
168
338
145
45
241
318
160
142
86
68
156
123
285
321
325
117
101
131
144
250
23
90
167
252
222
123
279
181
238
25
204
49
152
273
238
168
152
131
168
155
110
112
144
332
259
262
25
288
347
273
133
199
269
277
222
155
88
114
222
142
208
319
195
155
332
79
82
299
155
49
325
296
308
316
13
143
158
294
79
260
195
336
339
308
246
49
315
56
137
24
48
120
174
153
98
132
254
86
154
39
156
127
163
268
179
77
334
310
156
57
195
348
268
269
262
165
262
238
142
151
221
346
338
230
74
62
48
194
289
101
221
248
265
177
70
27
282
194
53
28
99
180
24
324
169
308
67
252
159
154
255
295
346
67
48
172
119
78
333
138
80
57
81
230
135
37
39
103
223
10
276
245
320
319
310
18
255
306
138
77
99
88
295
221
256
188
53
23
263
169
309
40
131
249
21
114
105
73
94
325
293
105
333
218
348
216
316
340
183
165
10
269
336
315
326
83
147
282
80
39
292
46
346
131
59
250
62
16
272
177
75
16
141
175
114
206
69
103
291
50
347
203
188
147
249
225
183
325
241
230
178
295
115
112
41
66
57
80
161
73
147
191
270
212
345
103
155
243
114
106
315
264
146
243
71
90
298
82
153
42
103
245
60
71
215
183
107
337
160
275
263
241
116
65
136
47
217
125
345
285
97
241
170
126
342
333
220
253
143
286
278
280
126
306
88
219
219
263
312
91
117
62
57
94
325
153
342
7
143
228
332
320
236
334
80
228
125
125
94
283
200
332
3
120
132
23
283
253
64
224
129
236
346
183
172
327
291
155
218
260
43
66
127
179
179
145
46
137
311
150
95
277
142
95
117
106
317
288
127
317
262
108
149
188
226
332
172
111
301
290
318
117
87
319
204
138
135
237
81
286
82
199
122
262
202
225
122
20
79
106
61
143
238
195
6
61
71
137
210
281
102
247
22
188
157
254
57
75
237
26
57
324
149
206
261
172
119
301
198
175
181
239
100
4
278
166
287
151
143
273
208
155
219
111
31
91
236
327
190
216
327
186
218
316
290
181
126
75
100
84
140
263
48
53
84
2
50
101
229
24
287
18
233
260
21
120
229
163
203
195
143
58
38
38
199
317
214
116
206
100
338
17
197
268
331
219
74
243
8
76
246
326
184
315
331
237
168
268
287
4
251
44
195
136
282
34
23
26
328
347
301
150
282
256
76
188
95
144
68
308
175
255
170
219
159
26
72
214
184
56
326
44
27
91
326
228
151
328
279
310
134
21
180
234
258
103
91
177
278
182
211
256
170
259
196
18
188
237
130
206
127
42
254
334
118
34
0
171
184
263
147
20
173
29
119
88
51
232
100
132
172
293
285
341
277
133
288
69
258
278
239
280
120
120
9
29
216
87
193
115
340
349
349
94
284
226
36
167
187
202
50
192
172
228
131
221
308
22
218
162
170
257
348
208
90
174
194
78
20
243
36
218
58
159
248
130
145
71
172
294
0
73
254
150
282
243
17
63
25
255
281
160
154
329
30
77
73
272
205
43
47
307
62
77
172
53
96
129
148
238
284
116
62
333
243
310
93
257
212
214
250
93
34
249
322
36
199
242
53
277
30
180
132
213
116
236
255
22
130
307
29
313
205
93
224
14
142
80
268
97
249
304
128
260
180
53
325
97
259
262
195
207
243
32
52
93
142
7
251
190
118
335
140
11
242
213
223
34
143
25
318
306
27
82
94
130
8
57
246
227
151
272
270
170
33
79
103
330
227
41
33
277
186
270
159
27
272
314
189
75
328
101
336
285
239
75
183
321
81
97
148
282
288
14
250
80
298
272
298
291
154
258
55
39
119
104
80
133
180
75
298
167
271
62
42
326
121
51
41
13
119
348
267
170
271
67
135
115
121
227
34
103
100
299
172
41
2
173
269
161
226
348
272
98
67
111
134
28
28
267
38
87
298
319
142
134
238
65
270
119
59
344
212
226
178
243
10
3
56
133
227
331
243
120
8
192
266
306
27
126
62
111
75
283
349
337
239
284
256
33
49
339
84
43
240
282
272
86
349
18
39
1
282
292
307
137
347
84
289
333
206
217
268
53
6
134
88
82
322
101
61
311
227
239
233
239
68
263
94
314
274
6
216
242
340
274
288
180
43
125
193
90
290
193
134
53
13
339
325
181
209
39
73
320
77
194
311
137
18
349
64
341
112
111
345
229
32
91
283
345
94
163
84
56
326
313
2
86
125
239
222
6
281
321
110
101
281
191
322
274
287
113
23
136
179
172
342
235
199
302
171
293
230
292
316
317
191
163
280
98
208
12
105
117
332
191
133
79
118
310
183
287
60
39
270
176
189
10
137
119
169
126
158
126
51
6
193
225
41
41
239
169
105
83
137
61
117
39
135
92
345
181
84
25
253
222
134
29
211
108
271
342
43
157
303
133
224
194
331
171
183
104
179
320
198
12
278
314
65
98
320
333
91
22
176
41
103
277
152
198
53
158
345
342
234
214
29
221
49
327
29
241
115
70
176
38
210
171
248
167
189
320
31
221
23
169
124
57
45
286
124
287
106
315
302
42
289
170
123
140
82
92
231
237
141
292
258
100
259
45
1
83
130
226
323
187
288
230
249
15
287
312
36
239
224
172
304
325
18
19
70
245
258
212
56
318
258
150
292
92
317
57
179
215
10
339
272
30
85
195
90
91
92
33
284
338
317
243
314
198
227
165
50
189
287
93
310
325
229
21
215
177
24
309
252
237
108
11
325
243
342
311
206
253
17
172
191
48
95
243
223
39
180
150
329
339
191
237
298
143
180
325
68
151
306
56
66
284
30
161
146
331
75
13
131
176
58
171
143
60
98
187
238
80
185
309
274
155
219
217
259
145
205
301
182
58
234
212
104
78
183
120
346
222
174
235
257
126
84
21
208
283
150
46
212
28
225
313
75
345
260
95
21
147
160
318
126
32
84
61
296
50
286
284
67
322
212
55
241
103
212
261
14
61
184
211
245
130
67
176
111
286
158
88
88
120
110
173
8
120
28
345
53
12
206
29
293
105
309
335
7
44
46
42
331
120
283
188
172
147
123
73
236
16
276
280
121
232
71
56
41
182
338
61
207
327
247
285
240
294
274
25
144
233
122
249
211
228
293
149
296
170
148
84
228
166
52
158
46
312
306
26
95
233
171
20
52
19
231
35
265
186
294
284
317
336
123
158
52
266
321
140
178
20
239
50
264
124
218
132
132
95
218
23
108
254
228
174
33
186
248
306
171
294
161
25
234
223
340
39
34
128
171
288
60
233
156
265
318
137
232
192
218
180
40
329
295
214
326
224
266
50
283
324
44
239
196
268
34
87
292
296
239
203
300
272
38
119
162
288
128
94
202
188
154
230
227
131
71
59
93
130
304
262
270
149
84
323
341
34
319
330
225
96
338
157
277
222
270
180
170
48
65
278
162
14
38
4
295
39
50
328
324
20
106
69
143
44
140
65
248
176
105
333
69
212
330
176
225
330
266
157
308
229
27
143
202
126
297
231
186
47
287
155
258
156
16
76
64
46
158
176
143
159
47
229
298
20
23
61
114
122
330
240
306
230
338
95
165
196
298
54
215
53
44
343
254
332
328
40
181
158
268
199
4
115
331
333
96
340
110
114
184
189
146
143
16
47
85
233
59
120
88
16
141
56
298
258
248
176
61
24
102
271
114
165
6
69
168
64
66
184
21
186
327
226
122
119
346
258
189
230
7
244
263
65
274
20
315
62
52
122
147
223
339
320
287
259
69
229
10
274
61
273
176
330
52
158
285
147
223
170
111
192
286
276
244
155
130
302
347
12
324
132
346
23
86
20
61
324
43
3
211
1
152
60
279
59
168
81
172
107
168
340
297
105
76
266
116
295
251
59
228
112
54
116
184
50
305
211
347
268
28
258
151
43
32
157
294
319
64
307
250
217
267
309
305
283
119
14
330
158
327
290
190
243
6
277
329
64
1
267
321
31
0
172
306
14
321
149
16
258
298
174
135
10
210
90
320
30
185
129
69
188
85
186
311
330
130
15
280
251
81
317
303
63
103
239
211
209
27
286
47
61
191
252
345
61
129
24
131
25
149
10
315
103
176
110
319
348
35
58
252
27
208
50
197
25
279
56
243
76
215
342
54
137
110
230
186
200
305
3
4
212
197
291
348
100
223
206
262
133
181
252
12
171
137
214
261
345
238
296
119
148
42
13
84
165
284
107
185
246
143
104
197
68
268
261
107
238
304
107
107
176
116
80
90
307
190
307
244
112
52
249
295
241
84
1
176
109
249
342
343
0
264
312
277
338
132
309
253
48
115
251
183
168
84
113
191
41
166
279
275
183
327
115
83
186
277
39
121
149
17
147
126
187
163
330
89
310
16
150
324
44
196
327
244
291
270
80
184
147
226
25
79
345
179
267
9
44
250
287
266
349
84
133
68
24
228
124
277
11
141
335
64
323
205
335
161
343
93
201
292
324
203
92
36
287
250
323
185
242
47
131
35
40
33
175
122
69
151
74
92
69
180
223
91
16
211
56
250
181
345
182
113
324
221
319
309
60
124
216
121
148
94
235
191
224
146
207
130
301
316
10
218
300
188
43
55
10
27
70
327
287
80
163
45
312
254
108
207
242
286
114
289
72
59
160
60
264
72
16
61
349
271
263
289
323
103
105
289
5
136
3
116
235
214
244
270
141
329
161
71
307
229
94
36
112
305
348
133
316
41
247
108
168
195
175
105
287
168
56
147
340
50
241
41
272
307
234
66
279
176
315
88
23
47
272
31
197
240
318
34
31
174
152
46
271
22
224
331
49
79
63
287
248
65
48
263
118
205
80
206
142
50
166
244
76
319
111
307
285
105
78
220
104
207
45
210
51
62
15
29
258
163
344
210
139
287
164
290
12
180
89
43
243
10
168
16
97
25
31
341
295
216
190
67
105
142
188
99
269
331
55
320
51
142
48
119
76
286
80
263
166
23
284
4
305
65
30
268
241
300
214
130
262
166
286
154
26
92
327
198
121
294
103
270
29
115
65
20
314
12
30
192
324
290
48
12
27
259
344
194
166
69
241
55
25
186
256
148
44
286
188
333
273
231
76
257
12
252
335
54
281
214
257
292
92
176
148
108
190
236
267
56
116
120
318
341
201
260
132
51
127
115
5
136
239
105
56
244
0
3
304
260
47
97
251
306
222
205
76
22
79
44
89
120
92
303
91
47
16
168
306
341
93
59
173
108
12
265
194
3
114
9
226
232
9
305
93
277
44
234
271
285
324
273
176
162
56
333
281
93
1
123
8
334
251
137
188
126
139
145
57
183
150
214
274
231
293
331
81
8
58
0
113
260
271
20
102
259
293
56
173
307
280
195
240
159
203
205
217
195
116
40
206
299
63
55
202
122
278
87
71
286
295
182
146
310
286
194
257
270
332
71
236
16
244
302
146
183
173
112
124
200
45
71
25
115
252
16
237
32
222
296
296
169
174
259
145
72
241
277
229
212
222
51
134
170
59
243
250
94
320
0
343
295
8
181
222
81
106
3
87
213
106
114
144
306
52
198
195
16
124
145
214
94
195
95
36
144
136
130
6
47
34
345
37
282
316
316
233
290
275
154
252
243
164
212
73
334
341
137
196
160
290
115
248
99
257
242
275
252
222
332
52
80
46
239
199
130
234
176
57
346
150
10
281
231
180
46
304
137
107
291
6
315
31
140
345
302
231
295
57
96
151
236
67
269
349
39
7
169
224
8
1
236
304
176
122
15
240
259
154
158
236
60
49
107
265
49
243
169
197
22
190
23
116
51
285
116
242
28
161
161
170
74
197
281
26
192
338
5
197
201
165
109
2
330
19
36
161
50
261
241
5
218
152
331
5
347
31
96
299
295
166
205
178
224
281
258
223
28
276
76
28
298
32
273
47
279
86
158
36
276
197
152
166
39
149
201
261
285
315
105
50
19
328
117
308
37
188
37
229
246
179
309
261
212
170
190
236
267
158
5
79
141
14
214
28
139
174
224
252
6
170
61
321
317
331
334
193
152
345
9
300
276
244
315
325
244
338
281
258
117
342
89
252
338
158
65
144
43
2
280
31
349
193
105
328
261
283
338
142
2
122
301
344
35
243
226
229
189
308
279
74
341
296
7
301
67
186
48
124
344
166
95
272
45
208
246
210
214
115
295
331
173
178
320
248
16
247
90
141
142
15
37
166
178
142
209
40
130
312
306
280
229
37
69
265
328
347
164
308
41
127
298
188
196
7
170
180
210
314
85
16
163
231
321
334
96
20
209
98
7
216
342
206
178
142
308
73
344
334
271
98
173
314
336
238
152
182
308
328
7
70
152
95
160
163
157
13
247
243
87
185
318
320
203
250
286
33
118
167
191
206
325
328
27
291
182
157
68
298
272
7
25
287
256
26
98
203
325
85
151
2
314
7
278
90
314
337
329
84
64
235
246
240
335
164
217
280
309
41
321
297
28
203
254
132
180
290
319
114
12
271
228
255
236
185
124
3
42
243
349
342
182
98
349
142
100
68
110
55
228
2
233
196
142
111
309
306
118
114
22
4
261
148
52
276
242
30
228
270
222
178
30
72
42
51
340
33
77
263
152
74
172
111
323
232
215
169
167
108
193
42
197
18
4
105
25
90
7
246
82
240
342
152
121
25
307
48
327
0
52
84
20
276
316
325
171
37
150
280
69
33
193
118
259
216
268
186
176
286
239
33
171
198
264
219
218
38
292
295
121
51
328
16
30
180
60
94
99
188
168
89
329
66
250
222
120
208
233
85
222
349
328
340
15
32
171
94
250
152
166
323
214
184
47
21
168
101
48
15
25
16
279
70
29
115
279
157
111
153
259
42
111
322
123
122
217
210
183
215
42
74
82
173
180
15
159
331
20
124
114
235
151
22
225
105
157
255
222
266
259
170
267
56
147
96
287
268
169
276
332
22
132
150
172
159
115
188
193
259
298
295
246
266
292
58
249
156
22
204
72
284
22
58
192
116
255
29
20
196
26
200
23
176
310
14
72
315
122
153
177
147
158
135
89
236
96
99
171
26
66
3
27
282
169
150
179
24
131
116
189
124
298
219
8
0
274
189
125
98
122
76
274
21
9
294
346
53
26
298
259
152
82
87
283
212
315
3
156
270
30
249
23
83
222
58
263
194
236
26
216
161
213
108
93
213
63
322
164
284
24
144
240
230
334
176
227
195
104
97
11
176
314
91
4
210
24
56
2
78
177
160
307
84
98
4
4
263
209
316
312
329
122
183
340
201
180
306
336
258
297
278
3
61
288
313
310
162
145
98
208
218
333
28
105
329
176
217
165
230
273
91
87
221
203
183
104
329
63
120
92
230
157
144
19
174
37
303
201
81
255
130
175
192
267
332
108
181
322
292
271
37
267
143
316
228
303
184
25
175
106
206
163
82
174
140
206
179
212
268
288
132
110
338
164
187
234
228
76
278
91
305
106
345
307
175
318
65
172
93
33
255
177
197
214
86
269
204
223
195
312
53
259
120
132
313
281
9
49
166
9
284
106
208
312
345
138
211
130
199
22
149
122
305
328
3
99
270
110
215
214
3
115
248
265
218
248
122
307
249
275
215
3
122
324
111
76
75
203
266
326
119
7
215
87
248
111
284
4
69
149
100
302
215
275
112
70
210
235
144
255
235
229
38
184
113
204
31
72
177
150
323
131
114
130
231
244
269
343
61
219
233
5
171
111
226
21
199
88
23
79
111
32
163
216
132
10
265
158
128
23
38
305
284
69
24
112
297
17
310
13
98
199
339
100
35
157
293
191
155
214
38
161
238
36
172
197
147
34
311
15
260
208
189
9
1
120
290
252
284
189
60
273
161
140
150
90
28
240
48
335
17
323
21
170
74
129
23
0
132
335
218
176
94
235
6
177
345
223
81
38
5
343
52
220
28
90
78
41
200
47
233
95
5
191
107
31
269
77
331
3
215
102
227
322
302
9
275
97
128
194
300
226
193
96
330
215
287
241
186
237
95
35
293
158
136
20
272
251
130
2
122
130
316
134
331
266
107
100
4
226
211
296
297
6
60
253
38
231
88
144
142
218
290
326
65
15
127
266
194
195
168
177
285
15
302
57
222
264
69
44
32
69
258
346
276
273
224
9
11
144
284
331
129
96
149
128
329
267
71
296
16
29
330
284
335
23
329
66
233
9
19
327
204
236
251
16
286
131
266
345
135
52
153
295
284
7
341
90
196
27
232
273
324
15
8
347
273
270
179
112
149
313
201
107
231
215
18
50
311
258
120
313
321
39
138
34
8
328
349
315
120
343
323
53
39
127
22
283
77
282
268
349
211
11
12
13
268
57
220
335
158
120
286
50
96
165
34
335
10
280
185
217
96
297
297
67
253
67
297
94
120
59
57
218
175
189
71
39
263
80
341
166
212
341
198
125
293
50
19
64
264
131
186
318
177
24
47
309
289
207
113
51
267
249
150
318
244
186
212
195
219
64
40
249
4
19
135
245
255
167
244
5
86
62
269
188
293
310
110
342
243
324
47
232
165
226
293
77
345
230
20
308
189
232
174
14
121
42
143
274
193
283
266
303
309
133
256
39
83
125
60
339
177
83
265
173
62
96
23
253
332
293
114
274
143
19
82
136
85
342
17
286
259
213
239
60
323
213
196
94
136
113
256
266
113
262
290
304
275
214
290
39
9
24
335
176
203
84
237
130
57
134
328
257
99
329
64
328
34
189
77
109
273
297
85
347
182
48
93
109
12
110
171
265
110
294
257
98
163
130
152
4
298
303
92
196
135
128
348
67
255
143
44
315
256
177
134
311
273
323
293
2
145
196
93
203
286
95
305
177
114
190
308
71
105
347
171
263
191
107
313
83
110
332
115
190
174
290
341
332
150
324
341
81
153
241
99
305
106
53
170
98
151
291
100
81
290
27
144
273
234
216
269
313
62
291
35
250
178
320
154
313
329
288
318
297
133
63
8
108
250
82
27
173
76
329
152
220
276
227
232
276
143
194
344
86
345
220
22
44
33
211
318
294
278
32
333
72
45
337
107
210
234
94
233
216
12
136
100
36
74
195
291
110
339
21
160
225
179
262
35
216
227
175
279
161
28
197
80
144
216
106
179
144
83
160
281
192
133
340
106
53
212
339
27
194
236
257
141
249
68
273
275
210
172
297
53
249
193
196
48
133
280
274
68
331
325
335
1
31
258
59
32
132
51
183
26
315
340
167
245
9
38
6
247
335
297
245
198
66
183
319
265
264
216
93
78
44
246
32
93
322
251
258
143
274
37
167
150
66
35
28
237
106
123
258
316
190
343
213
210
197
52
316
56
288
238
303
71
143
337
177
220
55
179
72
181
220
346
317
9
261
125
36
253
323
211
142
190
264
244
172
163
41
152
201
339
349
94
94
143
96
171
306
332
80
150
278
0
114
330
277
176
297
179
102
30
106
112
63
223
69
235
311
18
234
114
0
125
201
200
122
162
288
337
239
301
303
68
114
343
163
6
162
151
59
145
118
235
332
303
319
42
299
305
232
192
171
223
206
142
241
283
293
309
126
55
48
108
301
226
77
218
93
55
180
309
64
105
152
278
271
182
178
301
178
278
267
24
211
18
306
20
336
232
68
119
96
209
309
180
62
109
277
9
91
79
31
102
46
189
296
329
288
108
281
316
312
265
70
143
224
260
231
303
24
28
248
250
265
332
34
36
97
150
344
151
193
77
62
253
91
98
274
321
154
313
183
217
230
68
144
206
85
309
190
97
50
85
344
305
107
82
197
223
154
15
40
233
102
299
125
182
121
193
248
171
269
58
305
337
108
87
280
192
318
160
306
23
244
198
316
138
25
71
327
66
320
296
92
142
333
347
205
110
247
147
147
196
301
293
92
164
309
331
1
1
332
275
139
151
289
80
21
269
161
335
125
61
298
98
50
335
320
39
156
71
33
108
187
322
319
46
116
170
267
182
133
318
263
160
305
289
161
36
194
52
72
279
98
44
341
237
301
92
296
199
307
195
78
303
159
74
93
17
223
341
276
243
334
234
91
149
314
71
250
205
160
259
258
278
34
207
340
234
94
299
254
59
336
337
80
176
166
137
53
306
288
80
228
141
12
320
229
195
307
61
194
343
209
280
171
107
196
80
193
179
115
341
27
289
299
147
319
202
154
311
187
262
267
44
161
199
126
195
240
140
119
155
240
206
338
157
245
338
224
47
303
1
237
59
165
136
165
297
92
186
283
32
342
246
140
248
45
287
238
218
244
38
127
228
210
287
190
230
291
12
267
178
258
28
224
293
78
279
112
21
75
339
80
46
122
14
245
27
127
197
339
248
37
23
306
1
75
194
215
250
288
77
68
125
319
266
306
120
158
277
218
1
287
70
275
240
255
95
223
308
240
133
328
289
127
232
281
269
65
313
158
304
168
25
59
254
325
258
266
117
277
240
197
245
187
20
133
201
292
189
55
262
88
73
313
45
37
255
106
59
59
252
319
130
141
265
198
196
107
75
336
52
216
23
306
28
76
192
241
303
334
157
189
241
345
16
220
307
313
102
217
38
312
209
26
334
259
292
74
256
228
211
312
16
201
170
90
68
258
257
137
41
137
201
105
46
27
106
244
303
168
286
292
76
320
131
105
300
341
114
136
212
184
252
236
256
347
140
80
279
28
193
44
135
78
0
115
223
44
142
68
83
317
328
148
333
158
224
306
249
23
219
84
184
227
65
149
130
52
53
126
29
149
56
96
217
152
330
193
313
26
31
314
20
209
275
54
338
0
20
216
315
20
165
158
119
15
249
170
209
201
230
39
60
333
219
168
162
92
185
135
198
321
303
302
56
0
149
37
79
106
291
113
78
334
249
269
245
105
219
97
21
205
90
343
70
113
130
256
269
201
93
54
157
197
4
144
32
3
48
193
327
70
51
259
269
165
76
103
218
70
189
315
143
27
24
215
317
49
291
18
18
148
121
12
262
202
341
190
60
343
104
31
334
103
340
209
341
333
217
210
139
169
103
39
311
241
249
24
314
78
132
38
105
39
315
203
270
17
66
25
249
71
182
60
230
108
349
79
232
36
49
62
280
103
264
165
175
264
310
107
147
90
36
37
133
197
140
39
309
326
277
144
326
251
249
130
29
131
277
80
134
60
129
195
273
178
311
165
13
337
87
7
121
220
211
290
303
188
326
180
175
153
13
56
50
90
256
319
303
343
144
282
106
159
35
121
257
99
337
220
94
286
153
129
313
178
279
229
79
290
98
163
140
339
235
56
175
14
169
85
290
231
99
31
64
169
208
214
153
248
151
215
41
156
109
147
7
186
210
36
47
165
32
17
316
255
214
214
230
329
281
99
349
320
220
88
85
140
130
90
31
296
122
126
17
261
214
235
53
96
92
277
94
15
138
146
31
331
220
57
35
3
50
39
184
258
7
343
266
257
23
152
113
332
116
74
143
340
290
209
9
260
162
214
227
1
323
164
286
273
43
170
43
31
209
192
50
112
340
83
175
314
344
26
285
323
98
191
46
163
333
116
339
349
303
313
126
259
86
213
195
1
184
37
146
45
163
15
314
195
213
307
28
286
273
11
203
148
258
65
270
2
213
247
37
195
141
33
203
298
334
308
152
154
307
187
128
313
70
120
299
253
172
337
273
185
140
213
296
20
325
168
199
273
168
47
164
157
334
129
349
128
31
265
102
291
162
322
70
232
197
55
161
75
166
349
112
293
241
263
142
299
257
65
75
74
227
199
247
299
75
325
185
126
9
45
334
81
213
291
145
273
80
269
7
140
105
41
197
73
242
169
28
95
95
342
33
249
260
253
148
245
133
95
66
90
280
175
154
141
295
310
319
96
180
78
307
177
134
282
235
5
66
233
92
306
279
334
200
156
194
210
172
76
264
125
219
103
23
230
104
251
63
173
39
228
296
182
312
296
273
55
181
112
261
196
150
289
222
185
33
295
170
44
123
48
91
153
116
170
159
91
184
195
342
289
75
0
85
96
286
298
251
319
78
191
99
305
80
300
87
11
169
44
267
233
235
273
72
344
4
313
340
29
235
112
96
6
123
245
96
140
28
212
330
264
148
66
313
330
267
308
121
84
323
40
122
271
193
267
60
141
5
122
269
243
51
341
191
277
181
34
141
210
338
260
202
61
105
308
156
191
333
123
266
42
255
317
189
291
323
38
24
208
172
156
159
227
37
340
190
54
10
14
90
259
327
116
283
182
134
212
20
155
314
37
278
58
168
329
316
182
296
141
158
72
128
6
94
240
163
323
44
100
247
32
314
159
257
55
330
261
239
44
141
293
2
293
62
44
90
147
307
267
204
125
285
86
0
296
260
346
315
128
334
117
144
318
278
10
187
308
291
346
325
120
298
243
336
15
259
205
279
96
333
76
345
274
219
92
142
338
122
290
39
152
223
31
107
223
142
280
279
194
260
44
83
151
344
153
143
120
72
134
300
73
67
277
167
280
324
344
291
208
150
169
230
34
333
107
120
169
249
263
168
333
87
208
121
7
281
152
24
321
96
102
141
108
245
345
66
324
335
19
51
295
244
154
7
120
104
23
100
104
309
179
298
191
267
201
244
83
153
109
173
201
127
100
332
176
191
21
93
229
321
85
316
314
291
6
346
281
17
301
206
183
200
273
82
325
202
347
286
263
47
176
60
296
347
282
184
196
131
171
48
60
17
348
183
307
187
22
271
39
88
14
37
153
319
267
66
22
140
159
277
85
56
336
160
267
246
285
116
18
316
331
256
274
183
333
316
211
45
116
215
349
111
48
108
310
47
45
319
322
56
157
284
275
211
221
166
102
309
203
132
250
297
88
283
331
85
256
173
179
80
311
160
84
132
265
84
243
267
148
346
325
296
203
16
215
55
294
43
212
4
114
194
250
345
305
267
23
277
148
344
75
131
60
132
186
9
16
334
94
164
287
244
230
139
60
199
112
61
122
92
200
291
111
84
290
35
23
52
323
324
333
12
171
237
105
187
344
120
322
55
215
203
175
343
150
276
150
276
135
27
131
35
345
259
61
243
202
191
332
52
178
324
176
192
165
94
241
10
96
139
110
57
132
58
124
344
122
52
254
100
330
314
236
31
164
74
314
229
30
343
145
152
173
283
79
136
203
321
229
97
241
259
158
136
30
298
166
299
245
40
166
29
295
168
79
159
56
149
183
300
203
165
322
135
246
85
58
112
142
283
347
11
90
46
283
288
15
138
88
167
114
321
311
203
105
109
322
101
251
166
345
299
187
19
320
94
254
113
9
84
300
181
289
165
249
54
4
266
207
311
294
343
267
103
295
160
49
182
307
199
181
55
68
198
77
203
97
88
324
327
333
297
213
88
27
42
69
195
22
27
286
343
166
173
127
51
133
44
91
209
47
13
141
297
56
35
287
14
31
5
128
235
51
184
41
181
268
279
37
282
328
174
262
157
347
14
101
29
61
31
283
296
315
107
196
31
24
296
214
346
48
94
147
269
123
90
188
63
108
243
334
173
20
346
64
64
105
179
307
44
272
58
138
292
275
87
59
60
240
117
41
251
15
234
168
303
292
325
338
211
106
346
92
78
84
27
228
176
3
320
165
87
60
271
211
110
250
127
300
200
61
44
57
123
88
345
82
174
179
314
145
162
100
310
174
169
184
98
349
229
233
136
301
295
151
106
302
67
312
103
157
271
86
209
127
156
149
117
333
72
193
1
148
160
88
87
156
29
44
88
230
61
113
184
36
207
278
63
294
198
173
212
307
256
193
263
251
129
44
183
268
173
279
330
6
133
121
148
197
65
289
192
35
48
299
94
179
149
304
67
218
285
69
148
311
241
116
112
55
342
268
113
277
59
98
232
100
229
35
204
236
110
187
69
23
60
186
260
295
227
160
177
138
30
19
139
35
175
289
289
56
30
258
72
210
342
260
40
190
36
247
59
86
36
227
3
223
187
98
183
187
61
298
205
207
83
7
260
341
320
271
107
36
200
73
323
20
128
86
341
329
292
19
77
178
289
8
186
97
110
132
14
139
349
134
80
150
297
55
196
196
280
22
206
290
268
344
205
2
73
233
188
95
2
92
126
161
284
93
56
270
170
153
347
211
189
280
303
139
206
173
3
284
250
267
181
27
146
270
333
145
27
37
320
91
313
180
294
102
341
249
191
14
48
254
110
161
142
159
322
340
35
201
349
95
162
213
247
270
284
161
170
139
251
171
95
29
172
129
305
302
166
260
325
109
187
313
229
43
239
154
190
51
210
185
4
72
56
276
24
122
84
3
318
196
86
211
54
210
239
117
27
83
161
185
145
12
191
123
183
252
209
313
140
180
289
164
55
272
336
65
160
302
339
237
236
153
216
52
16
125
270
75
102
142
106
115
288
241
46
93
56
106
93
174
238
123
46
128
335
338
47
53
250
329
271
99
131
164
94
258
16
204
3
270
230
16
229
203
94
124
201
180
82
271
60
124
340
123
18
289
181
204
138
123
223
160
294
158
85
203
91
20
46
276
202
19
10
58
190
159
262
52
105
270
131
349
175
303
184
235
276
47
79
190
255
320
143
126
125
20
334
221
181
194
197
96
172
86
247
297
115
296
336
51
224
191
196
54
31
244
135
164
191
86
74
8
136
308
135
246
84
334
49
109
114
156
151
312
215
153
307
193
74
220
237
166
178
211
280
221
304
280
158
328
23
339
142
58
300
96
19
181
292
10
255
300
58
345
23
301
1
347
29
27
32
270
273
209
167
26
200
127
336
24
300
269
261
169
261
231
259
285
259
278
271
102
311
110
283
71
4
239
207
43
4
215
158
143
327
327
157
169
347
26
340
180
285
240
331
321
217
159
123
314
193
207
292
140
347
127
230
346
238
221
74
159
339
125
287
259
283
277
285
83
294
182
349
89
170
76
192
309
140
185
52
87
326
313
32
170
26
274
9
204
18
18
24
109
272
338
275
339
61
275
339
330
158
237
285
75
297
257
68
265
35
245
184
172
156
219
272
193
81
203
295
294
32
295
149
113
295
14
55
71
219
159
41
27
243
322
315
263
67
313
8
251
14
315
14
184
122
170
166
189
198
15
53
276
206
315
134
177
98
125
48
288
193
85
149
230
181
60
182
230
2
66
251
241
142
320
34
112
237
129
236
160
340
87
208
349
176
3
89
294
162
288
337
186
174
237
139
160
297
181
74
189
25
143
31
34
126
289
159
220
320
115
224
59
76
345
283
202
340
321
131
194
155
256
40
35
220
193
2
287
93
210
344
142
306
84
320
258
221
138
215
317
260
258
295
91
333
87
205
143
81
338
40
324
101
333
155
45
8
248
126
23
191
115
132
177
56
212
29
152
298
319
340
146
251
325
273
167
256
126
146
259
330
87
188
202
310
219
98
126
222
181
341
105
167
302
189
338
139
1
259
33
36
62
335
223
38
264
338
209
333
73
327
30
141
64
36
188
275
95
174
181
64
99
40
19
116
22
116
120
71
321
176
82
335
325
282
221
28
45
206
8
202
268
156
268
323
142
109
74
195
90
172
274
191
159
299
24
109
1
240
93
83
100
184
15
326
199
188
335
3
67
309
49
349
224
47
11
66
135
26
346
86
40
144
176
331
94
288
31
120
18
17
130
115
323
278
325
329
214
150
308
203
17
150
333
69
311
42
223
303
14
17
178
113
180
1
212
67
66
76
74
201
156
133
75
279
277
335
101
117
312
31
87
176
134
243
300
173
121
156
312
327
191
101
191
252
249
8
211
126
225
181
255
14
27
329
324
228
292
278
101
99
181
18
283
239
324
76
281
236
303
318
237
291
152
239
37
99
234
224
45
1
93
102
62
1
3
289
132
324
87
131
246
305
89
246
298
316
293
88
200
12
141
109
41
308
76
288
322
254
8
343
143
344
208
289
88
274
148
134
174
31
82
260
278
325
323
252
24
266
35
225
174
246
181
26
245
177
135
259
189
186
289
333
223
50
225
276
250
188
28
164
54
133
219
299
278
326
156
311
88
120
42
99
113
100
301
183
131
323
243
3
245
3
76
327
274
334
151
341
230
11
200
328
220
141
172
94
140
236
268
77
229
135
245
177
46
138
220
245
18
17
295
77
67
45
232
205
280
92
128
259
345
172
26
305
341
181
183
163
300
3
172
268
302
284
196
196
118
89
92
220
341
316
100
246
118
109
309
222
193
3
100
0
266
205
100
177
232
280
28
159
30
5
92
269
30
54
304
28
170
176
269
193
115
280
50
186
11
141
328
321
151
283
311
4
170
56
70
82
192
55
56
221
296
323
324
53
92
92
283
328
242
59
314
338
341
175
262
79
26
142
88
59
314
30
330
1
200
196
9
37
109
322
87
84
103
121
75
280
302
261
326
177
33
334
189
199
17
243
314
206
194
120
161
240
110
262
272
71
334
138
215
194
111
111
326
76
55
184
332
63
148
270
247
70
279
8
338
147
245
100
193
304
267
152
50
43
284
340
199
145
194
6
99
337
135
238
306
95
52
82
30
126
266
147
255
194
88
330
335
329
2
282
185
315
119
333
159
254
119
189
279
98
245
237
2
1
186
314
221
274
332
269
64
45
92
84
121
205
172
293
286
89
52
293
212
266
335
40
298
56
91
282
263
111
160
299
17
82
111
45
94
79
230
170
42
196
157
273
321
255
50
312
191
333
198
162
95
176
274
82
311
45
284
119
344
13
198
327
327
109
313
254
269
121
157
61
180
46
170
116
289
149
40
88
176
194
315
122
278
12
153
72
201
116
36
35
314
184
169
285
132
345
109
106
299
52
104
304
189
344
45
191
94
245
291
337
327
168
172
206
77
348
17
115
268
182
324
9
305
208
345
136
342
202
1
305
3
310
111
30
187
12
270
36
12
99
39
170
71
204
196
236
168
255
72
14
169
3
65
308
223
313
43
40
342
37
191
31
33
243
134
326
260
329
104
68
130
230
330
346
103
69
52
17
121
16
150
172
94
23
111
321
235
234
2
117
26
31
259
180
124
298
202
216
184
214
296
61
333
348
313
182
188
177
26
195
89
327
130
105
254
344
75
346
82
179
223
19
293
302
202
47
82
108
188
134
345
285
117
278
1
184
313
127
7
125
129
188
72
189
272
301
117
100
191
19
229
344
232
32
136
188
103
303
51
133
58
330
250
196
144
21
149
258
24
271
127
185
277
274
35
266
333
312
339
35
246
46
261
64
58
278
189
35
163
87
104
324
337
294
43
178
51
323
163
168
259
337
91
255
265
47
336
63
23
232
199
48
341
64
76
304
2
156
52
303
39
199
161
333
35
33
314
14
42
49
333
152
274
49
334
291
11
164
174
252
236
31
241
345
318
47
65
32
103
312
72
39
39
304
132
117
213
179
94
333
260
92
190
114
174
329
270
166
227
271
24
228
207
54
24
334
187
312
0
70
84
93
30
23
247
227
21
157
130
65
319
161
63
163
56
138
44
221
183
183
250
279
235
39
243
146
40
301
0
221
185
209
347
284
32
103
154
320
202
257
14
43
3
221
341
3
170
327
202
170
223
190
174
100
297
318
207
170
244
93
347
269
320
187
117
16
114
265
104
80
9
3
146
237
39
186
303
58
8
251
203
260
185
334
307
46
6
275
299
199
142
154
282
203
154
135
151
11
27
327
329
207
257
267
72
252
144
202
171
11
154
36
223
300
60
65
30
320
112
304
321
172
258
13
23
325
252
95
142
33
78
256
193
283
173
60
58
327
68
269
68
322
66
315
347
201
61
190
177
19
157
102
68
143
275
342
84
80
262
329
277
11
136
33
177
306
272
190
294
309
129
71
164
31
57
38
38
308
76
256
145
33
250
260
72
41
196
90
158
253
302
297
54
6
218
96
96
76
337
182
25
158
189
153
163
135
200
121
129
84
155
161
237
207
165
331
101
174
191
328
306
192
225
348
180
119
340
141
49
202
23
261
234
266
17
119
215
211
142
184
104
135
55
177
173
142
274
341
26
180
172
120
235
187
279
297
95
182
124
29
184
121
244
29
222
92
37
156
46
319
135
271
13
115
165
24
109
154
253
285
55
249
248
211
200
235
200
15
288
19
288
2
296
130
53
154
63
153
49
72
244
2
275
235
112
221
345
331
325
215
61
12
193
134
107
212
346
221
213
229
337
320
196
91
81
112
51
51
259
3
7
222
27
275
234
310
42
322
57
332
150
142
285
242
222
23
321
165
256
329
24
322
66
136
99
144
206
337
255
134
89
46
94
147
66
322
101
260
86
157
106
31
15
102
115
115
202
209
88
307
222
209
165
209
68
246
203
90
259
235
87
38
74
86
282
105
38
245
213
213
253
183
346
133
320
259
20
299
222
201
163
272
326
130
102
70
270
300
130
176
93
270
143
44
57
180
248
30
152
203
98
23
78
197
286
57
23
319
185
163
332
204
88
134
212
345
37
104
159
344
18
166
265
299
213
36
274
24
317
324
344
69
156
233
296
119
259
168
116
74
123
1
174
38
116
290
193
337
142
301
218
346
172
156
283
99
173
148
348
218
310
233
14
89
58
262
70
222
36
45
229
202
122
147
261
130
167
158
186
186
271
216
156
91
169
115
167
65
233
245
85
288
222
209
36
269
165
293
249
249
61
173
330
60
51
91
298
213
116
220
311
158
155
324
230
314
252
255
156
261
110
233
255
135
196
9
318
233
222
80
329
40
106
307
174
96
50
214
134
83
14
144
312
67
55
324
72
324
175
193
129
291
251
254
258
155
224
69
160
278
174
341
206
199
262
88
345
178
119
108
226
81
162
211
181
29
66
79
300
144
311
147
142
308
318
143
31
262
294
245
294
54
201
176
151
11
222
250
29
81
293
207
119
183
322
206
218
82
6
137
40
69
217
109
220
36
259
256
243
175
34
325
78
191
132
66
227
69
96
106
71
136
106
28
231
182
232
41
18
21
49
306
208
191
182
105
326
80
154
17
161
329
90
101
235
13
325
232
209
339
346
101
336
197
49
112
336
188
95
228
97
160
51
54
290
120
347
140
32
85
250
190
222
323
201
305
41
254
112
125
348
163
117
144
114
261
21
233
345
292
236
153
116
21
153
180
346
234
268
46
234
202
235
1
76
54
227
299
36
324
7
61
159
24
323
231
186
138
10
97
183
211
217
18
138
132
94
257
51
147
201
206
34
115
132
72
64
239
240
122
192
267
243
306
64
160
257
316
111
214
257
211
319
0
272
138
222
337
299
222
97
52
226
220
136
50
272
331
4
36
249
285
132
319
71
111
119
162
97
346
25
10
320
115
46
151
15
264
52
111
44
123
20
48
158
119
29
119
27
0
226
249
305
77
273
184
6
119
3
164
15
221
140
195
224
47
290
78
195
203
153
143
248
9
305
88
183
338
339
87
208
120
8
79
141
23
305
195
274
321
270
188
129
99
49
234
259
237
108
212
188
157
160
249
256
147
41
166
98
206
335
258
214
187
313
211
198
176
84
211
72
293
248
98
87
37
164
227
95
11
211
130
294
2
265
190
159
180
41
188
159
252
132
282
247
144
90
247
257
268
191
21
207
124
335
257
245
128
105
86
322
173
272
255
276
76
209
203
151
257
199
337
121
14
81
25
259
195
241
132
233
31
343
287
171
323
217
176
144
87
2
29
140
328
132
126
136
161
71
88
33
316
337
90
272
144
268
8
65
207
213
213
156
58
117
311
93
211
312
248
178
284
182
177
215
180
21
199
217
268
325
191
92
81
75
21
325
18
310
6
81
180
178
203
133
140
148
203
207
63
198
294
333
345
349
322
259
331
333
160
38
105
1
345
105
99
273
157
140
213
181
143
82
96
243
186
244
273
186
238
73
57
339
293
153
255
118
191
212
188
258
93
234
237
286
239
101
281
183
37
227
259
101
325
119
39
105
92
188
136
319
264
52
59
264
240
299
47
187
264
259
317
95
329
58
101
30
18
146
187
77
176
67
287
285
195
58
195
304
86
54
328
1
340
235
14
340
77
313
310
44
25
157
26
4
241
14
207
252
326
170
235
227
37
326
283
175
134
270
317
200
289
166
335
281
120
214
277
80
203
131
154
6
183
87
326
340
117
28
82
213
37
37
97
244
4
181
243
335
241
64
1
45
120
90
312
213
59
322
333
119
47
277
106
24
252
247
67
185
145
134
349
73
126
122
181
252
121
209
227
275
223
130
149
269
86
73
299
11
85
202
222
244
180
62
131
131
156
240
339
327
207
300
160
173
70
44
338
22
332
189
346
90
308
251
337
266
122
174
278
165
233
273
221
259
39
67
93
18
47
230
86
137
294
251
102
335
185
64
96
51
37
120
221
251
313
79
252
339
0
14
34
67
189
22
226
226
258
75
102
137
180
282
273
301
170
276
99
167
52
52
299
224
69
286
110
189
86
52
142
47
54
109
47
142
110
297
177
313
281
221
50
133
115
320
299
135
28
294
173
69
212
221
344
116
97
320
22
12
114
15
259
122
194
86
59
286
222
348
46
193
293
126
64
326
222
136
62
279
307
80
172
109
67
288
326
283
177
46
272
279
332
210
182
262
1
338
69
136
75
344
164
199
95
288
319
19
52
31
320
37
86
274
122
269
156
200
348
117
273
308
133
133
52
22
171
79
85
25
273
289
300
45
140
140
323
262
7
260
307
189
339
342
237
214
321
349
87
163
138
59
220
289
322
276
193
11
141
348
115
109
239
171
118
88
215
182
336
130
341
87
169
168
25
162
339
192
207
10
223
175
155
320
196
77
218
85
220
78
327
46
40
323
226
105
140
15
344
175
207
117
206
220
2
156
172
133
309
58
90
346
243
105
76
121
174
266
188
90
12
330
200
26
211
212
202
93
281
261
177
157
155
162
175
91
223
202
329
192
88
28
288
321
11
152
39
315
271
47
196
170
232
332
250
275
286
323
219
92
174
298
335
127
271
229
104
256
281
3
114
307
182
7
150
157
232
185
288
262
160
317
298
173
83
231
11
190
157
92
119
51
171
261
307
255
119
315
175
321
260
41
264
13
134
252
172
104
304
289
287
87
224
343
226
260
220
308
54
84
13
22
211
48
164
14
115
41
337
181
331
18
86
18
117
305
267
269
69
226
103
152
228
162
117
288
272
281
193
115
257
159
290
346
271
83
132
152
104
34
275
290
7
207
86
251
140
104
173
104
316
299
336
22
246
120
289
188
258
26
305
184
94
121
62
51
326
306
327
202
235
335
181
210
193
199
195
309
293
22
130
36
236
159
89
187
253
197
34
39
274
15
180
56
2
154
2
234
242
102
294
323
323
216
278
105
147
136
34
194
153
59
163
322
12
148
132
312
173
271
161
109
279
246
73
301
190
105
199
8
301
84
157
77
47
45
36
271
44
135
318
312
160
268
73
114
186
20
244
184
240
279
317
92
130
263
242
219
111
236
128
308
118
128
173
205
140
157
227
165
215
63
18
140
104
22
16
151
194
122
257
274
90
141
186
349
308
332
22
213
176
85
215
287
169
18
18
78
130
4
123
59
17
333
174
335
294
287
171
258
160
263
179
20
201
68
334
142
170
148
269
151
83
59
340
189
242
180
212
27
321
193
201
266
205
160
49
215
157
337
283
249
315
236
96
266
183
60
211
94
9
317
132
41
126
122
139
171
302
253
285
193
104
251
292
300
136
302
329
306
20
64
118
207
146
233
9
62
242
181
110
255
62
138
300
273
267
27
339
170
183
235
317
207
323
92
100
273
233
327
203
286
347
308
250
10
95
268
318
289
124
26
90
77
31
126
218
341
62
224
231
168
53
301
13
201
4
83
207
76
152
165
17
289
162
192
136
202
203
187
288
167
78
313
293
278
73
257
227
69
3
21
226
54
228
66
298
122
307
65
199
234
150
285
211
133
301
68
213
104
139
25
277
223
137
204
225
192
233
297
225
192
141
87
229
278
330
19
80
194
275
143
235
182
68
136
37
10
234
324
157
92
326
155
99
336
300
123
168
137
53
287
32
110
26
165
46
126
40
251
126
222
205
146
22
180
17
74
127
203
239
46
10
226
131
219
189
108
196
110
228
322
72
326
139
268
10
84
8
337
98
127
222
35
180
263
168
176
145
49
299
301
243
74
196
196
70
99
11
222
178
198
321
222
328
63
339
26
217
215
218
111
272
243
30
261
79
274
192
326
157
181
32
312
65
258
146
257
172
328
249
80
283
227
68
203
312
72
80
311
68
294
102
28
194
299
314
82
53
260
257
152
301
17
194
73
130
148
318
270
240
83
203
81
149
71
11
321
49
182
280
92
80
139
302
254
39
68
348
159
80
193
304
319
144
97
24
6
148
181
282
275
183
54
19
144
187
96
137
131
76
296
28
210
81
29
160
156
300
63
198
138
210
15
32
77
8
256
202
347
270
251
154
33
106
237
5
152
68
30
221
97
318
314
332
347
178
284
339
153
172
184
75
64
349
33
205
89
244
227
270
197
271
348
185
306
325
318
207
140
296
1
123
268
34
308
178
61
349
306
75
28
12
22
271
138
153
19
339
112
166
56
18
7
248
123
19
178
348
12
305
269
52
283
96
82
108
179
312
95
313
269
221
66
229
94
123
171
75
163
187
86
31
22
94
335
21
112
40
324
274
52
184
220
100
340
292
198
150
288
111
77
73
1
193
280
284
204
282
15
339
184
178
232
344
190
268
156
250
332
148
291
99
77
149
256
210
242
215
333
174
296
336
246
83
337
50
176
234
102
314
280
127
246
129
73
325
290
304
249
173
264
273
76
319
185
52
58
133
131
130
118
346
120
36
275
251
9
332
129
210
170
280
336
296
134
142
142
201
99
211
117
10
47
34
280
304
335
205
165
154
47
293
178
194
149
57
111
61
260
66
85
245
154
154
294
251
97
114
36
64
122
79
118
208
21
100
315
144
234
7
77
138
285
158
287
211
152
281
337
145
143
26
334
59
198
21
204
217
229
189
235
23
77
132
342
123
156
292
342
316
35
178
143
101
71
343
145
137
83
209
156
168
82
53
335
9
75
9
234
202
220
272
120
101
229
95
217
32
98
120
85
311
144
330
302
131
109
204
344
172
210
273
333
274
158
274
260
0
40
43
136
243
39
251
202
127
222
332
252
154
145
126
345
347
263
330
247
292
226
314
117
98
129
169
178
268
85
252
232
253
220
349
12
65
26
198
269
172
234
123
136
120
123
162
341
131
229
77
63
3
196
198
182
339
89
26
46
219
240
79
178
138
190
171
137
213
304
116
200
234
2
126
228
213
52
341
263
12
36
18
27
74
136
68
162
333
123
338
142
344
84
274
154
348
268
321
51
344
8
328
75
202
205
89
2
340
190
104
239
233
329
210
205
31
120
177
131
230
190
285
326
175
261
341
9
263
47
68
152
224
8
153
36
168
321
311
80
205
275
214
274
41
189
167
35
79
121
154
258
171
196
41
145
82
201
46
144
178
16
172
223
209
215
11
232
27
212
130
290
90
175
14
305
332
191
103
302
290
208
23
6
101
332
283
24
163
173
338
340
346
230
152
346
338
69
234
332
205
316
11
153
247
175
129
70
70
84
24
21
187
268
166
320
169
16
70
203
141
206
221
111
59
175
24
348
64
137
54
287
159
200
94
154
66
105
16
202
70
79
340
140
17
60
14
2
339
160
344
332
158
155
192
161
120
262
1
280
226
72
138
224
36
152
107
194
176
118
134
162
286
229
144
79
299
233
310
3
87
258
90
107
153
154
302
346
18
90
6
154
175
292
3
70
326
348
329
119
218
322
3
60
268
79
160
199
157
155
213
260
332
224
166
262
226
254
327
49
276
91
261
199
330
331
277
188
158
301
292
18
124
117
159
29
172
196
134
54
169
136
192
279
172
262
75
117
337
328
69
76
238
204
137
202
267
335
327
17
131
250
1
299
334
127
164
145
235
213
303
144
46
246
189
105
228
66
275
325
327
258
48
334
307
277
71
115
21
303
47
275
171
250
129
78
88
5
144
63
152
317
182
333
119
250
130
211
309
1
5
3
310
20
159
235
81
112
211
131
202
225
287
327
88
76
221
202
311
345
339
10
321
66
66
349
62
283
226
317
149
54
311
129
279
285
175
175
78
336
119
312
65
242
269
7
172
239
317
59
303
346
41
33
121
207
202
130
169
60
62
134
126
345
114
40
47
325
293
78
48
202
67
174
23
48
48
328
281
176
149
264
221
215
72
174
308
29
113
3
212
121
331
286
306
321
162
349
217
101
232
50
349
114
264
206
60
57
274
147
95
185
44
168
227
323
95
81
88
95
10
290
3
187
28
338
126
176
209
267
49
187
8
333
223
139
62
164
302
163
124
34
0
212
290
287
209
76
14
145
226
184
285
305
118
345
333
300
79
156
190
96
82
8
226
305
270
60
59
129
348
299
191
287
15
158
81
226
194
328
346
94
107
336
37
314
333
162
226
83
47
191
27
255
273
177
125
100
2
59
44
342
51
243
112
45
169
6
144
76
310
241
94
237
299
226
2
217
143
45
202
3
271
5
176
257
80
214
324
325
247
152
161
81
281
304
162
72
323
37
317
245
49
11
55
176
93
63
127
300
194
259
260
173
303
336
330
203
156
284
240
140
213
300
284
31
257
50
190
125
173
107
12
348
245
23
162
105
149
228
333
168
74
0
144
118
194
231
160
51
82
131
121
151
240
121
337
308
190
18
72
300
311
71
303
315
31
120
105
116
63
34
123
88
268
87
209
89
233
349
49
316
128
35
150
209
315
184
258
234
294
39
47
330
118
132
283
12
3
130
308
27
79
320
257
315
132
302
230
348
260
266
114
313
151
310
38
294
258
331
270
59
40
348
160
53
177
227
24
219
235
284
103
25
119
61
219
49
194
71
84
290
103
146
119
110
247
222
67
257
57
294
90
84
309
343
257
55
116
284
12
244
211
343
223
14
334
40
207
8
176
5
235
281
47
336
290
3
140
39
209
260
110
259
344
32
227
206
198
291
274
324
318
161
347
288
56
178
301
173
121
312
90
239
298
93
126
160
243
258
178
6
244
89
168
258
285
46
345
138
271
64
313
43
279
207
54
18
253
289
113
216
233
61
330
217
262
49
69
52
307
218
253
99
76
260
162
3
164
154
27
4
288
214
96
127
117
7
216
68
97
266
54
173
35
332
263
44
84
68
188
102
38
105
111
76
223
129
66
340
176
108
338
55
95
195
12
340
222
66
99
336
178
62
81
31
218
244
83
303
222
147
310
245
66
62
206
60
186
195
210
183
26
229
242
300
174
178
288
18
277
249
76
88
336
252
129
229
242
124
303
222
73
238
174
271
261
136
92
260
106
308
38
173
340
341
315
126
319
318
193
210
275
264
345
103
37
140
92
163
272
285
223
227
212
235
332
319
9
238
287
92
110
326
223
84
149
42
214
174
320
137
332
139
152
117
333
224
216
264
298
208
37
25
243
313
138
285
88
325
301
98
17
279
60
280
165
252
306
296
19
331
158
34
198
7
280
163
95
30
108
338
55
202
106
11
258
313
84
202
205
31
20
36
204
124
268
124
253
18
349
51
157
78
233
41
243
127
215
69
51
24
80
243
244
192
164
313
97
335
318
156
112
268
223
180
100
253
232
141
62
255
345
238
157
97
76
244
58
112
344
34
33
16
58
128
308
53
286
97
180
342
329
236
260
153
298
31
97
278
306
180
61
112
112
258
268
308
160
145
114
290
337
91
150
220
112
325
260
149
204
316
61
263
11
91
221
297
255
193
180
339
22
99
193
7
347
46
210
226
347
293
16
186
171
208
97
294
30
76
235
31
8
329
0
212
76
345
207
235
187
5
20
204
19
295
168
180
325
180
205
174
9
150
10
119
214
4
309
175
328
128
341
129
129
315
168
140
289
231
278
30
223
296
217
17
135
195
250
345
207
116
79
37
70
133
77
161
93
214
221
116
37
270
53
109
172
35
160
331
241
234
55
59
230
0
229
77
197
17
197
138
194
336
19
225
259
269
174
14
302
343
20
31
204
36
54
78
125
4
59
260
161
287
83
231
207
76
325
292
15
197
51
139
72
281
105
105
319
148
251
339
260
312
122
282
306
342
342
331
35
268
238
347
35
161
123
141
180
180
213
228
236
289
237
86
106
208
213
26
3
122
284
23
188
323
213
266
60
123
86
70
174
37
256
158
106
343
44
238
44
228
62
92
259
325
277
100
260
148
106
48
89
279
194
212
234
233
26
304
256
283
73
272
152
161
318
344
107
149
34
54
81
319
285
86
62
318
18
200
134
310
205
241
14
236
124
140
347
116
194
112
238
259
162
208
343
88
149
254
232
299
294
312
272
47
310
258
335
96
210
44
202
85
253
52
137
228
256
40
312
48
139
124
33
120
251
125
257
224
55
37
182
344
226
68
334
107
127
63
208
87
149
337
161
125
115
47
336
173
340
67
339
166
67
50
313
216
216
96
160
128
234
215
51
6
152
94
92
214
94
337
231
340
325
160
299
43
125
167
311
44
52
48
70
35
315
222
294
74
103
32
14
197
324
331
205
324
304
217
107
21
221
277
118
253
88
15
256
257
95
0
28
139
304
285
228
285
183
130
28
307
121
330
15
123
277
180
111
253
119
319
255
196
126
208
43
195
213
156
255
248
166
90
130
63
48
36
127
207
160
330
221
255
15
103
213
175
320
224
327
140
251
118
301
111
273
94
259
258
255
118
293
7
281
21
258
276
11
145
224
117
35
39
224
125
34
324
70
7
277
292
200
23
276
206
83
79
139
206
103
327
36
29
8
327
274
331
296
310
123
255
195
66
176
321
180
40
227
87
213
132
114
332
142
317
60
63
178
115
349
313
9
13
124
322
259
305
317
219
314
193
197
104
302
155
45
45
245
180
125
294
71
45
176
247
26
315
265
145
95
31
202
115
169
198
207
197
189
127
314
169
152
317
301
253
258
19
268
92
104
319
323
261
212
209
171
269
273
93
215
302
19
278
76
26
195
205
198
232
226
181
195
169
69
155
11
322
157
114
208
0
121
204
192
15
274
84
9
222
236
236
243
328
196
2
310
175
286
286
138
69
45
155
19
5
198
188
143
48
125
29
136
229
104
151
191
81
135
9
301
340
189
174
183
172
155
224
102
236
38
105
83
11
114
220
221
281
277
81
210
15
47
195
236
40
320
10
253
315
192
253
330
238
287
97
96
166
291
104
159
84
141
215
37
275
271
274
144
43
72
4
253
142
293
84
291
279
10
94
166
31
329
238
10
226
292
338
233
106
149
256
34
133
39
56
271
336
208
10
76
226
272
10
33
134
196
250
7
108
202
295
72
204
220
320
188
206
29
153
216
94
161
237
129
61
37
185
192
320
237
137
322
226
155
79
172
5
191
311
164
128
244
159
99
114
311
140
149
182
252
190
26
218
33
343
86
139
235
288
320
68
48
122
257
191
153
311
121
260
110
120
36
340
177
22
295
250
343
3
212
140
348
288
68
348
319
82
100
319
3
154
76
120
346
292
10
171
79
297
337
3
197
296
102
57
57
95
150
193
182
143
318
339
310
60
347
92
64
172
106
227
20
102
117
249
96
197
32
84
190
193
267
275
129
132
239
339
49
315
136
289
154
53
8
42
335
289
337
213
312
38
222
132
251
169
266
281
8
252
320
259
142
323
335
131
349
307
319
61
114
96
242
92
15
234
297
99
214
193
208
240
266
316
261
327
194
126
222
154
57
272
42
263
131
254
1
224
95
166
347
142
281
262
281
30
39
193
287
63
83
208
59
85
193
274
105
88
247
258
172
206
201
237
121
151
273
3
127
68
100
168
342
318
71
202
316
84
162
162
113
48
184
121
208
9
36
79
142
79
190
123
210
25
331
316
209
284
263
316
158
58
312
113
133
190
120
291
10
175
243
66
221
212
254
124
85
96
96
340
260
335
349
173
12
225
34
180
219
324
22
191
237
64
135
38
196
271
225
194
275
276
291
196
342
122
227
95
174
10
164
172
333
188
186
104
168
145
141
227
5
242
178
38
235
108
1
215
18
326
54
69
158
249
344
140
55
130
269
50
336
157
215
178
280
281
315
102
157
66
297
77
151
108
134
247
190
337
43
47
327
50
43
331
65
337
168
306
77
131
85
211
180
343
349
42
190
175
102
137
116
10
308
296
241
343
184
141
230
42
343
65
298
344
137
69
121
316
5
141
248
76
164
73
154
231
305
206
205
213
94
293
255
34
256
322
334
239
39
306
125
343
296
281
289
94
330
239
101
322
81
239
63
224
303
239
303
265
280
90
261
253
150
38
323
334
315
234
46
265
182
18
28
34
50
216
207
119
180
151
335
243
309
146
75
323
176
125
63
31
58
67
312
211
250
67
217
331
142
167
108
131
94
25
213
84
204
94
65
104
97
200
134
18
248
29
129
18
21
45
27
319
67
140
243
25
99
297
112
211
302
65
213
207
331
59
174
201
63
253
318
259
14
14
118
165
82
230
243
302
197
3
185
78
272
257
245
136
280
74
258
349
242
338
344
299
164
179
220
97
96
232
341
41
204
103
272
262
158
26
343
128
237
192
82
285
1
201
60
125
257
168
300
133
277
151
121
110
225
64
85
144
233
1
88
157
324
1
167
121
158
240
189
264
71
142
243
47
21
127
274
44
190
154
186
71
284
99
175
196
147
344
215
88
43
301
231
189
333
38
284
134
64
222
155
339
1
20
101
64
282
339
273
234
119
295
339
152
260
239
227
225
348
18
186
339
170
218
111
295
26
290
276
65
328
153
184
31
254
92
342
343
334
257
21
215
235
196
295
11
97
286
77
47
344
349
330
345
140
175
321
145
43
177
253
48
290
285
320
119
154
320
35
327
326
243
326
240
154
201
125
63
327
347
276
310
321
183
243
98
187
283
38
256
239
154
187
11
281
70
5
248
268
146
110
347
282
143
347
37
277
97
11
6
177
247
319
54
37
159
143
343
61
223
8
99
349
189
208
147
136
123
85
205
117
89
220
271
64
253
26
271
187
141
48
349
13
291
275
30
342
327
301
251
128
226
48
132
298
297
46
284
29
206
84
329
18
325
341
251
211
229
15
161
85
1
141
257
179
216
23
190
125
267
285
99
17
16
131
98
47
131
192
222
110
25
332
26
230
339
237
307
323
301
33
68
303
206
77
60
220
347
152
277
92
182
225
288
99
343
92
93
59
255
344
70
36
55
298
253
243
174
261
275
19
256
84
325
99
88
283
201
166
258
208
283
71
325
71
336
31
141
270
259
317
200
235
242
336
240
131
316
51
40
1
334
75
247
202
336
144
246
281
71
247
185
259
292
6
49
298
128
53
327
155
60
322
235
31
97
153
3
146
339
315
140
152
144
22
166
260
285
328
40
257
146
295
324
110
167
43
93
147
264
89
280
0
276
0
142
301
56
150
5
223
93
312
32
276
88
321
69
341
136
140
40
205
211
82
294
235
341
326
306
48
116
185
339
51
79
163
216
279
342
182
224
276
238
298
218
190
302
294
335
271
123
43
188
176
136
106
168
143
280
40
196
57
233
200
117
319
211
12
293
102
264
23
338
31
106
48
207
47
215
106
285
85
258
150
293
88
45
131
143
106
203
289
147
194
239
147
70
113
251
10
231
199
186
252
271
163
174
239
215
111
344
319
44
124
328
94
252
125
297
274
319
185
28
0
82
19
339
236
16
230
235
196
331
347
227
346
50
258
178
0
322
106
266
54
298
151
94
64
346
318
45
227
262
323
208
141
346
134
94
218
168
225
253
141
281
247
68
307
203
115
266
295
235
280
182
16
70
216
67
73
218
295
281
296
134
161
62
151
337
205
151
250
160
334
262
137
264
97
15
206
188
273
288
225
340
277
201
167
203
239
295
295
275
261
35
264
282
292
309
0
223
186
319
322
15
267
128
25
213
131
281
101
46
116
280
100
20
340
120
9
1
309
41
141
246
242
70
29
285
322
228
294
334
151
79
150
54
269
332
277
167
35
132
109
53
113
57
54
234
5
155
17
277
182
294
136
121
119
48
233
117
112
11
324
216
264
156
264
51
181
157
125
251
41
53
23
154
150
317
300
325
239
279
309
211
346
8
165
178
268
320
15
102
81
98
47
148
72
181
173
159
48
259
99
18
262
28
95
281
239
168
51
208
265
170
117
92
341
223
280
169
239
163
159
230
242
121
278
104
149
301
145
234
41
85
165
93
304
90
280
139
156
20
278
331
102
308
163
214
91
244
271
102
163
208
156
344
7
139
234
338
34
264
220
214
280
70
91
306
308
226
207
346
104
36
128
126
253
255
165
32
317
252
54
128
323
129
342
99
32
38
84
51
130
149
29
327
31
199
122
49
206
51
134
166
196
81
264
303
238
291
266
223
3
279
56
125
196
159
342
16
169
7
92
243
235
72
197
268
203
280
151
316
345
310
345
76
129
333
86
112
287
48
281
324
287
260
258
245
207
342
340
139
192
101
276
342
178
266
290
267
78
66
3
322
226
173
224
277
292
39
338
66
185
138
26
2
45
277
324
81
183
252
98
335
32
276
141
80
87
32
45
76
174
323
264
97
212
7
264
125
316
138
150
107
252
80
318
302
2
302
153
74
153
45
7
345
90
193
107
3
153
286
327
93
135
42
270
47
349
151
249
89
76
96
64
181
241
299
341
28
70
57
337
275
119
318
266
6
245
74
149
207
66
201
122
35
303
296
78
156
54
245
154
17
252
165
272
205
54
126
95
47
68
346
74
220
44
36
329
267
289
68
246
217
41
3
129
275
273
335
196
150
255
216
125
93
235
288
232
235
153
249
150
175
209
259
153
159
107
141
134
48
167
41
169
329
85
32
81
170
261
30
30
103
51
333
212
0
246
112
320
252
299
121
57
281
204
211
245
162
17
341
269
17
320
74
59
202
323
7
33
299
273
188
44
124
174
33
239
4
70
233
138
341
220
115
132
263
94
124
137
225
13
304
193
135
81
182
209
347
320
183
174
121
22
101
298
31
239
97
112
345
254
125
2
57
78
343
152
225
333
316
318
246
151
209
24
163
207
134
29
124
202
290
51
101
2
49
181
281
310
106
299
97
17
231
317
333
86
346
188
56
86
71
141
147
94
200
17
73
61
271
20
344
33
219
158
17
214
165
53
96
115
113
237
214
288
218
344
25
178
70
176
271
259
66
86
88
71
233
77
20
202
40
326
145
136
162
158
264
36
343
88
336
2
173
218
188
25
186
338
209
172
50
34
34
258
225
230
279
277
261
152
108
124
76
208
329
51
241
124
322
255
151
262
274
145
230
184
15
270
7
89
343
26
272
211
198
135
258
114
322
165
280
251
259
258
80
15
173
279
80
89
201
47
6
342
303
156
237
25
52
202
276
155
346
188
233
146
132
90
63
181
237
18
202
190
289
301
297
10
347
86
44
225
116
82
322
63
199
120
145
237
87
296
241
203
322
70
55
186
23
271
80
3
21
166
13
291
276
30
147
226
36
23
47
111
176
87
145
291
158
10
55
190
242
190
276
68
62
105
311
279
53
266
314
184
72
73
83
348
32
60
184
144
268
90
100
323
278
126
77
276
67
89
59
250
234
31
340
75
48
345
170
206
234
270
329
129
90
126
103
2
89
211
2
137
203
286
315
313
215
54
166
126
268
136
44
320
6
251
322
228
294
245
188
15
329
203
325
347
203
48
258
180
309
89
322
217
209
217
145
250
231
173
337
296
201
54
137
13
119
64
112
12
27
251
269
6
187
84
203
91
62
99
25
236
80
278
22
77
204
13
36
199
281
195
294
82
14
203
59
196
159
189
47
267
217
66
288
106
29
112
130
329
209
225
171
132
303
18
48
57
6
270
76
348
207
323
206
160
173
67
305
303
277
173
13
13
194
157
227
275
282
284
34
32
336
112
55
134
210
269
227
301
255
334
153
341
184
236
8
103
287
242
292
32
171
338
128
27
221
330
74
17
252
188
80
134
223
323
170
151
257
163
277
120
78
302
308
89
157
95
66
63
201
76
26
346
292
238
32
103
337
286
71
70
235
323
348
66
89
342
238
315
109
145
178
311
1
63
40
179
64
348
198
179
0
68
298
165
151
280
286
135
303
218
210
243
62
100
182
331
183
338
283
326
78
141
230
260
346
52
312
260
17
10
52
109
183
349
246
277
78
296
311
209
59
33
207
66
236
78
333
277
3
87
40
42
161
258
57
236
59
157
138
219
110
117
205
165
13
153
241
136
223
165
259
71
342
110
189
83
226
138
42
121
37
17
78
148
74
135
100
117
30
124
131
36
300
134
173
213
198
185
314
95
134
130
296
103
30
113
267
191
127
314
255
174
346
211
69
310
48
56
133
336
238
122
132
86
38
6
89
313
218
32
323
116
213
134
190
170
148
239
104
231
48
243
198
331
8
113
324
275
19
330
84
121
258
111
194
87
183
231
174
129
309
295
62
14
329
81
242
321
155
297
93
99
75
298
63
341
295
130
81
323
202
218
8
98
339
347
51
223
150
345
289
239
71
75
60
20
349
81
257
142
98
304
267
234
313
286
102
68
42
113
275
20
198
49
95
60
147
48
65
178
172
214
38
218
170
287
51
124
111
310
182
186
83
119
242
90
52
229
207
314
322
238
26
61
275
335
204
220
314
299
162
251
61
162
94
88
40
113
335
147
188
120
220
248
269
94
117
80
29
147
218
107
96
87
349
272
154
29
286
204
332
186
190
143
206
298
65
121
224
248
324
139
192
2
287
226
346
71
12
335
7
324
35
86
285
183
0
348
38
200
42
19
111
62
324
124
144
143
225
171
22
203
149
125
118
42
345
61
61
45
265
250
109
9
88
63
134
191
40
274
300
211
320
206
232
134
170
276
193
279
288
305
201
28
4
145
225
242
79
276
143
18
213
315
69
64
142
178
96
180
348
345
236
259
109
90
225
193
199
75
226
146
86
70
180
124
348
58
170
117
13
36
93
166
185
201
347
117
213
22
278
226
336
220
220
229
135
333
108
18
270
187
188
228
64
52
132
346
43
37
170
78
275
43
112
36
332
59
299
273
180
269
162
206
309
2
79
195
75
335
20
308
41
325
4
256
228
120
302
297
241
25
137
267
90
81
260
254
344
75
284
269
190
104
123
48
124
316
183
165
21
184
195
227
345
28
28
115
174
84
164
282
289
323
81
190
98
43
99
268
98
104
62
276
254
334
16
225
50
241
80
213
306
168
147
271
306
99
309
133
25
89
55
37
275
155
177
268
147
141
93
339
319
112
349
297
171
73
86
135
26
93
122
28
321
63
231
27
264
299
195
325
59
39
250
31
256
82
63
13
198
256
34
346
184
310
347
178
6
138
28
8
192
197
86
69
345
8
117
56
302
173
276
159
221
35
338
337
302
71
73
257
179
305
299
278
222
255
346
290
269
232
218
285
232
297
206
236
55
346
106
196
325
15
340
173
307
69
132
236
204
85
134
231
216
329
38
188
264
27
156
57
76
56
165
50
17
306
155
166
157
37
235
136
256
73
225
263
25
78
75
110
255
39
340
83
117
112
346
11
231
112
307
329
222
133
175
196
94
35
6
81
307
270
117
254
56
169
267
225
257
286
146
96
264
248
157
297
342
169
336
36
107
340
237
156
279
305
241
213
130
143
289
316
175
139
6
196
3
308
260
270
36
170
262
187
252
158
244
243
341
286
37
201
179
147
96
232
306
132
159
188
308
130
79
204
19
319
300
341
34
302
228
107
135
250
230
248
205
62
277
111
141
31
185
334
220
277
125
29
252
54
328
258
298
110
182
320
27
191
227
340
136
71
53
209
140
4
93
94
175
122
275
145
211
185
344
340
66
118
154
180
81
219
218
32
90
211
189
145
64
285
262
291
66
175
12
184
337
60
135
279
48
80
229
144
327
324
284
175
285
252
119
339
160
277
70
59
340
316
270
162
338
57
291
33
294
188
44
118
255
82
310
184
102
334
298
333
172
133
128
286
136
253
230
116
81
327
324
105
23
75
82
132
278
236
36
291
75
160
343
194
248
270
14
261
97
343
31
333
349
302
187
324
296
229
88
15
68
182
59
298
35
9
121
299
69
298
21
195
277
258
117
190
79
64
68
206
64
306
19
172
183
292
308
46
155
92
254
289
71
236
123
288
91
61
109
66
93
122
164
225
187
250
266
257
276
50
93
203
227
126
203
114
47
21
299
68
338
11
252
302
116
85
114
261
309
79
281
162
170
49
260
310
307
71
102
316
10
178
39
236
183
225
314
19
69
214
14
297
277
299
117
114
128
162
186
47
132
58
145
334
278
239
241
44
229
11
282
297
209
264
245
49
96
116
46
183
62
213
114
229
324
287
324
160
331
203
249
48
341
44
161
323
100
170
238
176
281
81
39
185
0
