1 10.0898 8.41422
2 8.07371 4.94775
3 4.7306 2.54439
4 2.03963 0.651281
5 1.60093 0.374645
6 1.43666 0.200025
7 1.26804 0.121926
8 1.10936 0.0700268
9 1.11755 0.0869637
10 0.974326 0.0323777
11 1.02749 0.0244215
12 1.02447 0.0168917
13 0.991232 0.011235
14 1.0032 0.00840126
15 1 0
16 1.00054 0.00844268
17 1.02991 0.013312
18 0.991058 0.0171698
19 0.997947 0.0236019
20 1.00201 0.0378162
21 0.966831 0.0496555
22 0.946861 0.0583437
23 0.979351 0.0682303
24 0.819975 0.0551771
25 0.770207 0.0557248
26 0.781505 0.0773164
27 0.984332 0.199366
28 0.798136 0.110066
29 0.969211 0.203935
30 1.55957 0.679026
31 0.935193 0.199461
32 1.05217 0.382055
33 0.669459 0.131589
34 0.759534 0.262885
35 0.526559 0.107233
