-97.88217188
-96.26191312
-97.27541363
-97.87010287
-97.65261975
-97.3473045
-97.10581538
-97.439823
-96.90688013
-98.31533588
-97.52634487
-96.11079262
-96.26745
-97.580964
-97.03244625
-97.42380487
-97.88474738
-96.18099713
-96.9767445
-95.43393863
-96.63798113
-96.410712
-96.33722625
-95.34865913
-97.47695362
-97.5395925
-96.21149362
-97.480167
-96.95503013
-95.62002525
-96.64985625
-95.41514775
-97.033176
-96.20499375
-98.06118262
-97.32197513
-95.67734213
-94.80616125
-96.46125225
-96.81922988
-97.19541225
-97.38577612
-96.99538575
-96.14906138
-96.12929175
-98.527611
-96.72963525
-97.07159212
-97.80998775
-98.98973325
-96.13843163
-95.53357612
-97.74370837
-97.7294505
-96.43478513
-98.39589038
-98.974362
-96.88607587
-96.56727113
-98.51995725
-97.30967588
-96.49282463
-98.26586362
-95.10023663
-96.8855535
-97.44551925
-97.34952863
-96.69792525
-97.79564625
-96.68640375
-97.1844585
-97.8765645
-97.15282688
-98.09815238
-97.570116
-97.94995425
-97.42613963
-97.73549625
-98.33677725
-96.298143
-97.97164088
-98.61865575
-96.15432038
-96.39051225
-96.80483138
-96.95450137
-96.28169925
-96.94597125
-96.70956637
-97.32516225
-97.65861037
-97.17264938
-96.61032525
-97.56399675
-97.68173475
-98.086482
-97.39378088
-97.24946887
-97.73447025
-96.707721
-97.06903612
-96.69830738
-98.728293
-95.91504375
-95.61795937
-97.20946762
-96.2237985
-96.64045162
-96.21238688
-96.287892
-98.34531788
-96.581961
-97.8516645
-97.36675087
-97.148709
-97.90151625
-96.96541088
-98.383056
-97.09595662
-97.808112
-97.55803688
-97.45270275
-96.67203075
-96.69798525
-96.50626988
-96.86714587
-97.22284687
-96.22212825
-97.30365675
-97.020231
-96.22094512
-96.31226363
-98.34262762
-96.11097262
-96.80263575
-97.23717412
-97.21578413
-97.639932
-97.9059435
-96.11838225
-97.15522013
-95.46574538
-96.87419363
-97.03064363
-96.523605
-97.30085513
-97.60053938
-97.34701387
-95.44596938
-96.72302213
-97.83606113
-96.591369
-97.64581163
-96.58711087
-98.09317537
-97.84409663
-97.06234762
-97.41896212
-97.50718538
-95.735301
-98.345391
-96.04535475
-96.38803012
-97.0154895
-97.55658337
-96.6226125
-96.62938725
-96.6120435
-97.35817762
-97.35141413
-97.283064
-95.9770725
-97.63252912
-96.04019587
-96.59106112
-97.30472362
-97.12523438
-98.00615062
-97.79224087
-97.5568125
-98.29122488
-96.16675388
-95.81680387
-97.06095788
-96.32668613
-97.14951038
-96.43075837
-96.45093975
-96.69321337
-98.02906012
-96.69567863
-96.02913938
-98.03935763
-97.75962225
-96.49348575
-96.67167338
-96.373857
-98.85205162
-97.57141388
-95.89710637
-97.49601525
-97.90131862
-96.13580475
-96.15091313
-97.812606
-97.07227988
-97.64143875
-96.48276
-97.13029275
-96.742629
-96.64169138
-96.340797
-96.82942688
-96.2618265
-97.14705638
-97.90423837
-97.7277165
-97.42213237
-97.422102
-97.60399125
-98.13190088
-97.06971075
-98.3440785
-97.284201
-98.0295765
-96.68254012
-96.81242738
-96.6805335
-96.96835913
-95.99070337
-96.53701425
-97.51335937
-96.009681
-96.635097
-95.7134055
-96.77532825
-96.12091875
-96.46543838
-97.0058805
-97.43297513
-96.38875425
-96.81135712
-96.89429062
-95.84712788
-97.42638
-96.32448412
-96.063036
-97.24812338
-96.86337675
-96.85288425
-97.169601
-94.85452612
-96.49245187
-96.01827488
-96.81019125
-97.35778162
-96.940095
-96.56628675
-97.43670487
-96.44775075
-96.85883775
-96.59102138
-97.63130513
-97.38141563
-97.43352188
-97.88018288
-96.31296338
-96.30665588
-96.773982
-97.54145475
-97.52870925
-97.78235325
-96.649806
-98.20373925
-96.15731513
-96.524736
-96.17148375
-95.87748263
-97.25809875
-95.472549
-96.5769735
-97.04763825
-95.97647738
-96.09202387
-96.30705225
-96.03044137
-97.67435325
-96.49093462
-96.68948062
-97.66883625
-97.43148188
-97.14190312
-96.74040712
-96.99639262
-95.5535685
-97.26377738
-96.23235075
-98.02972612
-96.72924262
-97.66900763
-96.58008975
-96.08936475
-95.83743338
-95.53938825
-95.8553925
-96.68987813
-98.73226575
-96.861297
-97.39209862
-96.17593388
-97.24854412
-97.96899225
-96.74626388
-97.5809535
-96.81819488
-96.27924675
-97.57559775
-95.48485125
-97.6977225
-97.6230975
-97.02774787
-97.88483588
-96.44653725
-97.816911
-96.19092862
-96.70911375
-97.20127987
-96.81446738
-96.79288388
-96.89952413
-96.55476938
-96.71401575
-97.46358937
-97.46288062
-96.57027075
-98.90406525
-97.620651
-97.30078763
-97.30118175
-96.540462
-96.84531525
-96.39745987
-95.59913437
-96.41504325
-96.7519335
-96.66762713
-97.54258125
-97.4310885
-97.78237875
-97.63575712
-97.83980663
-97.01923238
-95.62895888
-98.5272045
-95.98623712
-98.14096012
-97.60475625
-96.34688438
-96.19849013
-96.63894787
-96.61432312
-97.2001425
-98.60272275
-98.65403137
-95.87485537
-95.63667675
-95.692965
-97.00086563
-95.98064175
-95.5949145
-97.24479413
-96.27855862
-96.9273645
-96.155022
-98.43196875
-97.10481825
-99.00040462
-96.30864638
-96.28837125
-97.03951988
-96.56130413
-97.33757812
-97.4662905
-95.94582187
-96.54839062
-97.1742555
-97.15715475
-96.61223288
-97.23009075
-96.3827325
-96.74515762
-96.03058313
-97.371237
-97.53030712
-95.70637088
-95.31175312
-96.480945
-96.58827563
-97.08299363
-95.76468825
-97.72393125
-95.74686825
-96.63168487
-96.543822
-96.89548613
-96.08951175
-96.65081737
-95.70280912
-97.22302838
-98.02122188
-96.07115025
-96.99605925
-96.09328125
-96.69182175
-97.3867275
-98.72282175
-96.91975425
-97.2555225
-95.439993
-97.01821462
-96.06748387
-96.82244175
-94.87333913
-96.1390155
-96.90504938
-95.64272775
-97.73781375
-95.9136435
-98.17110112
-97.77887212
-96.4289325
-96.11253337
-97.1618535
-96.91432388
-95.89502512
-96.50585025
-96.972912
-98.35360725
-97.13864137
-96.69040125
-96.19335938
-97.31500313
-96.2095065
-97.32224513
-97.449798
-97.987557
-97.66410562
-97.394253
-97.49779687
-97.38214313
-98.1779955
-97.43730675
-95.87763563
-96.44869125
-96.85517212
-96.90621712
-98.10463012
-98.18010113
-97.29362513
-98.48352862
-98.9371425
-97.39400063
-95.87464837
-96.507564
-96.66307463
-96.87215363
-96.84058725
-96.0185175
-97.65296887
-97.49711625
-97.42390088
-97.503423
-97.23416737
-96.20975437
-97.39172962
-98.383245
-96.76564612
-97.69457513
-96.57994013
-96.827121
-98.21382712
-97.353582
-96.77286262
-96.37090575
-95.94049237
-97.19265637
-98.7209325
-98.07609713
-96.70630425
-96.65795062
-97.5123885
-98.59742887
-97.57798313
-96.24326362
-96.76618237
-97.783353
-97.28067487
-95.53927688
-97.8146535
-97.513302
-96.92078025
-97.13968613
-96.617076
-97.01135625
-96.57409238
-97.63722787
-96.97215037
-95.932611
-96.943659
-96.06426075
-96.905661
-97.3092165
-97.81446713
-96.87651
-96.71341313
-97.910052
-97.13405363
-97.560564
-97.92741487
-97.39875712
-96.04741388
-96.75088763
-96.28824412
-96.6945915
-96.68886638
-97.56205875
-97.45589813
-97.41122963
-98.107959
-96.218169
-97.54222875
-97.3556265
-96.46568738
-97.07368275
-95.1248325
-97.15215937
-97.4374245
-97.69465763
-97.85897888
-96.53193112
-97.71681375
-98.658441
-95.73520125
-95.98957125
-96.97246125
-98.03768287
-96.74738737
-96.202794
-96.20676713
-96.98847037
-97.12449487
-96.76693725
-97.8912405
-98.250378
-96.165735
-97.65014888
-96.02163788
-97.29177263
-96.8601075
-97.27885875
-97.92063
-96.73794525
-96.3927135
-97.33806413
-97.04559187
-97.79598975
-98.21375475
-96.84664163
-97.06974338
-96.06804
-95.71941488
-97.22345025
-97.93853888
-95.70222487
-97.58049112
-96.409611
-97.526508
-97.37209425
-96.02570662
-97.575402
-96.689466
-96.96494175
-97.612758
-98.03558625
-96.01903875
-97.47188513
-97.23142725
-96.722004
-96.99645525
-96.93775162
-95.37461287
-97.7990715
-98.0384655
-97.262886
-95.3325795
-98.36151337
-96.953319
-96.876678
-96.75282075
-97.53242063
-97.09038112
-96.777528
-95.89711987
-96.83454863
-95.836212
-97.17918225
-97.37317762
-98.99249475
-95.98318088
-97.845717
-96.52031513
-97.0068135
-98.30776538
-95.78707912
-97.04587313
-96.08883337
-96.75614625
-97.37657587
-96.23580263
-97.51118025
-97.64581425
-97.54938638
-97.212957
-96.46282388
-96.02856263
-96.6695385
-97.68570825
-97.16667638
-97.33725712
-97.33218037
-97.23980475
-96.82134225
-97.5647295
-95.69641762
-96.84442088
-96.83994937
-97.836642
-97.554792
-95.71396537
-96.22378013
-96.4258725
-96.03812475
-95.91178875
-98.61019763
-97.32279225
-97.58235675
-97.571406
-96.3066375
-97.35594413
-96.31720838
-95.44125225
-95.67727612
-97.96728637
-96.4769175
-96.6532275
-96.31046513
-97.2902985
-96.49229063
-97.01737163
-98.84457375
-96.46418775
-96.397548
-96.9646545
-95.98242862
-96.02313825
-97.12427925
-96.28997513
-96.01940212
-96.57883088
-96.73218675
-96.70864763
-97.26456338
-96.51479138
-98.14272787
-96.997617
-96.64209375
-96.19068863
-97.91438738
-97.18721625
-96.6246135
-98.026179
-96.00956437
-98.2141455
-97.74193237
-96.02557913
-96.944361
-96.39918787
-96.29817562
-98.23526213
-96.74082825
-97.62690262
-97.64484038
-96.35753625
-95.72231288
-98.36260088
-97.40140987
-97.25357213
-96.134226
-96.9461625
-96.01389488
-95.2618065
-96.42260738
-97.63739625
-97.29769687
-96.49069687
-97.07812012
-96.08668575
-96.55838212
-95.871819
-97.88630213
-98.38378313
-97.32943237
-98.49917288
-96.90933337
-97.523646
-97.49783175
-97.74872963
-97.07109862
-96.0786555
-96.72212813
-95.81076187
-97.829523
-97.3721535
-96.972654
-97.27857638
-96.51098738
-97.5537585
-96.85309687
-97.031178
-96.186138
-98.04557962
-96.71544413
-96.94999725
-97.50652688
-96.7422915
-97.286805
-98.10299175
-97.39674487
-96.69271463
-96.75067838
-96.95952675
-97.03911
-97.60721812
-97.47799462
-96.543744
-97.29265687
-98.36295712
-96.77187187
-97.9591155
-97.41943987
-97.10254425
-96.83155088
-96.21450225
-96.66360487
-96.39861075
-97.36710037
-97.09489537
-96.67190888
-95.70670125
-96.44418187
-97.15258425
-96.52200412
-98.61463313
-96.11347575
-98.11296713
-97.531275
-96.32320238
-96.89160375
-96.86520263
-97.26855825
-95.35714275
-95.41135762
-97.35574087
-96.06263925
-96.69466312
-96.78324
-97.585317
-97.76645438
-96.453801
-95.08669612
-97.01712113
-96.900126
-95.94303787
-96.41401238
-98.48961863
-98.037852
-97.36103175
-96.125433
-98.67762638
-96.93821925
-97.54367662
-96.66978937
-97.00286963
-96.82156387
-96.247965
-95.09277487
-95.22831187
-96.68506687
-95.52843863
-96.67560075
-97.33734525
-97.56848325
-96.508014
-97.98059925
-96.10453763
-96.32547487
-97.8113415
-97.66923337
-96.54354
-96.99833963
-98.1656445
-96.57667687
-96.95306888
-95.48527762
-97.19945062
-97.26010312
-95.42927437
-97.00218187
-97.59120075
-97.57846537
-96.53182725
-96.88410788
-97.68725588
-95.65652475
-94.57266263
-96.78793725
-96.41901075
-97.43586788
-97.52268187
-97.02622012
-98.39594887
-95.98255312
-97.15743825
-98.70224888
-97.58342062
-97.92141112
-96.46635338
-96.501216
-97.75826738
-97.04660288
-95.08620862
-97.5755415
-96.82586512
-97.06865813
-97.3913565
-96.80069812
-96.19414912
-97.62735188
-97.71918787
-97.718166
-95.83006312
-96.878796
-96.2552655
-95.506956
-96.05859038
-97.01481225
-97.87330087
-96.96445162
-96.28912725
-97.39987163
-96.43343213
-97.14809137
-97.84433963
-96.82386863
-97.07745713
-96.83943562
-96.92449463
-97.28232375
-96.27417938
-96.62766338
-96.61945162
-96.19751138
-98.9529885
-96.672738
-96.35338425
-96.80105063
-96.6285135
-96.70403063
-95.76424537
-97.20565237
-97.51325212
-98.04300788
-97.560765
-98.29590263
-95.93949713
-97.65570188
-96.17326987
-97.4773425
-95.04427275
-96.637602
-95.97611588
-97.88683237
-97.58698425
-97.51790325
-97.16304113
-97.11980775
-97.26419625
-95.89474125
-95.493075
-97.9134855
-96.51054225
-96.03502725
-96.72112013
-97.1582205
-97.48875375
-97.2205935
-96.4787475
-96.411084
-97.56145275
-97.16291063
-97.69447312
-97.41473587
-96.04561237
-97.02572212
-95.8218765
-95.59012575
-97.842678
-97.5551985
-97.51082925
-96.86568675
-96.77184225
-98.15654287
-97.86101738
-97.07886337
-95.67334087
-97.86064838
-96.5607765
-97.10520637
-96.20597175
-97.081407
-96.5580525
-97.65431963
-96.52373625
-98.46260925
-96.43623375
-98.0433945
-96.445509
-97.7388255
-96.342801
-96.62011762
-97.27621913
-97.491672
-97.2898485
-96.114225
-96.81051112
-96.93967912
-96.87986512
-96.41831363
-95.33565487
-96.6416475
-97.66090913
-95.998983
-94.70661488
-96.08942062
-97.86324525
-95.48636062
-96.11186438
-96.232137
-97.00786237
-96.916092
-96.89995125
-96.51435188
-96.12388875
-96.97262813
-97.60904325
-95.28604425
-97.79925637
-96.81590025
-97.42498725
-98.03866912
-97.03478475
-96.41834512
-96.68413875
-97.45924238
-95.70071513
-97.73409375
-97.52926612
-96.62608763
-96.72986662
-97.80675263
-97.78842788
-98.31647662
-95.15825025
-97.09922662
-95.90450362
-96.16831388
-97.68510525
-95.01224513
-96.273315
-96.5339145
-97.17044175
-96.10089937
-96.08568563
-96.44245012
-97.44123337
-97.15927463
-97.17154013
-98.33531138
-94.83641325
-97.76240325
-97.13211863
-96.7414785
-97.39731713
-97.38444075
-96.839811
-98.57420025
-98.58022538
-95.7534945
-96.613395
-96.17445937
-97.257513
-97.44774975
-98.05231762
-97.17946687
-97.16622787
-97.95066788
-97.495437
-96.265041
-96.13731488
-96.48980588
-96.36975263
-97.18801163
-95.72414175
-96.53884987
-97.1860095
-96.87171225
-97.61665425
-98.06110988
-95.77018088
-97.979688
-95.90905838
-95.42784937
-96.715698
-96.45990188
-97.47056625
-95.860854
-96.21591075
-95.77912762
-96.22158787
-94.90792387
-98.19685425
-97.97392087
-96.603387
-96.70518563
-95.019486
-96.91649625
-97.091193
-96.40009575
-95.44133025
-98.04157238
-98.49998662
-96.722412
-96.66709988
-96.55418175
-97.83291038
-97.74115125
-97.46825438
-96.4559025
-98.12143238
-96.87001613
-98.34042
-97.2224985
-96.74322525
-96.09846975
-97.1704035
-95.12775037
-96.80641125
-95.42502
-97.44929512
-97.09598437
-96.95771513
-96.8311965
-96.250875
-96.615213
-96.92730675
-96.483633
-95.63571562
-95.87846625
-95.833389
-97.96923712
-95.67790388
-96.65929837
-97.46572125
-97.88470125
-96.91357575
-96.06817837
-95.78800875
-95.74092487
-96.98285963
-97.2299115
-97.61479838
-97.59623888
-98.63332837
-97.14713025
-97.07883113
-98.15974237
-95.86783125
-96.34910137
-96.8401545
-97.2797445
-98.00455763
-97.52734612
-96.72511688
-96.14861962
-98.375832
-97.125126
-97.18563225
-97.32489675
-96.42244313
-97.453749
-95.6088195
-96.30131775
-96.75122588
-99.0398415
-95.308413
-97.58308538
-96.3774765
-96.23744925
-98.97637837
-96.829113
-96.22836825
-96.976926
-95.563161
-97.7211375
-96.8596365
-96.2826015
-95.25740775
-97.22938237
-95.414679
-96.31849875
-97.657218
-97.6520745
-98.15692688
-96.30506213
-97.14180037
-97.4899425
-96.7286895
-96.46872225
-95.80998
-96.76726425
-97.01203688
-97.09065938
-96.417951
-96.194094
-98.53768312
-96.63012488
-96.99360788
-96.51043725
-96.50661788
-97.3188015
-95.90020012
-96.67703363
-98.02403363
-97.78925137
-95.83767038
-96.73820775
-98.9892465
-96.5179095
-95.57157787
-96.5488425
-96.58966125
-96.5055465
-97.27131637
-97.40094825
-96.7145535
-97.1580345
-96.38106
-96.81560362
-96.69659775
-96.6883755
-96.65499263
-98.23057238
-97.91978513
-96.44466713
-97.01438775
-96.93565163
-96.83481863
-97.062456
-97.00225762
-95.50606425
-98.4718215
-96.2569725
-97.120986
-95.53220887
-97.28012812
-96.73333913
-96.72050513
-98.315406
-97.56847163
-96.74056575
-98.506368
-96.55744462
-98.02735125
-97.55686012
-96.85778025
-96.38502075
-97.38990975
-98.49633488
-96.99358312
-96.75367237
-97.02659625
-97.82934637
-96.4184655
-95.98321425
-96.51765937
-96.86676
-98.255661
-95.69328262
-98.76795375
-98.01449963
-97.83339675
-97.53245962
-96.46233863
-96.65625862
-96.0989235
-96.09319988
-97.19391112
-96.53092388
-96.56229187
-96.14710913
-96.94685587
-96.73742137
-96.58607212
-97.11829538
-96.256794
-96.63478088
-97.18334587
-95.7602535
-97.94780063
-97.63973287
-95.7738465
-97.69519762
-97.38582188
-97.26009637
-96.588339
-95.87652937
-97.38548587
-97.02086437
-96.84566925
-97.2133605
-97.9052175
-95.89886137
-96.5935395
-96.62778937
-96.475071
-97.5775155
-96.27487612
-96.52347113
-96.67855388
-96.64656113
-97.75955587
-96.40095187
-97.13164912
-95.79366788
-97.17372862
-96.27393787
-96.99834563
-97.27389225
-96.44495962
-96.2994975
-96.80246513
-97.73513775
-97.47536138
-96.393087
-97.54443075
-95.97429487
-96.19991587
-97.9748145
-96.9356535
-96.41542163
-96.50634675
-95.941329
-95.03367
-96.5942895
-97.03771463
-96.97436888
-97.23964013
-98.21862075
-98.69006625
-97.905597
-96.72413363
-96.374346
-98.08945313
-98.31363412
-97.006416
-96.2671365
-97.23241725
-98.2656
-97.05508688
-97.19166637
-97.88801062
-96.88753087
-97.93726838
-96.86369287
-97.54188075
-96.1530495
-97.18649213
-98.86667138
-98.26394363
-97.08892837
-95.62814663
-96.96470625
-97.2330255
-97.53412537
-96.30819262
-97.0897815
-95.48005575
-97.07387437
-97.801617
-97.14344813
-97.76918662
-95.73262125
-96.426363
-95.86153987
-97.42514925
-96.55509525
-97.66327162
-98.37138712
-95.622531
-97.29410925
-97.27184325
-96.78802538
-97.58081588
-98.22554063
-98.081253
-96.25720725
-97.78365675
-97.1059335
-96.72780413
-96.13706288
-97.73998387
-96.45450488
-98.04818962
-95.36732887
-95.97072038
-96.38023613
-96.25042725
-96.78776325
-97.60089712
-96.7397205
-97.14037125
-98.00606775
-96.79888388
-96.707232
-96.52220775
-96.96149738
-96.40092937
-96.582633
-96.63294037
-97.38339825
-96.427518
-95.8651005
-97.9724895
-96.07815638
-97.0769835
-97.12683788
-95.3415525
-98.83502738
-95.75887012
-96.99554513
-95.04125175
-97.59026663
-97.63515638
-96.1072905
-96.70764975
-97.91284237
-96.9669345
-97.14343612
-98.57542912
-96.39089137
-97.16505825
-96.5904555
-95.42888775
-97.68945937
-97.57756763
-96.4642695
-97.24232625
-96.805836
-96.45628987
-96.29768363
-97.40610825
-97.48505812
-96.96961312
-97.3313805
-96.419235
-97.07324663
-97.37267775
-96.26919788
-97.42840725
-95.89924312
-98.95853475
-97.703031
-97.55317275
-96.56946263
-96.898683
-95.561793
-97.0404615
-97.0477695
-96.3385935
-97.05169125
-95.47236712
-97.15674
-97.8325455
-96.48351075
-97.65559162
-97.46278088
-96.761223
-97.237848
-97.39545375
-96.8271765
-96.87164962
-96.25815825
-97.570389
-96.47800388
-97.14747562
-96.41207437
-95.5335195
-97.02438337
-97.2719355
-97.61689687
-97.82770538
-96.92965088
-97.81538363
-95.717526
-96.63505537
-95.24815988
-97.48749488
-97.79779463
-97.22037788
-95.85692062
-95.173161
-96.89374425
-97.52728688
-96.03052275
-96.48257287
-97.66180912
-96.4165485
-95.41806
-96.19188075
-96.57047738
-97.16203837
-95.8983285
-96.91884412
-96.54488475
-97.39900687
-96.49275037
-95.94373162
-96.12406387
-97.43653988
-96.47808412
-95.64378412
-97.308147
-96.65374687
-96.952008
-96.64453237
-98.2534755
-95.99177588
-97.70015587
-96.42769087
-96.89448975
-98.1186075
-96.30670725
-97.49369775
-97.770267
-96.75329812
-96.59736338
-97.23859088
-97.3752225
-96.05920838
-97.57915912
-97.36196437
-97.14906
-96.94730437
-96.29295825
-98.114544
-97.33065337
-97.9371735
-96.49156275
-96.87913913
-96.01281637
-95.35090462
-96.88038263
-97.50244013
-96.83645437
-96.38740725
-97.40425763
-97.055724
-97.82531363
-96.424494
-96.30598988
-96.00268388
-96.26338088
-97.2750945
-96.898569
-97.11975825
-97.03214325
-96.68138137
-97.36290675
-96.76621012
-97.006341
-96.64966425
-94.97092725
-97.74340838
-96.85902788
-96.55700662
-96.35816025
-97.25313675
-96.96590475
-97.03223513
-97.96053375
-96.51720262
-96.06309
-97.905822
-95.2055775
-95.78399362
-96.6522285
-97.72154212
-95.83276237
-95.66699625
-96.77000025
-98.49230662
-97.22893162
-95.60163113
-95.68921425
-96.58533487
-96.734607
-96.75786075
-96.11005687
-97.1587515
-98.13253875
-95.68456687
-96.14721375
-96.777162
-97.90052438
-97.15896675
-97.49329162
-98.10156863
-94.93674525
-97.80783337
-97.80929288
-98.423655
-97.423713
-96.84220462
-96.92849288
-96.71842537
-96.99759525
-96.56101762
-97.16768363
-97.16890725
-96.28813838
-97.62849675
-96.94651875
-97.31995763
-96.99325912
-97.65628163
-96.57565388
-96.81692363
-97.11306112
-97.0106895
-97.40836125
-97.17990375
-95.68060688
-97.94876663
-95.46185662
-96.63731587
-96.6890235
-96.89776388
-97.4088825
-97.64424037
-97.0991325
-97.28685075
-95.627628
-96.52901288
-96.42544312
-98.15294438
-97.57432013
-96.59017463
-96.62281388
-97.47104175
-97.22116913
-96.92392575
-96.4730505
-99.12663563
-96.673803
-96.43065525
-97.22851312
-96.32284275
-97.80916088
-95.39649375
-96.22795688
-97.51039163
-97.044447
-95.15196713
-96.10553325
-96.3111285
-96.7519725
-96.99607763
-97.50576563
-97.71738863
-97.74809138
-96.7439655
-96.96732563
-97.36464038
-97.83897187
-97.19237887
-96.28384425
-97.64544413
-96.53660662
-95.06801288
-97.11250275
-96.684672
-96.67798162
-97.15572975
-96.083559
-97.4066565
-97.11600862
-96.46218262
-97.44782475
-98.10689738
-95.87462288
-97.1451195
-97.5927105
-97.14489
-95.82534337
-96.94717425
-97.62899737
-95.99262413
-99.14283937
-97.78510763
-95.86189125
-94.97307863
-96.641388
-97.30377675
-96.84102188
-96.673932
-97.82926238
-97.6077435
-97.32145425
-96.67017037
-97.92332363
-97.24546913
-96.85659412
-96.25647637
-97.61574675
-96.44274413
-96.68130788
-96.08958075
-97.1810115
-95.782374
-96.32367975
-96.89524162
-96.94116075
-96.35378587
-97.78126763
-97.76853225
-98.04282675
-96.9135225
-96.4825005
-96.82797863
-96.07668975
-96.38726438
-97.0412235
-96.426069
-97.78961962
-96.48313763
-96.78474638
-97.075026
-95.47020525
-97.16006775
-98.09944125
-98.28491587
-98.03176163
-96.36326438
-96.62298975
-96.99861675
-96.72087562
-98.08270238
-97.60948762
-97.70479125
-96.24166463
-96.37615425
-96.26621062
-97.519401
-96.2387745
-97.15149187
-95.49375187
-94.98425812
-96.33682087
-96.41941575
-97.4882415
-96.77333662
-96.38079637
-96.70591988
-96.14183813
-95.35340812
-96.76012425
-97.34495137
-96.80227988
-98.06513325
-96.51915525
-97.78707187
-97.8114735
-98.25369563
-96.99475163
-97.18921238
-95.90570212
-97.63927763
-97.48433362
-96.36062625
-96.15729638
-97.67080275
-95.71019625
-95.942328
-96.87005625
-96.35330775
-97.17689775
-96.43426613
-96.21743025
-96.1523835
-97.150353
-95.81019862
-94.83644063
-97.14682387
-96.75844875
-97.82172262
-97.241415
-97.40879925
-97.79762963
-96.5628735
-97.04651813
-97.97917088
-96.1903545
-97.44953362
-96.68846062
-96.8618565
-97.05457837
-97.30433813
-96.86482088
-97.95352912
-95.76950362
-97.476648
-97.3876125
-95.086293
-96.41251275
-97.599468
-97.44978375
-97.10461463
-97.63330012
-97.33347338
-96.2590065
-96.67794525
-97.21440525
-96.16995825
-96.295026
-97.05593325
-97.99185037
-96.48192075
-96.534888
-97.602114
-95.00519737
-97.36053375
-97.30915275
-96.41561812
-96.45052612
-97.38107137
-97.14125775
-96.45071025
-96.6538815
-97.13096363
-96.92952675
-96.6110415
-96.60296512
-96.613656
-96.610137
-96.57509175
-96.62403413
-97.04236463
-98.23013963
-96.62523488
-97.06922288
-97.773459
-96.76965338
-96.7706235
-97.43532937
-96.80448413
-97.06209413
-98.0971575
-96.09823088
-96.39847163
-98.15154112
-96.98422387
-96.417177
-95.92257
-97.48534463
-96.61022437
-96.29672175
-96.43136775
-96.9926235
-97.7796
-97.47776813
-98.12395312
-97.51272188
-96.4501365
-96.88444238
-97.20778613
-97.0736115
-97.703505
-95.89938
-97.70351437
-97.6688235
-96.24497287
-96.1980105
-96.53129962
-97.55426288
-97.54367212
-95.50504088
-95.77435988
-97.78942688
-97.88950837
-97.01722463
-97.348923
-95.85036188
-96.14469375
-95.2145985
-96.511611
-96.6862005
-96.45678337
-95.74478475
-97.02763275
-96.97990613
-95.63957812
-95.98227863
-96.28463737
-97.087134
-96.53057513
-96.58778175
-98.56655588
-97.6467915
-97.59296588
-95.84875163
-96.72117713
-97.89004237
-96.08542012
-97.467279
-97.328376
-97.26758663
-95.9529855
-98.57735775
-97.59993863
-95.384712
-96.60908325
-95.53448063
-96.96230963
-96.82335788
-96.43458
-96.73636988
-97.688214
-96.79369613
-95.92880062
-98.00478225
-97.64562488
-98.43492225
-96.977127
-96.783651
-97.24472663
-97.72759837
-96.53355375
-96.77650838
-96.79609088
-95.88143025
-96.24635287
-98.81465887
-96.73116038
-98.274888
-97.18006125
-96.61576537
-97.053492
-96.69627638
-95.377209
-96.56395237
-97.26944362
-96.66470475
-95.21781938
-96.608316
-97.79292
-97.5608865
-96.20673075
-96.40675575
-97.4461815
-98.1350835
-97.88531962
-96.30111825
-95.93715863
-96.00869587
-96.81401437
-96.393372
-97.31330475
-97.15024162
-96.66328125
-97.22787825
-95.85748162
-96.77527125
-95.627301
-95.95893375
-96.599781
-96.85957912
-97.926912
-97.07466675
-96.52671638
-97.40316375
-98.19771788
-95.62408388
-95.76567412
-96.99409313
-96.82069537
-97.51159763
-98.47328287
-96.04636462
-95.94653175
-96.93675862
-96.99422137
-97.27387125
-98.1121875
-96.97105575
-97.44465975
-96.729639
-96.54678037
-97.00464638
-95.99413087
-96.56024438
-96.37357613
-97.18736475
-98.06756062
-96.87752812
-96.31385025
-97.1576775
-96.67478213
-96.7418775
-97.2375225
-96.39484387
-97.57174912
-97.0316805
-97.35725625
-95.55097238
-96.44741363
-96.38673788
-95.83188975
-97.64915325
-96.56341125
-96.311862
-95.1185595
-97.2551025
-95.95593037
-97.44564938
-96.93887587
-97.04125687
-96.39670163
-96.85874063
-96.90363675
-97.87906875
-97.40105813
-97.408506
-96.3147285
-97.28440837
-97.247163
-97.6543905
-96.80268337
-97.59544312
-97.88080912
-96.428982
-96.99549262
-97.30047225
-96.83994337
-96.342045
-97.36103662
-96.87752812
-96.27586012
-95.75766488
-97.06288763
-98.14207388
-96.819753
-95.52856762
-95.32081462
-96.85027237
-98.00212612
-96.7290105
-97.71986325
-96.51108937
-96.83740725
-95.55247913
-96.73577662
-97.20132075
-96.5567445
-96.69571537
-96.12131775
-99.32248313
-96.89583375
-96.6484665
-96.35893162
-97.42341225
-96.67121737
-98.11592363
-95.83396987
-96.71623013
-97.360467
-96.79799962
-99.27548175
-96.82473262
-98.62132612
-97.01807512
-97.40160638
-97.18796587
-96.6525435
-98.88847313
-95.85613537
-98.24139187
-95.89226175
-97.14197925
-97.60997212
-97.40676938
-97.27167263
-97.68943762
-96.44597325
-97.714407
-97.78095113
-96.75330337
-97.04220975
-96.649596
-97.69876387
-96.902256
-96.780222
-96.52266413
-97.09247738
-97.2963195
-96.26058675
-94.97311988
-96.09972263
-94.6195605
-97.062903
-96.60626625
-95.87263988
-98.2833405
-97.60202588
-95.82499837
-96.75872475
-98.227422
-96.52778738
-96.57622687
-97.23809063
-96.8390895
-97.79572688
-97.21321125
-96.8298225
-95.84125088
-97.138329
-96.00087825
-95.08964287
-96.79342762
-97.43139788
-97.29532013
-96.40689112
-97.61493675
-95.41699312
-97.02019425
-96.389421
-97.68968438
-96.88218825
-97.90609725
-97.76000213
-97.93243012
-96.12459862
-96.36756225
-96.09805725
-95.99214225
-96.272436
-96.25571175
-96.11539162
-96.4272495
-94.93286925
-97.916919
-95.40272363
-96.37394513
-97.4086185
-98.06509275
-96.54213937
-97.21708238
-97.20791025
-98.27290125
-96.9806445
-97.4307855
-96.2973945
-96.97169775
-97.54691325
-98.63853037
-97.49094075
-97.30978388
-97.0549095
-96.95529112
-97.42957275
-98.35394025
-95.809791
-97.16797463
-96.728937
-97.92117863
-96.706881
-97.55383537
-98.29797375
-97.24016513
-97.33303087
-96.61861388
-96.301089
-96.08210738
-98.56100025
-96.1721415
-96.54822862
-96.92438513
-97.0066995
-96.86380425
-95.500248
-97.69680487
-99.52493887
-96.36916012
-96.22723313
-97.24908525
-96.54526913
-98.126382
-97.8010065
-97.43596463
-96.77006475
-97.8987105
-97.801104
-96.20645587
-98.1103005
-98.22559688
-96.045756
-96.92372925
-96.19972988
-97.49659125
-97.45886025
-95.75297812
-97.1973465
-97.50351038
-96.58221
-96.990672
-96.8236365
-96.1912365
-98.63954437
-96.69585338
-96.91376437
-96.21647363
-96.36621112
-96.21364838
-97.49096325
-97.47255788
-97.6957365
-96.6738195
-96.14320837
-96.4071915
-97.4259525
-96.87087337
-96.88979813
-95.63799862
-97.48494375
-97.62901688
-95.79651938
-96.14381175
-97.63261125
-98.25216075
-96.48274875
-95.39730712
-97.66624013
-97.15970625
-97.50382238
-95.97398588
-96.37741238
-96.81331312
-96.37259138
-96.95495137
-97.03464375
-98.893629
-95.51081663
-97.90784137
-96.4476285
-97.15839788
-97.65452362
-97.99766063
-96.51795525
-97.92734287
-97.82053537
-96.3539895
-96.37960837
-96.15260887
-97.17420488
-97.60045575
-97.62908325
-96.27771412
-96.81966862
-96.79292962
-96.73128
-97.2012045
-96.53181525
-97.35712762
-96.93460275
-95.80972238
-96.9983295
-97.26577387
-95.56818938
-96.57665063
-95.5542405
-96.59015363
-95.66772975
-96.38656275
-97.48309125
-96.71522288
-96.74003212
-97.16010787
-97.92943125
-96.7538235
-96.75089625
-97.80471413
-98.67075488
-97.94758763
-96.962265
-96.8194575
-97.39952438
-97.59638775
-97.50702937
-97.52543438
-96.411888
-96.78723825
-97.7339205
-98.47241963
-96.2479395
-97.92101363
-96.86421187
-98.11358962
-96.73643438
-96.17113425
-95.93355825
-97.18760325
-97.29129488
-97.28591925
-97.17192525
-99.29556788
-97.008606
-96.48300713
-97.24712325
-96.43795387
-98.01594675
-98.21190375
-97.3331775
-96.62834737
-96.75828975
-97.37372963
-97.693734
-95.43638587
-97.590375
-96.4448385
-96.93115763
-97.370259
-96.55893113
-97.51963913
-98.5742175
-96.4492665
-97.32400913
-97.37607862
-97.29550538
-95.71341037
-96.36949312
-96.98159888
-97.59500062
-96.25007737
-97.41683812
-97.54261838
-97.05439237
-96.237081
-95.79329512
-96.65444025
-96.8020515
-97.01722725
-96.13465688
-97.77332625
-97.089426
-95.82679163
-96.38948287
-98.65097175
-96.64528575
-96.60769988
-98.50121888
-96.59815125
-96.986121
-96.73570388
-96.20845387
-96.46215187
-96.70819012
-96.17379862
-95.7981765
-95.69612325
-97.65845887
-97.16835862
-97.76810025
-96.37355588
-98.13008812
-96.57560775
-96.28715175
-97.09709925
-97.73546062
-97.97912625
-95.98635788
-96.96614437
-95.97886313
-96.29910487
-95.95235213
-95.85224587
-96.98847675
-95.02580813
-96.457575
-96.02494725
-98.54456587
-97.6731465
-96.69022237
-96.09521063
-96.71517112
-95.10098812
-97.78932112
-96.13653525
-96.54940725
-96.73378875
-95.96249287
-97.65068137
-96.76776713
-97.395732
-96.5936535
-96.82474162
-96.38200575
-97.88754075
-96.63106462
-96.56616188
-96.24844575
-95.29622063
-96.716469
-97.86462112
-96.41744588
-97.20812925
-96.44921925
-97.03637325
-96.53003475
-97.91828738
-96.16455075
-97.23619575
-96.52912012
-97.69492275
-97.04638875
-96.64919063
-97.019109
-97.32351937
-96.33186938
-98.63413463
-96.51900675
-97.88132887
-98.51423513
-95.13001875
-96.6622005
-96.26112075
-97.6824615
-96.27653325
-96.57447413
-96.73235062
-96.59413387
-97.74314963
-97.72185525
-96.32211413
-96.30027075
-96.79409475
-96.599964
-97.07974425
-97.52414438
-95.40482025
-96.61096088
-96.7479
-95.9958555
-98.98278825
-97.71709462
-97.51692938
-97.24377787
-96.54903975
-96.8922615
-95.76088275
-96.65104762
-95.739846
-96.81301612
-96.25580625
-97.1055255
-97.16344725
-96.226056
-97.52271862
-97.0058535
-97.46090512
-96.7095555
-97.7440935
-96.38897625
-96.72434813
-96.777954
-98.01510938
-96.26526338
-96.54203063
-96.67318125
-97.36445025
-96.15581138
-97.61300213
-97.33620713
-97.44801
-96.10639312
-97.09647338
-96.19840425
-97.01020762
-95.44107075
-97.7947365
-96.24005962
-95.69463975
-96.891495
-95.96858587
-96.71861212
-98.34561225
-97.8549765
-96.22111612
-97.0623525
-96.51538763
-96.39544575
-95.89308825
-98.2158405
-97.34208637
-96.56471362
-96.70443375
-97.06248937
-96.65745638
-97.38376838
-96.37710975
-97.01515238
-96.30842625
-96.92285213
-96.6283815
-97.251786
-97.7236035
-97.09432725
-96.378552
-96.9220725
-97.16720175
-97.00289288
-97.94454337
-97.29800925
-96.87353363
-97.86951975
-97.66672312
-97.13476125
-97.46458162
-96.87451388
-95.6167095
-96.01750087
-96.75892387
-96.61883663
-96.061371
-97.38939525
-96.83332163
-98.95013213
-97.16777138
-96.98859
-96.680307
-97.02576262
-96.69309038
-97.36324162
-97.29614137
-96.55832138
-97.46087062
-96.10203
-96.27618562
-96.31025362
-97.52814675
-97.52876588
-97.78235325
-97.38521025
-96.64498125
-97.98107663
-96.31329713
-95.86888987
-96.05844788
-95.78915625
-98.14537575
-96.92545125
-96.83642512
-96.72203625
-96.269313
-96.93992025
-96.51702825
-96.00134925
-98.50888725
-96.79253962
-98.78394075
-97.93035825
-97.220094
-95.57483812
-97.48889437
-95.54232975
-97.22613675
-96.24226988
-95.71230263
-96.54768787
-97.38364913
-96.79779525
-96.14740387
-97.41559725
-97.83453075
-96.85657537
-97.28842238
-96.06045337
-97.60168237
-96.78329363
-98.48288288
-97.082871
-96.896595
-97.83496912
-97.73592525
-96.0938535
-95.78259037
-95.96946562
-98.2938105
-96.12276112
-96.51905962
-97.67122425
-96.9739635
-95.93005537
-97.84498275
-96.61667437
-95.26227263
-97.14080025
-96.69318788
-97.76495738
-97.58813475
-97.99391662
-96.67137225
-98.47076325
-97.4436705
-97.87359375
-97.44186938
-95.3777745
-96.79620113
-96.9157425
-97.27238625
-96.23480288
-96.475689
-96.77431538
-96.18268425
-98.28965475
-97.48088925
-97.45571025
-96.27824025
-97.04877037
-96.54725662
-97.97240025
-96.29696812
-96.56683087
-98.080779
-95.918358
-97.41398325
-97.88825588
-97.07897513
-97.58250788
-95.97042975
-97.30129238
-97.40844375
-96.31111088
-96.57139725
-96.80898713
-97.52698387
-96.90319538
-97.09492763
-98.13476175
-96.18616125
-96.677952
-96.444606
-97.21095975
-97.98643837
-97.86750375
-96.79751738
-95.95195125
-96.98297213
-97.90738725
-96.573069
-98.1536295
-96.9102825
-96.664101
-96.48287925
-97.62952875
-97.501131
-96.33004987
-96.95592563
-97.15191113
-96.18976763
-97.12373887
-97.935672
-96.96053175
-97.09942612
-98.12225738
-96.7057755
-96.0597165
-95.6899185
-97.2477165
-97.13275688
-96.22540875
-95.60722462
-97.99282725
-97.56759788
-97.75451137
-96.42298162
-96.65656913
-97.26965737
-96.85182712
-99.24966712
-97.08220313
-95.94930412
-96.631617
-97.9397775
-95.90811488
-96.2946105
-97.7039745
-97.65423975
-97.41944475
-97.48048238
-97.06897537
-97.61586825
-96.41554575
-96.73567088
-96.95193038
-95.30377688
-97.29680363
-97.1130045
-96.82177987
-97.3525635
-96.59440013
-97.94384588
-96.96041625
-97.27214625
-97.007124
-97.59750412
-96.58859137
-96.30234713
-96.43556363
-95.61573225
-96.04755225
-96.550479
-96.64618462
-96.18897112
-97.32294487
-97.42179863
-96.33204075
-97.1152935
-96.86798325
-96.392994
-97.69436138
-96.84817613
-96.73476525
-97.406316
-95.16058762
-97.58564588
-96.94768913
-96.36171113
-96.59130675
-98.62777125
-96.458076
-97.81128338
-96.2787465
-98.28451088
-97.34223413
-96.9619065
-96.402189
-96.02138625
-98.24070337
-98.45611087
-96.78971662
-96.446139
-96.481221
-97.68189675
-96.04789687
-96.52251075
-97.27670025
-98.11669725
-97.607694
-97.41545588
-97.20781012
-97.10136187
-97.53375225
-96.12996
-96.33849862
-96.654318
-96.72844462
-97.03169138
-97.71137888
-97.23719175
-97.08848063
-96.09304725
-97.38399113
-96.8534475
-95.85129038
-96.82184775
-97.778829
-96.02154825
-96.4565715
-95.7528735
-96.99539138
-95.62375237
-95.8999995
-97.42697438
-95.90653988
-95.63579737
-97.59168038
-96.88290638
-96.79466775
-97.79500987
-98.19772725
-94.81558762
-99.05337525
-98.19636825
-97.14413662
-96.36497437
-97.45729238
-96.18551175
-98.01258225
-97.8634485
-95.67649425
-97.48517288
-96.79990425
-97.763676
-96.82298775
-98.11189088
-95.66708025
-95.85909413
-97.40573737
-95.60183587
-96.79279837
-98.13750788
-96.66066975
-96.10226362
-97.20422887
-97.23136687
-95.78565338
-96.184041
-96.38846475
-96.6179655
-97.964694
-97.393323
-96.74267587
-97.02362213
-97.54520663
-97.44945263
-97.38860288
-96.1252185
-97.38457762
-95.8490445
-96.30568912
-96.89616975
-97.601712
-97.299762
-97.6842645
-96.721005
-96.1045515
-96.43642762
-95.70911587
-98.01160725
-98.3712165
-96.50446688
-98.59858012
-96.52514737
-96.117402
-97.819734
-98.36936175
-96.588921
-96.13254075
-96.26408325
-97.1514315
-96.79607212
-96.4059225
-97.240476
-97.16367562
-96.22631362
-97.47568688
-95.94647063
-97.099353
-97.94888775
-97.784121
-96.22278488
-96.88699125
-97.7216295
-97.318968
-97.5252945
-95.51858775
-96.72770438
-98.84446687
-96.66610838
-97.23178388
-98.61777638
-97.07120513
-97.31736412
-97.25748488
-96.72653587
-96.67120912
-97.16062688
-98.38477725
-95.88287475
-97.331556
-97.22702212
-97.34376788
-96.32081475
-97.66823663
-97.01670375
-97.17716325
-98.917014
-96.31670138
-96.0532575
-96.93293888
-97.12037738
-95.68169063
-96.14865938
-96.39143062
-96.40919063
-96.87634275
-97.1112555
-97.65320888
-97.65213
-96.40138313
-96.66653362
-97.96065412
-96.70172213
-97.2609915
-96.14848988
-97.54321725
-95.58232425
-96.7045725
-96.82845337
-96.54216487
-96.760977
-95.94120562
-96.676581
-98.39241525
-96.26420287
-95.88494512
-97.01206275
-96.07136438
-97.7499105
-97.19313938
-98.08451288
-96.82849088
-96.79628812
-96.95435775
-97.370514
-97.26989212
-96.43284338
-97.17252187
-97.67947613
-95.79679387
-97.709208
-97.74237562
-96.09371175
-97.69419712
-96.2746605
-96.92829225
-97.13489813
-96.59698688
-96.30887625
-96.64753162
-97.336455
-97.47512775
-96.745821
-97.22290725
-98.44619738
-96.57570487
-97.34036888
-97.69039838
-97.10432813
-97.35025462
-97.64479687
-96.3352185
-96.35944575
-95.12593162
-97.19831287
-96.17543288
-96.39273225
-97.71942487
-97.0566075
-97.71363563
-97.46486737
-97.64422425
-94.490976
-97.91267213
-97.290219
-97.10722388
-97.11074212
-97.26456713
-98.30993587
-96.8120985
-95.33948512
-96.66014287
-97.49838412
-97.56082538
-98.28268875
-95.79846188
-98.00853188
-96.30517088
-97.54914788
-96.32481975
-96.92519738
-96.61217137
-98.0618775
-97.4204595
-97.07228775
-97.75226962
-96.1346115
-96.12079612
-97.048677
-96.05802263
-97.36052025
-97.02044663
-97.06241363
-97.08258
-98.02654425
-98.41576312
-96.356415
-96.48009487
-97.45973812
-95.76964275
-96.885993
-96.29466375
-97.1550015
-97.41691913
-98.509407
-98.12912588
-96.9090105
-96.76576838
-97.60680187
-96.56884275
-96.91546125
-96.9936795
-97.12927988
-96.28195725
-97.32960487
-96.46108125
-96.2718705
-96.02500425
-96.49668038
-94.25776725
-95.00728725
-98.353212
-96.15150637
-97.35679687
-96.5308845
-97.34400075
-97.363251
-97.33206975
-95.61224175
-97.62797175
-97.21776863
-97.22122688
-95.4722685
-96.2024655
-96.86306925
-96.36038025
-98.26457175
-97.74176175
-96.86809388
-95.81392838
-95.60722238
-96.78953475
-97.086888
-97.12340813
-97.789821
-96.31485675
-97.59394125
-97.29151838
-96.06872175
-96.9879885
-96.0891525
-96.36610837
-97.64956275
-96.47847
-97.49202225
-98.592078
-97.38892388
-98.05502588
-96.25147613
-97.35993187
-96.56352337
-96.6869655
-96.1784085
-96.85198762
-95.97396862
-96.69131737
-97.15599562
-96.9965235
-97.90285312
-97.30160663
-97.04786025
-97.59582712
-95.03663213
-96.67397175
-95.72770837
-97.19756625
-97.57760438
-96.27158288
-98.21524162
-96.93889388
-97.1986065
-96.18905325
-96.48144225
-96.64732387
-94.16721
-96.90347288
-96.56896725
-96.010737
-96.41319263
-96.4161885
-97.28415638
-97.66498537
-95.78896238
-96.7174095
-97.193481
-97.00029225
-97.268601
-97.66231537
-97.06089937
-96.142368
-96.17780212
-97.0012755
-97.22953575
-97.6923915
-96.39889275
-97.05614325
-97.05933563
-97.38641025
-98.71436062
-96.4606005
-97.44157088
-97.75783425
-98.05473488
-95.46219113
-97.53727763
-95.91251025
-96.507495
-95.20610063
-96.048336
-96.94613025
-97.60231688
-96.76763513
-97.7661195
-96.78045788
-96.4916355
-97.51281938
-97.81253438
-97.10810438
-97.22392087
-97.95881138
-95.63938875
-96.936897
-97.5713085
-98.15340075
-96.65984775
-97.4877945
-96.77665087
-96.81462075
-98.67438112
-96.694653
-96.88219012
-96.18531562
-97.48129988
-97.00712062
-96.71844037
-96.5962425
-96.00080438
-97.24262888
-96.4369305
-96.376923
-96.686421
-96.26459887
-95.8904445
-96.89047163
-96.901728
-98.65079438
-97.44763237
-96.09831637
-96.26713875
-96.4272735
-97.4359725
-98.41872112
-99.10702088
-97.40493638
-96.702198
-96.07312462
-96.46245262
-96.94342125
-97.25555362
-96.86221125
-95.86113713
-96.94641225
-96.50690325
-96.00989925
-96.85011975
-96.91436137
-96.45820088
-97.43301488
-97.51502813
-97.15073288
-97.17180825
-96.0474585
-97.7447145
-97.13647912
-95.81234212
-97.11357713
-97.24415475
-95.72114587
-97.04712562
-97.99715513
-94.99387575
-97.12994363
-96.58852425
-97.12465913
-96.49621912
-96.97269975
-96.35572837
-98.04198225
-97.4970285
-96.20884537
-97.21150162
-96.50415037
-97.05666525
-98.074962
-97.8110205
-97.8956145
-97.17180525
-97.38399563
-96.03127725
-97.04157075
-96.85527
-96.29715788
-97.86800288
-97.48535625
-97.27252538
-97.10596763
-95.83566975
-95.4171105
-97.97105625
-96.79994512
-97.20995175
-96.40334475
-97.95754425
-96.89761613
-97.28221875
-98.110389
-96.63354187
-95.86703925
-96.30067162
-95.94928387
-96.248286
-97.28688
-97.59018075
-98.35538438
-95.9762535
-98.36351325
-97.2543585
-96.31179788
-97.29350775
-97.6200525
-97.7832975
-97.22201287
-97.04742525
-96.14031562
-97.52147437
-96.03207975
-98.00246475
-95.46689588
-97.04724487
-97.40744963
-97.584255
-97.61257875
-97.26556238
-96.18173325
-97.3250805
-98.12171137
-98.22307537
-95.91560138
-97.17012338
-94.71820088
-96.258981
-95.69516475
-96.32808863
-95.72042138
-96.97509862
-96.5838015
-97.25652563
-95.9495685
-97.12720613
-97.40192887
-97.89766987
-96.83512837
-97.85448
-98.27172412
-95.82127875
-96.3312525
-95.77702388
-96.69442425
-97.67950425
-96.13146825
-97.53361612
-96.18177862
-96.18061912
-96.87107475
-95.3730945
-96.08906325
-98.03463075
-96.22781138
-97.13442788
-97.14912675
-96.96935625
-96.32008988
-96.48875888
-97.57782413
-96.987147
-96.61413375
-96.01473975
-96.5147715
-97.208136
-96.80310112
-96.0916365
-96.49564537
-98.53611113
-97.91412787
-95.92384275
-95.63461162
-95.38251637
-95.70243337
-98.21298788
-98.80578825
-97.74461662
-98.07454125
-97.29129937
-96.64690913
-96.236568
-97.32480563
-95.9199495
-97.81616738
-96.328131
-96.25971788
-96.6659325
-97.73582438
-96.8640465
-96.74716312
-97.52119125
-98.28895613
-96.19244175
-95.6573055
-95.667114
-97.32871537
-96.79160625
-97.89856013
-95.54987738
-96.36827325
-97.5021945
-96.20462662
-97.9022805
-97.32028275
-96.77252738
-96.864762
-97.60281788
-98.22608662
-96.91596938
-96.37809075
-97.36398975
-96.00018112
-97.0292655
-96.51394687
-96.067875
-98.294061
-95.09554837
-97.90651425
-96.7068105
-97.21882875
-96.37400962
-96.96553762
-97.1615625
-96.90315263
-97.394838
-97.61528662
-97.005867
-95.84740613
-96.60050287
-97.02678375
-96.39799875
-95.67499388
-97.64637675
-97.1027955
-96.9420855
-97.1197905
-96.85277588
-96.15630862
-94.94641988
-95.559903
-97.77625163
-97.75716225
-97.859706
-96.94269112
-97.1301675
-96.5836725
-97.43089087
-95.54779538
-96.58086488
-96.42751538
-96.262263
-97.53059775
-96.69461962
-97.72687575
-98.1543165
-96.924768
-97.39919325
-97.14291413
-95.96652188
-96.11657513
-96.40558725
-96.25062413
-97.01890875
-96.7146075
-97.40529075
-97.02488625
-96.23895863
-95.91503063
-98.33319675
-97.422564
-97.44530213
-96.93129638
-96.81021075
-96.16606912
-96.5104995
-96.39660862
-96.5394555
-97.53175425
-97.72755712
-95.89145175
-97.17554888
-97.40572462
-97.771806
-96.678273
-96.02153925
-95.814606
-95.32237088
-97.8187905
-96.14100862
-95.73339975
-96.82628325
-97.403667
-97.82870887
-97.07330362
-95.96260387
-97.65235987
-96.51686588
-95.805012
-97.48560487
-96.53309288
-97.62205837
-97.06290788
-98.06893575
-96.24527325
-98.95760212
-97.23317025
-96.44495775
-97.40448412
-98.41220175
-96.273291
-96.99919313
-96.28838175
-95.92649025
-96.91394363
-98.44944713
-96.64853662
-97.308906
-97.32314063
-96.02787862
-96.30980475
-96.43702237
-96.54380887
-98.13510563
-97.20219375
-96.8858205
-97.40414212
-96.4920765
-96.4901805
-96.15451012
-96.255081
-95.58852825
-96.75705225
-96.1286505
-96.72027675
-97.69952625
-96.68804588
-97.4306325
-97.94609062
-96.48799762
-97.00073325
-96.636162
-96.06341288
-96.3443505
-96.28237125
-95.97334013
-97.40481375
-95.65325888
-97.59952838
-96.90216225
-95.97727875
-97.40701425
-96.23325075
-95.88070763
-96.13551563
-97.16309287
-97.49701987
-98.18859675
-96.88359787
-98.1553095
-95.96718638
-95.73317512
-97.4975235
-97.1116845
-96.918402
-96.126438
-96.74245013
-96.99666938
-97.0711455
-98.5863195
-96.14230275
-96.60826012
-96.501744
-96.6658665
-96.67192913
-95.10917775
-95.66463825
-95.07921487
-96.66727125
-97.11042188
-94.83904837
-96.91484062
-97.87906612
-96.36196725
-96.59462325
-96.78532763
-96.29296538
-95.49254625
-97.6419165
-97.094766
-96.89538938
-97.66040775
-96.73227863
-96.16912013
-98.45310863
-97.15419862
-96.61620262
-95.88132525
-97.220946
-95.58408225
-96.56092125
-98.32930762
-96.29663512
-96.40886288
-97.07326013
-97.25196487
-98.87339625
-95.99589038
-97.31711025
-97.79449875
-96.22529025
-96.62753663
-95.767713
-96.008076
-97.03574662
-97.57885537
-97.8745995
-96.85897013
-97.98817837
-96.38316262
-97.024473
-96.3952155
-96.80293425
-96.56703825
-96.61229288
-97.32170175
-97.0471545
-96.95254275
-96.33435187
-95.88458813
-97.31740388
-98.266281
-96.29297438
-96.75678675
-96.94132125
-98.4237495
-97.00633463
-96.792471
-97.2115485
-97.281669
-97.03715288
-96.69975637
-96.76376925
-96.07499438
-96.76955287
-96.95873175
-96.07337775
-97.46605125
-97.40722013
-96.97499737
-96.47840588
-96.492876
-96.78863888
-96.53465438
-98.31492487
-96.14105025
-96.21620437
-96.52589138
-95.97100163
-96.63823387
-97.57165125
-96.5271075
-96.71361263
-97.0757385
-97.5135375
-95.79439162
-97.58826337
-96.25400775
-96.7486305
-97.4048385
-96.96080025
-97.41474487
-96.72080775
-95.37727162
-96.183741
-97.78878112
-97.52565488
-97.04182687
-96.80007788
-97.45837762
-96.53220675
-97.48729087
-96.48508312
-94.85266162
-96.20815125
-97.870758
-96.84134663
-97.67638275
-97.17632512
-97.11745088
-95.98407075
-97.55546625
-97.71024075
-95.865693
-97.96421437
-96.15329587
-96.85908863
-96.4454385
-96.0579825
-97.50221662
-96.77805038
-96.73290037
-96.18662662
-97.118388
-96.26714737
-97.5122775
-96.60761175
-97.44056588
-96.38267587
-96.13731712
-96.08672325
-97.46256937
-95.64478275
-96.21390187
-97.640283
-96.32629125
-96.42651375
-96.54855375
-96.67467525
-97.81039237
-95.97541725
-96.441228
-96.4155255
-97.7697525
-97.27971225
-97.316046
-97.48598213
-96.77088712
-96.877524
-97.06923563
-97.18422
-97.541517
-96.27364612
-95.8661625
-97.43670188
-97.77703912
-96.465288
-95.3232675
-97.05742162
-96.86369887
-96.78000262
-96.85558087
-96.85344
-96.04151588
-95.99041088
-97.382478
-96.63598313
-96.16953488
-96.29852175
-95.79682725
-99.40590263
-98.20042538
-98.28063675
-95.1194115
-96.93081075
-96.02548012
-96.89396175
-95.10910163
-97.75819425
-96.4638795
-97.354497
-97.40609438
-96.7081995
-96.48284513
-96.16063125
-98.41229888
-97.04378887
-95.99930062
-96.08462625
-97.39461787
-97.04558288
-96.979875
-96.93891975
-97.2703335
-98.42329575
-98.251569
-98.27648362
-96.41276925
-96.59016675
-97.0629135
-97.75400512
-97.36492538
-97.2547995
-98.80760887
-96.06690938
-97.41597038
-97.87684875
-96.66873075
-97.58380613
-97.59907912
-98.47008262
-97.03085587
-97.15139437
-95.59804012
-97.65743737
-96.87819412
-96.2715495
-97.73345813
-95.91324487
-97.8339255
-97.00248637
-98.39296462
-96.61504575
-97.38397312
-96.56189062
-96.71475375
-96.833982
-97.60685025
-97.19960962
-96.04401975
-97.85568113
-98.22295537
-98.0957295
-96.99811913
-95.999505
-96.081294
-97.58062763
-97.69511287
-97.61526112
-96.51494925
-98.02684762
-96.01207613
-97.14973275
-97.42604175
-96.30711225
-97.3255335
-97.63844625
-96.5063565
-97.3842135
-96.95620162
-97.029162
-95.53036575
-95.31794212
-98.72533238
-98.38978388
-96.13851112
-95.99177212
-96.99055275
-97.3345515
-98.11672725
-98.67527175
-96.1339485
-97.8084015
-96.65591588
-97.58657325
-96.37594387
-97.252314
-98.38313138
-97.325925
-97.94836388
-96.81257812
-97.8259785
-97.55464875
-97.07822625
-95.77253513
-97.42140188
-96.704469
-96.65205487
-96.19853925
-96.8477565
-95.71315875
-95.76851588
-97.90351575
-96.41831662
-96.52694362
-95.84328637
-97.78542712
-95.99840813
-96.18664687
-96.35575088
-97.09728075
-97.123344
-95.86469137
-97.17628312
-95.80340437
-95.80876312
-96.6404715
-96.73258313
-97.32615413
-98.07481837
-97.02173962
-95.29959825
-97.63755563
-97.9703355
-97.59724987
-97.59184537
-97.15965338
-98.24708062
-97.77622162
-95.62081275
-96.053004
-98.13850088
-95.339724
-95.98913662
-97.11325088
-97.32343875
-97.684632
-95.93979675
-97.7356215
-97.9437645
-96.54407512
-97.05923738
-95.89600875
-95.9955015
-97.16211675
-98.32491113
-97.2180525
-97.35751762
-96.3533025
-96.14499937
-98.30585175
-96.68444775
-96.90264
-97.43865337
-97.06713712
-98.75157375
-96.89821762
-96.4892085
-96.73724887
-96.363558
-96.43131563
-96.470208
-96.63903075
-96.77023425
-97.1993415
-97.5064755
-96.63967012
-97.04017425
-95.87387662
-97.69252575
-97.25821837
-97.0657755
-96.73379663
-97.57909463
-96.80287125
-96.8075235
-95.75783888
-97.32335588
-96.94935038
-96.90753788
-96.33595387
-96.20559488
-96.12438562
-96.73487438
-96.88831913
-96.66878212
-97.39205587
-96.358935
-98.144133
-97.11977513
-95.621169
-97.06899525
-96.75446175
-96.47147588
-96.8086815
-96.52010737
-96.89637937
-97.19876887
-96.30090338
-98.04527813
-96.8135115
-99.3028005
-96.10874775
-96.91578975
-96.44539388
-97.18598663
-97.960137
-97.91663137
-98.077575
-97.3707225
-96.1779675
-96.04522988
-96.02626987
-96.05263012
-97.71466725
-96.80229225
-96.48124575
-96.38693625
-96.928239
-95.72388788
-98.35246275
-96.522918
-97.25399925
-95.22525825
-96.51216675
-95.66717063
-98.31798825
-96.5094855
-96.58504238
-97.1589975
-95.86133887
-97.540221
-99.62734238
-97.32305663
-95.5205925
-96.872976
-96.817065
-97.34591438
-96.837432
-96.69502162
-96.0602685
-95.2768665
-97.14028988
-96.97635375
-96.33249525
-97.08201187
-96.5980575
-98.62172137
-97.08319012
-96.47004638
-95.95253025
-96.74685187
-98.12579663
-97.97174663
-96.52485637
-95.54005313
-97.24209225
-97.21069125
-97.37250375
-96.36947663
-98.01221175
-96.93166988
-97.43768212
-96.91326487
-95.32078012
-96.08054737
-96.435459
-98.97321638
-96.97222612
-98.47774763
-97.29839138
-96.59683425
-96.89631975
-96.97179975
-96.23096362
-97.55239875
-97.38398175
-96.61178962
-97.50754425
-97.63701787
-96.35571038
-96.31751812
-96.56740575
-96.0909825
-97.86934425
-99.04697475
-97.58723175
-97.19138587
-97.60995563
-96.37375275
-96.83911687
-96.22836
-95.2177845
-96.47301525
-95.92247437
-97.07598112
-97.22118712
-97.10563238
-96.811857
-97.10207363
-98.36107275
-98.61269962
-96.63274875
-95.78412975
-96.94055362
-97.663095
-97.24324462
-96.01984687
-96.44486625
-96.04436512
-96.2270445
-95.48653913
-96.23718825
-96.867198
-96.46476675
-96.38345887
-97.6650405
-95.328192
-97.59705113
-97.1530815
-96.75823012
-96.4226175
-95.28725962
-98.08019587
-95.56404225
-96.101811
-95.9713935
-97.03575637
-96.82461338
-98.79892088
-96.16059788
-97.36353638
-97.1266275
-96.11229187
-97.07727937
-96.19652663
-97.73133037
-97.61495475
-97.72461
-95.95502925
-96.56634225
-97.06608413
-96.53519625
-97.370178
-97.517949
-97.27842862
-97.93761788
-95.99129063
-98.12403637
-96.67961137
-96.92495587
-95.29812113
-95.11915275
-97.60306162
-96.06134588
-96.5005845
-96.772731
-96.93090375
-96.9675705
-97.56538275
-97.14190538
-96.66459975
-98.00509013
-96.46651125
-95.81053762
-96.26905537
-95.5641525
-97.06684275
-97.64364
-96.30915938
-95.66825662
-96.09607988
-95.77158525
-96.89907563
-97.44156563
-97.14126075
-97.91858438
-97.32267
-97.260099
-97.59219525
-97.75386487
-97.897095
-97.12626487
-96.59413912
-97.240248
-95.88908062
-97.11805125
-97.85960888
-96.18762225
-97.84286625
-97.435089
-97.13749313
-97.26344025
-96.85682175
-98.9037585
-96.49727288
-97.85409225
-98.17364175
-98.10612075
-97.16337488
-94.67540137
-96.6769845
-95.3158485
-95.93361338
-96.49166175
-97.10967075
-97.23974888
-97.36128038
-96.8737725
-96.0160095
-98.98080713
-98.167986
-97.2300915
-96.46586625
-96.00621037
-97.42545787
-95.81397
-96.14454863
-98.22992137
-97.45161113
-97.60418963
-96.68293612
-97.53691013
-96.08595375
-98.63024025
-96.71321925
-97.405848
-96.15989925
-97.677897
-96.101499
-97.32863325
-96.99524475
-98.04968888
-96.73934325
-96.995463
-96.3969705
-97.79627663
-97.76601637
-96.19144125
-98.20813725
-97.07716762
-96.1055355
-97.11392137
-97.09771912
-96.53637825
-96.97846687
-96.4153845
-96.84846412
-97.28648063
-96.7239285
-97.82864325
-97.91841038
-96.72322425
-96.756273
-96.1918845
-95.63938425
-97.29019462
-97.5734625
-98.00926725
-96.40188787
-96.496029
-96.71695913
-96.17749837
-96.903276
-96.9492135
-96.57845925
-95.534544
-96.2341245
-97.59151388
-97.46909588
-97.0748055
-96.239397
-97.27095938
-95.34847463
-96.95449425
-96.7044945
-95.94256687
-96.2285625
-96.56227125
-97.27954238
-97.68101175
-97.67808562
-97.01124225
-96.6909375
-97.263147
-96.92037187
-98.31539213
-96.40727588
-97.52388225
-97.94612213
-97.138626
-96.53356013
-96.06086962
-96.63700088
-97.14650925
-95.9710785
-96.5096835
-97.77078488
-96.4959795
-97.854078
-97.0199475
-96.994257
-97.373922
-97.08480375
-97.69871362
-97.55303625
-97.1618475
-96.12670125
-97.9322445
-96.67813013
-97.8285855
-98.25225075
-96.466248
-97.063461
-97.26741712
-98.68796625
-96.60945038
-97.26716662
-96.92246512
-96.22318088
-96.87760987
-95.723322
-97.82189888
-96.7106175
-97.30592063
-96.8718885
-97.13664337
-98.16452513
-96.83121188
-95.93154825
-95.11132575
-96.89718525
-96.67464487
-97.77653625
-96.4458855
-97.24222688
-96.09936
-95.5310895
-95.286015
-97.29130988
-97.7154825
-96.27909675
-96.9526185
-96.5874165
-97.58991675
-96.60874988
-96.45951375
-96.75665587
-95.4755745
-97.5537
-95.4203295
-97.38563175
-96.42592762
-97.36398075
-96.74951138
-95.660013
-96.75525038
-96.6684405
-95.88566625
-97.0802175
-94.367925
-97.007904
-98.43468225
-96.39887512
-98.23064213
-96.53817487
-97.43381175
-96.44564137
-96.9883815
-97.08428137
-94.29867638
-95.85291225
-96.26963888
-96.85851938
-99.00482738
-97.62907125
-96.23023763
-99.26745825
-98.50572375
-96.199782
-96.1561515
-96.611445
-96.28866825
-97.02895612
-97.2904425
-97.27826025
-96.46654163
-96.30779662
-97.69684725
-97.1681055
-97.83014175
-95.99732663
-96.18977737
-95.414949
-96.549039
-96.36237
-97.0581
-97.8994935
-98.30653425
-96.257661
-96.06731288
-97.18023263
-96.93971587
-94.69325625
-97.72438763
-97.23658312
-96.12661388
-97.47745613
-96.8270685
-97.59223987
-97.85057025
-95.131107
-97.60719675
-97.72074488
-95.44527975
-97.02078075
-96.37522725
-96.48459337
-97.03865775
-97.17322725
-97.08471862
-96.0577695
-96.95107688
-96.823593
-97.50820688
-98.01017362
-95.67137963
-97.38709088
-96.95520975
-98.14643063
-96.92960475
-97.23938813
-97.72432162
-96.54716287
-96.47206987
-97.22665013
-96.89887762
-99.1275285
-95.19455363
-97.0989495
-97.39213162
-95.44977863
-96.92090925
-98.5071375
-96.73169363
-96.80188462
-96.85736175
-97.76279025
-96.82143413
-96.90272625
-96.06479887
-96.38850863
-96.5228325
-96.39450113
-96.67007513
-96.84656475
-95.74343438
-96.698187
-95.46105375
-96.59999587
-97.528884
-95.67919087
-96.50698687
-96.37505925
-97.2924645
-97.78651012
-97.76421638
-95.79612338
-96.33811125
-97.71754537
-97.922559
-97.27260188
-97.79765663
-96.328278
-97.83253613
-97.43202787
-95.94365213
-97.35524775
-94.87364663
-96.34735275
-97.19768363
-97.37915025
-97.84109362
-98.40173138
-98.27504588
-97.42210388
-97.11803213
-98.1379395
-95.03161087
-96.43158487
-95.76053925
-97.59935212
-98.22778313
-98.78055338
-96.7723635
-95.439564
-96.26316188
-95.34037237
-97.08041363
-97.65373688
-96.74765812
-96.5205135
-98.0123715
-97.48120462
-96.92028488
-95.8117125
-97.43687737
-97.33207312
-97.87905487
-96.16748587
-96.46128975
-96.11053537
-96.00320737
-96.37372088
-95.98317525
-97.967511
-96.85845188
-96.28927463
-96.63538837
-98.18778188
-95.166048
-96.5499585
-97.21119075
-96.58702875
-98.46620813
-96.52452075
-96.91701825
-97.94211338
-97.68118162
-98.0232825
-98.56543313
-96.82354725
-96.59559637
-97.01155763
-97.10225962
-97.92294487
-95.72179912
-96.19251037
-97.1290605
-96.49110338
-97.51717275
-96.85751662
-97.75299262
-96.9249465
-95.84125575
-96.30185663
-96.93732712
-97.78528237
-96.41998013
-97.20474788
-98.10528638
-97.50777525
-96.35157375
-96.599349
-96.083916
-95.28306225
-97.19551387
-98.09903737
-97.05619163
-95.39072588
-96.90629663
-96.31458675
-96.37602563
-97.50285937
-96.53306812
-96.34546575
-95.97556275
-96.94847513
-97.53206663
-98.86963125
-97.63467
-98.31374925
-96.8888955
-97.1571435
-95.146458
-97.63633837
-96.25012275
-96.70357425
-96.9065235
-97.49632688
-97.67683425
-96.41459887
-96.48393112
-96.36524138
-95.233731
-95.8834515
-96.945564
-97.53862313
-97.24454737
-97.517586
-98.52153675
-97.55712412
-95.2044345
-97.00464225
-97.52903625
-97.4489475
-97.12681013
-96.00620813
-96.44981737
-94.930098
-96.18190463
-97.51169362
-96.30109125
-97.31468438
-96.78912075
-95.9271675
-95.28377288
-97.2310485
-96.16833975
-96.65954212
-97.041321
-96.91018462
-96.52313362
-98.12312363
-97.46898037
-97.38385313
-97.03760475
-97.6998825
-97.38803737
-97.31897512
-96.87114975
-98.0168445
-96.5316435
-96.03429862
-96.0881565
-96.87230663
-97.068192
-96.56686462
-99.22998113
-96.69298912
-96.47989612
-97.40348625
-96.56964675
-97.20134437
-95.75351475
-96.12586762
-96.39539513
-96.94450312
-97.554069
-96.01439663
-97.608603
-95.96339963
-97.51750313
-98.374005
-96.780636
-95.5048905
-97.11839925
-95.6319075
-99.11816363
-97.33060013
-95.633178
-95.9361225
-97.16802562
-97.42783725
-97.42716188
-97.73822775
-96.653634
-96.38541825
-95.83003688
-96.37937475
-95.93584688
-97.40615138
-96.40484625
-96.22391287
-96.1922985
-97.34793712
-96.05114625
-97.40783362
-98.58389588
-96.719373
-96.92827537
-98.62466137
-97.69503075
-96.7536
-95.92460738
-96.28724737
-97.61754563
-96.49460775
-96.21634462
-96.36500738
-95.42382
-95.46557475
-96.20623988
-97.7359755
-96.37985663
-96.71591925
-96.71133713
-97.553232
-96.0203715
-97.53370875
-97.65073875
-96.35897213
-97.17953737
-98.17777875
-97.62429075
-96.8292255
-98.45551688
-97.715991
-96.57574463
-96.61948388
-98.77723725
-97.50043237
-96.837756
-96.53706413
-95.55574163
-96.78318112
-96.57208838
-97.21146863
-95.53383
-97.10702362
-96.59850113
-97.85559487
-97.62372863
-97.18828125
-97.6237485
-96.94147762
-96.90034612
-96.52178212
-97.68028875
-97.79830537
-96.36962063
-97.978716
-96.02583713
-98.05001925
-98.25633562
-96.86953575
-96.58235588
-96.82175662
-96.55793925
-96.28913887
-97.02791813
-96.11217412
-96.767553
-97.9101495
-97.0185795
-96.21152663
-96.18127538
-97.248753
-97.44647475
-96.22148437
-96.51567188
-96.85269225
-97.68560438
-95.11857488
-97.32961425
-96.316392
-97.17838875
-96.09333487
-96.84228525
-95.68976212
-96.66360675
-96.996858
-97.62507488
-96.80177213
-97.14751687
-96.52286063
-96.5766285
-97.31314425
-95.2512885
-97.40516663
-96.80197313
-96.56355675
-97.47845775
-96.47117212
-97.10441662
-95.6844555
-96.12750863
-96.80720025
-97.78320675
-95.80676888
-96.89900475
-97.59691163
-97.40286188
-97.05203962
-95.92030087
-97.44598238
-95.61811162
-97.85171925
-95.97083813
-94.949262
-95.996343
-97.42256325
-97.30694362
-96.60242813
-96.5450625
-96.69312375
-96.83869013
-96.79243125
-98.09182013
-96.91993763
-97.12553813
-95.60166413
-96.68302762
-98.41957575
-96.51248738
-96.84065062
-96.00726825
-97.24951687
-97.8842715
-96.47888438
-96.73809113
-97.21968413
-97.34952188
-96.31571813
-95.62622625
-97.51889963
-96.43210125
-96.550692
-97.6463415
-97.375956
-95.92239037
-94.53988875
-96.54632962
-96.97389788
-97.15093988
-96.5142585
-97.06529363
-96.47285925
-96.39409125
-96.88547287
-97.13712937
-96.6600045
-97.61992462
-95.5066425
-96.875079
-95.5012005
-95.61384113
-96.61443375
-95.78282775
-97.18991363
-95.8314645
-96.16478512
-96.07447313
-96.86107875
-96.15875512
-96.6627465
-96.03470062
-96.81609825
-96.131862
-96.0782415
-95.16219
-96.43441088
-97.71582075
-97.117158
-97.16813175
-97.92154312
-97.36687238
-96.8991645
-97.13490937
-97.88559375
-98.10712312
-95.77299188
-98.2304835
-97.41100163
-96.31054688
-95.4153825
-96.01760138
-97.0207215
-96.8838825
-98.424261
-96.72408562
-97.47296325
-96.267186
-96.17085712
-95.84187787
-97.39777912
-97.24674112
-96.36852675
-97.15162575
-96.27810413
-96.81858487
-96.68992462
-96.97472025
-97.66154288
-95.87546662
-97.09428562
-96.67910812
-97.51606613
-96.0287205
-97.56109725
-96.69716062
-96.16084838
-97.814805
-96.83826713
-96.13396537
-97.593147
-97.3168365
-96.66752288
-97.76012625
-98.24577712
-96.12103763
-96.44776725
-97.15826475
-96.03764363
-97.39827563
-98.13295837
-97.5531765
-98.19414675
-95.852325
-95.1576405
-97.69613887
-96.46697925
-96.48283875
-97.70535638
-95.18728837
-97.24503975
-96.07367812
-97.13381813
-96.90956625
-97.08813525
-94.721193
-97.19229825
-95.5086225
-96.5261955
-98.569365
-96.10313812
-96.7697565
-96.64961475
-96.33295838
-96.1110495
-97.985034
-97.47574725
-97.71209175
-96.7338675
-97.27635975
-98.28165937
-96.63470775
-97.31908238
-98.32251825
-97.31219175
-97.32030488
-96.3557655
-98.07680137
-95.67919725
-95.5485045
-96.09001725
-97.70190037
-96.309801
-96.45603825
-96.60807937
-97.29247538
-96.24471863
-97.83012375
-97.20084
-97.23401925
-97.03460625
-96.72755175
-97.16546925
-97.49911613
-96.18739837
-96.84783
-97.68121913
-98.35032525
-97.99221562
-96.84204
-95.86925475
-97.54948313
-97.70217787
-96.40507725
-97.25105062
-97.84493025
-98.01635775
-96.12011288
-97.331832
-97.33454738
-96.71104088
-97.28739825
-97.21735837
-97.9209405
-96.14138362
-97.94050687
-96.84564225
-96.93278813
-97.17330975
-96.64705425
-95.56435913
-97.21051462
-96.98433788
-96.31234162
-96.858255
-96.49371188
-97.616715
-96.74399175
-96.04846575
-96.07755712
-96.56772225
-96.38933813
-98.03161763
-95.7689925
-96.22761375
-97.28391938
-96.45362662
-95.9645355
-96.5594925
-98.79589875
-97.40581575
-96.51702862
-96.851115
-96.17045512
-97.57491638
-97.16106862
-97.86821175
-96.31519013
-97.158159
-96.61671187
-96.8472255
-96.9944715
-97.83879675
-97.06421813
-96.76422975
-97.24008075
-96.15213525
-96.9621585
-96.91220475
-96.86753625
-97.52897587
-97.6264425
-97.57835213
-96.7502565
-96.12796913
-95.901135
-97.76788012
-95.84616787
-97.83898537
-98.21437987
-96.57310613
-98.29952737
-97.84228687
-97.03477125
-95.10014062
-97.20824662
-96.9129495
-97.19287087
-96.8542155
-97.16471475
-96.59494313
-96.807105
-95.11334512
-95.99143312
-96.60521888
-96.56228812
-97.29384337
-97.03510162
-97.845069
-96.25665375
-97.469835
-97.769136
-95.51151
-96.61626075
-97.04960962
-96.44312137
-96.4061655
-96.67824975
-95.43252825
-96.97416937
-98.10221812
-96.74154337
-97.56741713
-95.9683905
-96.908208
-97.07882775
-96.96017512
-96.35228437
-97.35523612
-97.87720388
-97.41194137
-98.23598288
-97.58503762
-96.98731837
-97.00574737
-96.7051245
-97.97027062
-96.3899085
-97.608804
-97.39019025
-96.85407938
-96.356928
-96.69136425
-96.7003905
-96.47589937
-97.093734
-96.7405905
-95.4901215
-96.5378955
-97.04453588
-97.45083112
-96.59560163
-96.01360388
-97.02581663
-95.9428905
-99.06393262
-95.76060113
-96.89529863
-97.13660287
-96.95428238
-96.77099925
-97.10869988
-95.71645462
-95.75307562
-96.5867955
-97.5915525
-97.44773437
-95.91544125
-94.79116425
-97.0057515
-96.572409
-97.59935137
-98.16858637
-97.427337
-98.36200462
-96.55610775
-98.27515162
-97.1399175
-96.86744662
-95.5270875
-97.0303935
-97.58562562
-95.76298838
-97.52943788
-98.03067188
-97.43461875
-96.34584263
-94.27877325
-97.10300775
-96.73352025
-95.92292625
-96.64039425
-96.12456713
-95.92548562
-96.73246275
-96.19049362
-98.0710395
-97.086378
-97.23396375
-96.42620325
-96.66939937
-97.26242513
-96.51111825
-96.43996238
-96.3774315
-97.29514837
-97.22224575
-97.48195838
-95.76191063
-96.11368838
-97.28408438
-98.1690405
-97.06886512
-96.51054375
-98.60601975
-96.51907387
-97.31476425
-96.88786275
-97.24445137
-97.73746125
-96.55255125
-96.92907225
-97.31945175
-97.02328725
-96.675633
-96.41312587
-96.3278145
-98.09118375
-96.92491537
-98.35486425
-96.40656188
-95.87590125
-96.75749813
-96.87575625
-96.75341738
-98.75508187
-95.77073287
-97.19877263
-96.07942125
-96.50394788
-97.27259025
-97.22481938
-95.43795
-96.81945375
-96.18393412
-96.7193865
-96.84629662
-94.95322613
-97.39471088
-97.32554175
-98.49977063
-97.560018
-96.92971837
-96.35245013
-97.72102162
-96.58084125
-95.938353
-96.36992437
-96.09824288
-95.29587375
-97.70616113
-96.493854
-98.20647675
-97.00773787
-96.60653962
-98.20011412
-97.510638
-96.26999625
-96.89806537
-96.82246612
-97.53561188
-97.1320035
-96.98875387
-96.40057988
-96.628719
-96.03743362
-97.14516825
-96.878997
-96.29755238
-95.83756088
-96.18409688
-99.03990038
-97.914945
-96.71694712
-96.84372487
-97.8826665
-95.38961663
-96.85505738
-97.18412212
-97.89525713
-97.13737387
-97.51544288
-96.31901288
-96.76459725
-97.34350762
-97.09448513
-97.09965375
-97.331151
-97.15317862
-98.410128
-97.46600888
-95.88782475
-96.27317288
-97.52166337
-97.782894
-96.36799913
-96.76073362
-97.3671135
-98.03476125
-97.65235087
-98.17190063
-96.25692712
-96.85608712
-97.83550538
-96.95989275
-96.68969813
-96.809169
-96.03609975
-96.26999175
-96.853515
-97.6651635
-96.12484575
-97.41836437
-96.0371205
-96.26298675
-96.33734737
-97.93730137
-96.517677
-96.2287905
-97.51982063
-97.30170938
-97.38357563
-97.43689125
-95.9873085
-97.68752663
-95.8691025
-96.69302738
-97.65897675
-96.81152138
-98.02447763
-95.86100812
-96.80848163
-97.06404337
-95.79715987
-97.28454263
-98.04020287
-96.52487475
-95.72094
-96.526767
-97.49389612
-97.57993388
-95.66103225
-96.9479865
-95.68354125
-97.91798587
-97.8582915
-96.86126063
-96.53338125
-98.39346863
-96.7161045
-96.95335838
-98.48021588
-96.60263063
-96.1489275
-97.57514025
-97.27737788
-96.36299962
-98.15161725
-97.442793
-96.83314275
-97.04721188
-95.47971863
-96.45544688
-96.30308138
-97.07127712
-97.15002075
-96.26754563
-98.46337913
-98.025138
-97.97217038
-96.66305175
-98.01951375
-95.42278875
-96.09695137
-97.22149912
-96.08546625
-97.99538513
-97.75709513
-97.01158912
-97.28837625
-95.25399112
-97.78039087
-96.60893025
-96.95938163
-97.7998365
-96.44649788
-96.52639313
-97.90493475
-96.17499787
-97.00022175
-96.68196825
-97.552413
-96.752553
-95.7361185
-96.37883588
-97.83784012
-96.00496013
-97.48873275
-97.15368263
-97.8603315
-95.9723745
-96.348783
-95.62496213
-97.035183
-96.92142863
-96.71047462
-96.5422695
-96.6141945
-96.395628
-95.81000362
-96.46942688
-98.72503162
-98.15880713
-96.876708
-96.473736
-96.92593838
-96.97917375
-96.13295663
-97.7248995
-96.18741525
-97.469589
-96.38517862
-97.142232
-97.150941
-95.51199413
-98.06208375
-97.79424712
-97.74729863
-98.49060862
-98.023311
-97.559298
-97.644549
-97.75044675
-95.38615837
-95.98404337
-96.69732675
-97.90742025
-95.47663613
-95.96215538
-96.89209313
-96.678033
-95.8673025
-96.02285662
-97.757829
-96.0242235
-97.19344275
-96.6949575
-97.264764
-95.926908
-98.27202638
-96.53907787
-95.7390315
-98.04417675
-97.27922213
-98.75167875
-97.68312113
-97.96837837
-96.27601575
-96.83077313
-97.40370188
-96.60782175
-96.7345965
-96.8723595
-98.29573762
-98.004525
-96.95270625
-96.17876662
-96.39480825
-96.58478513
-97.97119163
-96.11021062
-97.254282
-98.42723212
-95.84680763
-97.84032638
-96.34465537
-97.064385
-96.69823913
-97.16311912
-97.28138287
-98.52449287
-95.56300725
-97.0796805
-96.30150938
-97.40074575
-97.26602362
-95.98701
-97.98030525
-96.30688688
-96.96447075
-97.1319285
-96.60119025
-96.6929505
-97.59385125
-96.5811855
-97.53122962
-96.76705238
-96.34656337
-95.933718
-96.3765975
-97.4264685
-95.80306012
-97.1895375
-96.32526187
-97.70573963
-96.3385365
-97.194786
-97.19391937
-96.23938762
-97.30428825
-95.8004115
-97.60128075
-97.549875
-96.15943913
-97.67576887
-95.80267575
-96.870966
-97.24775287
-97.25419463
-95.971062
-96.34370775
-97.12174275
-96.80683088
-96.37055437
-96.40665375
-96.67561388
-96.72179812
-98.02084688
-97.1617605
-97.52012362
-97.057998
-96.15342338
-95.94571762
-97.14311587
-97.67467538
-97.58999475
-98.00602987
-98.07309037
-98.73774563
-96.05916713
-96.36753375
-97.4656455
-98.09931712
-96.647031
-96.60464175
-96.462717
-95.810202
-96.20023838
-97.582269
-96.6086685
-98.22346538
-97.01482312
-96.56785875
-96.89855812
