-148.3226295
-217.6936082
-215.1249258
-125.9751863
-221.0025245
-134.4331844
-97.44611354
-117.2095178
-99.34379203
-174.8843457
-130.4284735
-170.2315449
-146.0868663
-144.3598199
-148.7085002
-126.1093169
-99.79646466
-135.8113594
-227.281886
-192.5627671
-143.6221747
-125.4307961
-123.487982
-137.6127967
-93.81823866
-141.892837
-203.7309257
-115.5810428
-122.0940023
-152.1637254
-174.6084924
-200.8946122
-237.2551249
-184.3655834
-172.9630552
-114.0862481
-93.16487055
-173.0524131
-173.4342341
-149.5860271
-221.3930121
-163.2765665
-137.7928523
-121.0827418
-148.3960882
-131.6808939
-134.7193189
-141.9013065
-106.8292992
-229.3045625
-228.1852443
-174.6434814
-169.3693238
-122.4857411
-131.7128991
-139.6995889
-207.5225263
-97.18780826
-155.4447839
-85.92106449
-87.51405886
-123.9432813
-143.2082149
-95.17733251
-136.3988807
-121.2548522
-113.5137551
-118.7550258
-206.65024
-153.2878513
-152.6708011
-117.2476256
-190.0557335
-180.3970342
-90.25304485
-108.2021625
-158.8504227
-124.2031838
-225.7230001
-120.24197
-99.34036238
-188.6177303
-140.8794476
-137.8352168
-134.8413391
-212.9177522
-99.99789182
-223.4655157
-118.7743732
-156.0751773
-221.207903
-135.9724778
-272.2086655
-124.4859336
-104.7879711
-124.6530234
-158.7110918
-105.1426629
-115.5760155
-114.7621867
-198.9299418
-116.7397452
-181.0822993
-234.4738149
-104.4711127
-168.6232866
-76.50873387
-260.3721991
-142.2702845
-127.6605444
-257.6836276
-200.0213911
-159.309174
-121.7310511
-84.30695014
-184.5487068
-305.6316053
-109.1385144
-184.241907
-97.58272816
-93.02085341
-118.7920311
-254.0210251
-111.5597343
-137.9039964
-173.7378854
-119.9344255
-518.0626569
-185.3671084
-175.3038105
-126.8006804
-127.0834558
-149.4173539
-128.6493078
-161.8243128
-191.1213182
-100.1783139
-169.4197501
-112.3228807
-127.5634506
-138.2005328
-117.3809528
-212.4558346
-136.5689958
-117.4097592
-171.9923941
-239.9071721
-122.8794542
-151.6850929
-189.5530555
-107.6105007
-257.1791275
-197.6866704
-178.0927296
-139.6583265
-156.3952035
-265.267636
-172.7948479
-87.04816299
-301.27124
-169.6780557
-140.0682357
-147.0294135
-120.7937795
-95.26780745
-136.1118332
-153.2745503
-176.1623463
-142.2533594
-117.7835024
-143.1856659
-198.6345579
-143.5799851
-122.9766656
-169.4049129
-156.8761508
-96.79167409
-184.4177102
-92.65129513
-132.8869831
-227.3746951
-102.6965741
-207.2114593
-144.3573527
-109.6809503
-127.0327203
-167.6146871
-139.1084843
-141.6198397
-141.5487103
-175.3441082
-123.9017223
-139.9277535
-123.4047442
-205.1710563
-151.8063833
-123.0685701
-176.1398454
-100.772393
-166.7821195
-96.60547258
-111.1457818
-125.2778436
-163.4455258
-183.63452
-187.5252363
-128.7557918
-150.9069562
-208.5922157
-80.97153357
-108.152854
-172.2572305
-109.4159543
-121.6675574
-190.5721688
-145.7808993
-243.3298252
-138.2743307
-148.8146216
