28
85
31
29
45
168
193
161
101
148
53
144
197
113
128
155
68
32
227
109
51
135
180
208
176
23
12
222
122
177
57
87
61
16
173
215
101
222
68
242
43
68
16
148
254
95
32
26
164
36
20
170
163
235
108
130
208
103
78
226
109
173
121
38
123
75
167
174
169
131
53
171
212
24
138
72
174
189
142
140
127
242
25
185
226
227
243
207
0
153
110
39
97
113
127
181
255
62
124
242
22
13
212
53
179
243
13
159
58
41
180
77
240
225
43
9
237
93
96
230
178
10
3
53
236
212
18
223
69
226
200
215
50
135
250
25
215
200
90
195
209
169
107
183
209
91
135
63
185
139
165
244
135
139
161
165
126
163
245
22
12
10
20
223
48
37
153
206
34
175
107
63
70
38
189
128
132
91
0
227
241
174
169
13
106
255
120
88
149
189
62
244
13
119
4
244
194
12
174
71
97
229
41
89
67
43
158
96
140
200
237
197
163
79
189
255
76
204
90
34
53
229
89
67
143
222
169
39
97
189
79
173
138
72
212
174
59
219
73
135
137
164
198
17
170
132
55
23
43
104
208
223
82
70
255
207
201
147
121
201
208
153
114
123
41
107
180
239
209
175
82
132
254
214
144
171
178
111
11
128
245
78
152
215
141
254
107
97
5
85
69
118
145
238
181
69
58
123
114
159
161
128
39
52
50
89
64
244
154
100
67
199
156
88
78
87
71
220
81
37
82
77
38
45
206
113
60
163
136
171
82
148
190
110
175
82
48
194
196
187
65
112
185
88
144
110
157
131
7
84
36
32
130
53
18
104
175
125
34
34
228
53
10
169
238
5
188
148
18
238
42
60
148
134
200
34
237
120
84
182
164
130
51
97
134
66
135
231
158
182
166
54
73
150
245
158
199
109
150
137
66
50
156
72
165
190
107
239
137
7
247
57
120
145
59
145
150
66
234
38
116
129
227
115
66
21
69
165
114
227
114
201
222
25
117
159
141
165
246
210
22
132
219
227
177
162
72
68
88
202
52
156
97
244
223
220
199
200
231
100
161
49
107
57
86
114
243
231
68
215
176
104
146
188
224
80
121
196
27
210
85
145
169
63
77
199
212
228
31
55
190
36
60
117
6
223
72
107
188
22
167
102
48
111
136
168
79
186
64
55
223
90
92
117
186
222
232
129
89
6
228
36
107
102
59
113
216
161
47
220
60
215
233
6
188
215
170
10
60
135
200
244
43
148
232
222
225
228
197
179
172
64
141
27
2
245
250
103
215
114
227
137
225
236
137
5
215
94
183
216
35
203
207
240
220
244
37
60
111
232
134
29
249
55
191
195
111
53
185
116
21
157
181
5
32
13
24
76
214
155
140
212
55
11
21
40
78
29
237
24
112
127
255
248
236
127
5
251
251
96
10
51
150
130
103
150
165
251
59
154
24
194
77
145
238
181
154
150
10
62
170
5
212
249
51
10
224
95
69
125
125
235
79
202
186
166
164
150
227
214
155
59
116
59
194
40
37
211
57
255
91
169
185
236
127
185
163
196
177
23
96
13
91
44
163
214
132
237
214
68
202
186
223
162
37
127
124
24
222
217
49
165
227
8
13
227
10
235
181
98
99
241
242
60
239
15
244
209
56
181
130
170
237
158
234
42
34
159
213
5
170
188
34
254
169
218
214
138
220
234
33
211
227
136
252
181
42
236
62
4
209
41
175
191
17
91
56
106
124
57
150
31
202
8
226
227
255
109
39
109
224
33
52
128
91
20
102
71
236
212
107
234
38
145
245
33
176
120
227
73
134
111
211
250
15
28
104
244
66
239
84
29
52
245
209
41
176
183
234
76
119
76
230
233
109
125
103
209
204
56
87
141
160
149
153
132
91
143
46
45
187
26
63
173
2
204
203
30
61
158
28
16
32
115
172
139
31
111
42
255
162
185
149
165
187
41
97
103
153
220
217
158
167
213
73
188
255
188
41
37
193
194
162
45
64
36
154
243
18
187
200
132
61
187
25
5
4
36
45
104
115
245
146
11
186
61
45
182
213
19
213
153
13
90
171
38
219
160
176
201
99
115
95
71
225
13
200
84
70
193
188
153
65
19
42
228
42
172
68
2
182
156
4
56
120
124
199
147
141
87
171
141
174
163
45
70
47
249
45
108
52
70
167
150
80
48
85
16
124
144
245
15
122
245
15
2
197
23
129
7
241
152
163
89
195
52
192
29
57
2
114
189
148
45
186
255
57
53
144
55
36
37
243
191
75
231
140
133
152
245
90
145
243
5
16
63
174
113
55
90
237
6
43
183
235
43
67
141
227
204
166
44
7
150
13
169
63
117
108
90
100
204
194
81
12
208
157
38
59
231
202
12
84
149
88
141
254
22
157
174
92
145
169
173
181
50
203
141
225
250
222
191
142
88
217
197
197
165
104
179
160
69
221
128
111
82
37
215
47
108
26
156
163
81
105
17
216
221
105
9
162
53
63
183
185
249
246
90
254
140
17
197
4
20
97
224
123
149
12
114
88
71
163
74
116
126
146
156
175
73
39
116
21
128
159
254
10
252
25
27
84
106
138
146
203
214
30
89
103
206
54
229
49
79
97
254
202
137
73
164
74
87
170
136
243
215
191
0
126
45
130
214
226
162
36
192
17
189
96
41
211
249
60
203
99
73
241
75
226
43
45
102
253
103
157
79
94
60
202
252
5
13
89
34
209
72
82
210
35
252
59
87
157
240
189
72
125
138
132
116
79
69
45
241
143
97
69
125
130
168
10
143
174
6
6
102
73
192
100
84
159
135
151
199
8
61
108
96
86
143
127
199
28
91
252
100
205
142
101
13
94
119
112
161
254
120
232
151
143
32
28
136
207
121
206
147
203
24
28
117
232
127
227
182
156
92
197
179
57
174
83
217
67
131
23
122
102
108
56
177
169
19
87
116
228
207
126
186
86
33
179
169
227
10
158
76
0
216
108
18
198
155
116
155
184
128
239
213
0
71
182
17
21
4
72
13
127
246
225
53
24
236
225
24
193
29
139
28
125
165
228
217
205
93
139
21
15
53
114
62
242
246
31
92
239
137
87
32
56
87
222
131
122
102
24
29
174
42
47
170
29
5
186
186
119
2
31
24
136
74
236
249
251
49
100
40
40
13
246
105
62
125
73
92
17
163
238
242
45
209
203
170
111
8
143
192
189
4
233
56
13
132
236
251
246
143
169
86
199
93
22
240
70
248
53
97
198
181
246
217
254
155
151
217
251
49
144
105
117
31
52
230
2
137
178
4
198
64
8
190
166
129
25
71
158
50
157
192
130
23
40
29
252
123
43
182
200
226
16
11
155
213
107
96
198
70
130
249
157
129
176
57
126
160
137
82
17
161
49
30
62
213
40
54
19
213
60
51
55
32
200
42
100
116
212
12
101
208
146
108
246
215
238
149
91
222
24
192
123
166
108
206
210
33
178
152
14
234
207
190
164
233
78
86
239
55
146
67
102
128
56
196
153
213
255
33
55
35
234
113
56
55
160
242
64
165
96
55
177
33
98
207
138
100
118
22
100
28
231
122
24
69
91
84
225
206
141
155
137
141
47
206
72
159
212
94
141
251
201
1
122
125
82
87
254
222
73
122
50
202
62
58
222
251
67
75
140
181
209
28
248
30
233
207
181
73
160
71
248
101
153
5
157
221
2
30
82
126
14
42
148
72
247
55
196
41
77
72
64
41
82
77
216
183
126
181
248
119
41
124
224
254
158
84
14
48
164
199
133
11
186
127
148
73
173
168
113
148
200
47
79
132
80
247
23
248
75
138
22
61
247
127
106
72
31
34
207
165
175
11
38
190
46
16
102
13
184
219
38
49
148
219
127
238
106
168
210
191
245
240
63
94
63
64
85
53
184
106
236
65
18
135
49
145
151
85
132
137
204
104
221
237
89
229
214
121
1
229
191
9
236
75
107
71
105
52
13
131
99
106
17
197
43
169
129
222
176
151
240
120
151
96
129
159
46
3
94
247
228
118
144
89
164
19
181
132
185
107
216
74
203
228
35
253
21
192
252
55
5
207
5
24
1
224
41
13
181
172
163
237
76
134
91
55
83
36
244
181
121
230
52
107
61
84
235
211
139
252
129
175
74
65
41
135
80
6
123
15
137
226
98
255
53
15
158
4
148
88
145
91
6
168
238
32
11
22
88
11
241
105
57
135
239
163
51
18
238
186
118
129
197
37
238
198
126
38
109
236
182
127
13
176
162
4
109
114
209
12
151
32
117
126
205
70
76
124
215
205
45
14
188
255
166
126
18
197
20
6
124
104
211
188
150
35
107
127
44
191
214
140
183
46
38
133
46
92
94
12
20
14
220
31
214
158
114
20
20
116
177
187
191
213
13
152
75
78
14
150
249
224
53
186
186
144
117
193
52
56
170
146
91
169
133
125
24
75
167
177
78
16
122
95
57
63
236
36
33
9
39
194
131
165
187
116
150
75
237
128
252
51
41
233
148
224
96
56
18
31
212
63
96
209
56
204
20
63
186
131
239
83
179
215
189
111
162
158
29
159
131
58
4
162
93
43
73
35
24
63
92
246
241
242
247
154
206
248
39
92
131
30
201
31
31
51
116
23
4
138
110
175
58
250
31
192
133
184
171
250
6
80
62
73
219
222
92
211
237
23
179
74
45
156
125
156
3
114
61
149
32
46
220
254
236
52
238
229
46
46
153
28
157
138
30
206
211
3
164
43
182
161
39
4
57
140
71
197
62
39
225
230
164
129
106
7
161
127
182
210
145
38
57
180
247
26
87
236
149
225
35
129
191
250
123
24
73
111
203
4
182
130
48
149
12
106
237
230
146
204
183
48
25
86
174
161
104
153
107
221
120
189
36
149
144
141
219
106
192
52
194
176
3
122
28
185
203
220
198
243
250
204
58
223
238
11
82
32
110
149
34
219
3
141
230
136
212
84
248
254
161
191
171
149
125
40
249
34
60
83
195
95
203
224
220
44
167
154
4
12
38
132
31
104
60
184
77
39
179
164
157
79
191
85
15
195
217
151
68
69
220
39
132
141
132
137
42
82
201
118
158
86
204
107
54
140
221
134
48
148
1
240
2
28
57
111
157
140
102
77
84
198
111
32
150
96
69
142
144
170
6
192
69
228
113
7
196
146
72
73
27
96
74
159
212
108
50
42
30
113
155
186
5
63
172
218
72
15
74
112
37
184
144
57
124
76
169
180
57
238
85
37
66
2
165
115
219
38
94
56
197
232
146
101
123
109
56
0
24
241
0
41
125
239
241
115
78
89
104
239
5
236
79
176
238
65
46
19
239
162
103
112
168
14
40
109
28
231
15
123
214
33
199
136
169
251
169
44
28
198
44
103
37
123
162
239
159
60
169
60
15
34
106
25
131
7
85
214
193
174
230
134
87
86
227
46
74
123
91
131
140
148
55
134
135
134
25
51
110
146
159
128
57
35
105
2
151
231
47
109
174
57
157
113
7
94
104
221
181
90
238
229
178
140
115
74
51
183
123
60
2
58
214
142
211
24
39
204
129
240
21
117
13
142
51
231
130
89
222
41
18
186
42
211
204
86
199
198
162
126
159
91
23
26
115
84
75
96
179
138
37
162
65
195
94
236
104
140
206
72
229
180
49
1
194
4
194
141
170
229
4
199
48
254
233
254
239
26
251
182
26
145
221
24
184
103
148
6
243
91
194
90
186
186
69
106
77
7
28
93
233
37
41
170
143
96
75
140
81
148
23
31
92
142
49
199
162
56
246
167
7
198
12
133
192
191
176
67
41
94
62
238
92
23
60
5
199
132
250
86
35
239
20
0
35
132
86
183
39
67
12
231
159
138
57
23
13
235
163
208
206
253
81
212
240
3
220
158
74
240
188
35
16
67
58
183
129
43
226
52
62
60
7
164
178
174
56
75
200
96
132
221
56
178
144
192
176
111
16
18
71
160
181
38
84
40
32
25
126
178
50
80
239
225
33
62
37
58
89
148
232
123
205
87
237
190
0
29
175
55
250
134
29
162
123
53
129
19
9
134
151
250
14
49
48
68
211
19
142
12
202
207
155
46
232
167
250
73
18
234
158
252
86
19
159
160
72
161
87
184
172
211
53
239
114
137
172
45
214
211
234
31
201
60
40
122
61
29
181
33
150
239
3
61
254
156
132
193
236
55
97
234
173
218
70
82
73
217
55
35
232
35
177
56
129
50
97
98
181
177
30
160
196
63
55
243
86
169
144
63
95
206
68
179
233
170
247
217
89
165
255
14
201
115
192
14
104
21
167
252
182
25
166
230
150
175
66
158
234
167
162
214
133
144
169
132
135
146
189
76
193
246
118
231
78
96
115
82
211
225
50
95
25
67
175
52
252
167
70
162
83
140
2
158
42
79
102
115
222
140
167
128
223
246
5
72
137
98
67
188
31
58
152
109
241
195
105
187
175
136
81
119
61
83
64
130
143
198
56
164
118
52
114
177
143
35
133
242
67
57
88
96
73
44
137
230
124
209
88
227
90
204
230
151
40
231
154
164
211
204
156
86
43
46
45
233
215
210
238
241
171
206
226
133
169
12
90
133
235
220
121
246
200
217
71
200
70
37
217
180
219
91
178
116
195
172
35
75
85
147
255
116
180
163
145
1
164
104
187
19
239
8
197
38
110
247
137
191
33
57
75
57
126
249
255
5
124
245
253
94
133
247
110
205
205
36
147
159
85
122
159
95
164
166
35
191
168
52
201
253
153
168
254
227
225
238
189
9
67
2
237
208
0
147
186
94
175
133
62
203
107
213
153
195
82
140
39
202
169
26
203
128
166
145
77
168
97
128
146
182
84
226
98
242
253
182
58
142
11
77
132
133
135
98
254
42
227
116
136
6
98
113
12
5
88
41
8
55
244
216
98
201
33
192
169
207
207
250
94
57
165
219
195
38
254
21
89
192
254
74
7
137
199
192
30
192
227
91
240
16
107
132
225
208
200
56
163
18
240
85
145
61
134
238
217
238
110
145
12
141
254
61
63
169
107
123
138
61
2
207
56
153
161
195
35
75
250
2
146
56
90
219
98
154
197
200
141
186
12
44
239
77
254
163
48
30
197
237
210
75
67
45
174
98
64
248
61
205
96
47
26
9
230
5
130
117
254
254
255
212
105
172
238
120
114
175
26
213
209
82
110
220
107
33
178
199
121
223
161
61
180
83
75
27
154
130
161
212
189
226
137
185
30
133
144
34
178
172
102
106
177
133
96
213
85
98
62
3
81
149
94
137
29
68
58
135
191
225
233
90
220
55
6
97
135
105
12
144
98
29
96
0
117
152
73
82
226
86
68
165
74
171
64
246
6
231
4
222
211
88
110
2
222
86
236
121
38
186
171
84
236
164
124
33
14
120
17
36
245
124
200
76
177
106
29
250
176
253
191
8
125
216
239
211
62
209
75
122
205
180
26
115
130
87
54
48
201
20
57
226
50
239
218
57
244
6
75
97
104
82
186
115
44
100
67
152
121
153
68
38
67
232
152
39
115
63
120
77
220
184
54
223
51
51
183
250
235
73
73
253
246
133
35
28
82
240
139
133
225
152
119
81
68
99
178
167
236
126
40
51
142
130
198
0
216
165
123
96
191
253
67
168
106
209
102
42
92
210
93
123
127
49
118
97
110
35
110
220
71
202
122
71
73
76
104
144
253
45
144
71
142
206
212
97
56
142
124
241
66
60
181
220
90
243
162
36
47
33
136
222
51
206
68
123
82
60
40
126
23
26
191
123
233
42
156
0
235
174
99
141
56
215
181
223
184
74
64
105
17
12
123
126
250
75
20
140
174
78
141
130
65
230
208
79
86
181
76
167
191
66
46
192
189
64
86
72
148
49
141
99
160
238
10
170
127
20
154
246
199
66
19
243
239
230
47
134
247
35
92
17
46
229
187
2
242
19
202
56
229
104
162
15
9
239
36
100
113
230
171
15
236
150
201
49
249
144
75
30
85
192
28
188
217
111
110
75
255
170
228
187
14
33
196
0
9
203
12
11
23
113
1
160
176
241
127
203
167
0
109
120
120
204
204
127
148
180
116
229
154
13
255
67
179
36
151
193
110
245
201
26
149
178
199
187
51
167
73
3
85
131
180
65
23
231
203
220
223
23
183
46
104
173
255
224
130
111
6
26
13
210
93
248
86
187
38
203
230
71
214
101
108
233
99
229
37
206
183
56
231
192
5
132
225
236
233
3
45
116
122
230
136
101
228
11
250
178
193
202
19
139
211
253
181
210
37
163
222
147
233
85
44
90
56
142
60
136
39
72
147
176
28
56
5
122
129
228
85
187
155
123
230
198
23
217
210
72
231
23
142
5
37
145
171
90
100
72
69
13
20
192
126
54
222
41
51
103
122
66
91
70
218
131
42
28
197
25
168
142
7
170
148
177
32
67
144
196
147
211
115
93
168
97
1
98
42
108
204
79
57
60
159
163
159
42
106
249
34
69
135
205
253
246
21
204
175
172
218
235
92
62
1
98
205
13
180
66
97
87
204
218
197
40
235
140
139
201
107
172
5
1
53
142
54
149
36
72
144
90
192
111
227
237
118
156
158
49
200
160
246
163
51
18
138
0
29
4
149
215
142
201
160
98
106
235
142
92
43
223
106
83
12
29
67
239
59
40
9
42
50
101
61
66
239
226
98
163
68
5
133
179
156
182
131
226
58
31
100
58
136
25
41
135
188
236
3
239
180
129
103
72
149
60
100
76
122
88
224
202
49
11
239
153
234
67
64
253
224
208
188
113
69
233
15
9
166
187
224
39
175
149
222
50
208
215
124
68
226
14
133
4
190
192
227
212
110
26
193
158
167
16
56
212
65
239
90
157
177
193
139
160
4
41
177
228
136
215
230
7
2
104
97
241
149
32
163
93
98
77
9
228
106
134
72
83
149
235
149
69
0
53
121
229
134
233
57
66
242
158
158
153
242
96
199
183
34
216
74
225
185
143
199
90
73
222
94
23
107
158
238
121
248
222
212
189
110
97
148
24
66
185
113
238
16
83
72
110
198
235
156
104
107
255
192
88
184
73
192
114
104
17
248
178
157
194
119
111
177
93
46
88
21
165
149
66
4
40
219
228
7
253
212
177
33
78
42
177
212
18
84
9
0
236
199
207
227
165
169
32
194
7
212
114
193
51
51
200
182
145
150
108
145
164
119
31
136
197
228
200
187
157
95
14
52
189
43
237
21
111
74
56
38
207
137
1
252
114
244
200
189
111
26
111
163
7
151
6
182
132
228
91
167
184
148
183
246
253
76
28
17
85
35
232
42
113
58
82
230
106
10
20
207
18
16
16
82
123
128
161
28
55
161
101
194
38
246
20
89
98
137
198
16
77
105
76
169
16
77
190
201
147
106
169
198
188
235
157
35
197
80
251
193
173
29
72
24
12
93
18
136
88
12
164
105
124
7
214
171
166
212
127
158
8
75
151
55
142
236
183
151
140
7
98
39
16
213
158
91
7
212
9
249
75
66
95
136
103
180
31
107
12
129
105
36
119
54
164
73
51
198
7
97
42
166
66
39
68
23
66
151
191
169
85
34
53
139
239
187
122
221
34
11
126
212
62
4
119
183
197
92
20
90
32
253
251
59
222
248
4
243
129
10
140
109
150
10
35
254
139
95
169
34
116
148
25
31
173
156
236
190
7
55
14
231
134
53
168
197
199
10
236
212
12
236
189
99
236
19
139
241
99
126
219
190
64
19
190
55
173
231
250
140
178
38
249
173
17
238
248
23
222
38
229
200
61
140
125
113
37
240
100
200
125
34
52
105
25
10
193
92
150
15
54
230
25
145
239
102
102
78
245
171
127
153
58
6
82
31
48
214
17
171
65
228
64
242
166
218
25
178
45
126
126
160
161
240
124
108
163
185
233
217
250
12
56
128
238
115
113
75
200
184
224
57
175
235
151
51
149
208
176
164
199
231
217
245
207
120
111
108
149
130
139
8
28
16
165
180
68
73
171
6
21
171
73
0
58
22
132
124
152
165
97
248
38
103
165
198
140
146
214
65
95
218
152
138
169
68
180
100
148
41
66
50
113
242
122
123
12
34
242
238
111
2
219
238
235
239
43
141
249
83
198
173
169
162
250
239
83
187
28
171
2
18
236
88
249
249
29
82
204
143
185
125
6
183
191
226
32
88
73
177
35
144
91
148
236
220
188
137
74
198
152
99
252
223
148
4
121
250
185
179
5
138
92
88
37
198
158
13
204
167
62
20
8
123
197
133
164
207
14
110
177
180
145
154
16
165
211
147
237
33
177
178
56
246
237
29
252
99
148
238
151
43
236
172
80
110
108
173
240
75
75
5
113
22
182
165
251
240
136
181
141
24
253
7
45
18
137
187
109
29
134
158
158
176
20
125
39
147
10
224
32
69
211
155
108
74
91
227
238
16
187
141
169
19
96
232
139
165
8
28
101
35
181
24
43
160
167
122
45
6
138
251
161
32
239
155
108
181
30
80
36
156
160
160
57
217
165
158
23
117
149
167
130
162
119
217
136
216
103
156
216
45
109
125
200
162
204
132
151
170
234
96
115
142
115
118
153
116
96
109
173
214
187
164
90
33
106
209
122
72
37
141
245
246
40
52
195
215
17
225
89
224
176
88
12
103
251
173
9
247
12
3
169
2
56
62
244
1
32
194
166
90
244
119
160
69
238
246
33
152
34
56
201
193
89
201
102
209
175
203
173
239
169
34
91
57
237
15
121
44
238
226
73
78
181
116
111
185
215
146
150
253
26
107
20
120
84
17
107
106
121
157
252
146
202
239
236
50
187
45
41
254
31
122
114
232
144
144
111
122
113
65
31
15
116
175
37
195
124
189
35
71
1
195
113
222
113
50
162
198
244
150
81
227
15
69
242
205
242
129
197
90
175
33
34
185
210
225
48
226
189
241
123
28
187
146
186
92
201
53
37
179
186
140
31
139
107
4
76
230
146
240
64
178
29
121
198
194
219
22
51
180
154
199
158
173
92
188
108
161
138
169
34
153
41
200
172
28
82
122
194
107
216
108
217
76
123
64
176
92
176
108
10
122
187
61
54
10
73
24
34
112
14
58
10
165
171
8
47
201
225
116
219
49
124
184
58
200
143
19
179
28
117
227
255
234
163
116
70
28
136
78
84
140
105
172
54
223
37
102
38
128
32
116
81
220
26
159
221
71
214
110
60
225
90
138
49
225
172
123
51
132
105
60
59
151
144
144
124
194
136
181
54
0
242
128
4
75
229
188
61
70
117
115
206
81
251
141
78
211
247
50
15
51
134
12
4
92
136
148
172
70
43
138
207
188
210
54
104
231
224
123
91
95
172
141
215
64
217
119
43
93
229
234
224
51
225
57
102
51
247
86
147
20
103
219
103
117
20
13
210
162
134
124
143
152
219
94
207
205
30
77
243
172
196
221
49
246
32
132
134
93
173
231
216
20
151
4
144
66
162
244
214
195
232
203
206
155
96
222
175
128
83
22
247
101
136
255
4
28
170
20
53
188
136
98
101
125
115
102
211
116
31
30
176
206
11
53
87
82
176
212
107
82
218
196
127
13
6
127
81
188
225
111
125
86
32
167
77
180
5
11
49
6
173
48
39
48
59
213
4
69
103
128
135
79
137
149
241
152
11
104
10
164
238
69
69
243
84
148
146
118
20
68
184
220
246
144
155
85
186
227
77
161
138
168
237
32
148
13
30
70
227
170
164
59
35
140
140
145
5
1
252
60
201
168
150
131
254
126
218
150
249
14
223
220
186
212
82
245
214
89
164
200
180
58
18
200
90
83
58
70
222
252
235
219
188
126
103
242
60
122
100
242
83
100
133
220
33
173
133
81
129
138
14
90
150
105
88
177
86
122
73
55
234
162
105
29
200
125
111
30
228
96
224
65
243
85
203
109
34
29
189
27
115
114
31
245
121
214
128
242
14
84
111
145
150
65
108
13
157
24
34
141
23
106
30
46
64
114
115
133
2
192
6
219
124
231
89
224
182
132
157
231
166
202
116
49
191
141
117
114
138
163
182
30
212
175
218
95
12
60
71
155
19
236
170
165
24
56
96
195
127
172
21
173
24
105
189
208
36
49
135
117
235
230
235
148
249
147
143
123
112
90
21
65
134
10
200
110
1
43
80
117
186
110
21
29
217
120
2
181
159
99
5
165
147
129
74
38
80
156
80
145
35
141
4
81
172
8
41
54
40
213
218
218
81
138
121
11
66
3
51
91
159
66
65
113
229
215
50
251
147
234
183
163
29
249
135
138
21
248
108
103
12
95
128
211
136
230
139
143
156
101
177
34
157
248
101
25
72
65
101
126
173
251
93
26
53
89
144
17
172
160
187
237
113
243
220
107
251
215
184
46
88
121
103
101
230
104
233
44
17
66
220
199
44
126
198
48
103
177
80
34
185
7
100
116
214
131
190
233
218
35
30
17
90
78
84
177
201
245
41
188
213
188
137
226
188
243
251
220
178
157
248
141
50
98
162
4
92
177
164
200
158
232
178
126
112
125
202
110
34
170
217
208
226
138
111
220
3
229
6
191
2
239
72
69
117
209
25
18
177
72
186
104
252
245
213
73
204
177
89
229
242
96
68
26
119
70
64
147
243
152
38
13
112
251
237
63
120
28
188
82
184
30
176
221
206
210
204
63
53
251
99
125
134
153
87
146
129
165
129
38
59
131
51
214
229
76
191
176
65
9
52
198
212
253
41
242
137
181
166
92
76
203
227
46
191
138
177
1
134
93
30
123
132
170
17
17
129
213
60
92
221
139
79
157
205
59
173
215
64
184
87
24
110
185
96
201
185
238
90
10
63
8
220
253
95
250
233
93
184
250
18
125
16
220
166
22
193
213
101
160
225
164
154
176
174
207
159
42
206
122
141
31
243
20
253
253
111
170
188
162
219
109
110
230
181
39
100
63
14
34
141
48
2
159
111
152
73
90
13
79
140
152
57
129
224
240
120
183
155
14
202
90
194
174
49
146
26
7
147
22
117
97
117
175
7
188
109
145
140
120
194
110
162
169
228
250
97
43
47
241
255
150
225
87
223
149
141
41
157
105
15
188
194
166
25
183
16
49
253
69
120
123
69
62
195
238
189
238
48
88
158
171
124
171
178
220
97
11
21
7
23
161
113
199
219
216
204
68
92
81
154
170
92
171
6
135
220
213
79
199
60
182
244
150
150
202
81
25
175
171
94
136
93
186
156
40
36
106
178
40
0
32
164
158
150
103
156
84
139
0
83
40
127
164
120
150
176
193
92
35
137
178
173
126
27
180
77
132
57
126
156
154
103
104
249
143
6
69
143
148
28
178
108
183
48
249
248
68
173
13
92
221
148
69
91
0
116
227
174
103
96
118
181
68
14
22
81
224
245
5
243
45
41
121
75
158
118
70
121
11
119
82
69
87
190
236
77
177
12
52
17
121
161
171
4
44
218
128
82
153
116
67
139
97
242
48
134
126
254
227
99
18
188
252
55
14
190
231
154
161
125
216
87
151
151
145
1
204
31
11
42
129
88
132
227
38
149
121
253
88
114
202
245
141
242
214
254
217
171
239
149
204
149
102
11
53
219
88
207
171
104
14
76
75
103
30
188
126
194
142
230
60
228
95
178
173
157
98
231
55
151
153
155
192
135
237
7
154
246
164
166
177
104
215
254
233
128
147
14
53
120
67
229
174
52
198
46
163
178
126
1
66
25
13
230
213
231
201
209
148
163
131
224
129
187
146
25
192
36
17
164
142
102
102
146
189
246
131
76
54
161
187
78
22
53
2
2
5
37
144
57
0
18
178
222
54
6
178
46
71
211
187
148
146
138
58
143
196
216
245
40
213
131
49
81
212
143
39
74
81
47
240
10
242
247
238
113
141
182
182
106
72
198
83
245
143
212
25
140
83
113
49
58
250
116
222
106
61
248
201
117
96
110
192
9
38
108
40
31
189
41
28
201
145
206
230
63
225
51
98
138
29
225
88
129
121
32
204
224
22
189
223
127
88
252
147
78
147
90
52
134
211
76
192
58
252
102
172
52
253
81
209
237
222
185
87
185
175
122
57
81
81
252
47
87
128
75
88
147
87
180
208
181
155
134
0
166
37
18
171
36
96
61
49
15
252
60
165
153
232
56
198
99
112
143
70
112
31
212
178
224
47
134
208
173
227
39
120
213
200
85
109
54
236
255
81
73
7
52
193
235
127
254
221
203
215
17
178
49
226
228
202
112
236
112
255
203
113
137
117
249
183
135
233
133
49
8
165
203
195
213
226
145
152
252
225
66
227
235
157
237
84
69
77
117
22
121
240
101
77
247
47
84
167
158
237
7
156
244
181
251
33
15
179
20
14
163
162
105
94
163
75
130
121
85
207
123
244
72
224
134
37
5
157
157
158
41
189
55
12
71
74
182
18
129
108
49
125
107
149
57
187
118
39
5
120
102
165
72
63
159
32
133
87
32
16
95
254
67
74
18
31
101
96
11
242
16
54
189
165
237
67
155
167
148
59
37
234
233
233
143
126
73
217
134
163
130
125
181
168
187
5
62
93
118
81
196
125
95
195
188
35
12
142
181
206
91
183
43
192
228
9
25
21
204
164
120
229
194
193
74
125
153
181
135
69
173
249
33
168
169
174
104
163
60
55
236
221
240
191
143
9
252
99
62
153
42
163
8
170
111
21
21
233
67
249
20
97
161
117
108
7
113
17
89
189
167
161
236
34
26
41
0
9
128
101
168
27
137
132
106
186
126
34
93
62
182
14
28
56
27
189
138
67
204
185
19
107
225
169
127
9
40
105
124
206
12
162
229
250
22
42
201
187
13
87
98
110
99
99
23
229
132
88
229
198
125
196
252
83
61
100
23
22
26
138
202
131
70
254
38
42
229
194
122
71
154
242
218
150
159
76
70
13
28
174
134
102
9
90
58
162
22
3
185
98
253
104
152
225
252
103
90
166
85
184
22
226
157
179
55
118
144
252
85
243
138
157
133
61
10
22
230
206
203
85
186
243
57
65
151
127
62
34
38
164
4
202
145
105
235
33
239
245
241
6
202
214
51
145
98
51
155
112
40
165
176
88
147
18
24
214
87
223
218
167
140
137
148
98
12
53
145
227
68
232
79
52
180
71
145
19
225
247
90
48
194
105
227
116
168
108
202
162
195
202
188
62
91
68
203
240
195
111
156
197
96
38
238
155
110
116
113
47
17
30
30
77
71
15
183
56
93
162
85
188
15
241
174
56
136
27
97
89
241
209
235
86
113
83
183
51
89
237
124
114
140
9
44
27
186
209
202
4
28
237
195
201
110
66
195
187
207
38
219
179
123
82
138
106
228
75
242
163
218
149
254
31
205
132
139
234
69
72
234
65
191
110
104
163
20
72
62
83
1
165
31
172
4
4
94
19
160
156
224
234
19
82
39
159
109
195
255
48
156
211
139
11
89
210
110
235
68
126
27
224
74
245
183
180
56
23
221
106
121
206
102
217
155
165
206
58
105
75
35
26
249
134
186
109
221
10
190
203
62
177
231
155
112
128
31
162
113
10
46
149
173
137
58
155
255
211
133
101
70
26
54
162
155
113
72
99
4
205
231
176
101
87
112
142
178
4
182
6
24
94
62
216
249
4
49
49
6
250
249
73
247
165
249
49
252
137
158
216
82
141
253
220
224
95
19
191
55
245
6
199
212
61
188
31
195
149
183
102
225
151
128
102
119
18
164
96
153
224
59
4
176
43
237
33
116
87
141
89
104
103
183
128
101
250
42
145
242
192
222
159
117
141
87
154
203
228
104
61
93
31
174
147
141
38
139
151
80
80
248
129
183
90
116
117
27
200
104
162
208
200
192
105
62
80
223
228
237
33
76
124
30
85
105
218
40
46
40
128
249
18
188
4
181
63
9
139
50
147
165
209
247
199
119
210
250
14
221
193
193
54
70
56
56
36
7
234
123
176
141
233
107
47
155
220
195
82
54
242
130
21
149
61
153
245
70
247
30
38
118
148
88
183
251
36
94
65
12
70
105
36
50
181
23
49
56
133
143
20
119
64
88
87
19
142
102
18
253
18
135
254
106
51
243
24
199
102
7
80
126
158
111
248
248
11
71
39
70
108
96
25
87
255
150
95
240
97
5
198
158
226
9
102
38
68
124
181
219
176
97
194
246
239
176
244
218
32
143
182
60
52
8
52
201
57
5
29
185
87
1
22
119
60
49
226
26
182
96
232
185
226
246
247
80
56
145
183
184
149
95
117
193
189
119
87
187
218
173
24
174
147
103
226
77
110
14
43
218
42
93
151
47
106
135
167
254
116
60
66
139
231
122
172
229
55
183
96
47
212
230
39
223
134
229
73
1
68
78
221
236
177
79
229
25
227
200
152
67
1
22
94
38
236
27
143
211
199
178
144
186
113
202
224
227
243
193
212
7
48
224
1
70
2
175
30
254
105
180
46
201
49
149
125
237
102
239
205
40
161
29
36
46
168
230
138
220
211
227
85
78
37
98
208
251
88
15
199
175
164
40
122
248
230
96
157
55
87
122
208
227
210
64
187
56
165
105
47
128
185
103
253
225
233
86
85
206
85
118
130
29
227
7
250
210
0
29
65
234
166
41
84
118
39
138
73
180
11
237
69
224
215
109
247
120
31
200
137
76
5
41
55
159
170
5
123
245
4
234
79
123
175
121
232
152
200
120
4
112
15
157
210
143
183
41
130
200
225
196
218
142
66
84
13
13
32
162
101
112
102
250
169
160
47
47
155
92
76
0
170
172
177
107
73
25
172
81
0
104
102
159
231
11
202
177
47
66
134
66
94
76
251
162
133
60
131
27
158
96
110
233
69
221
226
82
229
25
213
102
197
86
41
112
229
210
58
8
220
198
13
211
199
32
173
221
135
193
88
236
173
142
98
154
117
150
159
75
252
83
229
157
95
179
141
89
228
205
103
197
236
157
24
98
230
230
230
254
62
27
183
59
161
81
55
83
157
67
111
245
10
150
5
100
157
76
77
7
32
32
160
229
190
32
26
25
34
205
27
235
203
37
126
103
241
176
165
254
158
82
7
69
206
238
143
76
191
187
172
191
56
152
181
162
30
157
2
179
144
227
196
111
61
22
139
55
157
235
248
167
53
22
88
52
172
1
157
96
18
56
148
65
61
186
47
233
197
79
248
210
66
232
79
249
77
162
182
154
233
248
209
57
243
234
139
174
74
142
209
174
97
160
239
208
40
208
212
154
239
77
132
184
8
129
110
160
33
159
40
57
55
153
99
198
6
32
230
147
197
95
144
196
142
94
229
86
237
120
197
245
206
65
102
19
0
130
43
66
62
249
200
186
199
125
87
168
171
237
243
237
207
39
174
238
202
76
57
154
202
62
15
231
242
32
52
44
249
244
57
7
176
78
197
145
73
175
47
60
231
78
103
64
28
51
3
10
158
67
228
62
34
130
14
251
25
251
255
73
133
153
26
188
209
230
255
174
100
53
118
242
57
58
133
161
252
73
108
25
155
10
80
177
245
6
215
127
41
54
166
59
76
185
229
89
20
209
125
41
126
151
125
224
151
89
234
254
111
111
28
102
8
176
172
200
146
127
200
172
233
118
214
14
45
201
191
147
162
34
104
215
13
121
112
239
184
125
195
113
126
62
76
220
138
201
137
226
13
62
59
203
114
225
167
95
232
196
113
16
197
246
250
52
34
250
196
69
6
176
236
46
69
147
62
205
200
42
104
155
13
207
224
133
162
246
211
48
57
8
32
155
45
162
127
126
32
104
210
139
218
143
254
24
146
176
100
188
206
45
142
252
235
38
170
202
68
169
243
14
165
145
208
78
121
177
91
58
28
131
224
4
162
100
165
199
58
242
115
99
6
164
158
206
243
161
191
213
18
211
176
1
93
216
161
11
23
125
180
18
200
200
13
235
175
183
133
163
103
137
34
176
161
151
105
74
199
180
252
127
32
221
151
18
43
230
183
188
199
251
198
43
249
81
168
231
161
171
252
29
39
87
145
64
175
162
105
48
214
184
148
160
196
120
254
230
47
169
169
76
158
140
141
18
197
242
197
176
144
125
223
221
222
51
136
163
141
105
164
214
153
148
238
215
141
143
150
251
21
175
209
191
191
198
117
14
137
4
198
182
248
107
238
222
127
234
32
1
44
176
150
107
158
66
87
117
123
199
32
90
153
28
25
207
147
250
18
120
216
117
24
36
81
234
150
4
55
166
107
221
224
176
199
142
105
199
66
127
140
239
84
164
65
119
82
102
216
163
60
120
238
46
59
114
37
55
174
14
206
11
167
87
97
173
11
38
140
190
36
103
226
65
178
130
59
92
79
124
157
116
251
79
82
162
37
92
61
63
173
41
212
173
216
71
136
203
199
80
17
224
89
108
179
249
207
207
239
236
124
46
243
148
239
144
4
6
106
16
225
73
173
137
71
42
157
41
169
109
55
72
221
172
36
59
16
241
226
248
208
140
206
106
173
17
18
82
99
120
77
46
250
92
50
48
4
45
3
100
8
66
130
249
174
144
1
47
109
252
123
241
176
95
176
144
145
255
8
49
193
185
30
121
107
55
88
244
117
219
22
57
31
100
6
92
243
40
147
136
3
61
120
3
34
55
122
75
148
150
219
162
59
42
121
251
109
124
61
182
53
147
63
49
115
185
97
74
35
159
139
148
176
236
219
1
224
54
92
75
251
31
182
52
37
49
74
125
147
173
58
6
232
241
52
43
36
139
101
27
56
241
173
35
27
212
176
221
54
227
28
166
163
233
11
63
59
2
130
57
198
65
162
79
28
43
166
74
195
72
218
231
142
115
63
50
182
167
211
207
48
43
242
193
197
101
146
42
209
33
68
161
151
227
245
226
83
194
55
224
45
29
168
242
196
4
172
102
125
160
125
108
78
45
217
214
144
141
125
200
10
142
62
59
139
78
87
82
195
252
255
213
179
34
226
36
172
159
45
59
120
182
183
142
128
178
73
48
106
144
95
176
39
86
130
243
66
41
254
95
189
139
246
242
39
8
43
28
228
84
242
111
50
218
211
41
133
234
80
229
9
6
91
124
160
56
143
93
120
75
227
172
123
68
106
27
233
55
44
168
1
222
168
27
97
156
94
131
29
106
146
184
189
64
4
54
108
66
152
226
135
168
114
150
23
154
7
33
232
235
253
213
173
30
202
160
134
179
124
229
106
231
81
197
254
170
119
135
75
126
80
60
166
16
119
7
250
15
129
226
81
214
215
252
201
149
128
151
173
22
219
22
224
38
143
142
88
61
210
101
66
244
84
101
138
132
106
38
201
55
42
249
180
146
207
131
87
248
92
67
0
56
130
170
153
96
190
17
211
220
76
149
151
95
76
220
110
21
50
96
91
59
98
170
201
233
109
101
102
167
54
169
222
93
162
45
10
102
54
205
251
202
234
197
91
183
45
135
106
117
78
1
128
40
1
138
99
232
195
67
33
4
59
61
162
142
228
91
178
128
234
255
234
149
241
40
112
117
86
210
29
29
66
0
110
223
109
54
133
252
255
250
255
123
96
88
44
88
199
56
66
235
179
78
175
124
221
91
255
147
20
152
196
120
107
191
88
189
177
198
107
107
149
87
161
113
99
9
67
25
158
106
85
193
231
233
218
78
198
139
141
80
199
112
57
156
113
101
16
116
30
46
23
64
213
13
194
99
175
148
156
26
98
84
140
124
131
255
196
233
200
110
174
75
255
52
143
187
223
86
182
50
125
94
210
147
61
159
75
202
127
251
51
179
74
144
84
196
57
161
232
181
212
35
185
142
142
249
96
66
183
54
252
231
75
249
126
22
175
176
16
206
124
124
209
176
64
52
26
170
126
244
209
139
108
39
16
173
167
87
168
33
57
69
44
159
169
152
72
121
141
55
34
218
42
51
244
0
49
138
46
178
77
89
59
86
251
248
213
187
122
94
135
26
96
9
89
175
187
255
134
33
138
215
14
33
77
165
16
193
2
24
20
148
210
158
50
4
248
42
121
22
238
141
224
251
129
47
118
188
134
134
85
190
88
52
155
179
29
227
72
88
6
5
13
151
227
58
192
54
14
101
49
9
29
167
91
165
179
168
90
52
148
188
238
186
93
181
61
188
191
25
9
96
150
155
39
165
16
158
226
169
61
103
241
88
250
202
107
42
62
147
196
171
204
165
191
227
82
194
102
17
204
2
15
31
240
111
40
177
158
186
28
24
69
179
165
86
226
142
64
191
34
186
233
168
45
183
161
95
218
243
148
98
140
146
154
204
203
85
145
89
150
86
123
73
208
49
225
204
145
147
189
236
217
241
95
131
148
111
239
74
126
169
147
158
64
18
186
87
254
26
158
6
128
3
16
188
233
148
171
76
1
236
74
231
50
101
123
75
108
68
13
96
244
49
176
45
32
121
141
123
108
149
235
152
255
158
42
165
15
167
111
213
195
194
168
120
1
103
103
75
242
124
168
238
153
41
238
103
3
157
225
146
200
191
65
181
232
244
184
185
64
145
156
232
33
58
239
235
52
91
233
135
74
130
141
73
79
85
189
164
135
204
139
76
187
139
45
196
171
233
30
158
52
6
34
197
29
87
229
55
160
233
14
16
108
27
122
149
181
10
231
22
65
46
31
188
2
153
199
121
141
224
251
129
238
141
205
103
102
143
225
186
155
205
188
186
20
190
28
246
93
177
118
147
153
199
83
100
119
229
67
220
175
175
198
253
110
97
24
174
123
187
104
61
37
174
16
151
39
156
165
39
63
146
221
41
40
22
56
198
63
56
133
245
21
32
46
161
104
187
119
23
31
85
124
122
41
165
74
88
106
81
128
136
154
146
28
62
133
78
178
208
147
124
196
89
86
245
124
194
153
15
66
86
104
106
33
89
208
190
49
51
177
245
243
176
241
128
224
224
181
117
45
156
107
33
133
158
21
155
128
67
143
43
204
119
170
184
75
135
117
128
63
137
169
8
53
250
33
252
89
113
8
181
161
21
78
186
174
129
38
129
200
22
89
105
144
18
145
190
84
26
14
250
234
157
59
2
27
43
217
203
27
184
251
89
31
44
63
184
208
26
127
126
129
227
67
21
0
103
151
10
33
35
0
11
17
13
253
176
105
106
33
84
124
147
205
2
75
110
143
175
36
184
217
17
185
233
237
252
237
227
225
174
47
105
138
66
72
9
178
59
9
184
74
205
86
143
47
216
218
217
113
124
183
179
51
7
39
150
74
121
253
244
171
221
119
160
226
18
18
149
245
149
7
62
80
43
56
121
245
214
146
182
177
178
182
60
161
17
213
160
214
118
72
219
199
23
213
17
225
201
151
177
205
146
89
34
75
144
98
212
136
89
43
178
27
202
193
188
109
75
227
31
249
25
180
130
76
1
24
234
109
63
171
196
254
19
116
47
228
228
30
191
112
29
250
114
150
108
157
191
85
29
129
188
212
228
133
145
75
165
169
226
26
21
113
201
2
152
3
103
0
163
43
63
94
164
250
162
171
158
133
186
186
167
16
145
248
101
59
153
49
62
132
215
255
233
204
196
207
110
101
69
16
102
229
58
116
22
242
10
199
160
122
124
144
100
186
113
180
56
51
180
162
208
213
190
132
28
31
143
156
88
97
69
169
45
94
56
226
98
122
220
169
86
62
255
1
242
214
20
226
201
172
173
0
32
65
89
72
145
242
156
242
80
234
156
188
88
63
158
85
14
152
50
85
138
197
95
178
77
102
199
253
247
147
113
87
50
18
160
70
75
29
157
167
245
227
154
254
189
154
56
80
0
146
175
28
58
153
160
199
102
110
144
159
65
200
217
65
176
223
247
172
60
88
110
213
147
79
210
103
229
117
9
106
146
159
144
255
135
214
182
144
152
99
37
172
200
158
235
126
87
162
205
27
102
27
168
248
19
3
185
32
0
32
178
56
178
131
47
86
17
205
57
94
209
236
174
26
214
162
192
117
193
195
3
130
198
193
73
82
137
103
21
195
151
140
168
94
106
116
76
3
249
41
132
76
83
184
116
110
117
147
152
39
137
105
195
126
26
132
182
83
151
146
94
203
194
4
137
50
178
13
163
3
153
215
229
108
214
160
163
252
117
140
218
23
105
235
77
160
192
36
217
176
176
40
77
211
74
94
196
85
127
60
104
21
82
77
206
216
63
82
185
79
220
131
162
223
106
146
164
103
168
202
102
70
180
43
108
76
116
43
84
182
177
168
84
219
155
153
42
113
199
181
106
131
84
100
47
94
200
123
151
224
18
240
184
253
14
29
15
142
188
72
240
171
187
149
94
190
244
64
150
210
166
65
18
203
98
193
123
71
138
38
41
38
129
183
138
13
227
12
120
183
227
214
32
55
49
159
131
59
36
61
253
0
108
59
169
255
200
228
115
65
242
12
226
196
157
52
124
208
28
16
208
140
45
50
4
255
111
169
254
204
179
248
209
217
185
115
70
61
159
99
161
11
164
41
84
254
16
235
89
252
207
188
205
162
244
205
33
234
79
3
148
113
105
132
250
29
19
44
92
170
38
159
80
237
95
245
209
38
22
80
161
8
162
42
93
252
198
75
104
122
140
60
68
198
57
89
169
65
252
251
48
177
87
196
59
139
149
51
34
161
54
70
144
168
17
172
128
152
209
25
179
214
155
33
107
142
120
80
165
6
134
32
31
209
123
72
167
122
62
217
41
163
137
142
5
55
55
155
48
169
72
218
126
80
182
108
190
246
107
126
127
140
128
95
46
108
104
77
133
95
25
94
177
77
81
137
139
93
125
96
245
111
163
123
9
160
153
197
101
201
129
96
243
55
196
192
61
189
187
177
216
71
31
240
95
163
56
240
156
80
15
209
209
8
48
240
254
45
96
8
163
235
17
45
98
217
145
73
152
103
79
184
215
0
33
208
226
206
94
79
82
173
157
192
198
83
157
30
0
31
172
58
219
48
197
165
59
17
242
136
194
111
27
105
209
208
27
52
230
211
99
92
184
61
32
232
166
221
25
90
175
0
220
90
80
21
82
73
197
249
209
235
211
77
107
146
57
62
140
79
197
180
194
138
130
58
149
27
140
246
212
225
225
52
89
222
126
142
172
0
58
98
51
30
167
197
242
160
155
225
147
69
243
7
124
164
186
46
197
0
