125
52
250
32
82
50
180
225
141
214
104
70
153
170
45
130
36
144
127
210
212
127
77
210
205
110
96
58
14
221
189
248
102
80
20
243
229
177
34
128
43
14
127
0
38
185
169
245
54
150
91
237
184
83
96
246
10
46
211
72
13
69
61
237
184
246
134
61
45
0
95
68
197
136
205
241
209
168
118
185
158
4
60
35
194
159
223
40
171
239
159
0
134
254
126
113
229
150
251
60
138
240
20
171
124
146
170
160
20
243
221
254
71
192
123
208
63
116
63
158
199
153
141
20
199
173
97
113
246
214
83
79
119
229
76
248
63
216
6
197
51
184
114
217
10
143
84
205
252
116
127
143
36
194
39
25
43
135
193
254
217
202
171
129
155
42
200
10
248
234
14
4
105
132
90
162
19
213
95
250
129
218
90
57
59
249
182
245
56
108
244
251
85
70
90
187
250
174
202
69
213
8
182
137
42
43
199
42
126
205
198
89
131
91
174
161
172
14
209
219
218
239
206
58
86
70
176
66
50
22
75
135
104
134
219
35
218
83
45
153
127
150
97
250
100
66
168
25
30
214
136
228
176
100
157
25
18
115
71
137
214
115
67
174
17
62
6
183
250
130
232
67
58
107
174
212
104
213
192
69
7
181
198
233
198
103
232
27
136
122
144
189
236
217
198
207
105
51
123
54
218
28
140
236
125
123
175
88
161
183
146
60
229
118
37
121
99
67
91
17
149
151
238
190
44
184
157
91
18
78
192
81
80
105
67
50
219
244
129
87
66
96
136
31
74
250
69
177
114
161
98
190
78
216
138
123
22
220
221
69
78
174
107
107
251
150
156
165
227
231
112
82
56
227
226
184
185
185
16
198
60
180
35
136
165
152
41
142
109
68
150
251
181
31
173
90
63
192
151
122
236
22
127
49
168
144
22
74
225
92
153
104
134
144
241
208
196
112
20
107
157
179
11
106
35
218
11
114
227
236
234
7
251
236
114
142
107
117
134
128
126
173
223
218
27
69
24
176
217
56
158
34
136
19
145
140
243
185
39
230
2
80
61
158
222
0
197
209
23
179
34
146
6
55
97
155
235
160
149
115
93
8
90
63
159
3
140
129
94
2
180
199
158
202
13
250
117
176
49
22
96
242
186
131
24
236
53
58
212
45
93
202
149
37
243
37
140
40
218
241
83
198
239
204
44
146
16
39
26
98
212
120
168
175
179
98
98
173
172
236
30
5
44
83
172
172
79
3
68
112
230
189
168
15
1
230
179
83
3
120
217
52
53
217
221
118
185
134
140
199
251
225
155
158
9
24
98
148
17
52
15
237
5
164
209
189
232
93
168
233
222
78
35
155
160
230
184
138
119
11
8
77
242
122
28
179
220
119
63
86
138
32
84
148
252
204
148
239
68
170
53
217
147
40
84
31
107
72
38
208
165
202
210
126
155
120
221
251
251
109
107
40
193
236
14
46
42
243
57
211
227
45
76
97
181
120
83
97
11
201
72
39
30
112
171
221
121
92
92
91
222
251
210
230
208
40
168
84
172
172
247
184
92
35
0
202
44
69
119
112
8
168
234
84
230
0
219
104
139
20
142
12
118
65
174
72
112
81
211
58
18
118
220
200
216
204
142
105
119
246
246
245
195
210
204
42
59
76
64
183
13
174
140
92
160
90
33
183
163
30
77
233
188
219
180
163
42
23
233
252
59
120
151
98
15
93
233
237
70
235
204
201
166
52
252
38
72
221
199
38
216
107
226
221
235
99
167
57
43
88
44
202
217
16
223
28
76
114
126
184
48
192
179
82
208
16
220
198
236
220
88
252
145
58
36
92
226
53
107
135
12
208
30
242
142
155
217
40
113
242
188
183
167
88
96
68
230
74
143
206
148
74
162
74
206
98
178
69
193
142
97
137
158
40
53
183
62
39
204
208
104
141
143
220
113
208
229
123
25
236
221
188
252
75
193
237
98
212
120
72
187
237
138
183
187
243
199
242
144
231
77
86
246
81
255
97
9
151
104
131
56
78
229
254
232
37
213
43
213
99
123
121
136
216
147
37
230
201
200
17
151
147
110
191
103
35
147
75
204
199
96
188
240
180
32
82
93
254
51
123
116
23
142
24
112
186
201
8
110
82
62
66
181
167
91
116
119
185
142
198
213
126
10
116
224
202
37
84
82
222
121
45
17
111
7
239
137
10
48
210
33
160
169
44
217
198
178
169
84
40
2
116
43
217
254
29
70
24
227
14
205
5
198
175
34
97
193
186
203
78
240
59
230
41
70
72
29
166
152
243
237
215
86
57
189
126
221
201
218
164
11
137
20
138
10
116
164
0
169
49
86
87
59
38
59
117
135
67
141
28
207
222
236
217
16
211
47
211
169
215
43
113
137
48
173
169
78
153
144
70
12
244
171
28
193
81
207
116
24
138
206
28
34
237
6
11
235
74
81
68
49
109
240
53
208
119
100
175
38
79
223
57
53
94
151
163
6
233
162
30
224
227
191
228
5
235
247
6
158
115
183
253
201
100
11
246
207
161
167
180
102
247
53
167
70
189
100
84
40
110
201
224
252
216
216
134
224
0
159
203
13
182
133
56
102
103
73
254
70
225
138
66
133
179
177
12
53
218
77
196
77
199
31
88
36
186
63
226
152
215
242
69
35
27
196
11
18
177
187
214
171
220
215
5
21
99
37
178
20
169
164
16
199
104
127
238
204
120
56
194
116
152
250
229
163
167
121
139
250
28
0
202
181
197
13
104
123
123
135
191
126
152
26
21
179
102
0
121
67
207
126
217
237
121
11
13
225
65
131
224
210
31
199
63
123
238
145
69
127
61
60
206
199
163
113
118
64
210
221
131
83
209
156
119
205
238
163
17
209
51
205
84
120
3
20
72
122
112
212
191
237
40
105
93
52
95
105
159
96
9
238
81
130
215
249
121
69
104
88
220
249
246
93
83
151
226
215
105
171
243
135
142
237
51
51
40
20
239
67
223
243
192
96
226
215
48
113
47
229
187
143
120
83
50
229
39
61
13
55
95
227
240
24
134
235
31
253
196
166
180
159
239
231
124
96
188
143
47
112
145
69
187
106
217
13
63
217
154
15
248
131
119
191
223
69
223
202
185
158
176
109
64
196
248
24
76
60
46
168
245
93
131
113
68
52
35
182
98
45
168
175
245
13
234
4
113
241
60
149
225
64
131
80
63
0
50
38
67
190
215
9
189
38
175
227
100
176
38
19
190
90
74
100
237
186
181
12
158
79
215
25
237
100
143
164
184
177
78
180
70
89
62
254
16
112
169
77
157
131
90
134
237
38
89
243
194
0
183
136
91
67
107
164
174
29
145
201
186
227
237
227
76
76
169
157
39
34
187
64
182
169
19
120
210
185
172
207
176
54
85
233
222
177
59
10
174
115
39
169
0
237
79
247
12
207
104
82
64
207
118
174
177
50
150
12
219
79
43
53
228
127
73
209
162
8
160
57
177
45
70
28
166
83
5
208
20
20
12
229
48
125
206
71
5
52
172
97
162
234
101
92
220
19
77
103
193
120
44
6
34
120
146
28
136
152
144
37
183
127
55
59
72
218
44
235
228
89
166
4
139
91
47
44
122
141
127
44
42
211
238
48
183
49
63
56
58
146
175
53
201
183
102
180
87
28
48
10
23
194
5
138
118
237
205
236
219
175
125
229
213
150
85
227
181
123
244
121
151
116
19
244
99
24
112
103
181
96
1
17
164
100
165
73
230
14
25
233
45
185
146
36
172
108
172
95
3
190
214
202
4
213
175
199
116
102
0
117
231
224
79
92
70
241
182
193
241
20
208
24
232
36
205
121
178
9
230
213
16
36
49
97
68
208
214
135
94
234
99
180
252
78
152
156
111
246
206
179
147
49
195
184
195
68
191
184
252
2
121
188
139
88
129
246
97
209
141
179
130
79
188
20
238
242
9
39
51
217
42
40
157
91
116
214
121
231
192
199
143
171
83
206
253
70
169
69
50
31
58
180
208
186
158
182
165
216
105
156
215
201
208
125
134
179
59
116
81
68
215
37
141
245
202
208
63
68
137
141
2
184
80
205
184
49
80
83
63
22
96
76
49
53
65
186
192
123
99
183
181
60
160
10
204
241
255
181
146
77
123
215
37
231
4
160
52
211
146
56
236
236
8
27
82
110
185
201
159
214
144
6
154
98
213
221
44
82
87
159
121
58
108
14
98
5
121
226
209
166
123
77
188
78
210
40
176
79
248
134
195
87
233
193
171
161
42
37
13
23
192
176
93
146
113
84
14
141
188
159
27
147
87
208
215
151
171
194
102
68
142
206
18
155
95
93
135
179
246
17
242
29
118
153
159
114
200
153
87
38
39
117
172
79
133
32
133
20
87
133
177
35
117
174
3
163
38
4
186
211
107
159
248
232
143
185
176
38
128
87
115
71
144
115
60
163
145
155
20
76
48
23
79
155
10
212
199
81
82
44
44
113
1
60
107
157
190
111
56
139
35
106
199
162
109
176
186
161
10
194
124
212
22
145
140
193
176
147
4
61
104
10
244
153
235
32
211
224
6
49
230
114
250
211
139
59
114
169
240
227
254
143
111
159
212
252
173
104
104
166
101
108
234
33
34
33
43
181
152
154
72
130
29
210
213
58
97
211
238
124
162
81
15
181
108
21
52
72
154
57
175
14
71
60
149
127
4
217
92
25
252
175
2
238
103
175
73
1
121
246
250
104
212
39
137
73
4
104
130
180
193
224
26
159
79
147
57
16
48
136
9
9
101
67
251
179
39
49
165
33
162
51
208
60
154
91
1
99
62
13
0
188
64
130
107
32
76
58
3
248
215
55
198
16
52
232
66
87
195
0
236
35
198
33
104
73
38
205
59
159
101
188
59
168
250
145
60
179
162
20
201
3
42
136
138
65
235
32
1
219
183
113
3
63
241
221
147
34
79
227
61
52
248
94
148
248
153
19
143
221
18
175
221
112
170
62
66
138
46
248
31
89
165
94
26
103
250
216
82
34
163
65
26
184
118
250
141
184
19
23
241
184
60
159
139
9
112
31
241
163
63
145
89
7
66
134
11
101
72
195
212
19
138
76
129
113
105
163
76
60
143
50
137
132
5
245
167
159
202
94
246
255
188
238
156
103
252
15
98
168
144
24
193
19
100
165
245
157
242
16
16
179
247
157
34
130
156
201
187
182
235
118
34
33
76
255
21
131
50
44
167
107
35
170
112
51
126
154
98
100
152
50
86
3
112
214
112
203
214
110
223
60
150
73
219
148
177
250
30
56
44
126
223
195
33
255
19
72
176
16
167
15
79
11
107
152
44
92
106
134
100
29
30
92
119
252
11
201
70
111
40
45
99
145
179
236
234
98
129
67
237
236
160
30
168
108
150
45
96
27
114
168
236
56
223
56
160
202
1
67
90
133
18
109
4
114
174
202
34
9
17
7
147
90
45
179
251
172
37
25
155
94
237
23
92
203
101
55
114
249
45
33
164
35
70
70
223
54
175
173
199
174
174
141
134
168
195
227
7
113
10
64
115
224
16
45
36
247
146
143
132
143
133
50
80
15
164
184
243
112
60
40
141
241
50
100
169
15
18
38
150
99
238
44
7
28
15
13
236
20
169
81
190
98
151
128
44
241
188
190
186
116
143
245
241
38
233
10
71
129
189
237
171
41
73
27
151
189
239
237
235
32
99
234
1
211
98
241
134
81
168
244
143
216
39
65
52
195
243
43
48
179
183
143
211
80
47
184
179
35
39
120
9
58
199
11
234
137
47
215
92
185
110
222
32
230
217
96
2
151
53
173
3
192
33
43
71
161
152
36
81
93
103
44
16
235
164
248
192
76
199
91
136
229
3
103
208
46
173
30
48
152
207
207
13
102
26
88
20
192
211
145
118
123
251
30
83
182
177
63
211
108
152
173
101
173
94
47
149
142
161
88
226
1
186
74
5
12
76
42
128
52
118
151
159
73
190
42
157
173
177
85
231
43
157
101
98
50
207
216
98
136
145
198
118
93
177
38
139
45
39
7
193
2
211
198
213
118
45
38
26
83
84
32
140
83
32
144
161
251
79
82
250
139
150
12
183
45
182
133
132
55
32
188
238
161
215
25
140
27
178
235
142
165
87
6
48
142
138
140
35
78
137
48
220
176
114
93
59
164
201
186
4
14
87
179
139
243
30
126
5
142
91
0
11
132
148
193
115
165
64
189
206
171
240
210
218
191
155
226
11
48
203
112
253
88
159
113
143
138
63
12
63
109
0
171
245
88
77
164
255
59
27
242
137
10
169
226
99
144
80
13
155
104
101
245
173
176
130
193
128
25
128
37
104
154
62
242
5
110
193
196
220
72
85
194
1
167
128
13
1
13
99
2
167
44
255
210
24
255
135
59
79
101
87
120
153
107
182
154
178
182
53
243
62
124
242
85
105
69
71
53
253
211
121
180
109
149
220
97
94
61
170
243
37
198
233
53
211
230
213
13
4
220
172
5
235
157
11
253
47
124
128
222
28
220
238
55
224
30
38
70
162
168
5
40
227
2
90
242
65
129
232
53
144
185
118
57
168
26
198
218
151
114
44
32
65
253
178
61
179
167
221
114
37
53
72
174
180
168
192
153
206
160
100
93
124
254
214
203
252
250
169
74
53
80
68
239
177
198
74
48
122
159
90
51
13
59
0
144
133
228
254
148
254
0
48
110
210
254
75
122
254
91
39
44
185
133
180
38
95
141
101
48
160
110
229
110
48
227
74
161
110
236
152
250
148
89
152
145
219
58
219
61
227
232
7
158
34
13
46
105
72
118
141
38
92
170
97
163
44
199
149
132
80
100
217
218
104
146
97
135
214
110
111
75
207
68
75
161
38
43
110
26
167
92
5
180
104
125
159
110
227
174
229
30
193
91
103
135
87
98
68
227
178
174
254
144
5
37
216
128
18
74
192
204
20
146
92
159
247
163
111
159
40
62
23
218
146
55
32
127
235
239
84
83
244
92
44
163
198
165
90
87
214
58
48
239
53
254
76
237
103
15
49
20
41
179
142
9
232
30
31
53
56
80
225
60
173
71
33
255
241
180
34
68
111
36
174
38
49
71
204
127
151
181
247
200
236
109
200
42
202
25
57
221
162
26
92
198
122
62
59
81
71
109
110
241
147
227
38
42
142
110
60
156
76
195
70
216
215
222
159
69
138
141
218
224
150
191
70
236
157
58
14
150
248
182
80
22
9
74
108
251
5
157
214
248
236
63
117
118
171
10
160
147
113
50
159
41
148
0
83
170
27
63
14
200
216
69
154
174
133
98
27
212
39
124
195
154
32
134
86
12
171
166
95
149
25
88
185
175
108
255
56
177
253
40
187
56
59
90
49
108
98
76
95
5
139
204
237
236
24
92
5
49
209
119
45
142
81
75
198
49
82
156
220
181
230
231
219
247
138
230
79
82
52
153
166
186
225
27
149
79
144
49
32
5
211
116
192
63
97
192
90
152
96
239
82
127
130
137
131
24
237
78
40
10
57
174
32
156
163
177
30
196
98
182
185
19
28
107
59
127
15
190
13
167
173
187
196
184
232
24
61
39
1
120
101
239
111
39
56
220
169
71
222
130
228
173
220
112
167
40
179
12
63
72
245
179
144
48
66
228
75
173
102
34
124
149
102
67
68
20
67
232
169
50
86
183
158
245
121
203
203
10
4
58
119
207
185
150
136
248
243
246
224
240
106
82
145
253
102
126
102
114
211
9
241
40
21
116
102
44
111
56
194
73
82
80
190
225
1
224
177
15
196
127
242
223
45
87
235
244
10
14
22
117
28
239
197
64
130
32
87
52
201
36
195
229
43
52
98
59
17
79
39
110
174
248
105
158
199
121
205
59
32
35
74
186
5
240
250
6
43
133
251
151
251
234
175
179
221
199
16
73
70
31
35
6
34
211
124
70
21
128
110
241
107
243
24
28
145
5
124
62
198
65
161
53
249
133
78
59
26
35
218
252
173
220
245
110
164
110
245
133
80
109
253
124
230
168
0
30
79
211
53
153
49
99
161
47
144
148
250
57
230
128
234
45
49
53
128
229
177
0
214
173
213
47
106
62
248
157
154
249
115
98
28
21
150
249
90
37
178
228
201
175
48
232
0
133
3
119
144
5
187
33
227
107
235
210
130
58
255
146
56
96
87
221
19
86
254
134
56
200
184
56
126
171
175
22
153
7
69
241
244
208
42
222
39
179
111
167
111
18
149
178
94
228
24
7
0
50
254
139
53
37
14
162
6
182
155
68
224
7
224
178
178
248
33
19
161
93
206
17
202
198
212
223
177
57
119
234
107
230
87
52
79
49
56
202
0
104
215
210
173
223
222
34
234
224
112
224
25
189
13
87
118
174
236
69
107
75
208
119
62
37
50
4
34
126
183
212
104
217
95
231
54
67
174
85
21
234
97
39
119
75
139
104
145
127
19
57
89
181
228
153
117
196
211
50
240
75
23
201
49
209
229
183
237
62
79
182
146
172
195
149
53
155
23
48
254
206
241
245
249
82
204
102
21
183
248
40
229
220
207
248
58
22
159
0
223
169
254
201
3
86
50
47
238
119
56
120
222
241
225
42
40
40
206
220
156
254
90
225
6
207
14
167
251
225
23
219
146
138
149
159
217
170
21
128
116
96
30
45
70
141
53
44
221
93
68
112
176
95
82
215
110
59
81
23
44
124
158
206
71
84
138
71
79
53
115
181
84
253
206
109
191
178
179
8
160
241
93
233
102
255
87
167
69
34
69
44
70
216
244
153
219
216
216
100
167
230
93
131
30
92
203
112
200
100
197
197
0
238
143
247
4
149
121
96
230
36
110
180
231
192
87
154
96
118
219
159
241
52
112
198
216
58
10
129
1
15
246
228
58
31
98
198
54
230
181
13
131
13
46
141
118
189
109
118
86
200
184
200
244
154
79
124
81
166
81
145
245
159
4
206
60
219
212
117
105
204
100
137
127
60
243
100
218
152
7
217
6
206
117
211
194
90
131
251
140
60
217
21
60
240
240
178
61
46
42
210
44
243
87
237
206
211
219
201
177
66
36
235
220
61
175
48
78
85
129
175
131
149
173
58
170
217
84
149
198
212
247
156
177
89
71
251
218
101
180
29
118
158
225
225
142
64
174
88
158
72
147
229
87
195
23
175
239
201
88
150
119
145
25
220
53
71
120
66
31
152
33
22
122
221
95
82
196
234
127
194
25
189
250
245
250
37
156
84
234
105
66
175
107
47
9
109
178
254
66
53
158
150
168
103
16
234
72
10
29
64
178
184
109
50
13
162
146
233
88
103
254
143
225
188
220
1
124
7
115
111
81
255
121
164
44
73
208
6
150
233
38
172
169
220
72
26
186
213
88
79
43
101
3
188
27
196
209
9
73
32
3
20
60
72
108
131
143
174
177
57
239
120
184
232
70
106
36
102
21
174
103
120
235
1
143
246
177
50
184
253
133
163
133
139
192
95
79
89
35
197
107
61
21
3
122
61
44
24
138
223
36
71
132
223
186
42
238
29
13
141
60
221
174
186
18
141
80
231
151
189
5
139
220
21
214
68
182
186
109
29
201
104
79
38
241
60
90
90
209
163
213
118
190
211
0
226
142
117
194
178
253
15
22
206
169
90
224
32
0
39
60
46
138
212
176
31
99
249
181
97
56
131
11
157
19
133
136
78
5
163
109
229
174
205
192
206
38
150
5
101
56
34
224
69
140
128
132
104
130
135
119
22
155
198
205
248
172
224
166
130
174
112
90
211
153
176
35
103
136
91
254
224
43
76
20
9
166
128
4
11
123
11
220
225
22
218
163
110
136
21
111
114
225
244
229
244
139
22
217
126
108
147
24
230
179
251
174
228
128
248
99
229
128
49
32
30
101
137
163
132
199
31
26
174
141
230
94
4
34
145
11
226
134
216
163
105
45
229
107
253
119
20
154
152
6
16
205
185
171
226
0
212
3
28
24
122
53
40
154
247
147
60
154
244
211
203
244
0
40
51
129
101
255
105
16
169
224
94
228
244
137
217
81
37
192
239
205
235
211
132
189
56
238
45
85
77
67
244
250
10
10
138
145
93
244
193
85
72
117
86
62
244
72
27
96
140
24
201
86
4
81
244
32
121
156
134
160
35
93
79
185
62
158
119
58
232
239
208
195
131
20
99
219
35
128
247
67
185
141
19
251
63
168
163
211
239
39
196
50
245
141
51
121
185
137
86
40
156
172
51
142
170
24
11
95
235
76
235
33
45
144
41
31
62
49
63
10
80
161
181
121
107
63
122
24
149
135
25
59
168
18
28
184
163
170
63
53
182
184
141
37
238
40
16
63
4
198
135
162
185
59
208
135
236
41
84
148
86
227
223
79
183
49
185
200
128
107
218
163
28
151
122
104
135
71
234
248
127
234
189
203
128
244
161
224
164
224
192
92
218
77
166
123
203
139
139
48
198
122
183
116
53
181
1
50
116
37
166
153
28
139
34
233
221
244
224
121
143
162
174
68
8
88
5
222
163
193
164
83
27
48
128
221
55
89
237
251
12
104
107
18
170
158
236
104
134
188
52
227
54
87
127
208
246
32
58
3
244
92
5
247
58
214
32
118
26
89
136
74
109
170
131
190
75
110
5
152
103
106
120
149
120
125
145
193
49
53
240
85
149
70
254
196
148
174
84
168
158
197
188
16
129
25
213
185
170
174
23
122
93
138
55
131
240
237
23
171
6
55
56
192
202
206
255
114
92
189
55
111
171
36
104
111
150
202
232
78
246
155
96
181
143
49
165
235
147
178
191
181
11
116
60
188
196
177
93
220
79
124
3
144
129
110
30
67
216
151
226
68
127
202
12
126
228
236
99
66
231
158
239
190
245
81
238
246
235
239
140
136
134
119
110
20
233
80
245
183
105
82
140
206
6
160
151
199
203
224
18
213
163
105
68
58
173
22
93
104
12
26
240
58
131
34
132
69
203
155
188
165
121
82
134
51
49
129
149
80
185
210
162
118
241
53
149
182
214
16
30
231
164
214
15
46
171
187
93
7
229
225
237
104
83
69
191
84
45
83
46
46
57
127
60
123
203
185
123
85
14
236
25
101
3
30
97
84
55
146
55
7
8
175
67
202
206
75
99
199
18
16
46
237
117
83
105
129
126
55
23
4
98
104
159
74
147
223
202
199
58
186
183
242
79
97
26
46
104
36
49
5
179
96
119
177
199
140
50
81
79
200
203
198
65
98
67
155
245
158
14
64
10
63
67
62
121
170
145
60
42
30
4
213
40
66
24
30
138
145
163
144
164
123
146
100
130
101
217
163
128
60
166
223
20
46
216
17
35
66
30
192
46
162
252
241
227
34
195
35
48
84
8
209
139
59
174
192
234
61
146
129
129
200
19
72
200
141
84
156
172
150
141
164
81
79
251
67
86
172
146
27
17
105
168
42
67
192
66
3
23
159
13
58
115
226
93
66
47
209
234
252
244
5
172
178
173
227
69
79
252
101
244
119
117
15
23
164
245
179
39
148
129
64
27
117
175
217
212
248
75
16
76
69
136
195
213
78
9
105
44
128
138
138
243
170
64
200
245
62
19
217
33
136
7
8
113
163
80
131
199
173
187
131
252
147
86
214
245
209
4
200
151
73
122
146
17
141
94
57
0
81
177
245
23
27
83
229
126
40
199
62
29
45
2
192
232
83
116
141
213
48
192
191
66
35
41
76
176
193
193
176
109
128
232
197
23
8
239
150
135
43
135
53
201
211
43
211
172
75
159
111
103
254
66
134
221
213
214
9
154
226
103
83
50
121
41
252
81
185
163
62
118
23
36
98
19
233
199
254
27
115
198
186
175
100
251
1
19
115
69
74
70
210
28
59
119
216
234
5
150
93
173
110
24
226
151
133
64
96
31
184
154
39
166
70
158
49
4
218
125
202
214
168
82
207
219
91
26
243
81
246
149
159
2
146
55
132
46
176
149
234
21
253
77
164
202
120
234
162
221
155
201
185
29
48
158
220
200
74
212
63
188
74
10
93
41
221
249
85
190
144
202
119
128
222
57
90
90
59
29
159
2
34
140
132
208
248
175
248
103
6
63
139
124
171
253
49
138
24
125
190
173
11
28
100
94
132
12
236
173
219
146
225
49
52
171
103
152
185
66
170
215
21
122
89
167
173
102
21
57
155
103
117
14
119
184
34
207
222
102
32
183
106
170
222
119
225
214
104
179
115
61
19
203
155
159
88
183
46
91
237
91
54
75
125
230
138
9
12
23
58
246
140
187
213
26
214
246
166
254
153
62
118
207
203
162
243
2
206
73
233
232
250
54
135
108
249
52
220
88
225
177
86
249
0
182
14
92
118
217
102
158
216
8
123
122
146
231
34
98
233
231
2
254
48
228
248
89
86
108
88
244
38
58
211
254
133
77
220
222
174
43
145
136
131
88
65
220
99
65
197
244
21
159
233
26
250
115
161
21
12
26
211
198
16
192
206
106
180
80
133
64
183
195
177
88
16
2
209
243
208
223
195
224
49
199
216
50
125
73
16
174
190
226
187
243
249
249
25
22
187
179
75
25
41
86
87
42
59
222
64
4
75
177
197
216
89
44
198
163
17
224
115
10
88
111
231
98
64
39
104
14
231
64
86
98
52
183
237
8
210
12
143
182
249
190
129
46
20
97
16
239
217
183
81
243
190
24
153
6
107
35
72
192
246
147
238
143
221
51
6
190
159
199
246
11
81
169
206
61
9
84
224
194
238
75
245
198
36
102
174
118
84
83
21
52
4
237
108
172
169
28
196
112
129
18
174
124
209
126
146
168
172
12
71
239
105
151
10
24
180
151
232
91
228
39
164
74
86
118
192
205
49
129
58
205
165
196
227
117
242
165
95
71
189
199
80
112
195
12
97
189
12
146
194
86
143
15
127
4
52
153
227
103
24
255
200
31
15
176
127
59
77
137
127
26
49
213
80
127
139
124
140
113
173
151
244
231
20
155
236
152
77
183
81
239
153
27
121
183
7
136
98
31
208
33
38
51
181
169
244
174
213
252
128
84
224
33
59
153
85
50
183
222
4
47
15
17
174
33
66
48
171
174
88
96
2
184
189
239
224
22
66
138
177
64
253
111
221
135
190
212
91
254
170
52
48
145
178
214
221
170
202
25
111
86
89
214
241
212
122
219
254
19
196
32
105
168
216
132
173
241
234
236
86
194
8
19
4
250
19
184
167
107
140
12
119
12
99
44
132
198
241
4
152
162
80
236
198
145
140
2
238
188
23
179
172
29
249
236
51
183
194
249
238
111
95
48
251
99
81
215
216
203
142
27
58
184
120
163
36
238
176
4
80
226
135
12
216
22
235
13
184
145
29
206
37
83
71
183
39
82
238
137
160
160
71
185
148
180
27
15
70
230
121
189
168
120
163
191
30
223
232
249
65
2
247
94
111
243
149
71
194
60
222
8
33
193
254
235
176
245
109
225
215
83
8
22
113
65
33
164
88
39
183
193
174
196
70
31
235
126
193
241
182
197
230
222
83
141
223
84
108
2
113
8
144
51
225
43
197
120
185
132
88
219
97
19
238
202
212
50
24
218
199
238
108
167
168
101
207
43
199
81
88
91
86
40
19
215
13
64
219
84
84
246
222
190
11
12
29
34
60
68
252
188
179
219
9
184
222
204
12
94
226
163
14
98
14
19
222
98
217
206
234
152
98
139
219
150
98
7
7
132
151
90
186
209
84
152
166
170
162
38
139
144
127
182
167
165
124
48
67
177
207
97
60
115
84
44
206
70
214
60
132
6
161
186
235
38
237
23
224
133
17
28
115
184
94
31
59
86
50
251
129
91
38
94
137
242
191
226
135
83
1
137
123
122
194
183
24
112
131
2
244
84
138
190
86
248
47
236
135
138
43
59
236
16
99
134
99
67
52
182
0
0
66
216
249
112
170
226
145
208
77
91
134
14
66
65
56
234
224
152
166
7
124
37
75
103
136
99
152
126
237
43
144
244
128
230
29
182
16
181
83
240
106
43
56
8
34
255
151
249
70
145
178
84
239
70
106
147
41
177
138
160
1
185
117
187
155
163
40
37
73
86
248
241
231
210
202
229
94
38
140
239
170
242
107
140
97
127
251
135
253
172
242
48
119
177
63
1
77
242
51
132
75
48
166
147
196
244
98
164
55
185
22
45
208
135
25
170
218
66
239
241
77
93
111
244
164
204
130
118
14
59
155
165
209
94
29
38
64
241
1
254
55
251
48
91
160
82
33
225
224
29
114
208
70
30
86
7
250
90
123
224
53
78
113
139
31
93
64
76
217
239
197
29
148
197
143
31
176
78
186
85
96
172
148
69
145
172
141
54
133
41
128
205
147
154
67
201
19
47
224
5
248
162
225
77
37
153
18
19
54
248
239
64
161
4
142
24
119
39
248
17
0
254
124
188
156
11
125
163
210
142
180
156
5
209
109
107
43
173
113
133
8
49
21
166
92
33
85
94
210
247
135
180
0
58
91
180
9
12
108
106
105
241
128
233
166
142
153
186
174
74
54
49
222
108
209
93
222
237
39
144
246
29
88
110
254
43
91
18
84
111
12
182
224
56
77
102
210
117
171
55
197
187
36
43
171
53
7
90
23
198
220
255
175
249
177
6
186
182
118
139
198
240
108
253
11
108
214
202
61
218
11
35
28
232
141
151
252
61
160
133
156
127
176
161
82
109
89
118
232
182
52
159
129
120
28
1
62
133
141
85
166
83
174
242
134
177
155
107
197
49
185
159
226
113
74
64
182
57
210
175
201
93
147
207
119
240
34
185
204
11
52
132
43
25
238
189
226
52
84
169
78
3
212
125
228
239
115
102
41
52
246
11
189
200
41
38
252
117
153
134
20
255
233
125
34
216
246
151
55
186
78
242
20
207
194
87
242
7
145
52
57
205
26
51
112
224
76
0
71
85
206
119
26
224
140
216
239
0
12
175
66
174
198
160
66
13
81
135
255
243
133
38
42
166
79
240
133
46
110
153
202
105
40
33
12
182
29
128
223
227
44
98
49
91
156
227
64
9
247
96
241
66
205
0
118
189
7
244
200
119
78
153
113
202
207
95
158
108
156
125
179
108
201
98
48
244
107
236
47
37
93
138
2
2
152
68
1
173
200
237
95
146
240
18
159
32
245
115
38
240
82
251
123
93
68
219
21
218
200
198
163
48
233
93
52
239
246
115
163
28
132
97
82
233
83
133
177
216
180
135
145
145
94
48
243
113
85
112
117
139
27
130
14
142
17
68
50
156
29
171
137
44
69
80
177
152
66
210
83
86
19
44
177
97
246
102
3
123
246
163
220
103
219
117
93
17
138
136
95
183
202
185
220
39
188
105
70
154
132
60
105
187
95
88
21
60
17
136
231
95
220
17
113
242
59
141
151
53
179
59
136
128
69
67
248
38
1
191
60
76
179
173
179
163
69
150
26
40
191
203
189
229
17
22
36
94
186
173
157
0
158
177
183
2
79
10
60
135
23
79
241
188
150
251
121
66
189
176
248
106
189
240
54
246
192
49
30
185
148
69
140
139
122
136
92
44
53
250
24
185
122
208
15
145
68
27
214
121
19
82
111
121
209
19
229
48
231
144
211
135
142
197
161
4
249
156
90
250
0
139
236
173
4
98
59
224
225
128
27
162
145
4
13
142
111
101
119
32
218
107
138
46
182
87
5
174
168
22
170
28
235
174
98
229
231
61
64
149
221
101
134
132
0
134
119
17
229
134
152
159
134
4
42
187
242
201
36
67
216
92
232
98
98
152
119
48
16
228
228
108
234
49
116
38
92
197
21
169
97
142
57
90
186
48
95
154
44
3
248
8
94
132
159
211
167
243
52
209
67
196
93
246
52
210
189
180
119
0
177
135
48
42
192
236
38
174
167
201
13
119
110
130
254
70
57
94
163
219
87
150
240
171
201
148
136
108
3
186
32
143
253
98
11
123
165
152
219
203
239
13
249
25
48
205
35
43
219
233
243
199
227
201
116
163
3
88
193
98
150
48
156
130
137
160
140
165
183
10
65
205
15
160
144
243
66
64
238
174
64
16
78
108
6
165
26
90
38
205
194
16
142
80
154
164
109
243
104
52
31
164
190
205
46
24
108
102
1
224
58
48
80
158
155
42
169
45
77
244
219
158
20
58
76
62
146
55
158
24
226
112
224
227
53
42
54
233
93
222
144
105
50
65
41
193
150
217
222
219
155
94
88
216
2
211
121
225
123
202
221
31
153
123
198
83
45
236
210
64
161
244
122
244
201
130
8
85
21
131
202
8
118
14
232
129
148
107
28
137
80
132
108
137
244
28
8
235
109
76
24
61
220
89
32
206
47
184
29
168
190
224
120
101
205
155
83
93
101
61
124
144
80
203
86
81
192
155
189
64
243
200
200
223
154
187
153
104
71
43
32
38
169
225
11
8
129
110
232
95
242
88
86
219
133
248
184
138
44
118
196
44
15
242
37
247
247
54
64
8
65
176
15
157
164
66
14
174
101
217
182
43
236
38
228
14
172
97
108
150
92
92
86
239
193
255
149
108
192
168
239
249
79
228
108
194
79
173
169
52
102
171
59
119
192
197
226
193
151
133
7
29
13
42
249
133
154
219
116
226
133
41
137
197
2
26
64
118
21
18
120
57
18
15
92
58
60
223
74
133
2
206
241
103
40
238
35
207
205
160
251
238
15
206
252
185
106
104
28
75
64
230
88
151
171
48
149
106
210
196
182
250
193
29
31
123
193
49
154
215
89
144
185
110
2
102
134
192
179
76
125
144
176
185
70
142
35
233
212
109
104
104
19
85
179
206
133
185
38
70
142
87
161
42
84
108
130
8
118
95
146
67
50
133
217
95
223
124
185
66
73
64
223
50
95
222
97
220
203
240
120
251
70
12
67
217
52
88
130
182
88
118
118
237
114
38
31
223
158
237
251
193
234
239
137
126
235
59
150
221
205
83
204
29
51
213
174
192
137
103
173
109
156
215
51
190
35
128
240
103
142
146
103
192
113
201
163
41
85
17
166
240
99
182
142
111
185
139
69
139
33
132
125
70
212
42
254
163
90
89
138
67
158
64
202
12
203
185
104
249
211
11
13
39
139
221
149
99
104
103
157
182
70
171
126
64
147
226
151
187
143
90
201
113
254
83
251
113
237
5
152
190
42
45
17
204
208
52
5
202
98
231
40
203
63
217
209
214
52
182
81
4
4
5
147
79
241
67
182
124
125
228
165
120
18
114
237
3
250
59
10
185
241
180
0
29
84
167
234
106
126
169
214
239
165
69
163
59
213
207
52
106
19
195
41
43
106
121
86
118
178
203
195
255
216
109
172
91
176
122
25
155
8
23
183
132
204
133
178
80
136
156
169
118
109
242
162
68
169
106
243
174
185
162
123
136
117
19
88
97
136
130
228
40
196
131
56
182
134
77
144
211
131
55
207
42
173
14
191
213
253
7
36
68
12
229
180
253
175
132
88
8
68
34
238
252
76
237
197
81
152
252
254
27
221
201
170
187
96
60
169
21
185
16
12
171
237
8
204
55
152
42
58
173
190
218
135
62
75
211
175
111
76
168
220
26
111
246
20
84
180
188
164
178
81
8
67
156
230
209
6
17
86
245
20
58
136
175
177
185
164
46
178
196
27
243
78
53
233
166
247
212
174
215
156
172
89
118
234
175
49
235
56
153
33
82
168
202
151
224
162
129
89
44
47
226
246
153
245
184
184
67
157
0
227
114
187
42
235
86
91
42
226
52
61
66
219
179
193
227
229
85
210
86
79
41
221
228
22
152
198
178
47
228
199
41
237
4
255
1
56
31
184
227
187
39
125
98
187
163
67
56
90
245
169
240
31
90
155
178
172
100
59
178
202
221
67
228
114
95
187
82
186
199
64
120
133
73
205
12
246
67
204
79
52
100
151
189
176
203
90
167
197
220
12
253
136
87
187
134
237
95
29
127
111
37
223
12
220
132
126
62
52
205
111
25
205
223
88
132
161
227
184
84
220
114
239
242
87
114
100
174
107
86
134
32
106
129
173
246
244
183
163
55
129
26
117
167
38
16
12
178
174
78
29
189
142
14
136
59
181
180
78
202
252
34
104
122
227
119
114
125
125
182
45
50
237
131
9
189
34
246
80
105
227
179
106
49
254
251
99
100
94
150
168
28
109
134
36
203
39
64
176
239
74
188
162
222
165
131
28
221
108
73
26
154
184
154
235
33
33
117
59
59
235
251
115
211
36
15
154
214
93
4
182
0
68
186
151
222
149
48
29
48
108
15
215
9
95
204
67
40
80
13
39
204
91
235
53
188
61
88
237
4
62
44
138
28
21
4
254
155
238
155
188
236
244
207
147
224
117
107
159
67
60
89
62
155
31
20
37
62
124
151
45
5
188
66
93
36
227
25
31
55
97
157
159
249
184
121
16
106
169
206
25
160
215
144
170
8
233
37
25
241
153
26
72
100
106
179
118
214
98
97
98
83
93
80
62
192
206
35
206
164
55
188
91
4
146
67
155
153
228
93
160
148
171
188
150
56
104
155
116
168
168
58
86
86
159
192
208
134
17
104
173
184
237
123
188
199
192
232
232
124
224
68
132
219
10
193
115
48
21
83
62
167
184
233
66
136
118
73
205
68
252
100
131
56
83
71
177
21
123
237
210
56
45
226
132
245
66
100
115
163
98
182
133
92
212
118
96
43
91
99
133
186
55
180
153
107
35
0
75
156
117
134
11
66
94
200
116
167
54
248
173
19
74
156
12
164
168
67
164
50
53
48
208
132
19
99
173
161
146
38
75
208
241
217
104
23
113
6
182
134
79
252
173
167
247
252
175
135
3
15
149
120
206
124
246
2
187
149
184
179
99
86
159
13
241
196
14
145
187
132
167
180
240
212
175
117
128
161
39
172
211
59
128
196
69
90
173
94
138
50
253
144
240
33
107
29
29
116
49
1
176
48
236
174
116
224
176
20
164
7
122
183
10
14
68
14
115
223
11
17
23
3
132
95
67
58
69
92
249
234
57
73
190
48
159
187
213
18
161
158
102
217
96
203
41
251
215
0
182
195
29
115
177
245
144
148
69
211
16
200
91
164
136
71
132
58
1
218
2
114
50
113
2
86
67
83
80
132
219
99
66
54
89
21
205
83
159
232
240
107
52
167
215
205
182
154
33
125
191
106
33
224
83
106
157
78
61
156
165
10
67
107
203
164
192
177
184
194
136
120
152
66
107
242
78
123
150
163
155
52
150
60
212
167
69
99
249
121
158
200
104
214
204
91
243
69
12
114
214
49
37
26
246
132
63
61
168
114
132
191
42
80
174
42
77
240
123
204
78
160
175
50
205
157
176
4
162
67
160
120
46
220
42
66
170
130
205
70
180
77
72
128
227
48
123
115
116
169
173
152
170
141
18
21
19
80
193
152
243
123
172
204
158
211
143
247
223
190
21
152
48
229
189
21
186
28
210
240
137
77
126
2
37
65
176
220
72
21
117
61
77
222
158
202
80
194
213
71
165
235
213
191
6
115
100
53
113
229
142
213
34
235
10
218
119
34
156
131
76
95
26
49
113
232
154
109
41
123
17
203
188
110
67
54
179
126
0
26
40
36
233
94
65
106
233
253
254
142
213
20
187
170
78
192
143
180
128
13
249
42
83
63
177
184
35
251
161
9
106
222
87
207
127
75
111
164
9
50
111
173
133
48
13
199
114
213
247
147
48
170
83
124
57
5
108
69
167
35
192
109
161
53
84
210
13
253
199
57
57
31
226
251
143
156
211
124
110
165
46
137
242
241
70
51
237
233
197
46
73
73
45
146
40
30
154
195
110
215
248
198
215
147
141
72
232
141
233
241
78
211
109
164
160
87
4
75
153
27
96
170
8
125
22
194
45
180
232
42
8
60
255
240
116
130
46
185
86
237
114
39
143
0
84
55
62
240
19
39
85
71
190
209
158
94
97
154
40
46
27
179
143
15
237
164
242
180
84
160
78
88
160
232
30
117
10
233
129
209
219
131
16
67
255
93
77
159
122
31
60
209
245
94
74
214
105
146
92
46
229
99
0
219
254
59
135
124
141
10
46
209
248
46
104
18
54
27
223
141
119
24
105
17
164
27
10
214
17
16
237
76
208
217
214
89
154
37
243
143
94
3
135
105
135
213
214
49
23
196
185
65
176
170
103
243
134
143
51
125
176
119
214
235
50
114
38
137
121
85
29
82
139
11
27
134
248
55
253
125
222
92
160
220
208
64
29
93
42
149
205
142
165
206
104
37
115
40
96
191
167
238
31
29
118
106
241
242
134
157
107
152
134
122
254
192
238
123
40
70
48
76
16
143
141
70
177
166
185
35
165
162
246
82
180
55
52
135
87
135
15
131
41
106
89
190
25
234
198
59
109
81
224
90
40
59
54
72
226
181
131
177
16
128
243
208
193
152
255
155
40
125
135
50
141
145
22
202
153
50
68
67
145
202
162
20
177
9
198
130
38
81
221
69
129
102
182
169
123
73
88
101
78
129
24
80
239
5
103
224
122
30
68
67
245
210
253
219
50
198
229
50
14
189
139
8
209
25
4
14
129
98
71
97
97
245
195
153
155
214
149
7
7
185
84
162
31
105
230
4
208
214
142
246
182
3
201
49
108
23
48
160
103
207
132
177
74
168
93
30
110
160
130
78
1
84
164
27
254
41
155
201
76
181
212
140
2
177
169
175
8
36
35
172
167
238
239
9
64
207
119
32
8
3
168
32
208
243
142
103
172
22
28
80
75
46
95
244
54
173
191
248
162
3
41
219
216
178
234
89
18
56
193
98
88
67
123
138
144
28
177
229
134
14
96
136
40
23
95
8
85
156
76
188
121
12
168
17
23
23
160
255
218
173
67
98
38
236
244
156
185
78
109
12
254
134
233
223
116
79
120
218
101
41
29
41
199
107
243
243
25
85
98
62
69
155
81
248
81
143
24
150
130
103
140
99
90
53
28
107
236
249
255
212
74
66
121
87
74
131
127
10
95
247
124
156
96
248
133
26
233
171
242
105
185
214
242
44
160
100
135
141
66
144
7
28
104
169
228
87
44
245
36
148
18
201
207
23
181
181
42
2
135
116
152
78
169
154
128
118
243
86
202
147
222
197
24
196
175
111
86
238
202
6
29
213
255
41
31
10
71
122
36
2
62
173
173
123
141
227
158
199
84
189
92
241
128
106
2
213
139
19
248
58
248
38
173
244
228
139
158
239
161
98
98
70
194
25
4
32
37
105
160
5
220
6
37
104
91
129
215
203
135
206
191
113
20
165
84
72
105
130
62
201
50
62
84
33
29
44
62
97
22
209
146
68
59
22
196
175
201
40
253
122
233
106
196
223
190
106
113
13
105
80
61
171
61
93
33
247
221
155
113
29
53
17
149
24
223
32
156
169
146
232
79
240
246
88
19
250
2
46
64
28
15
50
237
109
53
207
157
5
174
65
57
166
77
168
20
12
238
205
249
127
197
6
75
85
8
72
49
223
44
154
152
120
37
75
186
141
29
145
29
156
123
220
152
1
22
102
145
123
17
92
36
76
106
100
139
144
155
253
155
137
137
108
240
249
160
196
60
128
81
92
141
52
32
109
86
230
97
157
155
197
152
17
240
86
23
202
154
29
240
59
149
184
4
67
193
126
57
175
163
163
241
3
85
100
240
86
154
221
11
16
240
228
177
33
210
145
54
217
33
100
125
18
33
154
52
122
183
86
48
7
102
209
160
173
213
217
197
143
102
190
19
113
87
6
137
123
144
82
122
151
69
74
88
120
114
139
143
159
204
112
138
237
217
104
197
32
32
230
170
247
69
105
15
134
138
154
43
103
105
101
111
246
248
154
164
143
84
5
233
87
50
15
120
208
248
248
31
12
12
9
221
44
170
105
158
27
50
86
220
118
39
80
88
243
134
75
51
199
239
217
238
110
218
2
159
47
210
138
70
168
146
197
52
118
236
86
177
138
29
208
213
115
216
181
170
244
143
220
230
21
237
93
154
184
96
119
187
35
150
7
248
239
86
182
7
220
108
197
6
80
85
175
210
52
35
176
61
195
184
211
169
213
119
207
140
167
247
131
134
103
153
63
31
213
240
183
163
217
8
121
2
93
154
183
45
165
6
152
167
188
157
184
62
226
60
50
208
19
197
125
19
13
41
237
103
131
40
55
212
133
55
147
90
175
102
62
220
176
23
106
238
89
109
203
140
54
122
145
29
220
147
152
11
227
47
62
25
30
145
54
214
167
235
200
196
108
58
96
176
49
125
223
99
178
182
154
80
56
88
109
40
170
141
64
69
135
152
107
54
49
138
146
248
95
233
161
182
28
26
252
34
133
27
232
65
29
107
144
113
68
19
32
91
159
49
33
31
75
93
185
144
142
198
220
21
46
19
68
112
92
224
110
123
92
94
232
46
165
159
171
0
235
204
84
130
107
1
25
57
35
232
57
160
174
4
52
82
243
195
110
169
5
13
166
161
188
116
142
203
141
152
1
174
131
236
209
204
115
49
131
248
237
222
169
251
69
114
178
100
54
80
33
13
133
84
160
28
84
101
181
135
146
161
152
74
85
122
194
25
74
122
161
35
12
81
48
67
238
109
53
1
78
125
78
197
28
21
65
218
159
36
242
204
8
187
209
155
66
30
225
131
205
202
113
254
108
101
148
231
240
209
217
153
255
223
87
67
26
12
150
41
74
107
220
54
171
20
148
82
204
172
55
245
110
118
75
202
60
101
240
134
0
146
25
248
120
154
57
172
216
106
104
73
66
216
203
232
95
145
226
92
72
50
47
162
25
91
39
48
21
99
47
109
123
192
9
55
237
0
196
25
48
136
237
123
223
75
67
11
88
204
196
231
42
61
224
134
27
136
95
27
238
29
69
246
87
255
55
211
47
236
66
203
253
119
196
183
97
97
127
199
196
237
249
198
142
236
68
79
198
71
229
19
66
136
96
221
172
77
40
243
128
208
166
224
191
12
254
170
152
222
137
60
161
231
85
72
151
239
61
39
140
235
57
135
156
74
42
85
196
77
120
196
231
197
191
46
68
26
220
229
104
29
114
149
29
60
78
95
71
218
77
147
30
111
215
76
6
176
242
231
6995
