-153.4185794
-152.916786
-169.8828727
-125.6590403
-132.4666951
-154.54302
-153.3214113
-126.5717226
-146.8455381
-100.0108589
-112.3072043
-117.0195476
-129.7790712
-164.1129424
-133.223805
-189.8977869
-103.256023
-103.6089308
-144.9123439
-129.6383319
-143.5038801
-123.1467405
-167.1880829
-110.9478639
-114.7322781
-124.1615458
-129.6324716
-137.4166955
-132.3303184
-155.6899106
-112.9823962
-114.5331106
-120.885675
-169.0406364
-156.4756923
-95.94162548
-133.4005081
-120.1355719
-104.6860045
-136.9596969
-172.1644964
-131.223784
-113.9540313
-113.9467448
-134.3814234
-120.5636516
-99.22349577
-127.1357346
-124.9401793
-157.9552066
-138.299744
-118.9069714
-136.7068418
-132.1411226
-182.5924324
-123.6063786
-116.6594381
-174.5310291
-182.5828177
-129.4254739
-164.4893001
-112.2138265
-155.4779536
-109.2338523
-164.3545867
-99.65165596
-126.1766538
-140.3676872
-142.4947571
-162.4474967
-136.6093076
-173.8921907
-138.2714809
-160.5373826
-199.2249936
-84.5312553
-132.9207442
-112.3293932
-171.0445266
-149.749084
-133.9437714
-141.6734525
-135.3051774
-116.3103021
-132.4050678
-103.3761301
-152.6436591
-117.8407859
-103.0760039
-93.75877698
-147.8393811
-114.3796258
-100.1320476
-112.8024176
-125.8695161
-140.7170545
-145.4683426
-135.6960822
-158.2500722
-111.8135387
-132.4029732
-110.1780027
-121.8219204
-130.9060126
-121.7566379
-141.2424904
-132.3982888
-178.3451554
-116.7925642
-141.2449161
-148.574012
-164.8979957
-140.8841707
-117.8820048
-115.2111209
-119.5815245
-102.7801546
-110.7150767
-147.8092811
-165.5713241
-131.0553019
-130.4126018
-126.8521708
-103.5546493
-98.66701161
-141.5272284
-140.4171367
-153.8739325
-101.9788792
-154.6304306
-184.4662115
-116.6878074
-161.8846768
-123.2093126
-164.3873785
-140.1567742
-118.3453905
-158.2260166
-136.1799703
-174.7248601
-119.6390689
-155.770895
-153.7240981
-141.6027605
-78.29022471
-152.2021694
-167.8043861
-183.1699665
-143.6903956
-134.2027435
-116.8712729
-148.9408207
-109.239842
-133.3928544
-145.2535686
-133.5793438
-178.3195408
-162.7660016
-133.4270462
-98.91813961
-114.5687603
-137.0748702
-130.6311107
-117.1731562
-142.6998306
-118.2121417
-118.4715977
-109.1969447
-138.9577096
-148.5710017
-166.6196209
-123.7088865
-129.9444638
-159.5736729
-142.2348037
-119.8292762
-160.8046033
-142.8108278
-105.3458666
-143.2554308
-177.5386141
-94.20428275
-123.0503543
-146.5649149
-107.9968777
-135.5458968
-144.9968951
-163.6128535
-149.0261197
-113.5574587
-137.6637636
-133.2045707
-131.0137275
-150.482818
-159.5930356
-141.1721952
-137.537588
-153.6065188
-133.6116966
-137.9359686
-105.6825136
-183.2548599
-164.0861454
-126.11309
-200.6198311
-145.9586297
-162.7398179
-148.636332
-129.6615985
-170.2777014
-101.7737716
-102.6785346
-107.8118313
