-995.0851397
-525.6644736
-627.6288865
-1523.360167
-354.2124382
-225.2437374
-470.2625551
-315.7591801
-215.5566661
-1075.346832
-357.551668
-2216.841193
-409.9804674
-391.6748542
-331.227847
-277.7087203
-346.8336959
-247.4409592
-309.4825405
-1104.55723
-569.3398404
-1754.17856
-435.4868507
-1072.284869
-291.2631077
-262.8138356
-336.5417585
-275.7937972
-638.7487292
-1427.38809
-942.4815343
-285.9280697
-453.7127648
-324.6271286
-347.3686391
-395.3827366
-294.4158819
-339.1495195
-208.5024895
-328.3856615
-430.4056681
-300.7097956
-503.8042925
-549.6017307
-414.8390296
-391.2696934
-1241.493077
-193.7964985
-213.9590397
-240.884733
-472.7361407
-477.9989923
-440.2056584
-471.3689577
-255.6289646
-402.4347213
-190.0096349
-185.6628985
-437.6517752
-297.9801284
-244.9173709
-335.7457021
-223.6688864
-449.5649427
-1140.098223
-197.5680045
-489.038066
-346.3243134
-329.5819994
-543.5848297
-362.2486825
-839.0809784
-399.7845187
-307.7328144
-284.0864385
-211.6470959
-530.562705
-242.8971897
-676.8165897
-254.3014668
-241.4439891
-461.5474837
-388.619182
-283.9709958
-217.844836
-698.1569408
-499.1499528
-165.9622262
-925.0122758
-262.9914748
-288.9936799
-384.9814396
-517.1566123
-164.4691689
-191.8684334
-319.8819689
-481.3901066
-546.7925385
-317.8006737
-438.853509
-699.4296253
-177.4277561
-1171.656606
-356.8065694
-690.3799367
-199.5327989
-392.8874507
-691.9103746
-245.8778308
-1565.20307
-379.2827122
-240.2863006
-956.6794202
-426.46643
-403.0076524
-563.4085537
-2044.037096
-308.1792472
-408.0380654
-1013.436345
-546.4484282
-213.8315178
-234.8854784
-224.7422096
-1347.095635
-536.4952917
-220.7637783
-193.211669
-496.0728399
-146.4666769
-527.1864247
-1290.717549
-317.709422
-614.0007138
-375.2050186
-415.5565647
-208.6400622
-266.8590078
-450.9827743
-85.55560998
-129.7082922
-194.7505075
-205.0133495
-455.584336
-570.0188832
-729.2147413
-270.367059
-224.9733246
-771.2439834
-310.7798473
-336.3944693
-332.0426751
-249.5914555
-234.8678558
-391.8302768
-439.5057176
-455.1302533
-360.5577643
-628.7903245
-500.9770092
-222.2680567
-440.687485
-503.7126646
-673.988901
-611.7979841
-646.2930749
-466.5804183
-334.2410293
-545.4077069
-257.9421988
-267.5579703
-696.8097611
-581.3880845
-694.5281245
-396.3288137
-386.7950405
-716.6441461
-369.3437677
-347.0496603
-814.0296406
-489.3515039
-384.9282002
-223.9323041
-395.7796618
-104.5512494
-316.017358
-385.0597765
-295.4712371
-245.9591585
-346.973177
-883.2476034
-344.5092461
-468.3152107
-658.238624
-900.3025116
-387.5031414
-329.2394071
-279.9403918
-685.8332702
-213.8619639
-305.238144
-546.4084989
-257.1809526
-282.3211216
-210.6327242
-260.6400459
-224.9906825
-490.0730398
-383.7871921
-469.805784
-1219.619847
-794.8423449
-338.0812382
-803.9516703
-339.8282072
-324.4377058
-535.8881056
-815.7015427
-912.1828948
-239.642199
-528.1802486
-271.0940396
-288.4406292
-227.9569707
-219.7756519
-686.7873137
-176.849973
-182.8860385
-235.7834344
-245.5699383
-460.1984287
-413.1733303
-175.6981627
-300.3554473
-133.9954093
-236.1622062
-397.6537403
-335.1760111
-571.8737945
-920.3061671
-359.3684825
-282.4955012
-468.8614399
-962.9402571
-428.7679629
-608.4861574
-367.9677135
-315.5190832
-476.7190621
-854.0633845
-258.223857
-274.5959957
-284.0726998
-224.06955
-526.7500064
-1443.832651
-949.008887
-221.5563194
-184.8487309
-293.9867469
-543.6776232
-218.7154614
-689.6031879
-377.1986114
-747.0557443
-212.7735531
-286.1740279
-291.6192075
-265.2240359
-290.1733444
-390.8026142
-466.4308166
-590.5499781
-489.7834436
-478.4605427
-178.7123339
-284.7812044
-277.1369331
-583.3050208
-170.7457144
-494.0354259
-307.6355386
-325.9429228
-605.5659227
-272.1051731
-386.7961299
-616.5129055
-324.9092121
-284.6506036
-1185.499489
-241.1796806
-989.7874402
-755.7501952
-389.5597925
-195.8705449
-265.1527402
-499.7477685
-421.3043325
-519.1952719
-239.0151415
-955.2566094
-186.4475819
-295.9463285
-339.8186543
-255.3406905
-252.2632696
-229.5610982
-267.1094459
-293.4662691
-352.8382113
-165.6482497
-788.0807302
-368.1878244
-247.6914623
-196.3627381
-556.0280983
-324.6515247
-332.1137259
-308.4752047
-279.7983002
-665.9333637
-321.837563
-544.2503152
-288.3951486
-579.2324784
-552.3365951
-267.1544479
-147.542652
-861.5812874
-811.1729269
-1001.066788
-542.7049365
-372.8121557
-787.8750379
-367.8626076
-305.8424086
-416.0499741
-569.3925549
-1019.587201
-344.2927447
-435.2046944
-174.5553757
-231.7616091
-375.0851642
-425.7941095
-320.818644
-759.9083277
-252.7909474
-439.5604641
-266.6026332
-434.9457613
-780.2912948
-246.5647096
-656.952334
-338.2055053
-303.765845
-516.9611072
-220.2144116
-323.9659302
-727.7984924
-607.277157
-195.2158904
-305.3634803
-213.7014058
-297.2842907
-278.3614786
-287.6686892
-353.9089356
-626.9024495
-416.3103438
-176.6389018
-673.7515082
-298.6717891
-540.1920181
-778.6770425
-381.1535769
-270.920765
-432.2637848
-342.2776404
-413.3153538
-264.510102
-832.2087881
-407.1957378
-403.747856
-152.2959514
-362.2313436
-554.4223263
-419.430356
-663.4022179
-367.8163651
-474.9893318
-818.9956761
-459.8673333
-420.0674633
-654.2213687
-368.1221959
-339.6198375
-314.7994696
-316.7229012
-368.6707548
-478.7397586
-358.7957525
-538.0801126
-187.0510615
-595.0178415
-195.5345156
-279.122009
-400.0023572
-302.6336145
-1310.465079
-230.0876804
-287.9036287
-558.8663705
-280.0431365
-439.2987128
-279.7900649
-305.6528445
-287.3204896
-247.714027
-293.5809629
-1935.186722
-283.7302187
-266.4686545
-2446.238568
-546.395985
-399.6908639
-507.5713249
-457.9244272
-210.2459042
-542.6720638
-651.4222645
-489.9055177
-587.8220277
-363.2390141
-490.7050761
-670.3103795
-407.3033407
-431.8790471
-129.4196077
-168.0466694
-705.4201198
-745.0126622
-213.3148589
-227.6986029
-401.9607232
-387.3282653
-297.5017351
-337.9647995
-164.1036869
-284.7242828
-405.6114563
-226.262849
-344.1776391
-436.4050509
-176.9039095
-358.7841817
-377.2693242
-317.8256076
-325.0423455
-300.6233221
-192.6776021
-337.3349381
-812.0673215
-252.8476215
-191.0186366
-380.3401119
-341.242606
-206.1858442
-436.8982137
-497.8777667
-726.9427266
-364.1176284
-350.199013
-254.8738531
-194.1822378
-522.8104644
-364.8061854
-113.8179435
-293.8934168
-346.5928325
-986.785033
-240.2001491
-600.5241345
-209.3968113
-533.3988939
-519.6724999
-275.8855966
-301.2119774
-148.9166462
-301.3910928
-1223.048325
-617.1917798
-206.5574668
-714.8750212
-379.2802382
-369.2817174
-634.747678
-450.4834237
-387.2242556
-278.7212159
-173.6704944
-264.9885751
-579.6740869
-484.4815462
-293.0816049
-1671.341334
-455.433389
-413.4287063
-1563.796009
-161.5468076
-198.8345922
-826.3418675
-1134.14169
-755.6267233
-471.08508
-262.6492046
-437.1492195
-547.7790415
-287.6107521
-379.5685205
-248.0179699
-331.9845502
-450.7171745
-385.144519
-1160.776823
-633.6953109
-260.2268244
-672.334691
-225.3360487
-363.002663
-519.265837
-233.1910973
-293.845559
-341.4164902
-238.4370274
-464.3972068
-275.2436519
-175.5658654
-345.3644499
-440.2237849
-165.6392619
-273.159112
-670.6956709
-341.6964601
-767.0762835
-217.5008434
-425.7705588
-271.1675382
-291.4739359
-554.5562088
-332.6565201
-243.0145597
-529.1899881
-385.7022498
-353.3509947
-135.1235295
-301.2314974
-450.3516833
-709.728111
-373.1016803
-1095.064611
-742.2630476
-514.6762069
-271.3679244
-202.68407
-353.3078907
-762.8353183
-460.6291159
-257.9523439
-290.1041461
-548.4468668
-212.461053
-694.8421089
-389.5262991
-706.3642796
-578.3802174
-315.5914513
-284.767025
-443.2785269
-419.5805717
-262.9534527
-225.2542507
-184.9216958
-321.9145663
-824.4162324
-330.5418641
-944.4932232
-670.272976
-652.5834475
-213.1036003
-264.8943964
-1529.274502
-406.3524704
-809.5399896
-412.1492569
-235.2986332
-414.1822023
-227.4484318
-331.8270113
-1145.413624
-467.634534
-317.4568995
-348.7679526
-416.6031058
-312.4098047
-999.1578049
-281.2796055
-372.1946002
-664.7564561
-217.350009
-297.5824831
-562.5826639
-294.9873467
-307.1341031
-415.0870672
-397.1473279
-556.8373239
-398.02761
-1383.441493
-328.4011068
-211.5519953
-546.1357626
-573.3296914
-387.9599804
-369.4009492
-268.3171095
-374.2182904
-530.4575619
-301.6302518
-563.7732652
-316.9963206
-555.2984471
-278.8883954
-317.575471
-114.2711789
-616.9762797
-220.2662326
-798.474586
-451.9480226
-721.8616386
-204.753982
-485.948798
-464.4438337
-625.5191079
-454.8531493
-341.066675
-937.2571116
-979.1066534
-234.5301299
-317.661898
-598.7010879
-270.4318019
-144.495543
-373.6896023
-598.4831112
-179.243101
-444.6791656
-176.1519698
-849.4268391
-421.7454217
-523.7366115
-506.6563828
-575.4047963
-273.9370743
-645.7286327
-419.1746788
-190.4034532
-238.8933583
-153.6679111
-386.4476203
-153.0204737
-352.8066968
-309.9349347
-491.8424003
-346.26466
-1104.713794
-499.5097363
-1178.403347
-397.8469742
-862.7428965
-213.2369945
-361.2208185
-647.6133384
-373.5559422
-694.1190134
-852.3416334
-421.5262046
-395.4915077
-486.7431315
-747.7259989
-795.5342118
-229.839138
-256.5849497
-366.4340071
-1387.808773
-296.7833884
-507.394464
-419.8750378
-326.4697726
-351.1324325
-753.0396097
-446.1696728
-577.4038874
-329.3997124
-762.8275327
-261.7125128
-226.3565862
-146.4973283
-1048.569681
-379.985331
-264.7460047
-440.0769047
-191.9762762
-2658.946725
-357.3922797
-568.0352832
-244.8192906
-565.8493422
-412.606536
-383.6971725
-259.844409
-324.5110857
-345.8030838
-493.3791797
-396.5323664
-736.0281101
-327.5717249
-149.2694355
-429.3929126
-746.3093236
-520.5374405
-1068.302893
-483.9481888
-267.6268307
-210.1086087
-488.3746432
-7179.076194
-246.1410704
-421.6392717
-339.928346
-141.3063301
-403.7874262
-245.9417853
-147.3648538
-533.409035
-277.5085656
-643.4566632
-232.4185384
-758.9278196
-655.4425186
-240.5216648
-368.8847875
-1014.387306
-375.6588429
-559.0539527
-473.806858
-151.7498942
-1484.079369
-446.7755805
-460.0849935
-658.4306038
-317.8511576
-292.2764255
-585.2843185
-325.5956679
-481.4116198
-471.0037848
-744.5656681
-378.0665636
-445.9471007
-333.1665974
-2353.913675
-479.9539249
-346.1605825
-297.3312844
-550.7592866
-1106.60604
-297.2526455
-907.5929937
-356.7378105
-532.1146565
-546.9530642
-180.166435
-541.6805619
-286.6450679
-554.1667454
-275.6293973
-306.2610224
-239.1044749
-209.3109534
-309.3340497
-317.7555522
-293.2711979
-2850.373242
-674.5488482
-278.460671
-268.8833473
-297.9666257
-672.5021544
-345.3827042
-269.1035367
-339.0282662
-229.5872979
-309.2843527
-352.1703984
-215.2878629
-233.6676433
-270.0914714
-802.6320151
-340.1012354
-258.5563757
-452.6653505
-853.1502566
-424.6015628
-405.8547145
-443.1542224
-293.4465352
-359.2761144
-277.3322316
-429.7755118
-442.7196494
-446.8697911
-557.9365187
-327.03263
-326.829541
-298.212214
-367.790414
-484.704652
-315.7336644
-623.8307732
-325.2667568
-450.0766293
-164.6127459
-199.5390975
-871.3183321
-479.2641183
-565.3293325
-539.1649532
-262.0172645
-574.4093019
-516.7466802
-620.3398299
-416.7371618
-923.6066728
-122.6887284
-363.6925115
-311.6636158
-240.9233499
-508.2148547
-503.7057932
-510.5640736
-164.9162167
-429.9082146
-889.8496956
-199.6938817
-514.1020261
-173.8083832
-1286.539221
-370.6117579
-277.7077631
-156.9436452
-447.9849803
-292.5440832
-753.659279
-816.6617285
-340.1209999
-430.9010453
-745.318131
-709.3743487
-253.2107133
-188.4475179
-719.7240914
-599.3458058
-364.2365902
-225.0009559
-554.1944346
-1331.146627
-496.7119747
-362.9066574
-317.9635293
-1648.345144
-440.5572656
-956.8830017
-395.7746066
-254.2551206
-332.4608437
-634.4195045
-256.3571109
-445.3972119
-177.3432027
-337.7111618
-410.9669636
-579.4079037
-258.8718771
-253.5269576
-176.8391717
-1031.395123
-224.7073666
-336.6416946
-329.2513515
-310.8793289
-262.0380391
-467.5377566
-1071.161027
-727.0869824
-281.7902613
-173.5986245
-369.5042182
-398.0807035
-366.6125416
-210.4180838
-381.609349
-431.4484046
-483.7623356
-328.216215
-335.0663961
-227.0121148
-388.1415409
-439.1556292
-262.6468514
-301.8918193
-210.8627191
-258.1861169
-778.30582
-592.3764043
-356.8298994
-253.0470024
-419.3778541
-1698.702793
-220.5364427
-807.2312726
-219.9595474
-418.2001169
-137.0233456
-247.2598943
-444.1919004
-541.0420343
-302.961445
-286.7322211
-433.0446632
-15134.98762
-358.0220563
-209.4030128
-240.2938617
-419.6044896
-319.9546155
-417.3912244
-327.8143242
-283.9306767
-342.9812903
-2593.871498
-165.7352529
-164.0881362
-211.0003809
-290.0886839
-286.8086576
-292.0394457
-295.9960149
-351.315441
-195.3596748
-1037.760073
-585.5288116
-422.3188233
-294.8566185
-784.8738925
-405.5751341
-323.6478418
-465.9485906
-416.3558399
-622.8299507
-223.5096136
-1066.060269
-709.2629854
-333.2740935
-812.7456129
-552.2355581
-900.1796282
-430.7563062
-263.57764
-837.0089124
-290.6330109
-560.341948
-248.5338963
-285.483606
-236.6067928
-339.1027868
-331.5742318
-200.6473856
-359.4451899
-403.107813
-803.0776083
-572.2859321
-352.9820114
-363.2442172
-482.4449946
-290.2753979
-578.0769035
-938.4641602
-470.2781437
-345.6700543
-341.9050685
-258.9333555
-343.6991418
-434.5752131
-378.6264463
-1270.076681
-716.681058
-598.5983666
-284.0272993
-221.1996078
-267.3673016
-461.1408278
-1246.501583
-385.207541
-705.1708484
-504.3772031
-270.4493539
-347.4155498
-165.3649618
-575.1160807
-292.0604525
-438.4972187
-239.2088712
-400.3489536
-346.7481052
-319.0574915
-340.4474653
-257.638403
-348.4878192
-479.7514596
-304.6508971
-362.4205823
-154.8254186
-287.684973
-431.8532331
-145.2237526
-216.5975084
-427.287835
-239.6129082
-217.3191609
-305.5669292
-322.4183082
-434.3765598
-361.270513
-249.3981774
-295.3673152
-320.8435011
-150.3815501
-221.7131517
-650.9986766
-278.6293528
-362.7193801
-442.4840429
-345.4097595
-615.9066173
-363.836712
-416.5724163
-239.9881867
-419.0492816
-310.2074131
-134.6595926
-1446.268715
-341.9876098
-504.5937087
-284.3423933
-494.2129695
-595.1513514
-255.8617718
-671.4511282
-251.8578143
-1717.3683
-270.8119579
-528.2844394
-196.39298
-324.525887
-669.7590635
-646.231585
-804.7808782
-256.6870395
-168.9432852
-343.8785559
-291.920443
-372.8552718
-997.9535248
-524.7842693
-378.8736458
-271.5000404
-370.8307763
-303.7473371
-444.6689205
-359.8116825
-223.589416
-1297.832728
-584.2331994
-935.9159638
-755.0208401
-376.2552865
-200.799115
-549.4002243
-316.5614803
-301.6316528
-357.2662907
-198.7077194
-1075.545968
-386.6564207
-219.2884642
-332.8238082
-193.8971176
-311.164891
-821.2259404
-404.060475
-408.8484013
-253.7593383
-319.4760243
-590.3025716
-161.2382367
-297.5781785
-311.1327786
-460.0255814
-222.3839186
-555.8607503
-349.2797077
-439.0355107
-273.8373464
-230.6293643
-428.2247095
-509.7538209
-523.1202031
-468.7086869
-369.4220571
-156.6784026
-433.3068598
-797.09191
-653.9346185
-260.7351659
-403.0096919
-178.992277
-349.8424158
-214.0316182
-186.8298885
-288.1998219
-615.4013119
-418.2540079
-602.1256438
-391.4136041
-558.8198819
-123.7844559
-530.8249554
-500.6220502
-324.8883143
-357.905005
-409.1249221
-669.8635821
-451.3017139
-3191.802248
-787.3583911
-797.6864088
-732.2201398
-775.8743298
-648.1835725
-351.7336576
-316.6852902
-455.9845703
-148.4012021
-326.8855072
-194.4812297
-301.2290809
-210.1250498
-1264.862397
-1329.837741
-302.8516365
-205.9499078
-972.3387411
-706.5806934
-670.1405925
-655.1724478
-395.66268
-222.2579616
-1352.453967
-750.4366276
-238.5313535
-249.2875668
-114.8110196
-253.8554278
-255.564604
-219.6727861
-588.3899024
-801.8747174
-110.8707424
-294.4323049
-353.4096955
-311.6188542
-421.8786623
-319.0367532
-283.8545067
-253.9082622
-191.4500499
-323.7696926
-613.1689671
-343.1991304
