1 1.30755 0.182304
2 1.21263 0.159091
3 1.00681 0.0924335
4 1.06341 0.0964873
5 0.964115 0.0583995
6 1.05695 0.0752853
7 1.08855 0.0585839
8 1.13762 0.0465179
9 1.09589 0.0335217
10 1.02864 0.0199328
11 1.01329 0.0123066
12 1 0
13 0.982698 0.0120735
14 0.985156 0.0202727
15 0.943645 0.0266527
16 0.96329 0.045008
17 0.903922 0.0512091
18 0.888178 0.0579834
19 0.827844 0.0646168
20 0.689372 0.0656824
21 0.84872 0.170598
22 0.73226 0.12319
23 0.591883 0.0983353
24 0.798358 0.219042
25 0.591948 0.175728
26 0.454806 0.0831471
27 0.402466 0.0970858
28 0.25797 0.0523204
29 0.181201 0.0259709
30 0.251878 0.0660845
31 0.273769 0.124778
32 0.330002 0.190907
33 0.599741 0.439314
34 0.765462 0.682949
35 0.314229 0.235796
36 0.395575 0.31205
37 0.238119 0.172043
38 0.690763 0.635926
39 2.93145 2.62718
