1 1.66121 0.195368
2 1.35677 0.155811
3 1.30686 0.108696
4 1.3785 0.117972
5 1.28883 0.11062
6 1.15955 0.0527213
7 1.07865 0.0325927
8 1 0
9 0.907024 0.024804
10 0.907853 0.0427864
11 0.858473 0.0740529
12 0.864148 0.103078
13 0.777625 0.0705903
14 0.80818 0.113238
15 0.826117 0.136895
16 0.594015 0.127976
17 0.568214 0.0918657
18 0.556128 0.0999108
19 0.486897 0.11278
20 0.391932 0.14335
21 0.439623 0.218277
22 0.221673 0.0619688
23 0.23559 0.0679595
24 0.161826 0.0573846
25 0.170516 0.0887531
26 0.256338 0.144754
27 0.746074 0.561401
28 0.367836 0.264171
29 0.123653 0.0677888
30 0.186289 0.121338
31 0.206551 0.145342
32 0.324669 0.22444
33 0.117432 0.0557428
34 0.50818 0.458204
35 0.114803 0.0991084
36 0.128682 0.103732
37 0.0536564 0.0349327
38 0.0495796 0.0315119
39 0.0510253 0.0303404
