1 0.263285 0.0910634
2 0.442821 0.138085
3 0.419311 0.114532
4 0.385239 0.107612
5 0.684754 0.24247
6 0.714896 0.203645
7 0.970104 0.359498
8 2.72885 1.59484
9 0.873837 0.131958
10 0.872068 0.186944
11 0.856292 0.102592
12 0.9702 0.132595
13 1.13569 0.139145
14 1.11037 0.116713
15 1.20858 0.147786
16 0.977952 0.0412827
17 1.00661 0.0216197
18 1.00228 0.0155907
19 1 0
20 0.989787 0.0164725
21 0.970019 0.0236418
22 0.99397 0.0351727
23 1.01162 0.0702605
24 0.880257 0.0576636
25 0.985759 0.115582
26 1.64587 0.81251
27 3.17685 2.37249
28 0.883617 0.19167
29 0.481673 0.0584757
30 0.74253 0.273661
31 0.960623 0.529796
32 1.59081 1.11877
33 1.70259 1.31843
34 1.66382 1.35293
35 0.941029 0.591083
36 0.494624 0.219018
37 0.477606 0.250248
38 0.318703 0.173774
39 0.181557 0.0885786
