-619.7321901
-312.8702752
-889.7437621
-3780.323202
-386.3633106
-978.4310067
-158.757729
-8981.770578
-9462.01967
-1297.441613
-3716.495461
-525.5738105
-524.7711441
-489.4572258
-150.6488804
-1774.611176
-421.8051888
-956.4151008
-258.8634547
-399.4304967
-295.8649792
-1921.969792
-324.0211801
-15054.82157
-589.3000473
-181.4630226
-926.1771
-804.6081625
-186.8685899
-868.1237859
-4042.260846
-575.3908306
-1518.29517
-517.7629321
-899.8493423
-1050.969982
-3240.856038
-574.4270533
-1831.703173
-244.5390428
-1055.785078
-8254.428422
-132.5245577
-373.618922
-628.9797099
-473.9007536
-1058.941012
-612.8011941
-274.3030898
-983.7180885
-1356.795307
-3852.504784
-1787.691952
-1902.134023
-369.6734752
-2968.657784
-3206.997374
-3210.903698
-75.11556319
-1210.856784
-673.2769051
-185.5010013
-2300.18749
-1050.952915
-351.2996605
-745.9542449
-417.2247716
-1002.674967
-1124.975051
-683.3569667
-867.8077928
-315.2578486
-1168.574049
-370.9475702
-280.1463664
-3470.733607
-231.8934174
-275.4599196
-272.3523216
-1547.416643
-972.8107247
-3939.199415
-877.1493341
-3147.257341
-268.6789462
-647.9620485
-131.453955
-417.2421587
-257.0961705
-281.620325
-226.3665611
-181.3638768
-1136.423583
-393.5630435
-619.0024407
-137.544192
-759.3833114
-1084.34319
-231.6653206
-4586.413311
-576.7070477
-932.5883187
-1444.442202
-591.4959195
-2807.155348
-451.3064713
-417.4691203
-385.7804438
-3269.850874
-838.4018617
-654.2981936
-1094.146531
-348.7959335
-1731.70474
-1894.104381
-196.0152317
-1097.659239
-246.8997381
-1871.78233
-615.7730519
-800.913376
-701.1907544
-2003.733343
-990.8287249
-616.085884
-2034.874008
-8925.499364
-551.3006252
-2106.710395
-647.9246744
-671.1141715
-358.9588468
-884.0591193
-682.0351684
-506.8700317
-659.4228977
-403.711247
-1607.491619
-333.8394965
-2981.171026
-1184.003837
-4631.919642
-277.3149345
-3406.096993
-1235.848831
-290.0991024
-121.9759344
-702.4317994
-706.4006409
-1395.089208
-886.3644533
-390.13948
-333.7589208
-937.8041151
-650.8747107
-1661.731156
-473.3770992
-1088.521235
-104.0190431
-524.9627126
-2363.154037
-1347.714465
-1039.881814
-1334.772064
-372.7649576
-7562.624609
-1875.555914
-509.8224545
-2111.960764
-844.9619372
-4751.989011
-536.7704443
-493.1872131
-171.9443815
-2057.922828
-1119.648587
-5013.349332
-633.724264
-1454.038464
-639.1938366
-6686.393058
-383.8828326
-4106.170689
-1374.393097
-716.4593141
-659.0905511
-1112.468147
-373.6571921
-381.9395433
-294.7761949
-3080.632014
-482.0563815
-1069.50383
-872.0129711
-328.8039487
-698.4298047
-570.6484555
-760.6119882
-881.4892667
-890.175628
-1250.932764
-363.4839243
-615.5888725
-2918.732052
-118.7379936
-193.6676406
-422.2586221
-145.6592317
-1732.671762
-418.5333206
-226.6555412
-842.4306878
-146.8875153
-190.7484397
-536.9413276
-267.1348802
-565.8506297
-1158.239571
-1628.51007
-1077.727847
-1574.193697
-1503.871228
