1 0.492051 0.055218
2 0.532334 0.060981
3 0.484308 0.0592712
4 0.469184 0.0715184
5 0.550699 0.119287
6 0.403064 0.0358982
7 0.447522 0.0490882
8 0.709719 0.203145
9 1.04565 0.431474
10 0.850876 0.211746
11 0.886545 0.34257
12 0.720006 0.114567
13 0.627401 0.0693077
14 0.474805 0.0475419
15 0.590252 0.0759716
16 0.581042 0.0635899
17 0.479259 0.0395753
18 0.52143 0.0491667
19 0.722668 0.189436
20 0.821348 0.283532
21 0.69606 0.200653
22 0.768863 0.170078
23 0.604705 0.0807932
24 0.786458 0.191538
25 0.564897 0.114902
26 0.624578 0.16844
27 1.39331 0.815729
28 0.62169 0.0916791
29 0.499368 0.0453733
30 0.576606 0.1107
31 0.530611 0.0800499
32 0.560245 0.0996724
33 0.496944 0.0564107
34 0.563763 0.103609
35 0.634024 0.143121
36 0.453243 0.0448952
37 0.428159 0.0372177
38 0.565924 0.161001
39 0.474464 0.0456918
40 0.547081 0.0865811
41 0.603237 0.114795
42 0.608838 0.109992
43 0.529178 0.0940193
