-6826.733868
-26.71076401
-22.49808188
-1438.439656
-77.91869778
-15.45754456
-1943.406846
-131.0727639
-361.5034139
-60.19337332
-101.5037809
-791.0503991
-418.1367025
-834.2052611
-817.4065007
-272.4424074
-863.7492408
-2.993147778
-63.02026024
-8.352719718
-48.47325351
-109.0942038
-49.3203847
-23.78601472
-3.184257726
-810.346106
-105360.3614
-114.9407875
-108.6187517
-8.245539656
-58.49405236
-177.5592437
-32.13253893
-264.380339
-160.7586737
-140.6682365
-177.3257033
-34.96535866
-107.922089
-351.8771338
-19.18050259
-19.46113584
-32.49887107
-336.9642876
-40.8115656
-503.5751501
-1444.703573
-129.8752908
-1137.116263
-3115.453163
-24.55107716
-42.53614477
-439.76944
-1299.289406
-23.74247209
-987.4087486
-313.6720456
-4628.754617
-9.126884834
-2.554306828
-94.3101295
-161.6439632
-50.9634492
-79.25016538
-273.9544459
-38.35203365
-60.93501988
-688.329213
-845751.931
-25432.15853
-23.57028033
-36.75489926
-90.93510936
-17.41140087
-448.1622515
-33.51303036
-370.8518654
-324.4519916
-47.92165537
-2938.963076
-686.2970972
-28.70295821
-162.0832381
-5901.003041
-84.01804376
-67.71869904
-169.2852146
-26.36711401
-1446.628682
-574.6831818
-869.6520762
-181.517781
-121.9694165
-96.65690773
-54.38774016
-27.49250411
-2516.314319
-65.96404921
-497.698597
-206.8804439
-19.75733568
-2367.706568
-29.62239371
-60.17403768
-215.2613348
-5.134658698
-128.5010116
-189.3453128
-255.0560949
-46.81702022
-40.06948547
-133.4973631
-62.83607659
-29.42790865
-266.9336687
-37255.68204
-4.670987656
-103.8089823
-328.9460663
-36.31838704
-8.111991018
-267.1215565
-28.7815616
-122.8459354
-4.205262645
-343.5869705
-11.57531124
