199
311
312
252
46
134
199
214
190
19
166
255
141
323
190
26
171
267
236
288
265
190
65
132
75
167
321
2
61
27
53
68
15
15
203
188
110
43
82
205
213
240
282
86
219
31
25
210
150
43
193
182
79
232
301
258
93
266
72
329
148
194
301
322
267
314
206
218
150
190
46
288
47
75
121
292
242
208
228
119
324
231
168
39
299
13
62
189
109
234
344
341
152
189
298
171
199
130
293
168
129
90
193
100
313
301
204
166
2
238
129
335
60
218
64
221
314
85
215
39
327
102
85
73
345
149
82
186
241
70
198
50
171
275
86
254
105
331
270
82
11
148
149
327
24
254
227
37
227
193
141
8
89
340
286
223
169
326
208
38
135
84
207
299
137
174
207
186
170
80
343
117
88
220
341
69
114
346
215
276
214
340
325
241
78
193
123
326
168
286
317
51
309
86
346
174
261
254
258
306
17
246
238
2
259
199
322
203
124
185
36
342
251
284
14
68
97
345
257
59
216
5
100
145
223
35
263
86
271
325
216
91
212
144
68
160
305
156
164
298
131
331
345
96
110
241
51
221
126
125
31
50
74
296
214
230
35
184
334
305
316
25
170
63
292
326
278
219
66
125
144
227
277
241
308
292
305
132
128
314
53
292
234
237
292
47
226
154
254
125
232
109
219
41
297
340
201
277
89
37
38
21
47
154
25
184
19
120
137
93
297
296
42
144
85
191
200
294
219
89
232
203
84
41
86
112
196
71
37
90
137
271
27
331
199
153
128
247
141
141
261
119
269
90
185
109
296
341
174
213
99
232
45
264
316
160
232
234
349
348
118
228
112
24
153
297
240
257
234
58
66
99
203
206
249
338
298
5
50
294
218
140
144
283
191
27
2
312
237
261
116
108
255
219
154
127
346
21
243
273
106
24
297
90
88
280
322
317
237
108
155
194
184
336
144
234
130
236
93
87
338
232
71
332
336
93
223
288
171
93
172
203
297
349
19
190
123
247
148
234
216
19
62
298
97
228
265
109
69
141
149
187
312
281
268
90
10
168
263
52
170
206
206
306
22
55
165
310
194
64
134
72
84
276
70
22
200
89
152
5
215
10
72
108
228
70
34
342
152
105
175
287
272
8
189
284
257
6
133
230
216
117
337
127
223
125
298
24
260
211
315
37
20
2
96
248
28
234
349
123
5
162
335
214
45
332
57
157
349
262
214
103
211
189
48
332
198
251
288
299
11
192
17
132
218
249
52
123
92
314
56
169
303
103
266
175
128
271
169
306
196
206
0
117
251
303
164
274
236
117
196
335
56
221
48
144
249
26
41
177
210
77
72
45
317
139
115
291
119
159
225
197
158
64
211
80
94
159
244
140
89
274
171
99
124
141
297
211
68
328
143
27
177
335
316
71
303
8
44
176
167
165
195
291
335
314
5
33
301
94
255
339
263
306
59
147
315
216
329
100
80
206
70
248
271
214
270
343
46
102
188
46
340
16
18
326
287
294
284
31
110
244
230
110
107
252
239
213
344
43
329
208
328
327
256
330
257
93
13
43
331
293
84
292
51
202
213
225
97
64
188
125
84
293
62
195
27
223
37
18
286
229
48
162
92
16
107
55
321
59
209
197
81
94
97
74
100
195
68
232
298
286
72
331
269
114
125
78
27
102
343
321
27
139
188
279
321
83
77
147
298
137
136
138
107
312
301
68
62
269
188
11
175
161
132
3
34
331
15
132
239
18
268
226
267
34
300
125
56
296
294
136
201
124
216
37
343
130
149
298
155
136
92
7
144
112
148
254
205
80
330
96
332
2
238
241
169
40
92
236
79
248
223
306
140
36
170
142
205
103
223
344
234
250
32
267
320
58
157
175
31
202
124
96
136
161
167
292
107
127
84
13
100
200
159
43
43
298
74
175
159
172
282
79
236
101
60
30
124
142
169
314
111
11
129
195
31
310
194
165
301
314
199
130
171
212
290
121
136
273
6
34
95
204
290
245
170
320
131
31
304
16
157
161
277
204
147
139
315
315
245
230
27
292
265
151
102
165
168
259
81
212
332
140
118
157
71
179
295
130
120
304
231
89
195
92
271
4
315
327
190
295
262
171
72
92
170
340
311
202
185
194
307
116
327
218
151
117
106
218
38
245
322
39
175
218
179
261
79
89
247
253
315
0
234
91
265
199
263
119
22
170
0
295
95
181
114
260
114
315
22
34
296
334
296
177
245
15
18
308
26
6
202
314
203
159
271
141
149
157
184
251
332
261
186
332
63
188
7
31
209
176
193
160
40
347
210
103
138
261
73
196
4
347
142
106
138
216
38
150
227
302
19
203
326
172
347
265
236
214
18
105
300
14
318
157
112
301
282
154
335
214
237
97
160
81
241
64
210
97
123
194
18
132
305
67
243
141
178
189
267
286
196
238
273
174
39
115
273
285
247
328
109
251
345
250
306
273
41
246
89
152
345
264
85
15
63
329
114
66
348
169
347
77
6
349
179
237
161
311
14
2
159
225
117
39
342
151
106
43
95
99
261
52
244
237
169
309
92
2
101
42
287
312
57
199
236
265
209
290
267
153
12
244
255
50
185
253
236
192
159
82
270
346
199
283
241
46
342
335
75
206
160
279
233
70
18
83
264
101
146
114
209
57
48
211
246
67
115
58
277
172
252
311
218
94
221
67
133
210
92
46
314
105
156
20
102
243
220
194
189
337
239
61
71
172
341
237
43
263
331
143
280
109
111
81
117
289
160
0
92
305
71
349
26
340
346
252
183
284
171
97
144
296
313
272
276
305
280
23
326
145
41
184
327
233
287
162
115
116
162
118
29
290
271
30
306
281
23
335
167
153
334
31
131
206
21
102
305
172
234
263
233
248
268
269
285
184
162
193
153
282
182
205
183
147
153
305
95
193
242
240
54
242
60
92
160
302
265
248
191
266
349
48
349
341
193
311
140
58
197
243
195
302
312
194
31
284
32
233
105
226
80
46
216
69
291
15
181
195
244
323
28
230
242
249
91
269
131
282
312
278
120
341
308
204
83
289
117
81
212
325
330
80
53
91
47
320
20
349
172
67
47
339
234
102
76
304
88
146
170
265
147
347
89
80
47
92
336
166
95
160
22
309
0
196
63
28
191
34
170
188
300
8
157
199
47
42
156
187
6
169
103
190
92
322
268
29
165
8
214
315
169
334
167
47
304
122
342
269
80
40
14
251
234
0
231
68
322
297
35
175
260
53
15
177
134
204
236
15
194
132
156
79
250
45
183
330
330
148
45
26
125
340
232
263
230
104
328
269
52
233
169
290
335
294
13
67
220
269
3
2
319
188
137
242
27
92
211
161
181
108
2
290
297
181
275
210
234
170
149
167
35
2
57
159
336
293
204
219
20
194
155
20
237
15
149
134
86
242
179
96
90
43
290
22
52
89
108
335
319
216
260
66
131
56
259
222
201
30
30
87
102
334
36
267
30
318
87
86
104
303
115
131
139
169
216
175
146
331
149
129
275
330
209
299
80
165
338
317
276
47
237
75
337
83
96
231
272
203
9
8
241
333
250
60
149
329
285
8
78
210
254
137
289
268
163
9
90
14
309
276
62
303
249
256
269
109
24
17
109
161
24
129
82
185
303
197
143
198
130
22
46
154
181
299
319
222
177
0
315
233
143
187
179
174
285
234
274
165
250
166
43
19
302
162
60
24
231
39
102
84
113
310
33
168
187
70
332
198
43
81
272
14
60
332
256
317
106
46
189
152
341
172
251
123
9
36
229
90
7
209
324
341
92
143
285
61
287
213
72
123
165
183
261
130
52
250
287
71
223
31
179
96
305
331
202
250
262
47
326
100
265
236
327
295
106
68
87
301
228
29
249
72
296
27
35
230
81
169
173
83
18
177
300
145
43
142
302
86
48
262
23
290
147
68
325
59
86
84
121
227
7
286
285
115
329
59
303
231
88
274
195
24
147
114
293
1
211
247
189
283
314
14
336
140
140
265
159
260
31
183
74
10
279
19
28
299
279
36
326
52
89
113
256
277
293
297
100
283
15
249
27
326
87
315
2
60
141
109
109
60
283
170
200
78
314
19
344
35
37
314
116
105
28
21
255
258
211
67
33
122
177
294
61
61
112
293
275
60
189
331
156
172
156
161
144
22
224
112
7
144
2
349
254
347
230
327
58
60
94
204
93
171
10
206
191
71
247
2
4
7
10
214
335
167
314
331
284
146
53
89
59
198
33
194
155
49
35
144
22
19
172
2
161
336
152
27
161
255
177
247
47
183
10
225
232
80
156
305
129
130
155
69
309
11
239
214
316
170
278
317
179
189
24
294
156
271
185
320
243
92
106
63
318
163
37
177
42
163
266
63
129
81
245
284
179
317
228
179
59
141
338
21
39
80
195
208
290
8
107
331
194
318
12
145
8
102
16
277
102
130
102
275
294
155
163
293
78
197
339
224
328
156
261
177
106
309
80
189
306
150
73
200
281
129
143
191
6
13
311
195
265
102
7
309
73
194
219
321
215
106
181
223
334
269
243
189
347
347
156
31
0
308
17
215
3
114
194
151
192
345
177
96
292
86
151
284
177
334
86
128
105
227
199
16
54
113
19
3
181
148
111
19
92
227
11
195
212
110
160
37
293
135
47
151
324
128
161
64
233
254
64
149
204
14
322
278
69
265
335
196
199
337
119
243
292
280
63
20
113
241
95
189
64
8
18
105
151
232
78
128
14
23
195
301
337
306
304
95
347
254
64
231
115
287
324
91
116
149
199
217
194
6
300
104
6
305
310
270
115
80
69
21
230
148
63
305
197
293
196
209
29
210
278
307
6
175
307
39
242
131
185
307
289
304
75
337
246
73
167
243
150
118
273
134
25
51
313
135
320
105
6
224
99
212
5
95
212
210
287
21
136
296
95
143
69
43
25
284
73
132
250
189
11
238
252
311
175
192
345
165
269
241
151
94
75
129
79
222
199
196
169
222
328
237
96
198
118
90
260
109
315
222
247
99
108
325
40
104
256
308
82
181
34
284
193
322
340
40
196
245
222
185
317
128
283
283
26
252
306
136
174
150
290
30
228
222
308
346
316
50
165
93
278
305
17
12
19
285
269
90
201
13
321
26
155
210
167
47
212
291
287
203
203
234
283
189
9
327
139
11
121
171
234
26
129
277
326
23
158
306
249
260
130
210
321
312
304
229
271
115
85
232
222
180
309
83
123
341
141
225
254
291
330
92
23
314
220
286
234
92
55
298
53
204
209
111
142
167
246
100
131
254
28
119
109
186
65
249
200
155
108
115
315
152
177
303
57
152
207
78
343
3
245
149
57
183
287
238
8
121
160
208
153
252
254
162
265
223
340
217
162
313
240
165
130
322
319
256
108
8
99
121
62
285
186
329
139
295
107
128
320
267
248
338
124
156
265
135
216
47
94
21
74
280
283
131
145
194
134
342
340
283
145
191
121
31
158
280
211
211
143
136
106
148
300
165
317
180
109
286
346
121
299
5
129
213
279
212
320
284
132
200
195
121
91
343
242
200
291
46
335
286
261
292
243
1
60
144
9
321
153
139
139
234
283
240
215
307
72
259
230
189
112
197
259
169
64
346
7
321
259
172
69
85
195
44
49
155
188
140
340
45
241
23
123
50
98
278
296
296
9
270
212
327
271
348
10
158
270
180
133
278
228
48
267
180
280
293
183
65
232
21
94
335
292
122
42
98
79
230
268
319
79
9
179
118
193
1
242
216
168
191
80
155
259
280
116
235
228
310
292
340
191
122
116
198
73
208
222
287
202
334
173
153
116
135
165
127
296
268
85
9
298
224
112
13
311
256
329
50
65
233
239
173
150
95
294
216
256
139
16
120
141
242
23
158
299
127
168
267
173
238
209
342
19
244
256
83
31
273
255
171
241
38
284
151
141
289
117
251
232
259
269
297
256
278
189
104
45
84
165
120
16
169
340
335
319
118
52
173
263
330
102
234
23
191
5
285
335
52
201
191
196
156
93
312
299
69
33
8
300
97
131
81
224
140
33
220
227
297
294
307
328
5
296
95
330
97
244
92
55
3
288
118
128
338
332
264
6
171
313
15
105
183
307
264
158
90
48
256
157
289
348
72
247
273
245
69
298
99
38
252
15
340
48
48
108
12
115
131
125
213
205
81
235
117
25
224
187
329
125
164
267
56
310
102
158
103
329
50
177
301
157
345
227
187
269
187
183
1
253
11
249
201
61
100
256
61
173
83
193
234
329
107
1
52
160
306
65
14
319
160
281
160
6
313
260
267
260
87
268
13
1
144
221
297
11
310
281
303
253
290
57
90
19
53
235
196
154
158
324
260
302
296
154
124
209
217
112
324
290
140
149
124
310
33
23
308
328
157
89
228
321
26
172
190
99
125
145
22
295
297
69
110
261
309
29
31
328
325
260
253
331
190
205
308
102
74
325
271
124
4
14
148
57
321
164
297
249
319
188
326
31
196
168
256
82
148
206
332
190
299
160
250
88
15
1
76
99
73
102
69
123
344
295
230
317
111
89
243
307
151
344
77
133
91
126
177
300
290
3
120
151
33
177
161
213
120
230
279
301
112
120
293
245
36
135
89
193
147
291
320
17
315
261
191
43
189
28
190
298
132
117
330
165
158
224
112
223
237
190
158
17
230
36
331
36
217
259
176
67
302
239
336
302
186
122
74
179
7
80
213
90
204
4
255
86
109
3
339
70
7
226
13
164
252
23
293
98
83
292
290
196
208
146
279
157
62
186
138
315
149
245
87
165
13
199
320
191
213
243
206
139
130
88
51
194
310
21
155
266
260
197
55
210
113
226
130
130
159
58
5
245
191
52
48
282
21
302
66
2
247
311
142
132
137
335
255
100
182
305
194
333
196
78
106
267
94
118
224
291
236
165
134
149
138
171
170
226
266
3
325
336
151
234
191
167
52
204
236
324
167
161
229
333
227
59
241
53
233
176
287
338
224
55
305
290
159
158
224
335
329
262
153
167
46
44
279
87
196
83
139
5
25
89
348
186
226
196
255
259
65
159
44
167
336
155
84
69
114
150
98
311
171
75
161
92
262
124
70
194
160
100
221
181
263
232
79
65
287
45
323
168
62
4
319
45
199
181
66
339
36
165
125
208
186
0
318
152
147
150
137
120
228
230
67
90
10
263
326
319
199
132
247
309
124
128
208
114
158
265
177
153
260
149
228
194
318
88
78
150
139
319
136
300
87
247
335
309
252
153
239
327
100
114
37
40
208
168
167
0
84
329
333
191
17
9
41
285
78
24
82
35
55
153
17
132
341
318
0
245
309
227
94
332
138
341
344
336
253
37
241
206
28
35
101
213
146
88
220
117
56
171
139
76
177
22
90
208
302
227
113
31
117
263
306
313
310
313
132
29
17
64
109
285
241
69
138
141
37
23
90
80
149
37
114
194
30
298
72
16
345
86
34
68
196
313
30
253
141
104
24
66
253
208
279
133
299
58
242
257
125
281
64
244
246
228
16
215
174
297
36
128
144
135
224
283
250
9
23
117
298
111
77
259
173
314
113
199
167
100
63
46
39
317
252
99
46
316
10
297
74
198
32
71
10
221
279
87
147
47
227
256
215
60
30
172
58
299
298
189
263
117
55
218
205
304
153
49
193
64
183
54
213
44
67
310
11
339
109
15
147
50
285
194
94
114
15
239
144
231
87
117
29
217
306
237
23
317
195
210
112
219
205
183
293
144
91
88
276
80
67
81
203
73
267
246
256
300
40
67
259
117
325
340
183
293
136
139
5
262
96
244
283
41
14
58
176
164
172
4
113
215
136
154
275
296
25
154
238
262
144
157
9
113
318
283
346
120
14
5
332
346
30
319
247
112
284
141
283
225
255
3
295
2
284
234
227
90
73
9
241
89
18
288
284
91
277
257
17
169
149
229
246
106
194
112
190
114
6
292
28
238
164
226
246
346
145
73
282
279
112
267
210
100
259
84
95
224
215
169
132
206
210
105
314
2
140
320
223
326
6
223
6
218
295
234
25
126
2
345
192
148
138
18
213
186
292
172
244
292
177
252
308
282
76
239
154
83
190
348
234
187
308
229
138
50
163
98
145
201
132
128
339
246
318
109
155
263
316
302
85
343
257
315
37
322
265
289
87
186
23
155
297
197
38
23
349
197
126
190
163
11
187
201
258
12
326
311
173
343
172
240
296
209
68
287
275
99
342
28
332
195
324
216
190
129
312
271
274
323
91
63
156
176
311
174
203
23
254
139
59
49
280
259
127
29
303
47
249
310
85
208
59
281
311
5
76
272
165
102
186
53
133
105
306
311
33
186
102
120
223
203
180
226
116
120
346
21
193
169
11
281
259
312
99
311
116
171
127
172
175
302
294
227
2
348
231
180
344
39
267
147
259
143
65
128
59
116
114
29
105
294
270
92
91
25
92
37
63
230
176
269
158
166
207
0
310
106
258
230
241
243
208
37
222
170
145
294
52
268
267
300
293
312
340
239
111
165
320
294
140
140
54
327
140
122
150
239
203
106
270
327
302
216
294
107
150
202
172
81
33
203
151
269
79
87
206
23
327
57
139
249
141
228
108
151
276
220
324
173
206
69
239
60
106
322
70
165
149
96
60
95
199
104
110
243
128
182
117
83
278
95
297
25
293
1
44
131
109
336
125
109
138
284
287
57
325
54
45
82
286
125
77
125
77
254
36
211
298
84
74
84
12
25
275
203
145
214
236
72
24
138
115
183
221
144
279
197
339
221
203
24
210
279
278
27
339
17
33
346
254
223
150
279
115
38
207
31
336
214
245
322
202
71
84
342
238
345
158
11
77
210
114
166
208
322
220
71
192
21
205
196
289
241
328
334
39
258
16
77
210
40
144
40
158
84
339
46
166
324
214
23
166
25
167
153
0
15
171
36
61
25
185
328
116
197
191
253
122
59
323
270
207
316
293
183
142
249
49
114
276
290
240
229
142
5
190
141
102
319
115
178
69
191
139
298
84
30
200
223
130
125
153
73
127
33
225
249
48
281
81
315
25
127
67
7
127
328
182
254
325
115
55
246
84
238
81
15
252
229
65
51
131
302
52
122
342
297
11
277
71
189
313
68
212
51
37
8
78
235
15
35
146
168
316
48
206
130
287
63
250
224
178
78
241
49
305
69
235
223
121
126
256
298
190
281
340
117
328
330
106
319
331
187
241
38
171
235
58
7
39
283
120
232
130
69
169
328
264
193
67
42
81
42
155
1
110
212
78
345
317
157
33
213
293
301
77
17
286
107
108
260
239
272
287
252
327
4
201
29
33
222
172
299
68
267
256
39
104
89
60
72
35
45
90
322
244
138
301
190
130
348
242
263
139
133
232
103
225
274
133
103
332
98
250
146
79
274
46
274
333
302
70
334
66
30
211
251
139
240
334
70
12
288
116
60
266
43
329
185
151
0
264
290
64
345
68
156
274
176
342
66
332
39
39
193
345
218
29
254
104
56
106
46
261
250
153
147
220
156
233
11
332
157
38
298
145
46
0
232
303
336
326
296
55
243
104
115
160
203
234
38
144
145
304
59
106
312
337
122
79
284
337
172
188
103
138
26
82
26
338
96
264
26
118
197
346
86
334
122
344
168
144
17
156
258
169
311
318
327
343
200
191
311
12
291
130
176
328
135
112
65
284
225
214
43
153
85
91
238
24
3
23
169
216
266
109
161
190
123
75
325
204
329
333
191
233
261
126
151
225
284
229
22
318
239
214
68
327
172
253
228
222
309
200
320
82
210
337
343
98
270
168
316
168
16
328
211
120
104
147
291
266
236
184
197
19
325
181
275
200
325
193
139
251
249
16
214
154
122
294
172
185
60
181
94
116
243
232
248
41
193
249
291
213
319
218
123
207
249
27
150
239
55
281
296
138
305
215
142
253
295
295
342
161
332
213
182
68
296
181
311
325
94
248
288
47
285
215
141
94
209
178
90
343
92
55
24
0
191
344
312
151
227
24
183
94
344
265
303
303
152
181
137
104
285
181
347
211
323
72
24
347
247
22
175
284
242
63
169
255
196
231
251
90
133
177
211
297
262
258
285
165
120
262
215
46
141
214
260
224
240
134
94
342
160
267
323
21
113
198
30
100
83
206
222
15
347
196
297
80
235
1
103
227
344
199
340
191
90
40
165
121
340
222
47
90
214
5
155
307
13
121
121
343
329
47
279
19
127
70
201
157
145
193
49
67
318
312
21
211
249
217
226
184
79
136
249
67
74
288
70
327
235
68
63
214
294
221
226
187
162
339
213
67
219
291
241
70
215
157
1
230
211
316
95
329
54
258
291
31
191
14
245
212
230
39
182
23
20
117
81
27
55
39
5
214
211
275
262
32
16
157
130
11
263
19
166
314
339
121
31
225
138
253
145
15
337
70
159
105
127
27
316
193
169
165
47
289
234
177
340
9
313
293
251
302
265
55
7
12
145
245
7
33
127
349
293
76
338
127
219
187
11
124
90
185
230
156
202
253
77
26
55
68
28
182
148
100
277
4
200
87
51
8
63
319
211
145
113
182
248
196
75
40
127
258
294
329
241
24
218
118
15
23
62
79
158
284
139
12
79
158
101
111
165
266
185
142
267
137
37
298
19
272
71
316
272
190
324
60
49
60
163
77
112
314
27
184
164
257
245
211
12
313
299
218
349
238
158
339
341
282
66
139
258
290
20
263
260
238
15
329
278
177
149
245
75
53
1
47
151
201
333
183
74
286
338
231
161
116
70
278
292
259
127
215
281
29
326
94
142
309
326
248
131
260
222
62
316
253
211
233
275
312
18
124
151
233
222
177
83
166
251
148
287
271
186
17
316
88
212
276
109
164
229
153
73
328
191
314
345
290
348
347
102
151
291
187
345
278
197
164
228
103
308
302
348
12
240
8
90
195
278
91
98
214
11
151
172
127
10
176
326
21
61
5
329
224
275
68
207
98
219
119
276
263
6
117
114
146
171
148
103
341
173
95
281
336
309
302
259
177
146
282
179
338
118
33
330
218
241
107
113
253
34
141
256
13
155
42
305
4
253
132
14
99
70
258
186
191
206
120
99
179
337
100
240
208
333
229
173
13
126
207
154
321
66
2
149
311
186
190
85
47
206
201
348
179
68
59
329
35
203
148
29
37
210
324
240
338
210
258
21
325
35
57
96
239
129
74
1
305
132
211
145
263
231
97
302
287
154
57
95
25
231
38
32
25
114
86
10
252
229
210
332
215
252
331
142
298
272
327
131
241
203
255
114
316
3
226
146
78
174
40
145
151
63
224
133
170
63
243
13
68
255
349
145
335
91
87
206
17
304
25
267
237
104
274
221
74
274
298
167
122
23
168
192
140
118
335
342
104
345
80
349
101
203
258
199
22
110
18
140
195
142
280
187
294
40
183
305
305
122
171
83
309
41
121
326
281
203
283
172
186
165
287
229
62
198
62
141
244
11
150
38
63
33
335
336
123
276
41
164
225
91
84
251
324
291
133
80
0
53
305
287
154
52
122
106
293
298
322
165
51
96
309
309
258
256
168
254
122
52
102
86
100
27
5
336
34
291
273
27
311
336
284
42
84
174
64
343
326
294
320
116
25
150
346
348
167
40
245
274
58
346
335
270
305
57
343
286
310
119
187
155
201
256
174
90
106
279
215
330
12
174
48
73
69
279
189
127
248
237
12
167
71
88
13
0
15
259
201
148
204
333
308
262
154
11
185
146
25
347
122
46
25
145
272
170
130
128
113
151
113
314
109
65
88
200
141
322
189
101
78
349
280
251
13
13
7
151
316
199
56
265
34
334
21
349
148
147
294
129
331
312
189
91
343
18
211
228
245
301
320
219
219
48
0
269
2
92
218
67
251
41
187
279
7
100
307
117
77
144
185
103
251
138
131
226
94
288
103
275
140
88
195
221
16
254
43
140
220
302
295
284
113
0
64
46
247
65
118
163
19
333
92
139
186
320
324
11
236
293
332
98
1
284
228
20
216
116
220
44
225
83
167
119
145
287
78
98
246
41
82
148
173
303
283
107
290
327
144
153
15
283
286
311
47
26
82
276
125
160
344
37
305
272
209
275
162
39
229
75
23
8
231
246
80
221
79
335
43
255
11
236
299
255
154
4
147
328
174
250
27
251
341
340
97
37
0
305
260
18
75
115
100
210
118
218
213
307
76
99
192
64
8
70
154
62
214
280
318
35
0
341
151
227
107
280
334
169
324
151
151
238
45
120
138
3
231
276
331
225
171
98
230
114
18
105
291
332
212
322
309
31
78
347
260
23
77
53
214
285
117
214
275
18
207
220
4
218
64
196
24
98
49
23
117
339
9
145
278
115
232
200
257
150
340
312
312
310
71
224
129
279
330
316
186
207
37
234
307
264
341
233
260
297
232
335
289
168
85
154
238
173
307
185
104
59
62
49
300
298
307
297
243
180
176
200
335
136
332
178
83
51
90
332
315
152
272
227
302
130
157
68
25
138
320
131
184
82
10
100
349
324
318
116
196
137
228
124
50
306
99
272
163
218
321
304
151
268
27
27
181
238
304
36
68
241
29
11
69
99
27
184
272
158
115
304
298
271
198
311
305
264
150
43
145
164
91
189
131
237
14
101
22
46
82
305
349
193
339
144
279
72
297
315
182
49
50
94
33
182
59
166
83
159
51
50
284
117
14
99
269
0
149
256
55
78
178
69
324
205
272
43
326
196
159
83
12
198
181
14
319
326
276
188
242
163
348
12
20
269
178
315
104
19
288
117
203
326
53
305
322
89
4
12
319
197
71
249
213
276
197
207
72
274
31
319
341
123
308
191
256
112
177
261
91
65
186
165
94
94
343
66
130
88
5
276
338
66
98
187
341
98
15
130
300
171
111
3
240
17
279
113
233
35
22
276
9
276
101
75
215
190
181
275
240
14
167
245
55
95
68
55
47
303
33
131
151
35
107
98
35
269
204
274
254
172
175
347
56
60
271
186
24
304
24
311
303
40
320
115
95
315
226
271
99
122
236
131
275
50
250
228
61
155
159
212
77
198
53
145
289
314
195
144
262
131
173
231
11
177
285
337
140
4
197
184
140
112
53
310
128
240
105
125
4
191
154
330
15
101
177
169
207
131
87
299
6
174
154
13
134
13
220
205
79
131
251
0
101
172
115
345
170
329
74
349
94
65
294
133
12
238
209
342
186
37
220
284
110
71
54
106
86
262
253
106
193
117
227
121
121
287
88
137
247
308
191
74
116
64
197
320
236
53
12
100
294
137
31
27
320
272
164
173
133
259
73
286
242
280
89
122
261
43
41
212
317
166
97
92
243
179
158
179
329
80
255
316
188
305
144
94
86
5
48
134
167
321
317
271
256
39
286
256
193
307
85
38
342
126
50
148
197
114
103
143
243
253
186
140
273
245
240
295
94
190
230
339
246
330
130
8
51
157
236
71
134
103
181
183
119
136
134
129
336
223
42
288
96
113
228
220
115
276
144
331
149
247
232
85
186
314
3
96
104
76
36
223
313
189
304
234
293
294
296
161
259
220
17
169
334
244
104
216
139
334
183
47
302
140
280
166
104
47
275
271
159
283
305
114
183
265
286
256
258
53
161
297
66
186
197
255
34
104
14
285
347
96
79
161
77
285
338
2
15
155
20
286
82
201
338
202
34
265
303
108
148
193
284
349
123
169
97
170
127
10
228
127
296
95
130
82
341
3
252
307
75
93
57
46
0
157
335
234
164
189
123
251
285
348
211
83
222
216
167
230
217
138
182
40
106
134
265
275
145
330
162
6
20
24
220
277
346
263
211
57
36
9
197
36
255
165
220
158
193
243
187
141
53
3
31
145
97
348
201
349
9
246
167
33
85
331
51
10
17
342
173
95
306
36
0
139
55
121
339
285
213
279
3
2
294
347
261
137
318
80
48
305
26
306
175
235
244
177
82
163
43
234
21
101
229
250
71
149
310
229
187
175
223
274
169
130
230
23
245
91
259
102
15
82
340
215
155
148
185
278
97
115
339
51
23
339
77
205
249
61
4
326
71
121
145
275
133
0
299
226
161
188
98
127
299
312
117
124
304
207
75
262
175
347
24
47
280
146
235
20
268
71
306
68
144
333
147
291
133
305
270
151
219
343
328
318
295
198
89
175
124
209
310
118
259
192
75
115
21
169
106
295
185
108
36
340
65
195
168
241
164
107
313
14
152
3
289
229
3
133
62
167
164
254
280
297
152
38
30
34
96
262
116
261
214
159
190
37
239
214
324
272
57
297
221
38
198
247
288
168
98
314
285
173
281
137
317
88
20
214
210
41
52
57
169
309
267
52
107
288
192
267
224
138
181
337
288
81
212
343
204
71
81
186
15
204
149
270
62
24
337
8
98
44
67
80
80
190
288
143
114
41
138
59
265
328
189
89
166
8
339
30
115
296
58
289
306
237
170
289
108
349
95
98
167
114
312
190
288
88
224
181
169
32
166
166
167
192
153
231
221
175
36
45
159
108
212
226
61
239
48
108
147
103
200
175
167
324
290
200
31
327
81
36
34
169
231
215
272
49
49
169
237
1
173
25
264
46
236
139
31
115
68
274
290
109
315
68
8
250
5
71
223
5
154
332
184
226
5
332
135
148
198
220
72
8
146
55
50
73
276
64
339
98
284
280
239
108
334
299
61
180
260
37
322
60
7
21
154
216
289
109
162
157
193
59
270
164
223
331
206
65
216
280
295
212
159
43
250
172
105
175
329
32
186
271
225
320
43
251
7
216
105
108
331
84
82
219
125
35
310
169
20
197
70
276
232
309
330
46
329
346
250
77
91
170
159
197
79
285
146
330
43
333
280
208
262
262
228
302
62
29
282
332
110
69
217
60
270
37
275
314
58
229
229
156
239
278
194
273
191
306
85
210
276
276
138
292
79
332
244
344
344
188
167
115
85
184
306
177
11
172
1
138
326
299
202
244
51
241
22
68
83
77
148
47
314
137
186
46
231
177
31
82
65
295
148
299
175
282
161
128
267
264
84
160
45
208
198
125
77
271
82
180
285
98
16
45
301
215
204
99
289
51
319
109
165
3
330
96
159
348
18
159
282
185
139
225
139
128
15
286
152
289
29
198
17
183
177
43
263
331
125
275
228
229
251
81
6
14
128
38
159
226
77
6
165
187
47
162
312
198
314
317
226
317
60
320
132
146
24
109
206
295
97
271
255
75
154
34
261
115
216
29
16
276
177
87
230
52
119
182
288
297
321
73
11
197
223
345
248
126
233
299
240
216
164
77
273
261
164
235
5
191
86
329
296
40
145
289
331
267
16
342
147
223
312
336
348
84
60
345
280
115
132
26
165
249
64
203
230
125
180
321
114
55
230
110
227
223
57
229
108
105
134
220
287
64
333
128
227
255
86
261
239
100
344
257
212
236
51
67
79
166
166
80
292
168
143
254
109
128
333
152
194
195
131
167
42
202
0
344
193
290
293
159
154
115
119
50
55
61
251
309
335
79
313
18
165
74
257
82
303
343
21
167
279
197
169
236
226
13
161
124
192
320
261
296
9
204
255
298
196
164
348
92
91
3
69
26
37
31
89
23
303
89
241
228
93
70
263
265
199
24
265
347
281
240
196
35
196
258
113
170
110
92
348
135
137
257
86
265
310
22
220
212
247
348
241
69
258
35
336
80
194
18
258
69
290
241
323
100
285
40
168
177
170
195
72
161
63
250
194
160
321
267
330
319
347
139
322
168
174
309
52
246
216
52
205
313
173
304
113
210
53
47
99
232
100
274
229
100
166
49
21
51
100
63
343
298
128
325
164
343
122
6
29
79
224
235
8
313
49
256
281
212
135
264
71
152
100
16
260
293
138
112
90
59
80
109
232
291
23
283
236
91
328
331
90
331
309
177
310
304
233
313
115
202
329
31
337
329
60
45
336
51
249
162
123
296
196
292
193
325
49
273
77
16
23
335
9
331
45
29
87
76
30
293
333
185
344
135
165
143
294
152
227
338
291
0
125
338
251
13
3
279
176
267
275
33
227
143
192
229
142
216
253
285
165
154
231
210
33
309
261
25
33
211
210
269
193
249
256
57
338
319
44
226
117
162
176
166
61
71
211
129
146
93
79
64
322
117
185
21
128
175
232
338
102
316
345
177
258
53
320
53
129
206
181
0
313
330
283
104
212
59
180
276
123
272
134
172
283
188
206
253
87
59
56
266
7
318
192
346
63
97
25
148
20
96
253
159
49
103
64
55
133
304
141
16
295
212
158
85
323
205
3
214
172
106
285
208
317
339
80
79
16
61
56
142
171
102
220
300
246
208
3
5
110
138
15
158
184
204
273
124
70
59
142
55
239
109
220
335
220
273
238
116
309
263
187
24
293
327
223
133
346
209
215
165
124
234
255
346
41
215
70
336
125
165
245
30
180
60
142
228
188
285
349
61
174
35
173
154
253
263
29
20
156
200
129
283
141
83
144
215
186
15
303
302
125
13
246
188
119
330
188
71
310
320
33
140
206
313
234
337
3
115
177
242
13
22
209
65
293
157
251
260
118
196
92
238
164
6
144
259
188
125
177
71
231
109
24
253
122
21
246
46
115
129
258
44
82
228
111
159
126
41
298
56
275
286
225
219
246
71
316
238
217
191
122
109
348
182
251
137
201
169
221
154
152
176
334
34
103
289
183
297
61
250
139
316
331
15
125
242
195
58
68
178
111
30
114
239
83
185
22
217
164
171
282
111
34
18
63
227
201
139
203
215
321
227
83
238
332
266
195
214
95
188
8
332
106
94
84
242
289
34
188
104
108
340
203
87
340
7
211
67
310
108
249
94
161
112
347
217
140
291
318
114
94
322
214
166
59
86
205
115
174
32
173
298
337
136
191
212
280
270
78
235
281
170
239
3
32
108
291
45
170
340
251
201
95
329
34
331
178
168
94
263
69
97
174
203
164
47
85
77
201
208
113
280
330
148
180
330
158
68
250
200
46
84
219
106
34
4
125
247
288
345
110
179
280
159
283
43
329
344
316
337
228
179
116
112
189
208
302
90
284
215
262
334
76
313
196
22
205
258
319
309
344
55
224
19
90
300
43
7
86
327
172
200
272
243
140
189
310
72
148
323
158
116
39
259
99
112
337
202
327
65
224
259
76
188
290
219
312
175
0
194
142
313
190
236
53
236
207
88
74
10
56
57
38
293
270
64
29
101
250
316
110
114
219
79
151
105
323
174
315
284
209
73
138
38
349
156
226
280
221
251
105
147
335
201
8
71
250
74
175
38
152
323
91
284
162
112
23
174
329
174
49
176
211
140
29
246
43
23
186
43
242
161
96
138
233
130
188
335
316
102
43
345
81
281
59
258
169
213
339
300
210
209
24
157
130
255
348
236
305
155
204
162
316
204
196
60
141
217
24
255
3
204
122
20
194
256
253
270
110
86
119
349
232
339
99
109
194
82
14
101
16
229
240
249
43
328
192
88
232
56
70
176
194
52
316
95
119
239
142
316
34
316
263
151
262
175
138
217
208
275
197
217
200
23
210
16
214
261
337
20
345
332
113
99
290
115
201
8
8
112
31
219
331
160
77
233
344
219
140
72
234
246
102
302
158
315
214
266
49
175
275
110
116
72
73
105
110
208
285
295
289
231
95
285
138
103
3
190
43
319
200
179
326
73
80
255
89
95
340
252
81
274
126
49
152
242
130
3
329
159
294
136
262
302
99
208
338
264
266
316
8
219
341
180
65
341
141
59
152
14
249
236
267
318
119
42
314
29
148
130
216
156
236
198
150
51
54
213
295
290
289
249
3
36
54
315
140
155
171
3
32
342
237
160
152
218
134
116
171
196
9
50
295
150
102
95
10
167
45
11
176
289
59
167
283
318
275
177
318
304
140
329
341
224
270
334
104
80
215
141
177
236
170
79
273
318
94
119
264
86
11
144
224
208
77
13
325
163
91
274
204
166
237
348
44
290
22
36
168
228
95
113
300
13
284
92
3
258
85
210
85
206
134
198
52
129
90
317
314
58
153
95
311
75
227
119
126
168
323
33
322
44
36
213
196
287
319
346
153
349
160
271
8
300
128
82
267
320
264
122
33
105
65
118
205
109
287
17
121
191
278
187
49
166
238
52
93
254
236
92
45
271
171
135
342
215
290
25
264
118
218
260
159
217
301
28
270
158
29
325
209
20
103
265
344
3
310
286
221
130
87
296
76
187
169
173
53
175
162
237
177
267
125
38
319
285
93
168
104
278
13
246
196
186
325
170
170
325
158
177
91
161
172
115
325
58
127
44
171
12
110
175
100
212
151
192
318
20
225
128
198
45
286
129
145
12
190
250
119
176
132
311
24
104
321
68
148
3
222
170
316
310
228
134
127
123
78
322
338
46
139
179
53
117
250
45
98
332
320
295
280
211
337
63
161
346
161
99
280
87
48
267
310
95
63
104
319
51
127
56
187
74
267
275
71
57
120
341
142
150
51
122
196
250
275
229
61
136
168
238
103
205
304
345
84
57
314
192
100
138
142
349
320
287
12
4
338
192
27
146
56
213
11
280
345
2
213
337
90
156
124
166
6
302
160
122
186
273
304
0
108
315
138
83
67
234
319
24
163
270
122
282
6
142
112
235
209
12
315
274
345
102
102
310
150
2
320
218
120
113
106
181
123
198
286
279
186
11
42
344
306
232
267
32
190
211
91
267
87
265
106
171
269
315
268
288
189
239
206
280
191
115
14
154
211
239
274
226
188
85
35
63
67
100
173
162
264
236
78
329
156
345
322
72
31
159
303
201
250
302
226
150
314
168
341
1
179
346
153
68
73
41
337
62
220
88
306
325
310
332
156
42
96
174
270
313
210
278
246
74
136
6
85
3
21
345
302
66
86
339
79
143
2
311
121
346
64
6
19
9
110
243
270
239
225
293
275
122
166
164
82
76
46
304
164
92
249
23
150
52
280
27
264
17
82
247
17
10
181
248
308
109
53
273
134
125
103
109
203
222
349
185
10
111
66
297
103
159
136
331
221
120
270
226
188
100
75
291
256
281
184
300
70
338
116
62
211
55
86
17
291
116
173
304
201
112
268
4
191
282
267
59
96
345
253
13
237
283
64
85
183
176
282
120
58
6
154
246
236
214
345
66
86
328
243
340
297
306
117
64
278
221
278
200
109
105
27
220
147
325
119
183
317
279
192
143
332
35
229
42
236
58
144
116
146
82
102
240
293
84
290
233
183
141
294
126
284
265
24
174
58
137
229
329
338
56
45
262
130
246
42
274
317
283
282
18
223
26
315
55
333
199
274
178
216
73
123
174
10
236
15
318
42
29
1
173
246
149
332
277
84
238
261
119
289
104
139
53
118
223
331
102
205
330
328
331
132
174
274
256
289
106
104
67
333
131
171
165
21
337
124
130
62
258
200
196
150
227
246
145
294
170
174
248
12
58
49
244
148
92
322
84
172
262
304
225
304
290
178
326
160
187
222
119
200
118
256
187
239
171
158
165
29
210
280
118
267
149
166
304
85
268
172
49
120
53
233
253
50
295
165
206
214
220
72
17
183
77
3
202
129
50
135
295
172
346
7
132
200
244
326
48
263
133
120
40
157
105
232
60
178
86
325
320
4
346
269
313
238
110
40
301
271
234
231
44
178
193
239
291
10
60
31
216
181
128
174
9
142
63
20
196
149
143
279
26
247
324
103
319
21
206
134
266
127
72
303
164
131
268
236
231
261
126
72
307
278
128
238
276
222
24
21
181
335
56
44
251
296
236
344
152
244
15
348
194
110
278
293
9
56
54
237
72
307
233
341
223
103
108
7
221
150
41
329
302
21
143
274
268
309
292
238
238
226
230
317
237
200
204
188
173
168
65
160
156
228
82
173
261
3
263
115
276
327
87
72
53
261
53
72
40
215
88
245
294
39
192
202
77
108
214
337
343
87
2
57
290
111
266
35
266
4
91
160
39
169
4
214
22
291
43
219
336
302
156
136
189
77
269
11
297
13
183
104
78
183
309
43
137
156
180
41
142
256
121
35
343
107
84
57
284
106
294
176
261
289
116
225
343
53
245
299
173
43
309
111
243
5
139
283
106
142
94
74
161
47
223
39
194
181
312
61
338
26
52
66
284
68
8
284
136
262
219
305
84
318
127
127
273
312
18
56
294
7
159
295
58
115
282
232
262
70
119
138
334
188
59
127
216
214
332
232
64
26
347
135
99
291
284
51
14
12
64
212
308
62
114
241
261
160
284
79
161
197
109
117
313
190
24
209
210
32
313
150
77
145
159
154
288
97
344
216
243
188
12
317
18
282
206
75
196
225
139
43
124
291
106
321
281
309
75
210
18
9
283
212
324
341
190
114
26
6
139
328
345
119
33
262
35
262
308
346
235
141
62
269
303
20
95
106
110
171
67
117
238
26
41
173
264
315
65
212
257
310
289
282
160
227
122
273
192
21
299
239
333
317
134
71
262
153
313
211
318
93
27
346
117
78
20
120
192
44
234
286
317
110
319
114
325
169
94
231
263
57
87
65
338
2
253
210
172
280
176
114
169
8
323
97
133
105
318
80
308
109
164
153
182
104
276
305
100
127
123
201
54
45
262
107
315
172
214
93
274
112
123
140
195
180
65
308
302
259
287
146
219
195
77
179
54
333
74
314
209
171
195
133
33
169
202
188
26
15
96
149
149
252
247
302
297
197
308
57
102
146
142
126
272
265
236
104
328
316
187
16
155
206
127
45
83
256
315
121
301
105
60
215
117
287
195
259
69
187
327
339
150
258
126
169
255
43
237
285
224
183
273
349
196
95
92
103
149
341
343
183
308
223
41
240
318
127
172
209
148
274
326
93
130
202
8
143
345
130
296
160
237
99
15
302
41
149
117
302
123
65
104
264
153
169
140
196
174
214
66
158
160
341
99
228
8
66
171
28
318
314
341
27
137
54
67
272
16
156
4
254
101
301
170
314
315
11
58
82
209
207
109
257
160
260
14
106
189
84
78
74
287
308
240
139
304
71
90
45
54
44
103
219
294
256
233
319
176
335
41
203
346
78
317
33
293
121
331
136
302
78
99
157
47
152
295
71
41
69
131
73
139
349
78
304
143
318
189
168
148
325
264
96
193
131
221
58
172
205
252
183
171
347
71
255
271
76
83
180
148
87
0
218
125
190
187
11
131
190
13
177
203
1
149
190
195
10
272
130
223
227
142
148
15
51
229
279
150
320
8
160
229
27
138
89
343
335
172
221
94
124
290
313
302
268
190
297
243
229
177
114
163
251
294
75
273
329
320
206
75
206
64
12
94
238
335
73
18
264
346
197
18
47
329
52
40
229
43
84
343
128
148
152
96
10
343
310
343
105
37
339
25
160
230
10
163
146
6
145
37
12
311
142
160
220
13
105
256
309
314
309
11
263
228
281
242
245
305
21
291
178
206
9
171
271
320
297
11
267
114
39
66
138
79
93
138
148
14
335
349
239
198
133
33
84
207
45
40
10
198
37
71
225
329
53
176
98
48
39
222
66
138
98
157
343
317
53
155
81
112
185
272
107
140
347
35
118
83
4
4
3
221
1
266
239
277
204
188
349
332
0
280
235
235
57
112
156
72
100
244
40
23
127
192
138
201
84
63
154
265
36
114
238
11
305
183
204
49
53
84
72
98
294
17
193
137
42
76
173
199
147
188
52
283
201
66
294
15
165
60
155
183
134
222
291
87
0
176
271
44
316
89
301
193
199
36
317
166
83
284
112
110
90
251
189
214
181
304
154
102
341
245
253
185
268
93
149
39
170
293
172
71
14
33
233
237
208
31
346
245
89
322
69
347
291
290
274
271
142
239
134
345
91
64
331
250
342
189
49
138
276
156
276
0
225
32
265
222
181
199
135
53
272
0
225
55
245
62
293
274
316
128
247
322
272
63
63
267
101
339
124
251
134
195
301
252
262
67
137
116
4
272
332
165
191
246
267
100
244
14
252
53
72
224
303
201
258
319
124
88
332
238
112
340
228
210
128
176
55
130
222
173
156
79
142
214
45
79
62
206
134
254
171
91
215
130
34
332
315
204
112
155
4
296
184
112
158
31
198
281
251
265
75
278
16
269
146
228
58
198
277
236
273
79
206
299
217
293
242
41
273
242
302
5
236
80
51
83
320
139
189
312
58
190
263
64
80
78
60
70
142
253
310
246
35
283
206
64
126
214
26
314
227
6
184
87
290
333
190
221
80
62
159
49
258
296
137
310
296
323
1
140
334
292
323
148
102
92
215
90
44
314
88
252
112
255
167
5
116
41
99
239
232
324
101
222
49
196
68
191
21
78
185
116
153
121
271
300
98
126
295
171
287
60
76
139
20
221
115
301
53
317
20
202
65
95
50
344
277
62
265
180
76
152
328
34
70
135
321
256
103
257
205
310
246
291
151
149
310
108
129
59
127
8
144
33
169
235
25
92
190
345
209
57
330
191
74
245
155
196
81
36
147
249
155
348
23
338
84
153
15
3
122
49
225
147
237
204
331
280
341
21
36
135
221
65
149
265
310
54
295
25
237
205
92
237
120
264
159
128
46
129
280
315
48
128
54
118
261
202
67
173
163
112
20
149
64
235
71
174
43
128
254
2
291
17
237
209
200
48
207
15
235
44
40
229
298
186
99
313
189
211
245
7
122
64
271
178
149
196
5
284
162
208
119
259
274
247
209
333
27
142
333
3
226
64
172
50
222
314
44
341
145
214
192
129
23
18
10
283
302
138
183
188
317
206
214
261
313
236
175
314
273
198
203
236
138
265
78
314
219
70
244
244
209
142
36
257
227
196
262
13
248
185
88
48
21
48
294
21
35
185
33
161
150
1
51
320
82
343
250
68
55
129
129
255
244
120
87
0
218
144
97
87
205
293
208
174
112
203
282
193
115
219
294
10
232
135
20
140
150
192
236
186
302
279
320
318
123
46
60
119
81
147
242
72
113
100
58
75
83
66
309
66
54
238
96
7
340
202
299
7
232
294
333
244
114
123
266
76
143
241
225
329
108
282
271
108
74
246
290
231
188
254
341
116
70
113
343
92
94
277
126
85
313
208
294
339
205
85
331
142
186
68
101
143
33
147
76
79
85
89
158
1
139
278
224
43
82
252
91
294
170
4
244
214
256
177
229
197
329
39
338
23
152
259
181
293
276
210
70
171
216
79
67
338
143
302
325
137
287
37
67
85
137
70
31
33
206
49
214
91
77
328
192
124
331
248
164
242
315
112
211
193
59
282
135
21
99
157
238
85
68
202
217
211
323
60
18
160
242
284
89
203
22
336
26
272
44
105
317
339
254
341
60
28
203
177
316
326
159
221
44
263
147
37
217
283
303
303
100
196
88
212
145
294
188
239
54
116
17
49
246
89
59
187
242
159
1
174
316
316
243
154
26
204
342
9
334
224
177
328
262
18
231
237
99
178
284
348
181
109
238
69
151
153
65
194
108
13
308
226
29
94
282
210
337
82
320
0
308
133
78
219
95
169
162
291
300
5
60
163
226
90
245
32
171
99
32
15
250
87
107
164
346
329
135
186
133
325
209
297
135
218
133
307
287
116
71
41
267
51
326
117
51
345
82
86
68
334
51
206
275
145
71
15
154
1
267
60
135
183
212
60
330
14
267
132
74
60
107
194
181
31
161
322
24
83
110
237
47
249
124
217
197
226
242
67
136
154
327
325
71
283
300
220
278
196
297
308
132
220
210
234
329
78
303
107
281
57
344
282
41
301
279
282
279
106
298
324
68
249
322
280
261
187
343
343
342
278
88
52
170
233
301
113
162
255
88
91
190
301
110
198
50
169
198
281
21
200
163
339
109
170
181
20
295
205
71
49
69
273
10
42
326
115
96
171
41
0
25
297
236
186
52
303
196
139
184
247
267
71
271
233
303
234
262
283
86
170
289
271
224
53
323
179
342
215
252
169
263
7
124
320
176
190
262
328
211
338
289
171
239
206
83
197
163
163
174
195
173
51
98
188
112
262
156
167
149
324
264
61
49
104
188
48
75
58
129
64
109
187
10
95
44
155
155
183
82
267
58
196
260
14
176
190
255
18
174
335
259
103
130
216
69
343
6
173
152
36
50
128
178
335
205
224
268
65
324
37
88
188
186
13
349
10
102
318
103
331
320
24
158
104
315
82
244
325
3
262
6
301
320
292
88
222
246
170
116
68
273
267
225
294
172
191
187
0
37
158
247
37
246
283
241
347
173
309
62
184
121
88
325
101
26
265
53
145
6
78
204
257
161
263
225
0
76
125
126
184
333
196
222
180
265
346
23
205
62
129
19
5
215
3
286
138
159
342
241
62
116
312
78
317
178
228
74
226
320
302
282
41
169
215
116
297
181
257
5
298
293
289
0
135
321
198
268
65
2
73
169
185
296
307
54
251
214
148
214
275
68
73
278
318
242
138
5
342
344
32
56
288
33
18
65
15
284
107
182
66
215
199
68
18
104
286
308
198
73
335
34
70
65
156
77
77
314
292
185
175
200
331
119
203
158
102
343
116
248
169
191
30
328
66
242
289
248
310
184
308
199
311
96
173
203
124
299
2
0
30
12
5
182
321
198
139
2
213
97
13
157
275
68
175
286
62
347
333
346
15
46
37
37
230
330
116
243
261
70
24
276
199
301
213
137
295
289
37
269
307
230
250
116
322
175
77
333
171
48
118
215
230
153
197
287
289
293
64
213
169
104
66
68
334
254
107
84
260
5
293
53
2
292
124
66
170
7
50
18
103
315
15
239
309
64
59
246
156
213
286
191
7
260
325
171
7
33
7
183
6
116
108
183
136
292
50
237
158
4
114
286
228
76
6
338
247
176
302
289
279
76
25
4
12
272
63
149
100
144
18
226
279
153
63
228
198
340
32
277
47
15
75
43
132
47
271
168
144
148
275
175
194
117
134
91
220
327
161
132
28
203
259
91
293
48
248
8
289
76
83
339
253
310
0
337
20
137
308
344
174
26
267
252
20
158
19
178
144
22
215
309
331
123
178
94
68
141
120
277
307
56
158
88
38
107
246
325
306
173
314
278
279
121
127
310
306
150
35
50
88
267
90
76
146
44
180
344
71
316
333
314
189
248
45
15
101
17
190
17
52
71
330
199
227
119
38
100
271
294
184
90
151
227
50
158
206
71
342
179
186
115
303
296
48
303
199
11
344
8
62
100
271
62
341
88
234
266
96
235
211
148
147
172
186
207
186
148
158
173
66
66
93
287
150
262
64
196
9
254
179
185
290
113
2
265
44
140
235
48
108
300
236
50
63
198
152
69
64
12
331
337
165
97
138
175
208
97
140
27
200
159
163
228
82
120
311
340
188
130
271
249
94
125
337
56
80
168
308
319
128
258
332
342
9
51
12
117
33
275
60
41
132
93
50
190
240
64
5
53
220
180
192
72
73
228
295
58
214
2
4
41
332
8
68
324
107
223
157
159
208
160
21
57
319
275
47
158
2
56
87
106
27
296
165
151
320
12
18
14
163
213
258
210
53
124
70
97
146
345
327
69
318
290
9
49
113
7
34
244
144
226
333
146
80
268
173
211
323
216
206
140
173
122
56
213
213
345
146
192
316
11
39
323
111
46
97
6
287
202
47
327
226
134
330
305
73
177
139
271
259
44
117
344
150
82
96
100
98
175
41
309
89
78
118
41
291
190
333
171
298
275
49
234
344
191
108
249
331
210
61
345
47
170
17
99
28
98
74
139
324
344
271
66
0
269
320
128
100
41
182
90
342
267
326
148
342
348
178
155
274
22
260
295
163
93
48
75
325
195
75
214
324
82
254
138
306
283
118
79
203
201
284
83
83
305
274
224
315
266
162
26
274
190
53
3
265
177
163
229
300
104
80
326
182
287
295
200
165
241
115
206
82
32
256
138
56
145
325
329
156
156
319
62
113
30
204
212
196
38
159
194
212
299
342
12
190
106
192
343
89
46
157
22
244
282
273
166
275
163
26
28
22
119
227
9
37
215
119
308
331
148
260
266
204
206
284
74
166
287
98
237
99
179
97
275
315
144
33
288
319
134
156
340
266
16
282
325
337
315
342
276
7
264
345
237
68
193
1
340
179
245
315
156
46
282
55
178
97
124
125
220
344
318
47
280
129
171
88
85
300
142
347
85
340
274
60
137
12
172
196
171
175
73
195
254
234
222
23
101
164
71
130
129
135
39
329
135
146
68
33
250
67
333
136
298
333
22
205
96
268
253
230
37
48
335
139
153
44
258
220
241
122
346
32
22
249
325
146
327
167
129
75
224
149
8
320
8
115
194
306
186
270
99
176
40
113
88
166
300
275
175
29
237
203
96
101
143
253
49
212
306
128
208
306
223
288
334
204
31
26
268
11
57
7
45
208
277
277
147
314
247
63
71
190
289
151
204
126
5
214
348
312
186
87
79
243
256
30
108
257
255
199
146
265
345
49
77
188
248
200
98
343
52
238
223
343
178
331
118
64
166
181
293
111
243
260
312
99
80
152
71
266
211
143
267
1
249
176
13
268
302
101
116
167
14
328
323
241
90
203
59
220
214
259
170
257
127
322
200
16
196
88
260
242
335
46
211
220
331
89
230
252
214
333
239
58
42
243
182
108
336
228
28
99
182
52
192
246
332
52
342
98
19
159
330
25
290
42
108
106
134
237
158
245
204
306
233
60
194
18
241
339
213
182
302
304
170
349
208
121
182
136
20
104
173
66
148
13
267
322
337
96
124
71
341
27
16
230
27
166
200
53
143
87
286
117
125
337
121
86
26
292
178
292
235
222
57
266
55
286
32
333
268
258
149
260
239
259
180
49
73
320
164
226
339
222
312
333
77
147
203
109
206
289
286
315
142
239
140
13
293
58
213
256
256
164
213
348
126
260
164
324
77
109
0
134
283
183
128
55
322
55
180
309
55
232
192
317
341
224
204
199
73
344
312
232
123
7
60
166
67
50
15
179
326
283
271
119
148
101
17
32
90
269
331
266
18
208
180
329
194
21
26
168
237
86
127
176
124
10
49
329
220
120
62
260
74
0
176
134
71
293
289
151
277
37
247
329
131
31
54
122
183
90
233
225
294
91
300
173
151
232
308
237
277
222
140
260
39
199
298
99
264
135
176
209
47
230
336
305
208
31
85
130
267
166
273
7
331
232
10
272
3
343
15
162
17
42
15
72
305
105
204
344
64
81
199
241
302
26
304
339
215
87
12
267
207
213
162
228
105
137
337
149
173
64
134
26
312
143
118
150
1
2
135
173
302
122
313
163
39
75
294
120
88
265
348
219
165
51
304
312
150
124
312
123
232
80
311
213
122
276
104
38
274
1
124
240
132
7
0
176
154
45
325
251
46
29
264
28
134
130
333
73
103
198
72
213
150
336
265
260
253
285
99
47
228
198
298
345
253
260
20
204
276
311
204
290
138
180
107
237
271
233
152
288
279
293
271
172
101
109
344
182
319
206
6
275
269
93
28
32
230
269
17
87
141
310
265
125
141
314
5
210
48
225
221
252
162
257
87
60
139
338
0
61
76
125
107
281
46
227
318
178
266
304
64
28
31
247
131
290
75
237
134
66
108
175
72
302
269
208
210
151
249
182
177
109
58
3
79
320
276
78
46
225
206
90
84
204
276
183
109
5
334
260
92
150
187
239
110
208
119
14
143
237
38
295
83
299
235
73
340
345
289
208
71
145
327
302
271
224
124
31
139
152
215
301
34
197
345
21
317
173
20
301
273
173
21
5
56
231
235
177
99
149
63
282
290
5
99
273
19
317
217
158
98
326
52
42
199
308
67
213
268
299
8
338
38
63
278
286
195
83
258
48
25
45
79
248
76
117
227
306
323
270
149
84
3
47
329
260
274
52
42
38
28
261
103
283
109
194
89
268
308
38
141
268
326
90
76
300
299
5
282
94
179
271
307
22
114
125
288
11
329
49
226
348
338
328
216
270
156
165
176
35
124
272
11
299
280
290
324
227
173
56
60
31
102
59
51
198
280
323
45
46
38
50
221
270
99
28
100
254
122
42
90
282
327
258
344
198
311
5
85
23
262
74
143
170
232
85
333
294
125
99
172
270
3
52
327
336
104
208
64
198
85
67
23
345
59
195
252
282
174
58
343
36
116
52
230
252
58
262
41
98
336
260
124
198
256
4
201
230
146
82
289
128
269
95
45
174
328
15
4
262
77
50
212
196
50
290
280
82
311
184
24
230
192
269
56
139
82
143
61
327
26
165
135
298
191
14
190
321
250
221
246
297
119
299
164
328
150
33
100
73
233
156
218
260
266
319
184
143
105
125
296
190
132
96
93
14
290
217
334
119
123
134
328
47
310
246
45
258
188
317
90
31
21
10
116
335
93
320
100
38
235
228
126
187
285
243
104
103
330
95
318
278
297
143
3
253
95
99
318
303
146
254
301
44
235
172
8
31
121
209
106
122
168
3
87
140
344
13
265
149
88
324
345
107
93
179
189
256
276
318
105
304
185
43
23
143
278
78
40
44
296
47
34
100
311
345
28
239
168
301
71
110
328
22
29
330
78
174
271
254
120
243
270
189
122
297
255
201
183
328
275
53
241
303
237
10
48
158
320
310
220
201
195
209
216
214
315
46
243
109
88
205
289
22
195
254
40
259
86
109
302
115
41
131
90
343
248
122
101
172
291
193
298
287
293
211
223
159
104
31
99
117
183
128
210
112
344
174
166
253
248
139
229
167
13
183
239
154
44
324
177
271
238
211
139
100
313
34
189
314
313
145
100
287
18
86
190
16
183
177
137
81
167
165
219
282
310
211
210
13
159
32
249
129
143
26
215
105
81
240
179
266
142
254
292
76
100
249
131
66
327
337
311
210
1
9
277
188
86
153
143
314
311
108
204
219
216
324
173
66
116
115
32
320
52
71
206
344
275
232
108
188
128
91
336
327
248
188
74
136
215
241
301
18
156
254
40
336
136
326
25
324
156
314
190
126
215
56
313
139
314
219
279
342
143
141
247
76
190
298
263
227
208
31
128
343
347
114
139
5
298
71
153
267
267
259
148
17
21
106
184
195
242
195
226
97
38
262
278
224
298
86
304
206
183
150
86
23
148
81
131
24
315
242
112
63
80
18
100
23
31
91
35
162
190
15
15
265
263
229
213
315
175
118
19
108
12
247
71
198
278
96
197
328
7
215
224
90
341
254
318
135
38
70
190
205
171
165
125
316
219
87
161
152
316
15
198
14
211
46
339
0
184
99
152
90
59
173
316
179
77
314
347
138
324
184
184
89
212
19
318
237
127
36
290
304
46
231
88
219
169
57
136
300
34
213
183
146
136
223
191
137
121
332
89
2
75
301
186
61
262
198
229
138
141
340
283
227
96
79
268
200
201
81
22
337
279
35
113
4
194
161
63
300
77
223
317
227
340
24
15
28
191
135
301
89
63
345
235
108
256
292
25
41
320
180
39
339
336
195
246
41
244
332
67
5
299
26
2
347
219
27
320
339
115
91
35
305
178
223
99
275
110
290
98
169
274
274
296
161
333
72
294
180
195
67
327
0
46
115
63
136
208
165
77
119
204
177
271
64
148
215
325
87
271
70
56
349
61
330
306
219
290
114
258
113
169
333
253
178
12
74
59
195
107
92
203
32
26
303
261
107
92
88
195
330
99
345
344
231
50
254
166
137
154
200
77
21
46
178
255
140
34
177
100
67
257
334
79
94
169
343
70
348
32
344
257
123
303
12
101
146
257
341
336
210
180
341
50
102
239
116
216
346
187
129
98
323
179
163
182
244
66
37
295
64
109
268
344
265
231
38
73
38
125
15
130
278
123
244
91
16
348
196
77
139
215
108
89
182
67
282
302
130
291
138
195
244
309
332
16
95
274
48
27
219
66
179
198
232
167
166
232
329
223
259
293
218
199
128
110
259
92
185
332
71
259
302
187
189
338
250
261
41
112
122
263
187
127
331
206
295
335
91
346
238
134
66
150
94
184
108
111
274
231
156
201
276
248
257
197
270
167
348
130
257
221
345
35
316
91
13
283
171
53
238
172
6
315
80
217
145
301
256
81
216
255
97
38
349
207
81
144
349
34
146
130
338
103
6
276
117
118
278
91
300
146
186
67
6
56
93
165
210
36
60
113
97
278
346
309
346
171
257
201
331
80
219
217
162
214
333
275
348
207
217
165
113
130
26
244
38
238
65
31
240
158
184
198
94
81
274
302
269
210
309
2
37
187
210
37
96
250
302
257
217
109
114
345
211
298
68
61
342
65
197
80
212
234
338
93
346
60
271
225
316
183
67
10
162
24
337
113
100
195
309
190
18
159
309
298
177
176
346
305
218
293
18
302
295
159
207
156
271
302
165
270
19
242
341
28
84
155
110
36
9
42
51
341
5
292
189
290
184
197
26
92
263
344
166
236
134
18
132
263
56
284
176
262
135
199
279
47
171
65
52
270
302
87
13
156
72
21
76
116
187
294
90
230
152
75
284
168
233
95
91
90
301
245
237
335
345
93
257
172
149
283
300
197
124
155
109
262
237
134
121
226
284
28
12
306
46
91
82
22
349
72
315
168
103
227
298
121
0
100
181
98
285
0
238
261
180
246
330
39
105
169
285
52
5
259
292
342
316
337
201
226
258
42
90
291
246
116
206
107
140
74
178
285
61
183
79
281
143
307
180
246
329
242
47
201
29
324
250
336
254
339
216
105
252
254
175
338
43
238
150
243
315
249
220
12
175
0
234
130
201
49
245
316
81
249
158
44
172
90
217
37
132
315
337
245
285
102
207
327
116
313
28
109
245
110
69
108
332
310
316
139
82
254
234
273
61
83
54
19
330
145
206
52
268
175
273
262
309
256
83
245
91
18
249
221
65
154
90
237
175
281
285
231
136
229
129
154
267
345
285
247
294
90
237
93
129
129
61
260
52
298
78
14
321
29
110
95
186
105
218
224
90
318
52
154
300
109
145
116
35
92
314
32
267
213
340
100
300
235
136
117
259
170
323
211
327
197
203
292
213
171
221
207
159
181
140
29
25
54
22
337
80
133
289
205
89
7
334
284
83
31
289
318
176
37
314
23
89
131
195
136
82
301
327
213
21
204
314
52
327
249
139
21
98
264
46
238
242
194
142
291
321
78
199
135
207
54
44
264
140
297
92
98
153
51
232
242
315
45
25
0
253
188
227
204
235
228
273
147
143
65
337
108
232
89
140
37
249
153
187
158
340
98
61
283
171
264
316
146
300
280
84
190
92
21
194
311
27
59
242
10
130
40
225
8
239
224
0
210
76
129
72
217
35
76
183
270
62
87
211
236
177
155
191
60
221
263
330
18
100
32
50
330
63
48
183
310
341
48
219
322
333
236
3
44
145
139
31
29
199
332
76
321
330
25
220
89
12
314
4
281
87
122
315
52
178
112
207
236
6
129
108
91
263
207
23
177
97
293
233
3
88
71
305
145
239
346
185
264
330
283
324
169
179
199
60
195
249
4
55
187
129
74
136
193
135
338
278
67
278
349
90
0
263
77
95
170
222
222
102
225
89
147
225
4
146
187
210
270
115
55
170
166
112
249
243
35
100
96
171
90
332
338
23
246
206
53
193
249
217
270
58
60
54
305
293
214
210
337
136
206
63
264
178
81
90
336
144
63
48
17
58
346
305
51
267
80
203
80
130
335
156
347
61
263
88
230
119
150
129
233
183
279
259
33
115
55
191
246
22
58
283
131
272
157
192
303
94
325
113
261
193
38
183
328
56
157
259
104
33
93
64
170
203
150
222
71
129
150
246
100
197
212
267
224
2
110
17
276
7
285
230
325
212
294
241
302
103
171
112
183
246
34
223
19
333
176
341
253
46
76
312
146
67
246
112
263
196
137
27
264
68
226
254
345
278
302
275
151
74
187
312
226
112
285
125
99
144
56
327
325
199
1
315
246
25
217
344
157
278
34
255
242
312
344
165
209
286
221
243
80
143
29
80
118
275
84
25
239
42
304
317
110
190
33
291
310
255
17
72
193
349
343
322
71
199
308
176
49
183
168
31
60
31
314
289
5
172
300
347
202
225
210
192
313
148
126
178
196
16
115
3
36
166
229
128
68
257
327
138
138
189
189
247
303
125
55
276
263
239
105
122
277
5
228
222
31
122
148
223
327
82
77
113
131
336
212
3
156
199
129
138
118
235
180
174
83
310
300
261
309
83
36
229
336
89
172
216
52
156
149
157
79
163
90
91
156
344
42
46
270
274
259
114
136
79
260
286
129
285
163
92
176
23
197
84
52
289
210
327
141
56
102
175
147
83
231
320
127
122
146
92
115
13
147
53
251
79
38
332
115
23
306
46
322
22
65
343
55
85
292
136
168
168
90
79
346
254
230
82
335
36
65
314
69
112
232
44
61
156
310
175
343
130
3
138
251
92
93
174
54
63
65
38
113
326
231
177
21
232
90
308
332
65
227
251
210
312
138
231
335
278
267
65
289
193
151
346
164
231
82
8
193
78
259
70
47
10
345
113
218
161
29
248
216
160
164
322
97
158
6
236
167
325
261
18
152
79
226
210
297
212
131
174
16
162
326
265
109
325
227
31
200
172
242
274
266
173
109
300
250
212
39
242
142
194
216
184
206
47
200
313
180
17
325
342
1
33
38
210
214
49
31
204
303
242
276
348
197
184
249
162
247
244
182
191
337
188
188
104
129
286
186
328
196
161
97
175
266
180
265
175
129
348
227
306
256
178
165
80
50
212
81
241
67
195
81
67
328
11
180
72
175
285
48
148
218
177
249
175
6
119
235
150
192
215
40
247
221
227
152
204
41
280
132
209
176
231
76
283
26
101
161
284
18
214
3
224
348
26
265
208
276
132
305
340
123
287
346
150
67
241
248
203
108
33
231
223
63
139
206
98
165
261
236
231
56
183
256
281
128
281
70
244
346
283
314
308
333
137
89
333
53
192
215
138
290
54
289
190
71
166
267
104
76
198
175
152
152
322
202
346
297
16
322
104
230
133
320
24
319
346
348
36
37
128
104
198
227
125
237
286
88
63
257
131
193
96
219
174
256
37
118
218
294
20
294
244
140
40
273
103
326
88
107
237
165
273
103
173
76
339
139
322
107
307
15
152
234
349
44
296
290
330
243
162
49
252
138
281
96
13
348
45
3
215
155
1
248
315
90
267
295
57
299
276
248
298
206
330
264
341
123
313
262
257
40
218
0
278
260
188
296
192
162
273
328
89
229
318
119
33
129
322
24
189
19
306
138
47
214
348
212
64
309
19
43
91
337
264
41
244
12
50
274
24
35
39
29
153
322
285
109
282
345
337
322
348
165
33
252
165
306
166
97
124
270
167
98
194
210
334
189
308
99
263
150
116
342
61
36
141
267
174
295
339
208
189
88
192
338
76
278
297
255
347
8
52
4
3
135
296
23
317
183
289
137
178
143
273
132
15
185
155
183
51
167
11
137
180
15
117
94
22
10
179
67
253
33
149
338
179
270
154
185
52
97
173
79
221
31
144
67
76
166
262
296
278
167
204
12
166
4
324
340
337
216
43
221
178
189
126
340
116
83
22
131
47
294
243
148
184
178
135
323
20
150
230
137
16
137
282
7
337
308
239
214
297
148
149
349
248
12
282
105
339
28
145
281
61
285
178
226
123
237
28
62
295
207
294
284
137
197
211
94
303
91
192
79
169
4
162
236
256
236
277
326
251
189
16
274
23
270
103
70
349
319
303
296
287
254
275
48
103
335
268
144
82
226
121
289
343
15
277
131
256
112
289
43
7
222
324
349
8
240
11
232
204
296
300
226
279
63
188
57
310
226
94
246
188
218
90
164
65
343
285
268
91
268
180
296
163
201
321
32
84
76
156
270
180
187
284
194
235
23
76
88
166
67
82
44
326
328
204
28
173
280
348
53
252
34
84
145
256
128
11
52
156
343
347
317
244
169
278
155
83
1
62
171
203
209
124
330
267
225
115
277
47
338
90
155
104
176
347
40
199
160
296
129
335
11
187
206
105
63
40
347
168
72
215
338
321
279
70
307
143
316
280
31
329
144
7
329
346
317
67
209
16
57
84
89
246
253
124
27
209
292
321
78
85
188
147
212
31
7
42
71
78
48
222
330
298
257
310
310
228
105
37
126
143
112
105
19
238
159
301
325
235
285
77
124
239
159
242
346
136
329
160
224
115
68
106
158
195
165
229
307
169
51
266
151
124
289
301
234
309
38
332
147
257
321
149
274
126
137
188
70
139
310
237
169
264
169
117
292
85
39
304
158
172
252
68
270
105
223
103
123
245
313
303
120
298
328
155
144
241
163
69
35
230
323
131
210
240
207
173
108
331
37
313
85
249
143
29
199
135
76
42
242
76
295
297
53
139
135
257
251
253
105
201
246
349
277
146
169
302
178
311
80
322
229
179
332
58
31
230
337
250
289
2
170
332
118
101
255
146
236
218
62
1
4
340
122
231
37
107
303
71
56
217
268
278
29
268
116
264
23
154
108
52
159
125
82
36
301
247
296
24
301
146
307
293
247
293
119
61
158
283
77
277
193
238
140
86
252
135
66
223
322
156
150
71
285
215
91
286
85
294
256
310
320
57
295
150
70
270
19
163
84
238
98
141
70
89
73
121
300
139
123
321
162
271
228
98
174
239
225
66
203
185
214
251
169
267
206
96
123
274
65
228
90
96
20
27
288
191
183
90
122
312
163
81
192
286
121
337
267
56
310
162
78
38
124
236
143
325
73
88
90
209
82
73
116
135
197
14
84
312
117
101
208
68
56
74
322
264
5
299
163
277
303
269
41
199
214
251
219
293
52
160
256
232
61
41
219
171
98
267
267
142
117
208
172
159
85
8
246
63
247
326
191
91
338
200
319
225
128
277
200
233
180
152
60
339
101
147
294
131
35
214
262
73
162
238
109
332
243
59
280
296
3
319
36
48
6
48
56
122
219
219
73
280
335
250
223
134
223
212
43
30
319
288
270
309
87
247
193
27
125
238
313
197
243
170
70
302
247
272
197
273
5
341
171
323
309
225
326
36
257
285
104
123
69
342
128
73
72
303
84
163
160
100
61
221
262
178
59
169
173
59
59
230
217
27
108
254
145
302
342
219
158
244
30
269
283
133
114
305
60
214
116
206
341
72
107
77
105
94
182
98
182
192
226
175
300
153
270
313
334
268
192
43
254
196
195
114
34
279
250
88
26
293
319
200
286
79
191
322
335
118
67
79
60
56
324
27
64
114
180
74
324
165
206
72
103
282
131
162
38
112
261
77
153
38
321
344
339
250
306
312
283
268
11
65
334
333
195
21
84
153
332
95
342
306
105
290
287
131
279
217
144
16
303
288
1
79
163
104
296
302
313
191
322
143
74
223
158
132
265
89
221
171
176
123
84
262
48
9
247
273
345
99
230
0
258
123
23
171
143
191
196
292
57
131
36
248
332
155
347
7
288
234
124
266
153
177
335
207
219
262
14
247
0
235
142
201
72
335
338
65
79
265
43
155
252
69
214
251
347
164
56
116
262
268
261
142
219
335
165
156
64
279
72
56
346
181
177
163
106
279
208
220
1
16
302
234
322
179
326
113
27
32
168
44
176
55
244
335
205
205
254
339
338
349
331
134
348
293
170
269
59
281
341
116
299
232
238
164
162
137
182
122
27
294
320
246
268
151
133
257
66
221
201
58
348
258
308
196
48
15
19
4
321
285
100
100
282
67
324
150
33
121
72
132
13
268
15
71
72
201
113
295
134
341
11
292
227
302
67
304
78
36
211
116
142
283
81
304
266
165
16
265
40
40
44
245
31
274
174
113
50
297
196
346
49
127
242
85
127
69
28
10
90
126
336
178
214
85
171
81
196
113
285
88
165
290
219
321
319
132
243
182
303
283
346
11
49
259
134
19
61
245
158
270
98
265
81
288
224
53
28
28
211
126
57
213
218
81
67
209
179
142
345
191
324
290
183
193
39
310
186
200
100
28
56
304
168
124
92
135
65
180
344
82
125
323
196
36
196
255
7
170
346
114
236
2
294
101
288
157
287
128
107
8
107
60
101
79
50
160
70
97
124
219
160
167
171
333
108
71
23
345
220
321
170
340
217
124
141
259
128
40
122
288
80
240
236
259
178
134
69
21
257
225
218
124
49
111
110
213
303
224
61
311
75
97
317
294
182
203
288
344
341
274
63
314
241
324
17
18
310
160
69
132
306
11
27
222
195
94
11
190
149
241
43
340
326
346
294
326
309
10222
