2
264
337
150
116
54
324
154
86
168
337
339
136
245
261
311
7
179
196
87
258
105
82
143
119
293
166
299
258
61
9
47
257
241
236
21
309
284
8
15
339
127
10
191
196
182
166
217
188
31
245
180
162
157
67
68
209
303
305
169
229
253
340
105
324
298
318
254
160
300
237
150
89
256
27
181
93
326
48
164
88
233
207
173
16
301
167
190
118
237
173
50
301
248
157
194
310
218
261
318
153
37
139
189
161
82
105
211
167
134
110
91
102
236
62
289
18
330
48
325
64
62
14
269
154
330
331
55
299
74
200
75
218
239
18
338
199
253
84
204
261
29
312
23
228
308
37
349
24
219
37
311
318
210
0
307
337
336
57
39
247
322
139
320
153
157
147
1
204
27
1
187
58
96
64
181
277
161
201
285
129
225
142
260
273
152
96
251
308
21
251
251
153
27
259
54
193
122
346
283
311
220
147
263
71
84
233
274
44
314
25
281
179
196
8
337
20
276
72
119
318
146
98
132
44
198
309
143
289
47
75
301
105
337
273
216
240
40
183
39
36
259
284
222
235
175
29
323
0
220
141
167
220
135
248
18
25
227
226
76
262
238
120
187
143
154
118
76
127
127
25
75
167
292
14
267
18
190
236
68
181
72
249
39
45
56
267
117
286
303
11
167
112
349
324
143
62
224
109
12
303
87
72
78
32
280
220
175
186
51
196
346
186
344
216
87
337
347
252
269
286
142
124
70
333
349
18
90
4
288
19
48
194
247
80
183
201
131
264
268
105
273
87
243
13
34
11
301
212
157
181
39
334
126
107
126
29
16
168
291
20
338
177
202
136
301
55
310
239
59
228
129
10
165
72
261
349
257
130
115
64
156
99
294
343
53
346
108
80
300
144
180
239
272
25
125
146
183
205
339
233
264
135
224
346
187
128
312
287
135
51
236
102
38
137
346
264
141
292
157
25
135
126
81
125
220
34
338
273
150
252
65
35
70
183
36
220
103
325
78
98
200
294
137
306
108
65
71
317
61
315
340
270
10
156
270
80
344
204
328
196
305
151
75
321
180
342
35
88
209
89
89
23
175
330
49
40
12
189
317
124
157
312
4
347
244
316
244
10
164
129
47
191
248
217
299
153
4
163
290
287
151
315
312
269
265
191
65
60
213
290
110
266
312
133
163
58
242
73
91
125
269
160
266
348
288
111
229
78
247
286
31
284
64
275
324
28
135
170
75
75
235
121
287
325
97
248
96
158
93
166
235
229
339
306
166
97
324
128
291
244
51
168
338
258
324
40
1
88
55
259
44
129
13
201
272
332
36
131
252
335
58
166
49
266
261
275
165
296
267
302
43
201
8
125
24
19
63
196
306
43
46
83
14
51
267
177
242
51
79
209
94
347
125
47
203
256
246
343
244
308
181
194
135
127
262
331
265
247
53
28
329
335
284
127
100
160
168
28
212
45
120
24
33
209
150
15
89
65
344
244
4
104
304
24
325
152
34
154
292
42
325
285
129
229
23
254
343
328
266
56
180
197
319
172
3
120
29
42
90
81
163
155
331
304
15
206
195
263
198
331
250
100
167
121
4
188
111
23
314
24
269
70
270
207
107
6
13
146
180
147
54
241
204
105
324
229
226
284
14
58
50
320
320
300
332
268
205
184
198
173
8
121
250
236
278
317
39
133
181
14
242
193
299
158
95
158
199
335
226
29
313
146
185
250
182
317
122
131
153
14
15
95
325
218
255
106
293
240
308
25
285
29
95
166
167
343
334
145
125
141
236
160
110
277
215
156
218
226
24
46
117
101
131
212
250
174
139
167
318
293
313
59
230
236
220
204
251
102
273
153
126
152
128
32
166
110
112
265
332
341
220
25
288
91
273
14
166
269
277
336
155
88
114
222
242
208
319
34
155
332
332
72
212
329
256
325
296
257
301
13
41
158
294
311
341
103
346
146
184
163
172
315
138
322
122
48
120
336
153
98
233
326
195
154
87
336
52
163
268
179
290
334
85
156
34
338
281
121
269
103
48
57
225
222
151
348
179
99
294
74
233
13
171
86
101
221
336
65
299
309
163
120
235
283
164
141
346
275
171
32
308
264
226
159
238
255
295
346
320
283
172
236
337
333
231
80
57
81
230
135
37
80
103
223
347
276
272
320
34
338
172
130
306
138
77
99
88
295
221
256
335
53
213
263
169
336
40
131
82
21
146
140
128
94
325
188
276
333
218
348
216
230
340
299
240
345
130
336
216
254
277
147
211
310
322
3
341
346
104
13
73
62
88
112
257
75
133
141
260
114
190
69
103
291
9
246
39
188
75
249
61
173
218
242
8
133
323
321
112
46
244
254
329
161
73
147
303
270
212
267
268
48
115
114
323
56
264
267
116
0
90
197
82
290
16
103
172
60
115
217
240
46
337
209
131
263
241
257
92
237
47
217
120
186
307
217
330
170
126
172
64
220
46
143
286
64
243
197
306
199
331
53
124
312
91
130
62
22
12
145
141
123
7
173
93
343
320
237
4
18
228
199
305
299
283
200
257
311
342
97
32
267
43
64
174
129
0
346
90
172
327
188
328
150
3
43
66
127
164
179
139
46
331
311
140
95
71
313
95
117
103
172
288
127
44
262
108
93
238
226
332
332
277
301
329
159
326
93
112
228
54
102
237
81
304
321
73
122
262
264
324
97
20
145
106
61
175
152
93
6
4
71
52
210
112
102
207
22
282
159
254
57
263
237
4
57
324
270
174
324
1
259
301
230
305
321
21
100
4
18
166
304
291
50
310
334
110
214
17
31
112
193
327
190
216
327
220
218
282
290
181
126
254
100
193
140
179
48
309
229
2
172
262
229
125
287
18
46
260
21
120
254
18
309
226
100
58
150
297
199
257
214
116
206
13
338
43
197
268
331
106
80
89
302
279
259
326
184
301
331
128
101
268
87
262
202
20
209
136
282
262
279
129
328
253
301
200
112
256
76
188
151
144
68
117
175
294
175
313
159
60
72
214
333
56
1
44
27
85
6
93
116
196
271
100
35
306
180
234
258
103
91
60
269
68
335
280
170
259
196
3
188
309
202
206
284
76
331
178
118
260
227
161
265
263
60
44
173
29
119
231
224
103
100
188
273
273
285
77
204
133
314
53
258
326
13
120
120
300
9
301
216
204
187
311
113
53
349
29
302
333
36
167
187
260
50
253
33
228
131
269
308
342
186
162
330
294
124
208
90
174
147
62
14
220
36
218
326
93
230
130
145
71
172
294
0
134
265
152
150
243
17
244
230
307
47
203
154
257
282
77
198
272
205
43
47
17
289
342
172
53
96
253
148
238
277
80
62
333
243
310
93
180
213
33
116
38
212
249
312
36
199
242
116
2
124
180
36
231
116
44
255
268
165
73
29
313
205
93
25
280
142
80
268
196
202
304
128
2
344
264
33
97
259
262
195
290
243
83
147
93
221
285
308
89
46
335
345
113
242
164
96
334
143
25
214
306
308
96
245
234
214
57
21
332
232
272
105
13
33
215
75
330
247
41
262
232
61
81
347
18
221
304
2
58
328
80
272
285
328
75
124
128
340
97
215
282
107
13
261
80
182
272
71
187
154
312
55
39
107
218
80
58
166
75
334
283
212
241
42
101
268
83
195
13
330
348
267
34
272
105
135
163
73
22
92
302
293
263
2
91
139
113
180
150
226
348
272
228
73
111
134
28
28
146
38
74
171
319
142
80
238
30
270
119
192
18
226
226
13
302
210
3
185
328
227
276
208
323
269
207
266
250
301
126
210
72
48
283
325
50
80
284
256
33
49
339
84
126
240
143
252
228
335
286
239
1
34
277
184
137
340
22
334
333
206
322
101
71
6
119
88
238
322
311
61
311
237
116
38
167
30
275
300
314
299
221
95
242
340
274
288
126
43
65
210
175
302
47
312
343
13
214
33
329
209
30
73
293
321
286
311
137
326
2
64
341
112
265
61
339
184
124
294
42
94
310
149
254
326
313
2
215
151
313
222
282
281
321
215
56
263
191
322
274
287
113
281
136
78
59
302
125
193
302
92
265
349
321
311
317
296
163
70
21
208
6
21
237
332
191
34
79
43
328
299
38
182
73
270
263
317
305
155
119
11
126
232
175
187
340
193
39
161
126
239
169
105
312
221
238
274
39
135
92
211
130
84
25
253
63
134
29
278
108
299
47
197
161
336
107
224
64
192
299
137
46
179
320
198
216
282
90
122
331
320
292
199
147
84
126
188
176
69
198
53
59
126
144
234
214
29
221
145
327
29
241
151
142
175
343
248
171
248
30
6
320
31
221
218
169
323
57
309
172
105
293
319
315
259
144
241
93
123
140
274
92
231
316
141
292
258
218
259
291
238
83
173
78
31
187
221
24
249
117
297
312
36
84
224
195
304
78
18
13
179
202
145
212
331
30
36
150
292
227
317
57
16
24
131
46
144
257
341
11
90
238
321
33
118
309
317
231
314
198
227
109
1
342
287
326
234
325
230
21
83
177
24
309
247
45
268
137
325
243
342
311
65
255
90
172
287
283
206
86
223
39
269
150
1
339
282
237
298
222
180
325
169
228
159
155
66
284
326
249
66
258
75
13
131
28
148
171
143
60
268
123
238
80
304
309
341
170
220
217
259
348
205
301
13
24
234
212
31
78
183
120
246
222
174
85
294
348
167
57
16
162
150
64
212
127
225
86
34
49
260
95
86
147
35
341
126
32
301
61
296
308
268
284
127
322
180
110
145
169
263
261
47
236
347
5
245
341
67
222
340
286
341
279
88
120
110
23
156
203
162
345
53
75
147
29
8
74
101
335
260
44
46
42
346
226
240
100
172
134
247
73
288
150
276
79
161
232
71
23
160
152
338
61
268
222
118
285
20
294
71
312
327
259
225
258
211
228
166
297
53
170
240
157
225
166
52
202
42
312
306
327
278
142
22
20
5
251
34
101
265
186
8
94
317
259
117
268
52
266
23
140
226
106
239
229
264
5
218
238
139
279
241
266
108
285
228
174
344
33
248
229
311
84
153
25
161
223
268
277
264
128
118
288
46
62
156
265
46
129
232
192
293
180
320
0
292
214
174
139
341
50
185
324
298
239
196
215
302
238
241
296
325
203
107
272
318
176
162
276
128
314
246
50
53
29
227
151
101
27
206
92
292
50
270
325
84
277
341
34
8
321
225
159
65
321
277
222
88
180
170
4
314
278
19
221
38
4
295
39
308
328
324
101
131
69
316
130
233
281
215
63
105
208
69
291
330
176
225
330
266
126
166
305
174
225
202
92
307
206
164
279
257
280
81
226
16
76
64
286
273
91
119
159
317
78
27
341
132
245
39
202
330
240
200
230
140
233
214
5
298
137
237
53
44
343
254
217
32
331
316
158
268
30
4
115
150
333
39
103
166
148
194
126
162
143
16
55
56
90
268
120
290
340
141
56
298
18
342
331
61
28
78
237
46
115
140
149
168
5
66
184
21
64
139
226
140
119
200
147
285
118
4
244
263
83
204
117
247
167
142
45
206
4
64
320
56
107
229
229
65
194
61
75
176
292
300
158
285
82
237
170
27
84
91
197
93
300
268
161
74
20
202
67
86
23
115
149
61
121
323
71
211
60
152
60
90
17
230
81
172
107
63
74
14
105
76
160
177
146
194
2
228
112
54
116
298
50
21
211
202
268
28
318
199
144
32
124
336
319
64
6
250
217
267
317
305
237
119
14
248
158
327
56
132
243
6
277
320
64
150
69
321
31
254
70
204
14
321
149
16
258
16
263
302
30
78
281
339
245
185
317
69
211
2
159
314
255
243
250
241
103
81
317
155
63
103
195
322
177
27
286
64
77
28
66
345
79
331
228
76
25
149
10
315
103
181
312
319
153
267
64
130
27
104
24
197
25
275
56
312
76
215
342
54
338
110
121
13
156
241
21
4
212
197
291
181
95
183
107
155
133
181
252
12
316
49
214
206
123
175
296
276
216
177
13
84
90
32
1
218
236
143
29
197
264
28
323
107
197
324
107
107
173
27
72
331
234
240
274
244
49
155
249
295
132
84
94
104
109
249
124
153
0
132
316
319
174
132
323
7
148
115
251
290
168
199
146
315
41
205
272
275
183
327
0
83
186
277
39
121
149
17
147
126
51
164
330
313
300
16
295
301
2
299
216
220
10
35
80
181
289
226
25
79
245
330
220
139
218
324
287
27
276
84
133
68
24
40
303
151
208
192
128
64
136
254
213
196
251
309
294
292
324
203
115
136
183
182
323
185
242
38
218
112
40
33
175
168
68
98
213
236
330
180
316
196
308
257
139
250
236
244
182
113
16
317
330
221
253
189
251
121
148
94
223
191
224
48
207
292
50
316
104
218
174
50
303
55
248
103
303
133
287
289
275
223
231
254
326
289
242
286
243
102
16
45
161
60
27
72
339
10
349
56
86
39
2
329
116
289
259
136
285
54
235
269
323
300
168
39
161
71
39
149
285
36
112
305
348
133
256
41
24
88
4
223
176
105
287
165
56
185
340
53
323
41
263
13
234
50
279
292
0
88
23
40
19
31
197
240
318
34
299
174
126
207
222
230
224
197
60
232
63
52
207
65
48
315
161
205
80
206
96
249
340
244
253
92
222
203
285
326
78
220
104
207
45
235
225
62
200
107
203
163
251
63
139
297
219
21
15
180
250
207
7
10
265
16
97
311
31
341
31
216
250
320
105
142
2
259
326
162
263
320
51
142
48
200
76
149
185
55
166
247
10
275
49
299
95
322
234
174
85
130
76
166
82
93
153
92
326
121
121
294
103
246
95
115
265
249
340
319
30
3
194
290
48
12
27
50
282
254
210
192
325
128
25
49
256
332
117
286
147
84
266
307
76
219
4
252
335
54
178
84
257
20
340
176
142
223
319
96
83
56
116
175
318
341
53
149
268
197
291
115
188
136
239
302
47
115
199
241
153
247
47
225
251
327
222
145
76
38
4
151
62
177
92
303
91
47
167
134
254
14
93
276
173
104
12
265
194
194
114
275
261
232
9
4
93
181
184
234
0
30
62
243
51
321
64
297
13
93
255
123
270
265
251
137
188
126
149
321
199
325
150
16
274
231
105
331
60
275
58
0
234
14
193
20
224
38
296
56
173
307
73
175
296
215
91
53
217
17
251
40
316
299
79
124
163
122
98
91
41
38
295
247
80
310
234
279
257
21
135
334
288
306
148
308
146
186
173
328
124
265
45
71
25
335
41
55
198
32
222
71
296
308
174
80
145
186
241
296
194
212
28
51
184
290
282
237
250
190
320
331
343
106
117
36
203
81
138
138
149
213
106
114
312
150
52
198
14
16
194
27
214
162
195
79
259
144
136
279
232
47
220
345
163
282
316
316
233
51
275
147
252
243
164
212
105
334
324
328
186
238
109
302
248
204
257
251
275
215
117
173
288
73
75
184
199
76
234
176
308
147
150
10
281
64
136
46
304
137
107
291
97
147
31
153
292
302
84
58
74
198
79
188
67
269
80
286
147
202
14
8
275
263
304
176
107
204
240
259
154
114
82
60
49
41
45
49
243
169
197
19
190
255
212
51
285
207
91
28
272
161
49
263
197
281
186
71
182
5
197
260
253
189
225
330
26
36
161
50
67
241
318
218
89
331
5
184
31
96
299
149
166
205
12
12
137
121
223
198
276
320
28
19
32
273
47
76
289
149
36
228
214
152
166
176
149
201
188
285
223
105
248
19
240
242
348
176
77
184
229
10
179
309
273
212
283
41
205
335
132
313
172
44
14
214
218
221
75
305
252
320
280
136
321
317
5
177
193
152
266
280
300
276
265
315
49
51
214
281
16
117
187
89
125
186
335
335
1
43
2
280
122
267
193
115
328
144
283
338
142
276
122
195
344
35
167
226
229
190
308
279
283
169
283
7
182
8
186
232
124
26
154
240
135
279
123
246
210
37
115
91
60
152
242
320
248
160
4
336
181
250
15
245
166
206
309
113
229
130
312
270
183
229
318
69
265
326
114
328
60
41
242
334
188
176
7
108
245
135
303
85
197
163
231
205
334
76
228
209
60
7
216
266
206
2
85
308
73
344
133
287
56
258
310
47
238
152
317
237
323
250
327
152
95
160
163
287
13
140
118
305
258
318
179
203
49
13
238
118
248
191
206
190
328
277
67
250
111
68
311
183
191
231
287
204
26
254
228
325
204
151
2
8
259
238
90
314
62
329
263
103
82
111
127
335
8
218
280
309
41
89
297
240
203
254
150
180
100
161
114
61
271
312
168
236
168
124
61
61
243
349
218
182
300
215
151
100
68
50
7
250
139
233
60
278
111
176
306
118
114
22
4
58
64
232
276
292
30
277
312
222
26
186
248
348
9
312
33
274
263
152
74
172
111
150
232
267
241
136
108
203
42
16
18
147
148
25
90
191
246
40
203
342
43
121
306
307
262
327
312
187
137
4
289
148
212
83
285
177
280
69
146
193
154
155
310
202
186
308
151
30
40
202
198
206
280
218
38
104
328
67
322
328
230
225
180
25
94
99
322
63
89
329
89
250
222
225
208
264
91
222
349
328
33
15
32
104
137
250
267
166
41
199
119
29
193
197
110
55
150
25
16
43
29
29
226
50
157
312
277
186
40
263
206
247
128
302
210
183
148
110
19
193
253
180
160
120
194
204
187
276
235
151
324
141
105
157
247
222
175
118
150
267
253
250
96
287
268
266
266
332
242
132
150
76
183
344
99
120
259
62
172
246
266
34
58
173
219
333
107
218
160
223
348
64
116
340
29
176
145
26
200
23
176
310
293
6
315
336
115
201
147
158
135
89
215
96
76
171
6
185
104
27
282
160
150
181
24
84
119
185
184
197
80
8
94
334
315
125
98
199
76
342
21
9
36
346
53
44
224
259
32
87
87
266
332
204
344
79
270
44
171
218
181
222
284
9
199
236
26
314
161
213
270
241
137
219
119
125
284
277
144
91
270
207
296
309
195
224
97
283
64
314
81
135
77
119
56
2
78
177
209
26
241
296
280
2
189
327
70
345
236
240
183
340
201
222
306
226
171
69
43
3
342
325
313
129
323
46
26
83
218
333
28
105
57
192
38
165
159
167
91
272
169
203
194
293
92
30
104
92
230
157
19
19
174
17
194
201
47
71
12
179
192
174
332
108
181
322
331
286
23
141
258
316
228
57
302
91
258
93
141
83
168
123
226
206
29
155
268
288
132
110
338
164
268
234
8
126
205
99
137
101
60
286
62
205
285
296
93
167
255
119
214
246
86
68
204
348
150
312
42
92
288
132
202
270
286
129
148
277
71
106
208
312
162
293
66
200
295
22
135
276
68
8
23
99
270
23
300
214
218
139
250
315
218
138
122
307
84
275
215
346
236
324
143
205
205
203
266
326
119
129
215
250
250
150
284
200
34
255
206
244
215
293
34
140
210
246
144
255
178
111
38
176
113
331
182
215
177
150
323
36
61
150
328
244
161
161
61
290
269
228
331
111
246
21
199
167
206
35
111
315
163
216
124
10
265
12
8
23
255
305
185
30
24
331
297
17
310
13
214
137
111
179
35
232
293
109
121
214
38
154
307
192
172
173
202
239
160
139
310
208
265
9
1
120
290
316
284
251
183
89
237
140
206
90
28
240
153
45
308
250
21
170
257
204
23
344
38
211
138
176
94
235
122
170
345
48
81
38
5
316
184
316
28
90
46
41
39
47
233
95
5
191
107
39
269
21
57
3
345
51
227
322
176
330
66
97
150
88
120
226
135
74
330
88
330
83
80
283
41
35
293
158
158
63
345
170
98
131
122
179
316
134
330
332
49
59
183
330
158
296
48
6
60
65
92
182
330
21
304
70
290
326
99
146
103
96
194
195
151
49
285
15
91
303
222
64
275
131
330
69
284
336
276
253
224
55
223
258
7
91
244
91
149
328
245
228
64
134
16
65
274
284
335
206
317
76
330
1
133
327
204
199
251
173
183
131
137
152
259
131
153
304
284
328
341
297
148
27
166
27
103
15
173
347
169
270
121
112
149
313
116
256
148
199
103
248
311
218
120
63
321
39
234
34
8
199
349
335
120
345
323
194
39
105
90
283
77
245
329
349
33
14
159
122
65
57
276
305
158
120
239
52
96
59
34
179
253
280
185
341
49
183
297
25
253
67
297
170
120
169
115
76
187
255
106
63
289
80
214
166
158
341
187
125
275
317
19
293
264
285
30
318
129
322
47
73
32
176
249
51
267
309
33
109
244
45
324
86
219
239
268
314
307
19
107
245
165
34
164
314
86
62
30
188
293
31
110
126
323
317
194
29
165
135
293
134
279
230
314
75
189
309
174
14
189
196
216
274
201
278
222
108
249
107
125
157
83
341
124
272
268
237
187
328
347
320
329
158
332
176
282
180
143
19
337
136
157
41
17
239
65
279
239
123
14
104
105
289
136
27
256
266
113
167
290
69
136
80
290
89
9
133
251
176
87
245
331
284
190
134
268
157
172
329
157
255
297
117
156
301
215
297
71
136
215
244
314
4
12
110
83
37
110
294
257
242
1
256
340
4
298
220
92
282
135
147
213
67
255
143
44
315
256
177
249
311
273
107
195
42
122
199
157
106
83
95
61
210
114
241
308
57
105
179
124
263
191
146
108
56
110
119
174
127
300
80
185
265
150
181
341
292
153
241
218
211
307
183
95
349
102
25
100
81
290
27
144
273
17
216
269
313
62
291
35
135
178
320
154
211
42
288
318
246
187
223
8
138
197
99
27
232
76
68
265
227
207
332
232
197
222
277
344
119
175
173
25
44
296
211
318
10
307
288
269
146
270
337
107
210
308
281
300
138
84
136
119
36
314
195
291
242
339
21
92
299
179
290
35
318
227
175
25
270
235
197
321
86
136
296
179
194
83
160
281
192
35
207
99
53
42
348
27
98
217
177
141
249
68
65
275
210
172
246
58
249
21
297
298
95
183
81
41
229
134
221
1
136
349
59
98
132
51
183
47
333
65
262
76
330
27
6
247
230
233
245
22
295
301
275
150
254
200
209
174
254
246
32
32
322
251
262
3
194
263
167
150
338
35
29
49
106
346
292
73
333
141
103
135
307
131
145
56
288
120
96
292
93
105
177
300
55
260
168
318
111
346
125
117
261
125
231
216
323
211
142
86
264
157
233
163
41
292
27
39
228
86
233
143
327
216
306
109
126
259
254
263
44
330
277
347
73
128
24
245
103
308
63
20
69
56
311
18
234
197
330
125
201
335
310
296
288
337
94
301
287
232
248
175
163
86
162
151
59
20
130
235
332
87
319
42
127
109
232
177
59
236
206
77
23
283
322
309
126
55
338
108
301
226
77
218
94
23
199
208
324
105
152
144
271
91
26
82
246
63
53
24
211
18
297
20
336
138
68
125
101
65
26
1
14
109
258
71
91
79
31
117
196
194
98
329
288
92
281
77
70
89
300
43
127
260
186
268
24
133
114
325
147
257
34
26
97
347
103
276
337
300
62
284
234
98
274
321
32
325
183
73
310
181
144
206
85
37
190
97
50
85
344
142
107
82
32
223
154
299
257
240
102
299
125
343
297
242
142
196
229
337
98
98
108
238
223
192
67
160
222
23
244
198
139
316
25
71
336
185
342
7
92
67
254
347
205
110
247
147
196
196
199
103
92
170
279
89
226
82
54
275
139
151
315
0
126
269
288
342
125
61
298
325
133
279
325
39
156
140
33
108
187
322
319
301
344
170
289
222
301
139
154
225
305
26
161
42
221
100
139
265
98
332
332
67
301
299
296
199
142
195
78
44
159
90
276
56
319
236
276
264
213
234
235
92
347
71
143
199
160
259
288
278
104
207
163
170
94
299
341
160
219
300
287
139
276
161
53
0
130
126
228
141
4
131
229
345
177
61
194
343
209
280
329
107
196
53
193
179
235
144
244
219
114
147
319
329
154
311
187
301
267
44
192
199
134
215
240
140
92
73
240
84
279
157
245
338
79
2
334
156
268
59
238
136
203
297
92
186
259
230
104
246
2
248
45
66
2
218
186
302
220
67
98
54
190
230
255
12
125
276
258
263
224
62
209
137
249
39
75
305
80
46
114
14
207
27
335
235
208
289
37
23
311
297
92
73
329
311
288
313
49
125
71
45
335
120
2
277
57
1
259
279
275
240
246
95
135
259
12
6
42
289
115
232
144
100
15
313
158
234
212
301
8
254
247
258
22
117
277
77
197
261
187
20
144
49
50
292
246
191
88
67
215
72
81
246
205
59
274
252
235
56
141
265
198
196
33
75
60
52
44
23
252
28
76
72
241
305
334
157
1
161
345
18
153
307
241
186
124
38
312
234
26
334
218
292
74
256
247
211
312
206
15
285
90
68
153
257
137
149
211
54
227
68
305
314
53
153
168
286
237
337
112
219
77
300
341
114
26
149
235
232
68
213
25
275
158
279
300
193
44
135
240
117
98
55
141
221
68
296
317
227
8
333
158
116
321
249
23
219
15
139
166
105
149
130
36
256
23
260
221
56
223
154
45
330
193
220
210
31
228
95
118
275
39
88
300
251
134
315
47
25
139
255
171
249
170
209
201
230
130
348
333
14
1
328
1
301
135
198
18
303
302
267
314
149
2
210
290
328
104
271
144
144
228
245
105
219
97
21
205
50
25
70
267
130
256
297
326
32
198
157
223
14
144
9
226
48
333
20
70
308
259
30
231
332
43
218
344
256
253
143
165
24
228
258
49
119
302
18
148
67
173
262
238
250
246
30
227
201
83
84
103
340
209
226
165
101
302
88
46
103
39
79
259
253
238
15
262
254
38
105
39
30
205
60
17
278
25
249
71
182
143
40
108
349
349
133
286
49
205
246
103
144
105
159
264
310
107
147
90
36
110
133
197
307
9
309
186
349
39
326
200
249
181
84
81
277
307
136
60
9
195
273
178
311
159
13
337
133
347
30
147
38
177
309
149
63
180
177
60
183
56
81
90
256
213
12
343
144
308
177
200
170
121
348
104
150
117
2
346
103
129
148
278
296
119
2
290
90
278
0
45
235
233
301
14
169
85
290
231
323
120
216
267
341
328
153
248
151
215
200
156
238
147
121
186
161
312
47
165
32
129
298
255
118
64
194
329
281
99
0
122
48
88
265
327
271
266
31
337
146
221
17
61
246
235
53
123
36
277
94
15
138
63
31
331
28
57
23
3
50
204
184
297
7
343
266
257
275
63
146
40
182
50
194
340
102
336
342
302
344
216
227
306
257
119
286
273
215
349
296
221
255
192
50
112
340
144
225
17
344
41
23
250
275
322
204
147
20
279
168
349
303
313
67
259
246
17
252
156
258
167
146
231
303
32
309
195
215
207
28
234
273
292
21
148
0
65
98
2
120
247
160
100
305
349
141
298
334
308
41
302
144
187
128
86
295
120
299
121
172
208
320
142
140
329
78
288
191
168
178
249
168
29
263
157
144
129
343
128
221
265
102
197
242
322
34
85
160
330
149
75
201
104
112
89
69
239
142
299
257
65
101
74
19
199
247
299
75
82
185
63
77
147
250
165
184
247
145
81
80
269
178
293
180
154
197
73
242
169
346
95
106
69
33
134
82
317
148
245
157
150
66
299
259
175
154
118
24
151
0
277
180
19
91
305
134
282
235
181
305
213
111
306
279
221
181
211
194
214
332
333
264
349
219
103
309
230
198
251
296
96
70
195
296
219
198
296
97
198
131
307
332
20
150
289
222
131
33
149
170
320
29
48
91
306
217
170
186
219
216
66
91
222
75
0
216
161
286
72
96
23
318
148
75
271
83
300
87
340
285
62
27
209
223
329
72
344
82
147
340
223
194
38
96
6
184
26
222
122
43
212
330
36
148
66
119
330
267
324
121
130
323
21
35
271
193
267
60
141
5
122
137
243
3
201
320
114
181
34
141
210
338
208
261
61
5
308
255
44
70
250
174
42
255
37
257
291
22
69
24
208
261
275
295
190
90
330
190
54
10
268
104
259
327
36
35
71
139
64
312
155
6
37
278
58
141
104
316
68
33
141
158
72
128
295
25
120
163
259
301
100
247
332
25
216
257
307
307
261
322
44
242
235
271
159
255
216
90
147
343
262
48
125
285
281
0
296
260
242
315
345
72
6
218
44
278
40
296
198
252
346
44
305
9
170
336
145
130
205
23
52
343
337
345
66
13
150
142
171
281
290
23
152
223
309
237
235
142
340
340
70
290
56
116
151
187
159
143
3
323
251
35
242
67
277
316
219
324
349
50
208
113
309
230
34
60
146
120
249
214
315
137
4
264
172
173
80
237
130
24
210
96
102
311
183
68
99
90
211
211
5
137
295
244
331
244
103
188
23
100
207
309
179
298
187
267
96
244
188
95
88
173
285
127
208
289
176
191
21
177
102
306
293
315
114
116
119
346
105
17
45
125
183
258
227
288
326
202
347
286
135
47
176
235
332
252
317
134
19
131
171
224
268
17
304
208
195
11
323
271
258
80
203
37
153
139
226
138
65
140
159
277
244
248
121
160
188
140
285
116
299
70
331
256
30
119
266
256
211
45
212
226
252
123
48
107
149
138
45
30
322
56
125
148
268
55
221
19
102
309
203
172
146
25
45
319
319
192
262
94
84
80
311
160
189
72
265
339
14
221
148
317
325
4
235
206
8
55
66
96
212
4
114
291
96
332
30
96
23
277
148
72
309
131
60
216
115
229
16
300
94
83
287
244
52
30
60
136
138
61
40
244
14
291
55
84
290
35
23
52
97
328
30
12
171
300
105
187
7
305
221
55
5
80
175
343
187
276
150
222
19
139
70
152
345
137
324
152
202
303
332
170
178
324
176
248
97
241
241
10
96
139
110
307
113
40
205
93
122
270
254
343
200
314
163
297
299
330
314
329
102
317
145
152
173
133
121
307
262
40
96
97
304
273
240
79
44
153
166
232
200
40
8
29
137
168
265
67
225
317
183
300
133
165
63
119
250
90
118
112
142
93
25
284
90
46
283
328
318
328
167
167
339
321
96
17
105
109
89
90
310
166
345
73
187
19
22
134
45
270
9
315
300
283
226
165
25
41
64
71
333
138
294
343
100
321
331
160
49
282
307
331
344
55
33
198
53
203
264
88
11
130
333
297
213
231
27
164
69
195
24
27
238
218
86
173
135
11
67
44
91
41
29
13
141
264
190
218
115
280
31
290
80
235
17
184
136
181
197
279
37
28
328
174
262
157
53
327
101
344
61
202
61
62
70
255
270
175
24
31
214
346
167
168
34
269
63
165
188
216
306
269
265
33
20
69
64
64
136
168
307
44
193
58
138
292
275
174
61
60
232
117
250
251
173
234
24
303
292
139
125
38
106
346
134
78
84
27
298
176
94
176
165
87
11
271
21
119
250
269
54
200
61
63
57
123
88
345
82
36
337
314
280
162
67
225
174
80
184
98
349
229
233
136
75
45
154
106
267
67
269
60
203
271
45
209
127
156
183
249
333
184
193
319
228
5
181
76
156
325
288
88
230
142
113
129
63
207
278
198
294
198
58
33
137
256
193
239
250
129
44
56
343
288
47
111
333
114
266
148
197
185
84
224
35
118
299
256
120
149
227
67
214
225
69
297
311
68
273
112
257
309
256
139
13
129
98
232
19
54
35
154
236
28
177
69
23
186
186
59
295
325
279
140
138
23
19
333
35
36
80
215
312
191
39
72
243
227
260
88
237
234
28
226
199
137
25
3
223
264
90
15
130
273
305
312
207
243
318
187
139
76
236
107
335
200
73
323
113
128
86
113
329
195
21
77
178
137
345
115
97
92
48
191
139
349
312
80
1
297
207
9
196
280
298
206
238
242
3
205
288
73
233
18
95
156
92
25
29
271
93
56
216
170
153
38
256
130
280
303
139
206
129
3
284
58
343
255
27
26
59
333
150
346
166
320
91
77
180
231
1
21
119
49
334
21
156
110
58
349
159
23
115
154
5
348
220
128
166
172
233
331
217
265
139
202
178
74
29
290
129
305
337
233
260
10
109
120
8
123
162
162
1
7
57
75
185
231
122
200
333
24
122
195
3
318
293
301
290
54
210
151
117
268
83
155
99
334
12
53
123
210
127
123
281
240
189
308
164
55
21
348
296
160
302
147
237
236
153
216
178
16
125
83
47
102
13
50
35
288
128
235
102
56
106
117
166
238
281
46
298
292
80
47
310
250
178
271
55
131
164
211
258
253
307
262
343
214
308
20
1
259
114
201
182
345
211
60
211
345
123
176
289
162
30
284
223
223
160
294
296
4
228
91
20
103
307
341
72
10
58
63
296
154
316
80
146
131
349
175
303
182
204
276
47
260
330
255
294
143
150
125
20
68
221
181
194
256
135
3
128
247
338
309
294
260
51
194
116
197
291
312
163
82
22
75
152
166
8
291
90
135
246
84
267
49
154
114
156
294
312
185
153
307
193
127
220
237
166
178
249
178
275
304
280
158
328
23
339
142
287
116
146
286
107
292
10
224
136
324
330
23
242
9
347
29
27
32
52
273
328
205
236
200
162
336
24
182
51
18
127
261
231
259
187
259
81
271
102
311
110
283
65
220
86
190
43
79
215
158
143
17
330
344
25
25
312
47
238
344
240
331
103
322
222
123
295
323
118
292
140
347
233
96
346
341
140
79
15
186
125
192
259
273
277
285
304
347
312
349
89
170
76
192
309
45
197
253
12
77
21
303
306
171
273
9
222
292
223
24
141
328
338
278
339
61
51
268
330
158
237
292
75
168
257
45
179
43
245
138
172
156
278
272
179
81
145
295
294
304
300
149
113
295
193
228
186
219
159
44
155
243
311
153
251
70
319
115
63
190
315
296
80
251
170
87
338
19
172
53
343
15
315
226
100
98
83
263
288
193
85
124
257
181
338
97
230
2
33
306
218
142
1
301
135
340
176
118
160
115
87
208
301
176
114
325
294
321
288
146
282
108
237
238
160
297
181
56
294
25
143
31
169
126
282
79
128
3
115
36
12
298
301
85
232
134
134
145
194
155
256
0
35
3
108
172
207
93
93
229
142
306
181
287
238
43
89
113
317
260
174
321
91
271
294
171
143
190
338
340
324
170
333
155
96
40
339
277
23
191
115
132
124
349
212
29
24
298
43
340
74
138
325
292
284
12
18
304
17
230
207
233
147
258
321
346
285
38
66
259
105
268
349
72
32
203
185
259
54
36
204
335
175
222
229
338
105
155
144
68
262
141
217
36
188
242
268
63
26
349
277
310
19
63
222
135
22
71
321
233
237
114
325
11
221
280
334
198
8
228
268
67
76
323
3
98
74
49
174
172
24
54
344
299
61
96
310
232
93
138
121
57
15
326
319
178
347
138
67
127
49
349
338
137
11
66
135
55
346
86
28
144
289
331
94
288
31
345
331
17
24
115
323
343
325
15
237
121
308
11
17
150
237
8
19
115
167
303
184
17
196
113
180
140
212
123
126
76
278
317
56
133
75
279
14
335
331
117
63
157
87
176
113
307
300
275
194
244
43
208
191
101
191
252
249
122
33
126
169
66
179
168
27
329
196
228
292
200
101
99
185
218
182
83
93
315
218
165
260
242
339
274
152
299
107
99
5
147
45
100
182
155
62
1
3
289
242
328
12
124
230
329
179
147
298
111
240
334
200
12
141
109
41
308
76
174
107
254
250
343
174
216
121
289
88
274
91
134
174
240
106
6
34
49
271
252
345
275
298
225
174
246
181
247
245
2
187
248
288
144
289
14
14
17
225
5
250
143
292
235
240
301
219
78
93
142
176
254
88
91
222
99
306
100
301
144
128
176
186
197
239
3
76
327
264
334
143
31
328
121
200
109
52
141
109
94
252
142
264
50
50
112
158
10
33
268
220
265
64
17
299
77
162
45
232
260
280
304
187
259
345
6
26
293
262
29
291
163
78
3
246
268
302
203
242
77
125
89
332
220
161
192
100
246
13
73
111
222
277
3
100
110
196
261
100
88
142
295
28
159
30
5
92
269
30
54
15
28
68
176
130
233
115
144
50
186
321
141
209
329
151
57
139
162
170
56
70
82
145
55
56
207
277
323
287
263
92
92
100
328
242
21
314
338
238
334
262
90
89
44
88
280
314
30
14
66
185
148
9
37
109
322
87
244
264
119
254
280
164
261
326
257
33
142
95
199
17
138
314
254
194
142
111
67
49
134
272
201
334
138
215
223
111
326
326
186
41
184
332
46
148
270
247
62
306
8
245
51
245
31
193
304
95
152
50
308
260
340
270
145
100
6
128
337
135
239
306
17
52
82
257
212
98
136
110
194
126
137
105
329
2
308
173
84
199
254
146
245
119
189
279
98
50
237
2
122
186
314
221
274
332
24
64
332
322
84
206
205
305
278
331
28
52
25
212
206
86
85
319
56
120
282
183
111
160
299
17
82
183
76
94
63
230
170
42
126
157
273
79
131
50
68
21
173
3
295
87
176
321
174
311
227
101
347
344
13
35
177
26
109
217
186
337
121
164
61
337
64
170
129
220
149
218
68
176
174
332
168
146
12
274
198
165
178
297
35
314
184
169
146
132
229
109
212
299
94
185
59
189
299
120
191
160
245
253
227
143
86
172
206
345
245
115
115
128
182
343
9
305
151
299
136
162
39
47
106
178
104
111
272
69
303
270
333
79
253
272
170
71
92
196
248
57
255
72
249
169
49
65
308
170
179
7
239
303
37
191
244
273
243
134
248
4
176
104
118
234
92
176
346
102
69
98
307
121
16
150
25
178
135
29
151
336
341
2
117
26
31
259
108
209
298
202
18
184
118
296
254
207
96
227
246
251
177
109
195
78
102
130
332
245
98
176
33
52
122
223
234
122
302
202
47
82
180
84
134
345
285
117
175
151
184
25
127
7
120
129
259
72
227
188
229
117
100
191
34
229
206
246
267
246
251
103
285
51
133
161
226
247
83
151
97
281
349
24
271
187
178
277
274
335
266
251
261
339
4
130
46
261
64
58
98
206
150
6
323
330
324
138
344
134
178
122
323
163
94
102
337
89
17
222
120
336
167
13
209
120
228
341
259
76
323
35
115
52
96
39
16
61
333
35
289
33
313
305
214
109
194
274
49
205
291
11
164
174
308
224
311
267
113
94
320
332
32
103
312
94
117
39
41
132
117
147
29
182
289
32
92
203
69
174
333
270
83
227
84
66
228
154
314
211
334
188
312
0
70
84
155
52
100
85
227
273
333
36
141
39
10
63
163
56
138
181
207
103
63
265
232
138
191
243
173
40
330
140
122
183
314
89
326
32
103
154
110
346
257
14
326
166
193
341
150
310
327
50
11
181
95
174
188
243
229
207
76
131
93
251
269
332
99
180
44
211
243
104
332
9
77
146
36
39
186
303
221
276
251
15
260
113
334
79
46
220
40
193
154
146
154
282
203
324
135
151
11
27
11
282
207
257
267
166
252
253
163
32
178
206
36
223
266
332
221
58
133
166
115
321
178
207
328
23
325
109
95
142
36
125
67
186
45
170
142
199
327
68
345
68
170
66
315
224
201
61
190
131
53
31
102
68
328
188
342
61
175
314
290
154
67
260
53
98
141
272
190
152
164
130
71
164
70
57
38
46
188
76
256
145
33
250
260
72
41
299
90
61
211
23
253
54
6
124
146
96
76
315
314
60
179
247
330
130
135
251
121
7
346
155
188
237
319
209
148
232
174
220
158
209
211
225
240
180
65
199
141
49
68
23
154
130
20
17
259
215
77
288
290
104
267
147
29
173
288
179
341
24
180
172
120
253
50
279
164
33
348
124
29
347
121
290
198
50
186
37
126
46
319
151
201
156
326
146
127
72
303
320
260
55
249
248
211
258
173
187
250
66
19
50
2
290
172
106
154
144
221
311
72
312
263
275
42
175
44
345
331
23
131
210
12
206
306
107
117
346
221
213
175
337
71
76
68
125
332
51
51
319
3
7
12
125
275
231
194
27
339
99
332
150
172
98
242
300
23
190
193
256
329
246
319
228
107
340
298
151
337
41
341
89
218
158
147
124
45
340
260
117
157
106
31
15
182
157
115
202
91
88
250
15
209
58
209
68
246
203
34
259
107
71
133
69
86
201
54
204
48
198
213
345
237
106
133
320
259
20
299
222
201
85
272
326
45
102
70
69
300
20
176
71
113
143
314
58
143
248
30
225
71
178
23
78
197
42
135
23
191
185
163
46
204
242
134
102
313
37
104
131
93
18
119
265
299
196
314
151
24
68
125
344
229
141
233
93
79
259
168
125
56
72
151
174
38
26
299
193
337
142
248
323
216
172
156
283
271
111
148
292
319
227
233
163
89
254
299
29
222
36
45
229
44
270
340
261
130
134
158
165
20
271
216
175
9
169
23
289
65
143
179
84
97
0
26
179
269
165
293
29
211
215
160
141
60
93
318
334
213
287
220
337
158
284
340
151
314
15
315
243
278
150
254
102
262
125
9
182
254
222
311
188
66
134
307
245
111
74
69
96
34
237
144
82
88
55
183
72
324
175
76
38
291
251
115
2
155
224
69
316
278
194
341
304
199
155
66
316
104
88
108
42
172
309
196
181
293
55
152
188
140
311
346
15
308
328
13
340
262
347
245
319
138
62
176
151
11
222
219
24
316
228
339
119
183
322
206
218
11
6
137
88
173
148
123
24
36
66
256
45
268
171
325
224
79
0
66
82
69
291
36
26
136
267
28
57
126
209
41
225
21
79
306
77
255
182
299
241
80
154
17
161
111
90
254
235
276
325
232
219
241
107
101
336
41
282
236
336
97
339
228
90
35
225
45
62
329
46
169
51
268
59
12
222
192
133
305
41
254
112
131
121
163
117
111
82
261
191
61
345
284
265
153
239
167
153
31
84
225
268
46
234
202
235
1
151
15
227
299
36
87
208
61
206
275
323
309
121
116
216
97
216
211
217
282
297
132
94
257
51
297
161
206
229
92
211
232
330
1
345
122
192
267
243
346
298
160
50
343
111
48
257
84
89
0
137
216
321
337
267
222
12
137
226
220
216
50
272
9
141
254
249
220
165
319
339
234
309
161
235
291
110
164
308
115
46
240
264
264
243
111
304
328
182
31
156
143
29
225
140
345
246
249
269
77
273
80
147
119
104
164
15
221
151
195
224
160
290
235
195
210
153
143
248
9
305
247
183
206
339
87
109
159
78
37
37
23
305
195
274
321
135
188
170
121
49
258
259
49
219
46
12
101
186
274
256
147
95
166
98
298
110
191
85
187
80
211
237
184
84
265
49
117
248
98
290
103
328
92
285
11
211
130
195
222
133
190
159
57
160
188
39
252
132
282
42
315
297
207
69
268
114
289
200
82
186
257
263
92
105
86
121
128
269
255
147
34
209
328
151
19
15
198
121
252
81
25
46
80
241
175
289
149
343
287
295
23
322
216
144
128
2
258
140
179
147
126
136
161
138
286
318
191
282
160
272
144
268
283
65
121
334
213
121
289
117
268
209
282
15
235
178
239
89
159
49
210
269
252
217
268
69
191
92
81
284
19
105
147
97
6
308
257
178
334
133
140
224
70
186
295
198
159
192
345
19
140
344
178
333
160
38
105
160
345
274
241
273
19
347
213
117
143
82
336
338
153
261
25
186
256
73
57
166
206
153
105
118
278
83
202
19
93
234
50
286
239
101
28
60
37
49
267
101
39
283
233
105
92
233
136
319
224
52
56
264
240
114
183
187
264
259
66
95
329
103
297
78
322
167
200
28
231
289
131
285
195
210
104
156
78
290
178
163
147
112
14
340
60
89
308
183
49
186
26
4
254
293
255
131
297
192
143
202
37
270
256
163
134
25
154
208
289
18
113
31
2
231
95
205
286
22
154
257
68
87
23
340
249
28
166
106
37
213
79
230
4
173
239
126
56
64
324
45
49
292
125
291
153
322
104
56
315
253
106
24
252
272
80
42
145
36
349
73
228
45
181
252
329
91
290
70
223
12
232
269
278
17
339
11
85
202
286
289
202
253
131
200
156
240
339
73
190
17
312
298
70
187
252
72
43
220
147
90
308
107
164
248
122
174
278
188
233
273
68
304
229
67
0
18
47
230
86
338
294
104
276
295
185
64
34
256
288
66
19
154
154
79
272
339
0
14
34
185
3
46
92
226
94
75
212
137
223
282
273
301
340
146
99
243
52
304
147
224
69
286
144
183
240
165
187
92
54
79
153
142
213
42
177
313
281
48
50
251
56
300
299
334
28
236
8
348
212
172
62
116
97
320
171
299
114
296
259
122
194
40
282
80
104
81
240
224
293
275
162
172
305
136
62
196
109
229
6
109
232
229
29
3
177
14
251
279
30
210
121
10
47
229
69
178
214
344
164
21
95
19
83
168
292
177
320
37
227
274
343
147
156
198
348
144
273
21
236
203
101
22
171
79
85
25
273
152
139
85
7
73
224
136
7
222
180
189
339
159
237
214
32
6
87
100
138
80
139
289
322
217
35
294
141
348
115
109
239
175
84
88
284
182
94
62
341
62
281
168
25
335
227
187
78
10
223
175
155
25
251
77
218
85
220
110
245
280
239
58
226
14
140
5
344
175
207
348
227
144
2
156
172
133
16
144
90
346
243
105
76
60
208
294
193
90
12
302
209
26
211
212
133
93
281
216
177
251
187
128
175
91
223
202
124
109
182
235
85
226
30
34
60
78
81
47
128
170
232
191
58
149
286
9
235
254
47
298
335
217
254
229
211
256
281
68
114
307
160
88
150
126
299
113
39
145
160
317
227
173
83
63
160
27
139
303
29
292
171
75
307
255
237
246
34
321
75
35
75
143
161
77
37
104
304
228
253
142
78
343
335
188
220
21
146
113
190
319
211
48
164
131
115
242
237
166
75
190
210
36
246
305
36
201
69
226
235
220
61
63
29
312
158
241
233
12
228
159
290
66
185
83
276
16
21
199
275
290
17
145
130
251
192
104
260
180
339
234
336
52
203
272
48
188
303
38
305
184
94
312
284
51
326
127
268
160
188
8
181
210
193
199
195
309
238
22
130
73
270
159
331
225
253
197
146
39
341
15
242
56
83
154
260
234
242
69
310
313
256
216
278
175
96
136
279
194
226
59
304
48
299
102
33
312
6
205
161
10
254
245
158
113
113
56
199
8
137
275
318
77
127
93
36
170
44
135
318
312
308
152
73
114
186
20
340
208
240
279
187
73
205
175
242
52
111
236
19
308
60
128
187
205
220
33
227
95
279
86
30
140
106
22
39
183
194
183
257
274
90
142
186
187
268
332
70
201
20
66
294
289
255
86
297
180
130
49
123
310
17
16
0
229
294
248
315
295
160
127
203
20
93
68
108
142
170
20
298
76
284
59
121
348
242
180
75
163
348
44
57
94
205
160
31
248
260
337
145
128
14
82
152
178
339
265
211
234
9
317
173
121
126
36
139
266
302
253
88
193
104
251
38
206
211
182
329
152
20
140
118
207
312
345
316
62
242
181
110
239
62
138
300
300
219
222
110
152
258
14
108
207
174
92
16
232
209
327
26
188
347
226
250
188
95
301
315
200
118
180
0
341
302
158
218
341
230
224
82
341
42
48
13
98
144
83
207
230
152
166
265
26
219
192
246
159
267
139
288
30
144
59
293
41
33
282
227
109
264
21
300
54
65
134
174
122
54
65
269
234
150
2
211
326
59
346
213
60
312
205
277
223
325
242
300
55
125
100
111
192
147
63
288
270
232
48
192
203
275
311
85
185
68
136
335
336
234
160
11
152
326
109
99
336
17
84
30
137
59
259
327
286
26
250
275
152
40
131
119
134
133
146
22
180
316
81
127
203
222
153
331
226
335
239
189
277
138
110
228
81
110
326
188
86
273
84
207
337
76
127
122
339
272
263
209
35
145
15
213
276
160
321
28
349
274
35
7
294
200
314
321
29
249
63
307
26
137
215
173
276
272
272
238
261
268
274
192
277
326
181
268
234
166
259
146
257
42
295
318
151
15
269
311
229
312
44
211
311
276
257
102
76
194
299
325
123
53
143
173
13
301
64
159
73
130
329
70
270
240
314
203
196
106
71
24
241
49
59
272
92
80
237
185
254
39
68
210
159
91
193
304
178
144
158
215
6
148
91
282
281
14
54
59
144
187
308
137
147
76
296
96
294
60
29
160
279
284
10
122
306
41
265
45
77
8
256
181
347
270
307
154
33
272
237
5
294
30
30
10
35
238
314
332
269
121
316
155
39
192
184
75
225
18
117
205
133
299
227
270
23
101
292
18
144
325
21
117
140
248
302
123
124
255
308
161
60
349
158
75
28
328
22
104
138
104
69
231
112
166
63
18
7
248
123
233
178
348
12
305
269
119
224
96
45
108
239
120
231
88
276
274
323
229
94
123
308
341
163
187
12
224
248
94
174
274
112
183
324
71
2
211
95
100
340
199
198
88
267
111
120
257
1
193
30
284
204
54
15
339
269
178
158
269
190
339
156
250
132
183
30
99
77
154
256
195
201
56
333
230
267
231
246
290
337
50
176
229
102
204
18
127
129
129
324
154
290
129
321
173
92
302
345
319
140
52
258
258
80
190
118
346
120
89
275
47
9
332
129
210
79
349
301
296
134
321
145
201
323
211
117
10
300
34
154
304
100
159
89
137
183
293
178
120
348
212
111
277
178
66
91
127
154
199
178
69
34
114
145
46
46
79
118
35
50
100
305
144
322
58
77
138
73
298
305
211
211
4
337
199
322
9
69
117
26
297
204
187
73
157
12
100
123
246
121
34
156
292
7
264
292
21
143
262
319
197
188
28
211
209
71
295
88
26
346
299
321
79
67
35
92
272
253
111
289
244
24
244
337
17
199
24
242
74
55
131
27
256
344
46
75
8
337
189
180
157
260
0
40
43
13
243
240
169
107
127
222
249
276
216
145
69
345
347
283
129
247
292
226
271
117
98
223
307
178
62
319
252
252
253
178
329
12
156
180
328
206
215
167
329
136
51
123
151
341
117
229
77
238
3
280
198
12
339
89
13
46
13
38
243
299
138
190
171
318
213
146
116
200
158
25
173
228
8
238
341
263
110
127
304
27
74
304
281
204
264
121
176
258
320
114
274
154
93
248
321
215
253
8
315
75
162
222
95
297
340
231
8
135
136
298
57
114
178
51
63
82
206
304
62
326
315
156
253
270
263
47
234
339
224
8
78
36
221
321
192
178
205
275
181
162
41
212
167
344
192
121
154
258
212
142
201
145
11
201
46
192
128
278
321
265
11
256
184
232
293
335
130
290
347
212
347
305
338
13
103
221
3
284
23
281
102
170
188
332
164
173
173
340
346
230
208
35
338
346
234
332
205
316
322
190
93
63
282
223
70
65
322
184
187
268
166
246
169
16
70
203
141
206
332
61
59
175
347
348
94
46
54
160
36
200
109
32
103
57
16
202
186
79
52
40
17
169
344
23
284
160
344
332
14
185
192
155
271
14
113
280
226
111
104
236
65
259
315
22
176
155
113
318
286
339
144
207
135
288
284
272
8
258
305
272
110
154
65
346
113
90
6
111
175
292
3
70
326
113
335
56
157
226
122
196
268
9
306
199
157
54
266
349
332
346
166
316
111
259
181
228
33
91
63
340
152
68
340
188
39
4
266
18
108
117
163
29
172
196
134
54
44
238
9
279
313
307
131
73
337
172
238
311
78
332
13
202
95
221
327
278
131
68
146
299
54
340
164
212
235
0
0
13
46
150
64
347
228
66
275
325
327
207
171
20
167
321
6
115
21
3
47
275
171
211
129
193
267
190
144
63
66
271
182
163
83
271
130
252
181
1
129
245
310
78
178
236
153
112
211
279
202
220
74
327
224
11
221
239
311
150
339
54
128
344
36
349
320
283
38
278
155
54
19
260
279
285
322
175
78
345
160
42
234
181
198
142
172
221
227
59
4
33
41
33
121
207
202
130
169
60
205
1
126
345
76
38
42
325
293
156
48
202
67
174
39
102
137
345
265
342
149
264
99
215
72
207
202
29
136
297
215
121
182
310
186
321
35
349
9
101
232
128
291
281
264
118
204
138
274
147
95
348
44
53
326
66
80
81
88
95
273
75
59
187
28
338
126
176
160
102
49
187
290
333
153
139
239
267
302
214
124
40
256
6
132
278
70
76
260
145
79
184
285
349
118
15
228
300
79
156
5
70
325
8
74
305
270
152
56
259
348
164
147
252
40
124
325
249
186
328
346
230
107
273
175
228
333
67
226
129
336
191
27
140
280
20
301
131
338
59
186
342
51
243
313
266
17
197
69
76
310
312
94
310
207
301
346
275
127
45
31
3
283
5
176
242
80
214
74
325
311
152
59
0
214
304
162
180
308
246
317
230
49
261
55
261
236
63
281
289
262
259
186
173
174
221
330
261
306
283
93
17
233
293
314
322
122
186
46
191
47
130
12
348
27
23
162
105
289
228
314
148
60
0
233
118
194
122
160
225
295
131
0
225
6
207
303
61
190
186
72
78
262
229
303
0
207
120
105
116
63
8
299
214
306
21
280
89
233
349
67
316
128
262
229
209
315
56
258
218
336
39
47
244
89
201
83
5
240
29
301
27
334
102
210
44
132
302
83
15
260
176
343
313
151
149
98
137
106
331
244
59
251
308
174
53
242
243
72
219
161
252
236
264
119
85
219
49
194
318
0
142
250
146
89
48
198
5
101
34
130
116
318
85
9
313
177
55
36
284
12
244
211
343
223
198
334
107
107
177
176
204
73
234
47
346
290
3
99
268
209
317
266
204
87
32
301
328
160
167
274
324
243
222
129
101
56
178
301
67
54
54
27
73
161
93
126
121
268
98
178
136
321
89
185
216
60
328
274
345
271
64
95
296
98
207
290
184
96
289
182
216
86
208
330
180
262
343
125
52
191
218
253
99
76
126
207
3
161
22
27
184
288
19
279
127
117
67
323
68
216
330
153
85
264
137
306
323
137
12
188
102
234
105
321
76
236
208
118
340
245
226
256
30
299
195
186
340
191
257
99
336
178
62
78
31
328
207
43
188
222
147
45
245
1
62
93
60
282
195
331
30
26
266
343
85
218
178
288
18
49
163
90
88
301
82
158
218
41
82
60
222
300
125
174
106
261
334
148
83
191
308
239
104
340
341
245
166
21
134
97
147
275
264
345
103
37
37
296
163
54
285
223
0
230
235
93
334
49
113
287
223
110
266
223
274
224
82
118
174
320
137
201
97
152
117
333
224
118
264
298
150
109
25
320
313
0
285
221
311
309
98
17
97
60
280
165
143
38
146
345
331
158
264
198
7
280
300
149
30
108
338
146
101
68
290
346
174
84
215
205
109
36
36
204
219
268
222
259
39
349
51
21
78
233
41
89
64
215
135
51
274
283
33
298
77
165
98
97
335
318
326
102
268
223
246
346
263
47
141
62
302
345
274
33
325
310
244
58
98
248
63
206
29
58
166
110
283
310
284
180
77
341
236
260
153
0
31
54
341
42
164
61
110
292
258
163
308
160
145
259
290
51
340
115
49
112
131
260
151
204
101
253
144
332
91
221
2
102
340
219
89
22
99
100
35
77
46
160
211
43
293
16
186
171
246
334
294
30
38
202
122
8
329
0
0
129
145
20
60
187
5
20
338
340
329
29
180
111
266
345
342
9
150
10
186
214
234
47
175
141
128
174
129
12
58
131
221
289
231
278
208
191
280
217
17
79
195
250
240
207
18
141
20
70
133
49
223
65
137
335
233
129
105
264
109
172
35
186
331
137
234
204
22
106
160
103
146
106
277
30
217
214
336
314
314
259
269
52
14
302
278
178
225
204
36
54
267
125
4
334
27
282
177
8
334
207
68
176
292
233
0
178
22
189
281
105
105
170
213
54
30
284
287
122
314
306
342
218
331
176
107
287
344
35
161
123
239
180
252
213
171
277
54
274
216
106
208
213
81
3
122
284
23
232
106
213
129
60
23
278
50
345
253
256
344
106
343
195
238
67
278
335
92
259
325
277
290
117
148
178
48
89
108
199
121
234
233
314
143
110
183
73
272
152
263
318
344
18
343
344
54
81
117
123
218
62
342
71
200
134
310
201
241
261
236
208
313
177
82
73
264
277
154
129
208
343
310
63
254
252
299
294
339
254
47
310
258
18
132
13
288
106
228
4
58
13
34
48
318
213
306
105
108
4
341
169
125
106
271
252
37
182
108
67
68
334
107
204
63
39
87
323
37
161
112
177
47
117
101
340
67
4
86
187
225
313
93
99
143
42
128
8
215
274
113
152
174
70
56
277
330
231
144
325
171
19
31
125
131
60
237
52
277
204
316
283
36
147
177
134
32
341
143
324
88
264
324
133
334
107
21
41
277
133
101
341
15
143
343
199
0
28
139
31
285
78
274
153
288
28
307
121
330
15
123
277
206
275
161
107
173
89
196
284
208
43
138
213
208
313
245
166
118
214
329
48
36
127
236
159
323
154
194
102
103
214
89
320
19
327
348
4
118
301
111
132
244
166
258
255
298
331
252
347
100
100
265
155
177
314
286
35
39
161
218
179
286
70
7
175
292
200
52
23
206
83
59
46
8
103
327
36
168
178
327
146
191
296
84
332
255
300
344
253
148
180
40
31
87
213
95
114
339
61
317
301
298
178
82
349
313
169
13
124
11
81
305
317
219
335
23
178
29
335
155
13
341
245
269
19
294
82
290
21
247
26
300
130
145
196
340
291
25
146
11
291
118
149
36
314
169
129
41
301
253
325
118
268
333
4
319
323
203
212
44
175
269
267
93
215
6
96
278
66
21
34
205
198
297
226
181
195
43
186
145
11
293
157
347
208
0
121
204
147
15
183
214
51
235
257
107
340
314
196
9
189
84
33
208
171
54
230
2
19
119
198
261
71
145
88
175
136
229
284
151
191
81
44
9
301
340
189
83
230
221
343
15
33
192
38
146
177
58
278
216
221
325
269
81
143
15
236
287
230
40
157
10
251
315
177
253
143
238
287
97
199
187
190
325
237
84
11
232
37
275
228
274
349
43
339
299
253
142
293
82
113
185
123
66
341
187
329
172
48
226
292
338
23
90
149
151
11
172
39
237
217
251
199
10
76
226
117
203
33
253
251
250
7
108
312
208
72
204
220
29
38
26
330
92
216
39
241
333
84
187
203
185
99
338
237
314
208
321
241
285
315
40
191
148
46
128
23
159
242
134
311
132
90
182
5
198
5
177
88
343
237
21
235
162
280
71
260
177
233
309
153
311
121
313
346
66
36
340
109
349
82
250
343
184
212
140
348
99
0
250
319
107
20
154
208
154
164
120
142
292
299
171
169
344
337
18
197
45
102
57
26
82
150
216
182
143
318
61
3
60
340
92
194
172
60
227
20
102
117
249
311
98
32
273
284
140
267
275
308
69
239
286
25
59
136
289
201
53
8
42
335
342
191
82
312
248
235
132
154
169
266
281
281
324
320
172
142
323
335
131
249
292
319
104
35
96
260
92
15
310
291
236
62
5
208
240
8
236
56
311
194
51
284
154
57
272
42
263
131
254
156
224
330
166
347
212
29
65
281
113
163
180
280
105
83
96
59
290
16
274
105
88
247
312
172
206
201
171
215
333
51
3
247
163
85
345
342
51
71
267
172
260
250
32
113
48
280
121
333
296
36
79
50
203
190
245
210
25
331
104
209
284
263
316
201
58
312
336
133
190
154
291
86
169
163
101
221
212
131
255
85
106
291
199
220
335
55
309
12
114
255
232
219
323
22
191
237
267
189
38
133
322
182
245
116
268
291
324
129
122
321
95
174
49
164
172
231
93
309
104
11
274
141
298
78
171
178
197
51
110
61
215
153
92
54
36
250
85
344
304
245
130
283
191
336
157
215
178
280
281
315
102
157
66
254
313
151
274
39
34
190
268
27
85
285
50
181
120
65
309
307
345
115
176
345
299
237
343
349
182
190
65
102
106
67
313
52
67
241
115
305
141
230
342
120
117
298
348
27
11
121
316
334
212
248
58
150
16
154
309
12
206
205
213
213
268
255
173
256
322
334
309
248
134
13
241
32
55
309
27
336
239
204
322
300
239
63
224
340
239
313
139
11
90
55
231
150
38
256
334
1
234
300
138
74
18
28
225
288
38
207
347
117
151
208
243
55
146
258
212
258
125
348
31
93
67
330
26
141
67
270
305
142
170
108
180
79
218
213
84
342
94
96
67
97
200
134
349
299
29
152
195
106
45
27
212
67
140
243
25
138
152
36
199
302
66
309
301
331
161
66
146
34
253
161
259
52
14
225
336
94
342
195
302
197
333
185
218
272
199
245
136
333
74
258
193
30
242
194
299
164
208
21
280
96
155
341
332
204
152
181
183
158
274
343
128
138
110
160
34
1
224
60
125
221
168
300
297
295
151
121
110
172
277
85
144
205
1
88
258
324
1
167
349
246
218
205
264
330
142
34
179
21
163
55
230
167
34
344
71
100
85
94
196
224
258
49
88
195
175
231
189
309
7
46
118
282
139
296
138
1
20
101
142
282
339
235
234
212
274
305
231
34
79
278
225
348
94
186
161
170
18
119
323
17
315
236
65
238
153
92
31
254
127
11
161
5
257
21
215
235
196
295
286
97
71
12
146
146
76
330
345
146
175
321
145
181
7
201
69
78
285
298
127
154
348
35
327
267
243
326
188
154
201
125
308
277
347
249
2
321
324
243
98
336
283
242
91
97
307
277
141
281
315
5
248
268
288
74
55
227
156
347
20
277
324
146
331
177
25
82
54
89
159
145
217
135
230
327
99
349
189
208
90
332
195
341
174
117
89
294
153
35
335
330
236
35
68
338
348
13
95
289
112
65
229
7
20
189
22
138
236
298
65
349
107
197
206
35
95
18
250
341
208
95
229
184
62
108
195
71
257
179
9
341
206
125
218
285
99
246
258
131
98
305
131
254
237
344
25
58
263
230
110
237
78
323
7
33
68
324
206
257
60
9
221
127
252
195
182
225
288
99
162
253
334
53
255
71
70
158
240
183
195
49
174
261
299
19
256
84
147
99
255
49
344
166
57
208
33
71
277
23
181
221
6
270
204
317
200
235
130
156
240
193
316
138
40
1
334
288
349
191
336
311
158
281
86
236
156
319
95
6
152
6
18
269
179
155
60
322
341
177
72
153
3
74
131
244
208
14
144
345
329
260
285
269
40
163
113
295
324
110
167
107
226
292
325
89
280
0
276
271
142
301
56
150
107
223
324
181
32
193
325
326
58
346
205
97
180
205
310
82
294
10
341
326
306
47
220
185
28
222
79
163
131
279
342
182
224
283
54
321
218
205
302
232
335
188
18
43
188
242
136
106
172
143
136
231
178
57
215
180
22
319
238
12
50
269
264
348
338
345
77
48
310
47
89
99
310
287
54
215
293
54
45
249
112
106
220
289
188
311
239
14
67
113
251
48
231
289
186
252
271
163
174
38
320
145
344
299
44
38
22
94
252
125
331
118
10
324
169
120
82
204
339
347
16
18
235
41
331
347
227
182
50
12
186
14
83
106
169
94
298
151
94
200
346
255
45
76
262
323
323
259
346
134
173
218
168
203
253
62
281
247
68
259
34
12
258
295
21
344
10
82
83
216
27
73
170
221
204
296
134
161
62
349
66
205
246
209
160
241
209
84
264
97
226
146
188
150
205
225
340
277
106
320
16
203
62
295
275
106
35
264
282
131
309
289
136
186
12
163
242
117
128
119
249
232
240
101
17
300
39
272
145
313
118
9
1
77
273
312
45
242
70
95
285
63
228
14
241
151
79
210
54
269
52
259
221
35
132
109
53
258
57
19
234
5
148
312
281
118
149
136
121
255
343
104
283
112
133
349
216
81
88
264
51
314
254
312
63
41
62
28
304
150
232
300
325
300
216
309
211
346
191
270
178
268
278
285
172
81
0
222
53
72
163
173
159
50
259
106
18
29
143
107
256
285
168
51
208
230
325
256
60
341
72
174
85
239
273
307
230
269
335
302
184
264
221
106
234
50
174
165
288
304
281
78
325
68
20
47
331
207
67
145
110
342
254
72
136
9
45
140
344
252
142
234
309
34
64
220
54
38
65
91
320
210
184
207
282
252
84
128
18
253
6
292
38
317
252
54
74
323
284
279
289
32
62
84
51
244
274
29
95
31
256
257
49
72
51
23
166
196
81
236
303
41
291
154
223
97
265
56
125
274
159
52
16
169
217
92
8
235
72
275
313
41
224
108
316
266
295
344
76
129
194
254
76
229
48
23
324
287
55
258
194
119
272
340
305
176
101
305
342
40
169
94
270
78
147
314
223
195
173
6
291
228
165
76
171
205
60
75
2
45
50
63
81
183
252
98
335
174
197
302
238
93
32
15
253
174
202
180
97
11
7
194
125
314
183
232
346
252
80
68
302
2
4
176
330
54
190
215
116
110
193
278
60
105
216
327
105
63
171
23
47
349
151
167
321
76
75
191
52
79
202
341
28
318
57
214
256
119
330
198
75
95
172
72
207
151
207
102
257
19
35
78
152
54
115
173
154
252
165
267
205
259
136
349
47
102
258
107
33
44
36
114
267
195
306
180
349
287
165
129
56
321
335
4
167
255
233
210
20
235
233
232
235
153
249
150
175
4
321
321
99
279
142
134
159
335
5
72
40
242
286
81
170
261
199
174
103
212
242
212
0
203
38
320
77
1
99
210
207
29
211
255
244
17
341
269
17
320
307
290
242
323
44
33
299
273
188
343
267
174
33
310
188
211
178
138
341
53
115
132
84
270
124
79
323
280
90
193
135
81
44
152
347
320
52
174
121
22
8
298
195
339
11
197
238
205
205
181
327
8
343
273
33
333
316
318
71
151
173
24
39
207
315
29
124
207
290
9
120
2
153
84
324
40
97
299
187
151
349
317
117
10
117
188
235
86
71
59
50
94
341
326
73
20
271
20
173
33
201
275
298
187
165
18
19
183
113
237
214
180
218
344
144
178
306
291
271
259
328
86
150
71
233
77
321
180
14
326
145
312
162
158
264
165
343
210
337
2
181
114
188
315
103
343
80
290
50
120
29
258
225
230
279
76
102
104
108
124
76
241
93
51
241
139
322
255
56
346
216
279
290
315
15
270
7
180
343
50
136
211
195
135
258
114
349
321
280
271
259
142
313
15
95
279
230
289
220
95
17
342
303
108
232
86
52
202
167
185
164
99
38
27
94
336
14
31
313
18
202
288
289
128
297
148
347
88
147
225
26
112
95
63
199
120
343
238
87
206
3
203
86
70
55
186
23
271
80
3
289
166
52
291
48
203
147
259
36
23
47
271
303
87
162
252
95
92
55
190
144
283
205
70
62
229
69
279
53
90
314
184
87
78
24
62
32
60
297
224
335
213
294
323
278
213
77
293
46
134
322
195
263
31
298
75
48
345
82
206
75
270
279
255
257
126
103
2
96
194
2
228
15
94
195
313
284
54
203
117
270
171
230
88
319
289
49
228
77
245
117
199
20
174
162
165
143
2
154
36
178
89
227
217
209
217
325
255
231
118
337
53
201
295
284
304
119
64
221
245
319
105
3
106
161
108
203
349
62
99
25
236
121
134
335
77
96
277
36
199
281
195
145
82
14
137
59
86
159
4
252
267
27
141
118
42
97
56
68
329
18
225
171
261
303
18
117
187
6
68
76
348
106
323
206
160
300
284
166
303
261
173
152
162
194
261
227
165
154
284
34
293
51
212
55
349
342
269
227
31
255
334
153
180
44
236
319
168
95
242
140
32
32
42
39
44
221
326
349
89
263
188
216
134
247
233
290
151
257
88
277
227
100
303
308
89
141
335
214
63
189
76
139
346
51
264
32
197
82
286
71
70
327
323
47
274
89
342
299
315
321
274
178
221
1
188
88
179
64
261
198
7
0
252
298
4
116
280
286
6
223
218
52
243
311
241
60
331
280
338
331
326
124
276
327
26
4
52
5
260
204
10
151
109
183
349
22
277
78
196
132
112
59
327
207
66
188
196
217
277
157
87
225
42
166
325
217
83
59
157
138
174
142
117
224
165
92
153
341
85
28
94
259
71
164
116
64
198
24
243
42
121
37
148
141
148
52
5
147
117
109
124
64
36
300
134
117
213
63
185
314
95
134
228
296
103
336
116
208
70
228
314
174
174
292
158
74
171
82
56
83
252
213
122
132
86
38
268
78
313
218
42
323
116
213
134
177
170
148
245
12
185
48
84
198
0
4
250
131
275
19
277
345
235
258
250
4
179
239
231
174
129
309
295
222
14
329
268
310
321
78
297
289
325
283
298
46
341
130
85
24
228
245
205
114
65
339
2
51
335
150
345
289
34
57
248
60
302
169
22
3
103
74
82
95
234
313
164
162
68
264
52
176
284
198
49
134
52
111
48
264
34
235
214
38
218
170
334
51
155
111
290
346
161
83
119
41
161
52
229
192
25
322
263
26
0
291
178
204
220
314
71
162
322
136
97
94
74
27
27
262
147
188
120
25
172
162
94
162
86
29
147
218
107
96
87
82
82
154
29
286
86
231
29
123
45
294
171
226
27
224
101
192
239
192
159
273
226
346
318
12
146
7
324
35
288
246
286
252
348
38
21
42
19
274
84
294
310
327
82
220
138
285
259
219
322
274
117
205
235
237
45
265
250
109
9
305
239
234
162
40
347
293
211
45
206
232
134
170
276
52
302
288
305
201
28
185
206
172
72
79
276
192
345
213
349
69
348
259
178
96
114
215
345
310
95
319
90
225
61
113
75
196
234
300
105
180
47
348
58
228
117
13
98
93
166
185
201
347
16
53
264
278
226
239
50
247
229
9
333
108
5
27
187
90
234
319
266
287
103
43
76
170
303
275
342
258
36
278
59
299
1
246
298
89
206
309
2
79
85
75
335
123
84
41
310
286
5
228
333
339
220
241
25
323
319
101
81
336
310
344
75
299
315
103
298
146
48
307
316
183
330
101
184
196
227
344
28
190
53
174
84
86
282
285
159
319
85
30
216
99
282
19
104
248
145
254
306
276
225
50
241
3
187
344
187
87
223
306
206
309
133
25
89
135
37
275
144
197
309
194
338
212
339
271
112
349
131
225
73
86
135
276
93
122
275
321
63
231
72
264
299
129
238
269
135
250
204
256
82
302
204
198
12
34
346
184
310
347
178
258
348
28
236
133
53
86
69
168
319
117
3
302
173
54
159
221
35
59
337
302
71
54
257
104
305
299
278
319
343
346
226
269
279
218
336
232
297
206
236
276
346
106
84
71
223
340
173
126
69
146
236
143
279
134
231
84
29
38
85
18
27
156
57
76
272
165
82
17
135
343
166
153
29
235
257
256
162
225
317
102
91
75
67
71
192
340
83
195
86
71
142
325
112
307
24
222
133
91
133
187
255
6
81
206
112
55
254
199
253
167
224
257
286
67
96
132
337
157
297
159
38
336
79
130
41
237
156
250
328
241
211
130
143
162
316
178
226
6
96
27
178
260
178
36
294
262
187
152
158
329
243
166
286
282
153
179
172
257
232
306
246
159
172
71
121
79
204
3
319
300
33
38
316
153
349
135
134
115
248
38
167
95
134
208
181
185
293
293
83
155
41
204
294
328
258
164
127
182
26
27
191
38
340
136
71
53
209
46
4
238
94
175
109
163
280
211
185
9
95
95
118
154
315
235
306
267
32
167
43
18
145
81
285
340
291
182
307
12
184
255
92
135
279
330
104
117
144
327
291
339
175
237
144
266
345
160
214
70
85
241
316
135
17
338
106
291
135
294
188
135
118
55
82
243
17
102
334
298
191
211
186
46
286
16
104
230
132
279
327
324
105
343
64
82
132
275
236
77
166
75
32
343
41
252
270
206
261
243
257
114
272
349
299
135
324
165
124
262
317
68
332
59
298
187
9
129
299
139
247
191
290
91
176
117
190
52
188
273
307
64
186
19
172
146
84
308
308
27
231
232
289
260
103
141
3
91
61
274
223
93
262
170
142
104
74
117
257
276
50
104
114
227
162
238
137
47
21
299
110
273
11
199
344
289
234
43
261
169
319
110
162
337
295
260
310
307
71
130
278
10
255
345
236
211
310
178
347
162
214
91
25
232
299
117
128
128
131
74
134
230
91
145
310
67
285
241
44
229
11
93
297
209
128
245
48
126
232
46
183
7
213
146
229
324
287
324
47
331
171
208
107
337
44
161
105
4
226
303
281
281
81
85
123
0
