-62.30528662
-62.37871537
-61.75549012
-61.99367925
-61.97211563
-61.77084038
-62.602995
-62.29155413
-62.39592938
-61.83828787
-62.11000013
-62.6263005
-61.44393638
-61.28691975
-62.51223562
-61.81720088
-63.02742225
-61.69551
-62.53980375
-61.45831613
-61.86568087
-62.15043412
-61.1821545
-61.52146312
-62.24708288
-62.10973912
-61.6653015
-62.79426187
-61.78686788
-61.81879088
-61.70622225
-62.68371112
-62.23307775
-61.61255438
-61.64474288
-62.00740688
-62.27673262
-60.769032
-62.12436787
-61.33014413
-61.44660713
-62.26467563
-61.49698462
-61.58485125
-61.5063795
-61.54182
-61.57727513
-62.04392137
-61.80907725
-61.6304235
-61.36835962
-61.675338
-62.53660237
-60.58109025
-61.94460863
-61.632774
-62.7478515
-61.26395363
-61.95185437
-61.79708738
-61.80922275
-61.32576487
-62.09751563
-61.29078113
-62.05880775
-62.2525785
-61.91555662
-61.58494125
-62.36040375
-61.7211855
-61.98667837
-60.91216575
-61.655799
-61.29427575
-62.53429725
-61.27296038
-62.56032375
-61.61716688
-61.83952125
-62.56254938
-61.78116488
-62.34340463
-61.5020715
-61.225188
-61.25209875
-62.27147438
-62.89730363
-61.89844163
-62.182896
-62.46435
-62.05597538
-61.48788263
-61.33797225
-62.15865937
-61.92931912
-61.47281663
-61.0171125
-61.88539125
-61.93597275
-61.63781288
-61.36325925
-60.94101225
-60.84393562
-61.9918575
-62.22593437
-61.3947765
-61.99080187
-61.58409263
-61.3677345
-61.758393
-62.72237737
-60.96298125
-61.39145475
-61.676418
-62.23407562
-62.72640525
-61.918536
-62.361459
-62.4008355
-61.4653545
-61.9815645
-62.03492925
-62.0074815
-61.695174
-62.36841075
-62.2715235
-62.6000565
-61.235361
-61.9219125
-62.83029562
-61.7840235
-62.14257563
-61.45983113
-61.65823987
-61.44180787
-61.42476638
-61.13861025
-62.85867412
-62.96386275
-61.68485925
-61.56113212
-61.44228563
-61.26811275
-62.05157475
-61.61493862
-61.27572637
-61.280952
-61.23785213
-61.96055475
-62.60058488
-61.40379937
-61.34915025
-61.72619175
-61.3855605
-61.76326162
-61.390155
-62.39489062
-62.27503013
-61.77905925
-62.095593
-61.54926075
-61.91725538
-61.14744
-61.70861962
-61.55458463
-62.54255663
-62.11283475
-61.45208138
-61.72045312
-61.43751037
-61.50382688
-62.39088675
-62.92343212
-62.4007125
-61.82688413
-61.98745238
-61.74186675
-62.93669137
-61.15323525
-61.36631325
-62.26729312
-62.28196987
-62.53022925
-62.259156
-61.65755213
-61.53321975
-61.883325
-62.273184
-61.9314885
-61.59836513
-62.30426588
-61.49557088
-61.719129
-62.0993085
-61.5892065
-62.53792312
-62.11454513
-62.319327
-62.76338625
-61.39707375
-61.71234187
-61.73849812
-62.47422225
-62.21549475
-61.7482935
-61.91325188
-62.37203063
-60.86039025
-62.178321
-62.01814425
-61.78004025
-61.447386
-61.70485988
-61.442913
-62.03323425
-61.34362125
-61.86181725
-61.17884513
-61.2180945
-61.85775638
-61.30063988
-61.440237
-62.96436938
-61.1029125
-61.8194175
-61.67344612
-61.985478
-61.10503575
-62.0704935
-61.947168
-61.7952525
-61.58660438
-61.6210665
-61.85000737
-62.2697655
-62.28259537
-62.19852
-61.82322525
-61.89644775
-60.93930825
-62.0133525
-61.75937513
-61.21378725
-62.31589237
-62.10053363
-61.26964125
-62.46024075
-61.387785
-61.6668825
-61.77800663
-62.15988338
-62.17131562
-62.13434812
-61.29579638
-62.21158837
-61.67482275
-61.96678125
-62.0949975
-61.7709795
-61.71102375
-61.05616875
-61.6723875
-61.39779675
-62.56237125
-62.31860625
-61.58746463
-61.46209763
-62.11910363
-62.007186
-62.05003425
-61.1744955
-62.06176425
-60.678567
-61.831386
-61.796517
-61.15470975
-62.1649875
-61.53548437
-60.99149925
-61.32929662
-61.54469625
-61.61027513
-62.10175763
-61.71197625
-61.74184163
-61.92962475
-61.64382337
-61.98852188
-61.84240763
-61.02384262
-61.56105075
-61.65605062
-62.67701625
-62.326221
-61.89996375
-62.07839175
-61.88311387
-62.41488638
-61.95830025
-62.68739325
-62.49050513
-61.76889038
-61.682808
-61.44105525
-61.345842
-61.91866313
-62.94917513
-61.0161615
-61.42442437
-61.61727825
-61.95252263
-61.82057663
-62.0328945
-61.96556925
-62.59157288
-61.13499525
-62.177709
-62.43624488
-61.34316825
-61.90767075
-61.42826737
-62.10915225
-61.93692712
-62.36128237
-62.44096313
-62.4292365
-61.83942262
-62.066322
-61.5933945
-61.16463188
-62.26025362
-60.91339688
-61.64203425
-61.288584
-61.71229237
-61.45797525
-61.84174575
-62.2948665
-61.54436475
-61.77149625
-61.5303525
-61.53834563
-62.49202762
-62.63535563
-61.81477762
-61.15541925
-61.29891188
-62.19207263
-61.55625338
-60.542526
-62.22485363
-61.33257263
-61.39421737
-62.616144
-62.47742925
-62.01804788
-61.62853125
-61.928766
-61.91895413
-62.9791905
-61.65400875
-62.372319
-61.72022625
-62.35728862
-62.20624912
-62.9549445
-62.58434288
-62.155698
-61.73055825
-61.9876305
-62.79427725
-61.78914412
-62.48345738
-61.89980062
-61.20267563
-61.86652575
-62.23960463
-61.97992763
-61.51385625
-62.273091
-61.86904912
-61.53892575
-62.15789925
-61.80909825
-61.4832345
-62.49794288
-61.98827025
-61.17739575
-62.33566612
-61.14673687
-61.98286125
-62.0608635
-61.61020275
-61.43439075
-61.89247425
-61.07922225
-60.79763062
-62.10648112
-61.6559445
-62.45950163
-62.07181875
-61.30249387
-61.88419125
-61.2617145
-61.96434975
-60.87341025
-62.82730912
-61.71523837
-61.64874
-61.74160538
-61.8409215
-60.90438562
-62.07131437
-62.08050938
-62.13850613
-61.24339687
-62.22369187
-61.66131825
-61.41886088
-61.82033587
-60.802323
-61.3269525
-61.41549975
-61.23194063
-62.2861815
-61.70912925
-62.21251425
-61.5924765
-61.09043662
-62.44964062
-62.2221765
-62.10831113
-61.5567675
-62.58030113
-61.23351337
-61.3695975
-62.00180362
-61.6195995
-61.99001887
-62.19427762
-61.42699238
-61.07155687
-61.85968538
-61.80043575
-62.4058365
-62.76231112
-61.71208988
-62.29767525
-61.71643088
-61.62006788
-61.59872475
-61.69656563
-61.87470638
-61.12545975
-61.02815663
-61.7331585
-62.34506475
-62.34274687
-62.16077587
-62.56830413
-61.53673163
-61.51540013
-61.9100055
-62.220222
-62.2302765
-62.58419775
-62.09293238
-61.27437337
-62.0662425
-62.18100487
-60.93700463
-61.57742213
-62.77452075
-62.05217925
-62.04954825
-61.31271375
-61.68294037
-62.35600388
-61.02696563
-60.66285938
-60.89400863
-62.17137375
-62.75961637
-62.04635588
-62.79393675
-60.90844912
-61.83595387
-62.488689
-61.1296965
-61.66244437
-61.21206337
-61.22699288
-61.94149837
-61.64918625
-62.44075612
-61.26345788
-62.108667
-62.02841963
-61.38003113
-61.893174
-62.55087263
-62.32489837
-60.79186162
-61.73836087
-60.65438363
-62.14173375
-62.58747712
-61.57438425
-61.82318175
-63.226506
-61.40433112
-61.72088587
-61.9738095
-62.20252275
-63.246948
-61.34717138
-61.98411975
-62.04116025
-61.47084675
-63.19817888
-62.14821487
-62.19186825
-61.82860763
-60.86076562
-61.59732562
-61.51445437
-62.55155325
-62.29969275
-61.44485062
-62.09391862
-62.345583
-61.90273087
-62.023413
-62.18499525
-62.37038812
-60.05393175
-61.980234
-61.61447513
-62.13393413
-61.74699487
-61.99354012
-62.40939862
-61.77127763
-61.866321
-62.388942
-62.24310488
-61.51271437
-61.51857038
-60.962289
-62.2634115
-61.39828238
-61.30840575
-62.87289712
-62.37788137
-61.94442337
-61.65620325
-62.36894363
-62.13781538
-62.25039713
-62.06754525
-61.45895363
-61.16192812
-61.30349625
-61.38272625
-61.85772225
-61.32183825
-62.36681212
-62.29922212
-61.51079587
-60.73593675
-62.02365562
-61.810134
-61.15016175
-61.0801935
-61.41145763
-60.89189213
-61.2862155
-61.75540425
-62.00656575
-61.1014605
-62.178345
-61.64601487
-62.54252325
-61.79903887
-62.3003295
-63.253011
-62.05982437
-62.76357263
-61.587219
-61.62553762
-61.23349725
-61.98576862
-62.18802113
-61.74850762
-61.82328225
-62.10051525
-61.400868
-61.677597
-61.44332775
-61.36529887
-62.07722925
-61.81565363
-61.70999475
-61.46183175
-62.571795
-61.88325338
-61.73594475
-61.81778138
-62.24293125
-61.4493045
-61.55880187
-62.81464463
-61.34914838
-61.56626813
-61.91994862
-62.26822612
-61.91425612
-62.32202512
-62.16074212
-61.53825075
-62.15063063
-62.63265262
-61.24727475
-62.21828213
-61.85590988
-61.88687288
-61.35554175
-61.69565775
-61.1364315
-61.34768438
-61.6579395
-62.40415275
-62.33016938
-62.01291187
-61.7921085
-61.33832625
-62.1542415
-61.58392238
-62.31809212
-62.44145963
-61.70718675
-62.274816
-62.05140675
-62.0577675
-61.47092925
-62.79542737
-60.84367275
-61.1688135
-62.76931575
-62.78951587
-62.00342025
-61.856187
-61.675326
-62.35631775
-62.47939838
-61.50487238
-61.70936363
-61.76147887
-61.54401338
-61.67917088
-61.4994555
-61.92068812
-61.68293813
-61.94714175
-61.75450763
-61.292382
-61.30023975
-60.91160063
-62.06416275
-62.91947025
-62.33476913
-61.89048975
-62.34521475
-61.53470437
-61.44677625
-62.10345975
-62.0518395
-62.100285
-62.106558
-61.77308025
-61.8332595
-62.14756537
-61.75677037
-62.5010265
-61.2479235
-61.73536012
-62.0656485
-61.126317
-61.8309645
-61.77214838
-61.82173725
-61.67185538
-61.45794337
-61.46379975
-62.9401875
-61.20606562
-61.97250675
-62.15717288
-61.70293987
-62.4193665
-60.90864675
-60.99708675
-62.02662562
-62.41515862
-61.86704812
-61.18489275
-62.0042925
-61.98086062
-62.38487475
-61.78055025
-61.74460537
-61.92486638
-61.37542688
-61.55544038
-61.73197687
-61.530498
-62.27387775
-61.73712862
-61.70398313
-61.69607512
-61.35299663
-61.408011
-61.79540662
-62.19101025
-61.61309925
-61.7829525
-61.48585912
-61.67790788
-61.34264438
-61.75136138
-62.10973013
-61.725927
-62.25170962
-62.05445588
-61.96624313
-61.42572938
-61.77650962
-61.86342113
-61.93731112
-62.1950205
-62.0841645
-62.23418325
-62.2764735
-61.66488563
-60.87832425
-61.95041737
-61.25964788
-62.09988262
-61.96269525
-61.978677
-61.1491875
-61.683
-61.653039
-60.58953375
-60.42908287
-61.92052162
-61.158774
-61.01960625
-61.3829745
-62.7491505
-61.71288488
-62.84325375
-62.08985925
-62.50936875
-62.38822238
-62.346378
-62.09172113
-61.83994575
-61.99782188
-62.0354595
-62.0933895
-61.75998075
-61.3875825
-61.532679
-61.65119288
-61.23445125
-60.67629825
-61.65134625
-61.68548925
-63.07641112
-62.22275587
-60.867417
-61.85002238
-61.25779387
-61.19818762
-61.11542213
-61.5071655
-61.67897025
-61.93881075
-62.43781425
-61.72402088
-61.79099025
-61.68856275
-61.89135262
-61.687869
-62.40340538
-61.78067362
-61.69793512
-61.93260712
-61.7163
-61.42782975
-61.437075
-61.141632
-61.9276635
-60.72596625
-62.04618525
-61.4146935
-62.09549812
-61.40743275
-61.71804075
-60.838731
-61.41752925
-62.01221662
-61.64341612
-62.696922
-61.37192625
-61.34480813
-62.59774837
-61.82596612
-61.948329
-61.5834885
-62.26249388
-62.24879175
-62.33979638
-61.3747035
-61.84209638
-61.77942412
-62.68251037
-62.87079525
-62.724708
-61.42740112
-61.68130012
-61.516512
-61.760652
-61.30696013
-61.608264
-62.45560875
-62.272773
-61.78714687
-62.473566
-62.75135063
-61.475634
-61.80620438
-61.47680512
-62.41988513
-62.14401975
-62.13009937
-61.2934215
-60.92961638
-62.7097035
-62.47764375
-61.79743612
-61.64329725
-61.93855463
-62.32495762
-61.22912663
-61.12600162
-62.30025225
-62.5274115
-61.77030787
-61.92141863
-62.06465325
-62.04521325
-61.653255
-62.14611
-62.01711375
-62.7571635
-62.347284
-62.61771263
-61.6821555
-60.89461463
-61.36872863
-61.7726355
-61.91863462
-61.49128238
-62.7779175
-61.44616388
-61.91098125
-62.55218063
-62.5855935
-62.357742
-61.28509275
-61.45310888
-61.49146988
-62.9458695
-60.99844575
-62.07597825
-61.11922538
-61.58240812
-61.76170687
-61.38311813
-61.589793
-61.87363837
-61.955862
-61.90628175
-61.97039888
-61.71648638
-61.734255
-62.31701025
-62.02032375
-62.63392162
-62.17209975
-62.15993925
-62.03887125
-62.4454755
-62.23931663
-62.33031
-61.37304113
-61.80118838
-61.82261475
-61.81907175
-61.62287813
-61.86149513
-62.00809163
-62.02934737
-62.03329237
-61.52618625
-62.85884062
-63.09056288
-61.46162888
-61.58565562
-62.406291
-62.73657563
-61.52841525
-61.13906025
-63.10366087
-61.48514737
-62.15852963
-61.79267025
-61.83570638
-62.749752
-61.64964712
-61.2555
-61.36487212
-61.67878913
-61.3559205
-63.11626125
-62.17411462
-61.88385675
-61.7446185
-61.7513115
-62.44504725
-61.73864663
-61.79324063
-61.28437425
-61.87232213
-61.69474312
-61.64535262
-62.45107387
-61.63293413
-61.81034288
-62.22697725
-62.07749587
-62.72423138
-61.2681555
-61.3898295
-61.66133887
-61.87836525
-62.054364
-61.99122525
-62.3265015
-61.42597425
-62.06116425
-61.6649295
-61.37736487
-61.84184925
-61.837185
-61.2126855
-61.66952813
-61.87020225
-62.32107862
-61.41128587
-61.58265263
-61.47344138
-61.71951825
-60.96290775
-61.40156325
-61.83922875
-61.53835462
-61.40180963
-62.01262612
-61.27197488
-61.45406288
-62.2775835
-61.87263375
-62.73528525
-61.7716875
-62.12502825
-63.23069287
-61.54368262
-61.76762887
-62.029959
-61.5733155
-61.31950238
-63.21645488
-61.45662375
-62.02492425
-61.90491563
-62.16774075
-62.3995065
-61.73163
-61.75397663
-62.07844425
-62.042769
-62.49016163
-62.11039875
-62.12150587
-60.85752038
-62.06082787
-61.77315338
-61.63455712
-62.163006
-62.1424455
-63.07574213
-61.80364912
-62.17736063
-62.4169155
-62.0580315
-62.39605275
-62.31909
-61.95944925
-61.43514037
-62.24221387
-61.86328988
-62.5454985
-62.02599337
-60.99045413
-61.8888135
-62.1946395
-62.43211013
-62.34914362
-61.83822712
-62.06192325
-61.18054538
-61.57661925
-62.011947
-61.42407675
-61.32400725
-61.34225662
-62.839233
-61.7359935
-61.51950075
-61.88683088
-61.95425025
-61.173231
-61.42235587
-61.88777025
-61.43729137
-62.1679515
-61.63650075
-62.1931875
-61.63076437
-62.33139975
-61.6819545
-61.233084
-62.00750063
-62.0216985
-61.648842
-61.9063785
-61.96219612
-62.2937505
-61.85157262
-62.47005337
-62.53436963
-61.17001275
-62.09512463
-62.04476963
-62.3484705
-61.688976
-62.45288663
-61.48928362
-62.09089913
-62.22377438
-60.9197475
-63.21270375
-61.228647
-61.4900115
-61.70503275
-61.68646612
-61.15840762
-61.35724238
-61.906185
-62.37591825
-62.5861905
-61.5921105
-61.25590838
-60.98882738
-62.097681
-63.114108
-61.79206537
-61.55573475
-61.42920225
-62.00208225
-61.353819
-61.57928738
-61.87098975
-60.9112575
-61.05856988
-62.87558887
-61.7504475
-61.89132075
-62.66467162
-61.2993645
-62.36338313
-61.58071912
-61.59989438
-60.70046175
-61.9871355
-60.85161825
-61.32139012
-61.59664312
-62.33619563
-61.61691337
-61.32687562
-62.3478285
-62.99026238
-60.77419312
-62.06195663
-61.9249725
-62.07126675
-61.52292525
-62.10054487
-61.663626
-62.1770385
-60.95069325
-61.26917475
-62.26834538
-62.34014213
-62.20459237
-61.61351813
-62.130786
-61.38299063
-61.73688937
-61.78093387
-62.03985413
-61.42133138
-60.99049387
-62.64754013
-62.01635025
-62.830707
-61.89367687
-61.84313437
-62.09371162
-62.51168138
-61.58101613
-62.37514238
-61.55610562
-61.05250913
-61.39930988
-62.15917613
-62.47015725
-62.31057637
-61.56064012
-62.07204488
-61.68805125
-61.01857875
-61.44038175
-61.80681563
-61.87797038
-61.4889
-62.07904913
-61.75855762
-61.83945188
-62.05786913
-62.40582562
-61.85432475
-61.47294675
-62.40664762
-62.28079425
-61.92815775
-62.03162025
-61.33126725
-62.959818
-61.9556865
-62.32434038
-61.64298637
-61.71786487
-61.28416275
-62.15875125
-62.09342925
-62.17122413
-61.82672475
-63.06866775
-61.4265345
-61.71674588
-62.36117625
-61.24337925
-62.12976862
-61.63175888
-62.07038062
-61.58264362
-61.6796745
-61.83843412
-60.997005
-61.80657263
-62.22878363
-61.67780513
-61.85119275
-61.99976662
-61.84968787
-61.57650563
-61.70703075
-62.699796
-61.82981437
-61.2018735
-61.04188313
-62.833299
-61.3604535
-61.39578262
-61.50965025
-61.4718345
-62.049642
-62.61754238
-61.1270625
-61.462158
-61.89048562
-61.541148
-61.06948312
-62.0217495
-61.7997495
-61.95067162
-61.43695238
-62.11028775
-61.7575005
-62.29088738
-62.22459638
-62.00193525
-61.71307087
-61.44087675
-61.8258915
-61.30872825
-62.43707625
-61.44055988
-60.8743635
-62.09919
-61.51750313
-61.80911513
-61.70053463
-62.03933325
-61.3800165
-62.20078537
-62.21607
-61.37263312
-61.57021538
-62.58932625
-61.1591325
-61.87561612
-61.99160362
-61.429488
-61.53368588
-61.984545
-62.04148612
-62.45959313
-61.336185
-62.07758175
-62.11835025
-62.28616462
-61.61118413
-62.002539
-61.63975987
-61.85621025
-61.30203863
-61.8691725
-61.32036188
-61.513542
-61.31696475
-61.90073438
-61.161699
-61.76583187
-62.230734
-60.815976
-61.804395
-61.36903912
-62.43055125
-62.36921962
-62.55500025
-61.90377
-61.885137
-61.447623
-62.30976338
-63.14310787
-61.34460862
-61.68129337
-62.8890375
-60.81425588
-61.86282975
-61.1932275
-62.02053525
-61.24925062
-61.25822437
-61.66534125
-61.3922505
-61.12315425
-61.35487425
-61.74879038
-61.79493338
-61.4097285
-61.262292
-62.56445025
-62.305995
-62.26866037
-61.91943
-62.25189113
-62.12051475
-62.48857425
-61.548309
-62.1363135
-61.75745062
-62.286306
-61.33061063
-61.9355595
-61.91231438
-61.73884125
-61.458861
-62.63505863
-61.87776375
-62.46009938
-61.61810287
-62.55073125
-62.76072562
-62.90807475
-62.03312363
-62.00557313
-61.686243
-62.35857225
-62.1448815
-62.35144425
-61.80966862
-61.70973488
-61.84847137
-62.02694288
-62.2410795
-62.20264425
-61.6998225
-61.47424988
-62.12173575
-62.48112412
-61.13824988
-61.91123137
-62.623929
-61.90068525
-61.36587112
-62.16181087
-61.67879512
-61.37716425
-61.77457688
-62.34231937
-61.9508775
-62.31629812
-61.17319912
-61.7951295
-61.24669012
-61.52668575
-61.44378487
-62.45973788
-60.97638975
-62.448459
-62.184945
-61.26074362
-61.82886712
-61.126944
-61.49956462
-61.72576238
-61.69370663
-62.16855075
-61.37756325
-60.834723
-62.85800213
-62.51088075
-61.95685275
-62.22871275
-61.588086
-62.34649538
-62.38370362
-61.851999
-61.559244
-62.17512525
-61.66488825
-62.06234888
-62.16339562
-62.47934475
-61.35895913
-61.54476638
-61.02829725
-62.3950815
-61.16057212
-61.70265637
-61.38259687
-61.72919588
-61.20905587
-62.4206295
-62.58337612
-62.85325425
-62.3811015
-60.82190662
-61.92766313
-62.40392062
-61.289472
-62.78496638
-61.89511163
-62.443842
-62.65456275
-62.21451188
-61.6348995
-62.47099613
-61.98697987
-61.58131875
-62.04673013
-60.99254925
-61.06662563
-62.4197265
-62.2567365
-62.55140475
-60.93298912
-62.04292088
-62.34731025
-62.55202612
-62.046492
-60.918444
-62.40898987
-62.13492225
-61.601424
-62.10000075
-62.06860575
-61.88052788
-61.83301575
-62.8434945
-61.95880125
-61.4199885
-62.4648015
-62.80826813
-61.54509075
-62.449821
-62.22781613
-62.0366895
-61.34332237
-62.39527163
-61.355334
-62.09616563
-60.8499915
-61.124517
-61.73125612
-61.886862
-61.98309375
-61.88021362
-61.233348
-61.00880775
-61.68843975
-61.60686375
-61.88616337
-62.25072412
-62.68726763
-61.83062175
-61.48635525
-61.6345095
-61.71916275
-61.83991575
-61.81557712
-61.468821
-61.65070575
-61.72589887
-61.15585163
-60.66288713
-61.597827
-62.028705
-62.90708925
-61.63859137
-62.49315375
-62.738445
-61.73290612
-61.79702362
-61.93581
-61.95619313
-60.8059665
-62.17832587
-61.5501795
-60.884898
-61.12944075
-62.3358075
-60.91884375
-62.2602315
-61.15030425
-62.49217612
-61.71427538
-61.57286812
-61.75626112
-61.214652
-62.52211162
-62.40082575
-61.98911063
-62.29537912
-61.38818587
-62.1407955
-61.67268338
-60.22998637
-62.27939063
-62.56389488
-62.297676
-62.39708437
-61.25235787
-61.14942262
-62.11789688
-62.89000838
-61.868916
-62.43832913
-62.47181138
-61.97756437
-62.144808
-61.87795388
-61.7632575
-62.28272362
-61.2548355
-61.79924362
-62.44242675
-62.3519295
-62.84207475
-62.29575863
-63.0705315
-62.13956962
-61.04100412
-61.73981813
-62.179527
-61.4943375
-62.2346565
-61.57951313
-62.63186663
-62.17805625
-61.384185
-61.00881712
-62.26792687
-61.66783163
-62.24021513
-61.46371462
-61.48695825
-61.03172437
-61.94264888
-61.57870275
-61.75329525
-61.31725688
-62.43636825
-61.916106
-61.76988487
-61.956015
-62.09262075
-61.84094175
-62.31202613
-61.5435705
-61.35692288
-61.44592987
-62.74997212
-62.793219
-61.99221225
-61.99767862
-61.94782838
-60.935706
-61.87811925
-62.46130613
-61.939071
-61.11202988
-62.52330638
-62.90784487
-61.06858575
-62.04608587
-62.5810335
-61.63091963
-60.54854287
-62.01854025
-62.52875775
-62.128581
-62.471226
-61.83024375
-62.45877825
-61.552116
-61.79485837
-62.43809925
-61.7000415
-60.18939488
-61.48175062
-60.58865738
-61.89735037
-61.051413
-61.76152987
-62.00044163
-61.07496337
-60.790356
-61.79585213
-61.70139488
-61.54525462
-62.09896425
-61.74096
-61.72044262
-62.2407525
-61.56986288
-60.84511987
-62.1613845
-61.59450862
-62.69755875
-61.37694713
-61.41539475
-62.02355625
-61.65212213
-61.303863
-62.31017175
-61.7075535
-62.90636138
-61.930035
-61.7393115
-61.94146275
-62.47640175
-61.30218413
-60.64113487
-61.62471375
-62.27236013
-61.96434863
-63.02073037
-61.73110163
-61.7165475
-61.35961387
-62.23861312
-60.69813675
-62.2402215
-60.91303388
-61.7585925
-61.11326063
-62.0823585
-62.78870437
-62.1212925
-62.60265412
-62.39508038
-62.70251138
-62.15670375
-61.29131213
-61.67110913
-62.34108187
-61.48914712
-61.40415488
-62.38447387
-62.17686637
-61.16263838
-62.30517338
-61.27180463
-61.39793062
-62.54430037
-62.50259663
-62.01652838
-59.89060312
-62.45285775
-61.97626387
-61.597089
-61.65167588
-61.63326525
-61.56692813
-62.2691385
-61.949439
-60.790596
-61.86024975
-62.24837962
-60.79525387
-61.95651412
-61.61148225
-62.34724163
-62.06169112
-62.70698025
-62.23428525
-61.42177163
-62.13364575
-61.3864095
-62.07105412
-61.7505825
-61.65048262
-61.96195387
-62.33428575
-61.7190435
-62.175324
-62.360709
-61.43578725
-61.357452
-61.77777375
-60.70696688
-62.04324112
-61.93356
-61.53168413
-61.9462935
-62.3058645
-62.217663
-61.43961788
-61.22716388
-62.07920888
-61.31810025
-61.60461638
-61.89291938
-61.688763
-61.57059975
-61.86328125
-61.5800775
-61.64723138
-61.606917
-61.69869112
-62.1123015
-61.68369637
-62.35561613
-62.1840015
-61.45524675
-62.331618
-61.93235888
-61.94527612
-62.25872775
-61.82389537
-62.21186587
-61.93065375
-62.410557
-61.99796587
-61.71202688
-61.1241345
-61.654842
-61.78044375
-61.70282175
-61.5020865
-60.89690062
-63.31248262
-61.71716813
-61.59960375
-63.7000515
-61.638393
-61.89811125
-61.98657863
-61.89959887
-61.00911262
-61.95861562
-60.53311875
-62.25207412
-61.9485765
-62.27014313
-61.86352163
-62.30821688
-61.33372575
-62.72518087
-61.54378538
-61.87242975
-60.08127638
-62.42078475
-61.61749425
-61.63062038
-62.256903
-61.8746865
-61.86779138
-63.01353825
-61.53329025
-61.27213612
-61.50596775
-62.520051
-61.56458925
-61.32137737
-62.15020612
-62.55342712
-60.94695488
-62.12181862
-62.5591995
-62.342394
-61.49495212
-61.95623138
-61.51635637
-62.33483325
-62.49714337
-62.11835175
-60.82889663
-61.89081562
-62.05295738
-62.0656035
-60.841206
-61.58342137
-62.3713125
-62.254566
-61.32591075
-62.92367812
-61.839927
-61.64825138
-62.305044
-61.52475187
-61.88607187
-61.28857575
-62.1388395
-62.22215962
-61.26882713
-62.507193
-62.395566
-61.61559638
-61.67567025
-62.25528
-61.40633475
-61.65698437
-61.15141237
-61.44778425
-62.37876037
-60.95886975
-61.78034175
-62.0765865
-61.41755887
-61.72953638
-61.97103675
-61.55383425
-61.31155763
-61.97645588
-61.77757162
-61.06465838
-61.85701125
-60.91430475
-62.12180663
-61.07653313
-62.32184363
-61.499013
-61.21643512
-61.628937
-62.72251012
-61.29034837
-61.95769763
-62.14364138
-61.69022887
-61.8843465
-62.00689838
-62.62625775
-62.36935275
-62.15638613
-62.88968812
-62.29410225
-61.54505813
-62.27809313
-63.48557475
-62.55024975
-62.74973663
-61.58414587
-61.416147
-61.3887495
-62.5810965
-63.25608263
-62.36464275
-62.5050225
-61.89750412
-61.2445395
-61.79317838
-61.92959362
-61.41035287
-61.6918725
-61.91671763
-61.73399738
-61.04192362
-62.71793662
-61.97178975
-61.77357413
-61.26795562
-62.48334712
-61.43378588
-61.83837413
-61.14134475
-61.8007275
-62.46141
-62.8242195
-62.33928638
-61.305771
-61.9270755
-62.351127
-60.78084712
-62.09618888
-60.91876237
-62.03195175
-62.22195
-62.03009175
-61.39527863
-61.28098275
-62.48389275
-60.86147587
-61.6186485
-61.14354975
-60.887571
-61.6609215
-62.39311087
-62.2172025
-61.12393687
-61.548135
-62.58584625
-61.9424445
-61.78208325
-62.33600287
-61.37757262
-61.77860175
-61.62375188
-61.89327037
-61.71137362
-61.41515325
-60.5033085
-62.33229675
-61.89606412
-61.947486
-61.70385113
-62.157453
-61.56016688
-61.701312
-62.30129175
-61.48077375
-62.216565
-62.25522938
-62.19420038
-61.63192687
-62.228145
-61.61843663
-61.47198825
-61.62407325
-60.85141162
-61.03906087
-61.71873675
-62.09423325
-61.43396925
-61.42865325
-61.899501
-62.11017262
-61.35992363
-61.36782487
-60.3394125
-61.39035675
-62.536395
-61.672095
-61.60691512
-60.8697765
-61.43206687
-61.71131775
-60.81087937
-61.56738675
-62.65644337
-63.6704685
-61.2509535
-61.26866587
-60.877878
-61.46433113
-60.7994385
-62.53014262
-62.14957762
-61.00916812
-62.26969875
-61.99439962
-61.69076813
-61.91945212
-62.3185035
-62.193591
-62.21707838
-61.55443163
-61.9777215
-61.90032638
-62.04192113
-61.46149912
-62.4359745
-62.25531675
-61.88130375
-62.46973462
-62.29292587
-62.306259
-61.7714745
-61.58311388
-61.58315663
-61.3164735
-61.92803438
-61.78693613
-61.98266513
-61.93028625
-60.62619337
-62.07819375
-62.05681913
-61.58416538
-62.14525088
-61.61243325
-62.31774
-62.03780363
-61.50673463
-61.998645
-61.72929487
-61.59014963
-61.76658075
-61.72185412
-62.6410455
-62.50400212
-62.41248225
-61.87593113
-61.589835
-61.47889687
-61.81435688
-61.6197435
-62.66732813
-61.9181175
-61.33869338
-62.461095
-61.55655525
-61.35445238
-62.13958312
-62.1355215
-62.86197825
-61.29123637
-62.32534725
-61.5246255
-62.566752
-62.120547
-61.24405275
-61.4861355
-61.64777513
-61.30835888
-61.25862188
-61.782762
-61.562529
-61.68034425
-61.80440962
-61.95530925
-60.67622475
-62.460498
-62.5109865
-61.69377263
-61.02762563
-62.89397212
-61.49944913
-61.9029675
-62.40279525
-61.65443663
-61.31779912
-61.23382838
-61.376532
-61.98982837
-61.78490925
-61.88467688
-62.07517763
-61.63484588
-62.40594975
-62.0030265
-61.7329425
-61.415916
-60.54982987
-61.04439825
-61.12682662
-60.95470575
-62.4606735
-62.24059875
-61.35933187
-60.5846385
-62.12698612
-62.36128575
-61.64228475
-61.81336575
-61.64245725
-61.18374413
-61.74733125
-62.05240762
-61.58262525
-62.58064275
-61.86040538
-61.7816265
-61.27885575
-62.81603775
-62.21718487
-60.73771762
-62.3132535
-61.99340062
-61.80595388
-62.47022888
-61.32940087
-62.25737175
-61.2241875
-62.35878
-62.43556275
-62.610039
-62.20663087
-61.90020937
-62.790324
-61.82493113
-62.71759163
-61.12590263
-61.53373237
-61.98044437
-62.0352615
-62.02565625
-61.46235113
-60.98707237
-61.22607937
-62.01175237
-62.05008563
-62.2927815
-62.3214615
-61.14169537
-61.65263062
-61.47634987
-62.30667638
-60.73864462
-61.70082675
-61.520592
-62.20485525
-61.45254525
-61.53440438
-62.028678
-61.877328
-62.29069688
-61.94978062
-62.81743162
-60.93265012
-62.11653037
-61.29005213
-61.333101
-62.47331625
-62.03628825
-62.15604825
-61.63817812
-62.88761212
-62.29156012
-61.22535975
-61.756017
-62.72950913
-62.39382975
-61.46612813
-61.58174063
-61.74262875
-62.4122295
-61.53322387
-62.45952187
-62.03731987
-62.1817185
-61.43662162
-61.44024075
-61.44339413
-62.21932388
-61.52653238
-62.0810235
-62.32605488
-61.51342537
-62.27753175
-61.199568
-61.975635
-62.54069887
-61.28328975
-61.83931388
-61.392114
-61.400367
-62.32591613
-61.165566
-61.53558562
-61.010553
-61.8203175
-62.361441
-61.10562188
-62.80927163
-61.074012
-61.92514688
-61.99337513
-61.87995375
-62.29606575
-62.590272
-62.22458362
-61.53459188
-61.18414988
-62.19572775
-61.22769225
-61.33590562
-61.81490737
-62.42925863
-61.46405738
-61.608684
-61.0626045
-61.345134
-62.23979362
-61.880112
-61.88053912
-61.790682
-62.7770835
-61.09109212
-61.98050738
-61.16624062
-61.56637613
-62.26144087
-61.39139775
-62.25842962
-62.7093675
-61.92906562
-61.46666025
-61.720338
-61.813677
-61.2481905
-61.5747225
-61.698831
-62.04564975
-62.04481838
-61.08351038
-62.16272063
-61.18922625
-62.9073495
-62.20457137
-61.96577587
-61.66168725
-62.13085313
-61.24114162
-61.90408538
-62.05526363
-62.27095425
-61.6643415
-61.73531437
-61.19757525
-61.8216375
-62.25729263
-61.89533325
-62.31256313
-62.22830063
-62.194662
-62.1096705
-61.973331
-62.38307175
-62.04369337
-62.89835888
-62.2510815
-62.31915675
-62.35645387
-62.39047275
-62.50861987
-61.39897725
-62.03586637
-61.83863663
-61.37902687
-61.94283112
-62.0652825
-61.06937475
-62.09944462
-62.35349362
-62.37918825
-61.11918975
-61.44767888
-61.37821763
-61.639281
-61.5901155
-61.34816137
-61.31526263
-61.01702813
-62.365035
-62.05580925
-62.64822375
-61.46394225
-61.6802025
-61.68730125
-62.06377463
-61.2019875
-62.64331425
-61.8845445
-60.95644012
-61.58224612
-61.97606287
-62.14709025
-60.736695
-61.77725738
-61.39084275
-61.59556987
-62.33061038
-60.96094238
-60.804999
-62.42592413
-62.520381
-61.208538
-61.64169788
-62.43314625
-61.57806713
-62.44192463
-61.6824195
-61.84066537
-61.06652625
-61.212786
-62.06851238
-61.42937475
-61.73742225
-60.9654405
-62.16084375
-61.78598062
-62.46672337
-61.81212037
-61.82829412
-62.26070812
-62.25831675
-62.55958275
-61.70263162
-61.99486425
-62.27982525
-61.08513038
-62.06154038
-61.70650913
-62.567316
-61.37350275
-62.00831963
-62.22154575
-61.36550888
-61.3297905
-61.70370637
-62.232483
-61.18384312
-61.8397275
-61.67002125
-62.13045187
-62.64399
-61.79596162
-61.86410587
-61.61977387
-62.24196
-60.9863595
-61.923822
-62.25148575
-61.46013262
-61.75622025
-62.17885687
-61.64835525
-61.79320838
-61.45850288
-62.19441937
-61.8845355
-61.16227613
-62.22969825
-60.76107075
-61.51284713
-61.93261537
-60.95377725
-61.574694
-62.18582662
-61.79204738
-61.2887565
-62.5505175
-62.139786
-61.59875025
-61.33193587
-61.32433838
-62.1294405
-62.34179662
-61.48475663
-61.69137337
-62.56625813
-60.89933625
-61.55557575
-62.31650175
-61.31028113
-62.21052863
-62.08837125
-61.59106725
-62.28847988
-62.4216165
-61.017714
-61.66556475
-62.1443655
-62.428377
-61.71393337
-61.52985263
-62.41475512
-61.99391437
-62.57926688
-63.136509
-61.88443875
-62.02970438
-62.12131313
-62.27116313
-61.70078025
-62.00957588
-61.68363
-62.24642475
-62.78232675
-61.60065488
-62.44589062
-63.20157037
-61.16427037
-62.844417
-60.73756463
-61.482927
-62.02209675
-61.33083263
-60.8876175
-61.87402238
-60.956727
-61.831965
-60.87485438
-61.5688845
-61.783995
-61.66866487
-61.71526575
-61.89309787
-61.82156325
-61.38180038
-61.80755925
-61.24248
-61.82800163
-61.64681287
-61.32750975
-62.345538
-61.36661737
-61.47663412
-60.94647638
-61.58635912
-61.78269488
-62.60364525
-62.493939
-63.01852162
-61.47038438
-61.71070425
-62.1926925
-61.54416
-61.41310087
-62.31103275
-62.52024225
-62.60906887
-61.33758
-61.78216162
-61.55773575
-60.607911
-62.46134775
-62.15068238
-62.55701213
-62.08992488
-61.38271575
-61.33685175
-62.39426775
-61.71193275
-62.15327212
-61.21656525
-62.191719
-61.73414175
-61.63766812
-62.3930955
-61.74872287
-61.378608
-61.42471013
-60.86285888
-61.07946225
-60.85842375
-61.69987087
-61.81685475
-61.29591337
-61.76076075
-62.45141737
-61.3595805
-61.19290988
-61.53644063
-62.92711125
-61.3591905
-61.019868
-62.5414035
-61.70511262
-62.38875037
-61.79518688
-61.73672138
-62.02437712
-62.569851
-62.158296
-61.89426675
-61.722666
-62.34198675
-61.76099738
-62.18333775
-61.9997535
-61.55612625
-61.71372187
-61.87259587
-62.13288487
-61.97508825
-62.1701025
-62.625747
-61.79597663
-61.4567085
-61.9474395
-62.55510825
-60.862977
-61.49756925
-62.043207
-61.28614087
-62.37210113
-60.75134738
-61.656549
-61.81515975
-62.41697063
-61.90847287
-61.97679112
-62.63581575
-61.71665362
-61.9147905
-61.06296525
-62.94802837
-62.6608245
-62.35678763
-62.2835955
-62.1830385
-61.42399125
-61.50027413
-60.63201525
-61.46566837
-62.5855875
-62.25936113
-62.278875
-61.23554587
-61.95145013
-61.67120437
-61.86034988
-61.62487875
-62.188641
-62.04755475
-62.10557587
-62.10015075
-61.75642988
-61.34721
-61.66177162
-61.18286137
-61.62657712
-61.54938038
-61.530984
-62.14603125
-62.1961815
-62.0079465
-61.56805875
-61.56434325
-61.71567562
-61.83549413
-61.24180125
-61.4301585
-61.65273825
-61.72542525
-62.23917075
-62.03416163
-61.492191
-61.8704565
-61.19243663
-62.26599937
-61.46115187
-60.861477
-61.5627645
-61.94557612
-61.2950805
-61.45057875
-61.3577685
-61.26441337
-60.94310325
-61.42665075
-62.15777663
-61.556859
-61.87469625
-61.561581
-61.977696
-61.71413437
-61.64460675
-62.43870375
-61.98584325
-62.02171388
-62.06124075
-61.65730387
-62.14963463
-61.02954675
-61.55893088
-61.81457588
-61.50855675
-62.00651175
-61.680606
-61.70608088
-61.30617
-62.20723275
-61.51893712
-61.84494113
-61.67078588
-61.75019662
-61.67984887
-61.23108375
-61.75268812
-61.51097962
-61.54026788
-62.35883925
-62.09649563
-61.89324037
-61.58379675
-61.41548362
-61.442016
-62.18138587
-61.04770838
-61.79443837
-62.013732
-62.62628962
-61.90141538
-61.81402725
-61.91576512
-61.54676438
-61.43042063
-62.00266687
-61.55353462
-61.21496775
-62.077458
-62.41028213
-61.1986185
-62.3183325
-60.97545713
-60.705417
-61.964136
-61.41852375
-61.92012975
-61.97814113
-61.84156613
-61.495056
-62.259708
-61.62935662
-62.26198087
-62.12869725
-60.96142013
-62.20254112
-61.49403862
-62.8879275
-62.00933325
-61.325376
-62.58556537
-61.80810375
-61.23410025
-61.63617262
-61.70627625
-62.16416025
-62.71870538
-62.04754538
-62.91537337
-61.48238513
-62.28036412
-62.43628725
-61.85668912
-61.99432762
-61.99577287
-61.442574
-61.55322375
-61.56580763
-61.70268375
-61.63549163
-61.80161962
-61.46727825
-62.97526988
-61.84868025
-61.92983212
-61.44696637
-61.62942187
-62.35279237
-62.24673187
-62.17002413
-62.79592463
-61.56495187
-61.73362875
-62.29311675
-61.5909045
-62.39048812
-61.83897225
-61.76943525
-61.67686838
-62.24053462
-61.7663595
-62.23792275
-62.67932887
-62.30318925
-62.2835505
-62.75662763
-62.40594112
-61.048578
-61.88703188
-61.094643
-61.66513913
-61.96823813
-62.45695125
-62.47197338
-61.78382325
-61.65227775
-62.252373
-61.75791675
-62.30883187
-61.16913788
-61.47528675
-62.9376345
-62.370144
-61.84545788
-61.5034515
-61.23283538
-61.4138295
-62.0497485
-61.83082875
-61.642203
-61.18245638
-62.60001263
-61.54062038
-61.90086263
-61.61688338
-62.29362188
-62.25271612
-61.59846825
-62.00356988
-61.62671513
-62.043972
-62.98108162
-61.91035612
-61.61783025
-62.05276837
-61.68929813
-61.87729388
-61.63591012
-61.87804688
-61.9474305
-61.44991763
-62.447253
-61.82533388
-61.4142975
-62.30829675
-62.39200087
-62.50175737
-62.48976638
-61.26516413
-61.66388887
-62.43359925
-62.01922162
-61.52575613
-62.490489
-61.03861837
-62.46464663
-61.43165175
-61.45767675
-61.6292595
-62.0126685
-62.26671863
-61.2469035
-61.48832175
-61.86249712
-61.51145437
-61.64190938
-62.9299755
-61.24756087
-61.63122375
-61.637322
-61.54369575
-62.51551913
-61.360284
-61.90328438
-61.44724275
-61.07495175
-62.843811
-61.17611025
-61.49074762
-61.37312025
-62.40880725
-61.71539925
-61.88307187
-60.82165875
-61.53936337
-61.902621
-61.6523655
-60.7505925
-62.07232725
-61.76476425
-61.56612525
-62.07723038
-61.32222712
-61.61939213
-62.67577838
-61.98038062
-61.53757163
-61.71561525
-61.89042675
-61.8658695
-61.42038525
-62.42019375
-61.94285137
-62.01120862
-62.01175125
-61.64297625
-61.14436913
-61.78384125
-61.6306485
-62.59447725
-61.33365675
-62.41315912
-62.14121362
-62.07455925
-62.2535385
-62.49107325
-61.80919163
-61.66392937
-61.56667575
-61.84243275
-62.54729437
-62.18431313
-62.00065988
-61.61258925
-62.405904
-61.48388663
-61.57364063
-61.2772035
-62.32203338
-62.39157787
-61.96960125
-62.01937538
-61.4514855
-62.3662515
-61.33438838
-61.85038237
-62.24316975
-62.557353
-62.56409663
-61.94931112
-61.90059075
-62.46530663
-62.35554487
-61.92021338
-62.23163287
-62.16414263
-62.43508313
-61.49233463
-61.672182
-62.10762975
-61.45237162
-61.39373438
-61.34289788
-61.47218813
-61.94279587
-61.31303362
-62.174358
-62.00040713
-62.87264737
-61.8049215
-60.97163325
-62.19221437
-62.42031337
-61.5760755
-62.28524625
-61.54310925
-62.272089
-61.74308812
-61.85360963
-61.88426963
-62.10837525
-61.68252787
-60.96381225
-61.25339475
-62.27190113
-62.07828375
-61.43293987
-61.36923075
-62.26334025
-63.31774988
-61.0729815
-62.23918688
-60.97088925
-62.663961
-61.86773925
-62.711067
-61.66434825
-62.44688625
-61.78256662
-60.58027013
-61.08733125
-61.74395063
-61.84145175
-61.90141725
-61.72081275
-62.55196387
-61.32192862
-61.16935725
-62.41647637
-61.95566513
-61.53914925
-61.61006137
-62.2794375
-62.172543
-62.41550512
-62.09158913
-61.61573438
-61.6466055
-61.87355775
-61.40840213
-61.27125675
-62.39932313
-61.4031495
-61.69893225
-61.21440975
-61.558554
-62.8408995
-61.65066675
-61.96397587
-62.5866435
-61.27927237
-62.15032575
-60.65729625
-62.36644837
-61.3988895
-62.87153588
-61.78957388
-61.37547938
-61.89339262
-61.87160287
-62.0761245
-61.76490375
-61.12418138
-61.96250325
-62.48732888
-62.237847
-61.96219125
-62.706324
-63.20967075
-62.01527775
-62.00274712
-61.929384
-61.87903762
-61.99899863
-61.95701025
-62.52270375
-62.1241155
-61.82618437
-62.32036275
-62.74417087
-61.15416563
-62.57840663
-61.98307725
-61.3582305
-62.10006
-60.96835425
-62.34866588
-61.97104425
-61.538538
-62.41310663
-61.62574912
-61.63273688
-61.72541287
-61.12248188
-61.80480787
-62.04810375
-61.31651662
-62.00493375
-61.82858887
-61.49444288
-61.87374525
-62.14415025
-62.07076763
-61.58870063
-61.70694488
-62.272548
-62.09411213
-61.68426488
-61.38691688
-62.08634475
-62.007522
-61.8077925
-61.46226675
-62.05701675
-62.37666675
-61.67441062
-61.4672505
-61.70812913
-61.66876725
-61.66092262
-61.34242838
-61.39726387
-62.40919387
-62.0838735
-61.22639925
-62.80957162
-61.80968887
-61.33539638
-62.46727238
-61.47173513
-62.95908412
-62.82214425
-60.7169325
-61.58033513
-62.07180563
-62.23673775
-61.94436112
-60.321726
-62.45304487
-61.92828112
-61.70699512
-61.68716475
-61.39317188
-61.88032275
-61.76906587
-62.36121
-62.5529925
-61.78673925
-62.876148
-62.11591387
-61.50647438
-61.73872087
-62.51632087
-61.87984988
-62.88025238
-62.280012
-60.63877613
-62.03045775
-61.30684087
-61.59545887
-61.8785445
-62.10913425
-62.0905695
-61.6390095
-61.17301988
-62.42661113
-61.46948925
-62.99295
-61.917972
-61.74645525
-61.65985387
-61.98105112
-62.14548225
-61.26786
-61.10759025
-62.14703663
-60.96275663
-62.36693625
-62.2601565
-61.12756538
-61.21173487
-61.36066688
-60.836751
-62.15180663
-61.57684838
-61.70541412
-61.68099938
-61.66089975
-61.074423
-61.64760263
-61.73968875
-62.43525225
-61.65738975
-61.7005665
-62.21920012
-60.48894975
-61.29378225
-61.17020587
-62.75341163
-61.32115162
-62.39292375
-62.49846338
-61.8550275
-62.4488475
-61.42332263
-62.61670613
-62.30892562
-62.09562713
-61.93822762
-62.001135
-62.33894437
-61.43763862
-61.59497362
-61.50578363
-61.3036485
-62.0136435
-61.55458838
-61.5087555
-61.62698362
-62.66307675
-62.50553287
-61.54680412
-62.048109
-61.108899
-62.56192238
-62.07446588
-62.21272725
-61.4417925
-62.86965113
-61.67346937
-60.62146913
-60.674601
-61.13262787
-61.54247288
-62.17758638
-61.67293162
-63.15980288
-62.49832238
-62.12044275
-60.80497425
-61.0116825
-61.85781113
-61.94341125
-61.27460587
-61.43889637
-61.94183813
-61.29574612
-61.41863662
-62.03313113
-61.75308563
-62.05883625
-61.43081213
-62.21017387
-60.96632137
-61.74550425
-61.78092337
-61.48682588
-61.70285625
-62.24568
-62.66202713
-61.274712
-61.496157
-62.25586088
-61.65493275
-61.46498437
-61.804953
-60.85923075
-61.54071825
-62.53591425
-61.7627895
-62.25426375
-61.9464555
-61.04786775
-61.8383685
-62.01626813
-61.18617825
-61.93091288
-61.72442775
-61.88941987
-61.60249087
-62.11650563
-61.87491262
-61.95272475
-62.2080825
-61.08371287
-61.40048287
-61.5159405
-62.19919875
-61.46000287
-61.89242475
-62.1220815
-62.42369587
-61.951872
-62.56112063
-61.27174087
-61.6141005
-61.6006755
-61.53614325
-61.81954313
-62.27325413
-61.28308988
-62.26951538
-62.26434075
-60.9656955
-61.39437375
-62.49739538
-62.534073
-62.609064
-61.8238965
-61.59034987
-62.12456887
-62.011725
-61.2573165
-62.39040187
-62.2234215
-60.72497887
-62.11139175
-62.75268112
-63.19464713
-62.66678887
-62.02750763
-61.95720638
-60.79069013
-62.17444162
-61.17090675
-61.21942237
-61.8173025
-61.30784138
-61.43442975
-62.25932062
-62.20226588
-61.67305087
-61.452462
-62.13620963
-62.1711795
-62.39524988
-62.44452825
-61.7854425
-62.13218963
-61.857204
-61.41480825
-62.67736912
-62.40351713
-62.3012295
-61.59581513
-61.50814537
-61.74072788
-62.17070175
-61.7858505
-62.158842
-61.920318
-61.80027638
-62.529312
-61.95036375
-61.85745225
-61.62023438
-61.894608
-61.19572688
-61.98432788
-61.745964
-62.42241075
-62.40397125
-62.97674325
-61.38388725
-61.61496675
-61.549803
-61.30566675
-62.1750615
-62.61167588
-61.24019438
-62.619309
-60.94140525
-61.9364445
-61.9197825
-61.89870938
-62.42144513
-62.41367813
-62.17593525
-61.42216237
-61.0519995
-61.94838937
-62.079468
-62.30245388
-61.34413613
-62.44455525
-61.67967337
-61.65613875
-61.69341412
-62.25971775
-61.20676575
-61.24199025
-61.82050987
-61.71961763
-61.39554113
-62.33574825
-61.73018175
-62.51573363
-61.59009075
-62.43010088
-61.24444837
-62.09835375
-62.59544775
-61.78527412
-61.583112
-61.75308825
-62.67312488
-62.08000087
-61.8114255
-60.83657812
-62.69228175
-61.14987337
-61.74682087
-61.6786695
-61.96946963
-62.33359275
-62.04646613
-61.40941237
-61.80897263
-62.2907925
-62.45191838
-62.33254988
-61.9765695
-61.37192137
-61.87116
-62.14990913
-61.29798375
-61.94689725
-61.17941813
-61.78798687
-61.68704475
-62.68583437
-62.15916563
-62.2107465
-62.1614235
-61.61334712
-61.343679
-61.64398725
-61.34246438
-61.36017225
-62.40447863
-61.78593713
-63.1013475
-62.05322325
-61.90969538
-62.14977187
-60.30750337
-61.25771775
-62.07642412
-61.58972437
-61.78190437
-61.13621775
-61.64939137
-62.54415112
-61.19506462
-61.8269085
-61.85114925
-61.73287537
-62.17655213
-61.52779687
-62.28363637
-61.54347787
-61.16448375
-61.96117987
-62.97764213
-61.27396687
-61.85830313
-61.00207087
-62.46064388
-62.52122625
-62.18293987
-61.21236488
-62.4950475
-60.92525362
-61.7071665
-62.38380863
-62.66090887
-62.164821
-61.84549425
-61.44367087
-61.49547788
-62.42153588
-61.46830875
-61.57007738
-61.10843437
-60.926424
-61.34663775
-62.204379
-61.79998612
-61.36491825
-61.68431062
-61.6371585
-62.33836162
-61.502952
-62.66032575
-61.5795675
-61.34567625
-61.78158375
-61.21488
-62.19608587
-62.70149138
-62.56380525
-61.97352413
-61.88980275
-61.09705425
-61.07294663
-61.17715725
-61.92273412
-61.373772
-62.20239225
-62.48307712
-62.52506475
-61.89426637
-60.99819487
-62.40668738
-62.25821362
-61.50858975
-61.10579062
-61.79210175
-61.7108745
-61.84325175
-62.15846625
-62.49980437
-61.60709887
-61.24841588
-61.810152
-62.029254
-62.11179937
-61.51731188
-61.81377
-61.654788
-62.02723013
-61.5703035
-62.05977338
-62.1142635
-61.8741045
-60.93285225
-62.5860165
-62.6048685
-62.2160445
-61.45627575
-61.69084913
-61.52347837
-62.0776875
-62.02578975
-61.62053362
-61.99890413
-62.24940825
-62.13473662
-62.3260635
-60.96441675
-62.4087195
-61.64883562
-60.8459535
-62.7054345
-61.93686338
-61.60860263
-61.43067
-62.081598
-61.01809762
-61.832934
-62.28831075
-62.26700512
-61.32641362
-61.570557
-62.1692835
-61.74173363
-61.99311225
-62.53634587
-62.00077012
-61.2276165
-62.2418355
-60.88649775
-61.84130213
-62.52631013
-61.341405
-60.2083035
-61.696953
-61.69677788
-61.77688688
-61.71952912
-61.50331912
-61.03928588
-61.35230888
-61.53205913
-61.7652
-62.61279263
-61.27126013
-62.5574025
-61.13924813
-61.11117638
-62.33061263
-62.3690565
-61.04633625
-62.12675812
-61.75054725
-62.04929438
-62.05321575
-62.25192638
-61.33506975
-62.00680725
-61.32983775
-61.69139175
-61.16192062
-61.62345562
-62.1928425
-61.64917875
-62.334831
-61.16439825
-61.555254
-61.5343335
-61.54194487
-61.66706512
-62.01674137
-61.61425462
-61.8256245
-62.42165137
-62.71820025
-61.403442
-61.68989325
-61.06462162
-61.34804475
-62.27500313
-62.50033162
-62.70123375
-62.208423
-61.75343963
-60.75941362
-61.88646713
-61.88459625
-61.96823363
-62.88670012
-61.54275113
-62.28450337
-61.50689175
-60.75107812
-61.48034025
-61.34607788
-61.68410212
-62.22269287
-62.6191245
-61.93451925
-62.03993363
-61.68539925
-62.473944
-61.96723725
-61.7764335
-61.64527312
-62.24464312
-62.03091825
-61.15677375
-61.43123588
-63.00713775
-60.90043537
-62.2458165
-62.43536475
-60.95310712
-62.10462263
-62.21417213
-61.4609325
-61.40391525
-61.15922438
-62.05363725
-60.58865813
-61.45410413
-62.37980925
-61.94582137
-61.16511525
-62.06263012
-61.98849113
-61.85007113
-61.90553512
-61.18008862
-62.94455512
-61.68840825
-61.71532537
-61.59538237
-61.75155225
-62.60135588
-61.94689538
-61.92841687
-61.94490413
-61.38210112
-61.22270175
-61.92125625
-61.79213063
-61.869492
-61.15001738
-61.60573762
-61.99048987
-61.56706162
-61.83700425
-62.19046313
-61.91838412
-62.18588025
-62.35861162
-62.55385012
-61.4511945
-61.74846187
-62.09553713
-62.41046925
-61.8825435
-61.81882687
-61.39022738
-62.71910775
-61.2773115
-61.49869313
-62.36529
-61.59493313
-61.13906813
-62.66609137
-61.06477762
-62.92604663
-61.09109475
-61.35251512
-62.25189262
-61.209621
-62.20314338
-62.9062485
-61.46924175
-62.45074538
-61.05872963
-62.13247125
-61.5849075
-61.94485613
-61.44365025
-62.62765163
-61.9694805
-62.02977225
-61.49612963
-61.45738313
-61.97876925
-62.0676255
-61.9415445
-62.04773663
-61.12395487
-62.04727163
-62.35822125
-61.43166938
-61.24082287
-60.87283913
-61.81345687
-61.00615913
-61.34948925
-61.63960462
-61.53467888
-60.88433588
-62.30604075
-61.89915225
-62.95810237
-61.064688
-62.05750913
-61.46202488
-62.0069685
-61.16237363
-61.9368585
-62.34485063
-61.46845687
-61.21704788
-61.60441238
-61.72533488
-61.58883563
-62.000817
-62.61492563
-60.99565013
-61.5040485
-61.52938875
-61.6377975
-62.03958487
-62.52848288
-62.8088055
-61.045806
-61.50010987
-62.83393125
-62.015994
-61.590246
-62.52469125
-61.66768913
-62.68507837
-61.7798055
-62.36974538
-61.49956837
-61.3628775
-62.22644362
-61.17310875
-61.734762
-61.4249385
-62.76538725
-61.883946
-62.74762388
-62.69541675
-61.57101713
-61.79900775
-62.358132
-61.48516688
-61.56707212
-61.27880513
-61.075536
-62.19942187
-62.01367875
-61.63730513
-61.72992975
-61.39281525
-61.48611038
-61.5960975
-62.19598162
-61.686414
-62.01678113
-62.47915463
-62.1055395
-61.2671835
-62.30325938
-61.5284895
-61.98504488
-62.22416475
-61.47440213
-61.91246175
-61.86185625
-63.12114112
-62.03813288
-61.71310688
-61.99165875
-61.7483025
-61.87781775
-61.66441462
-62.90829113
-61.36267687
-62.70156225
-62.01946913
-62.12255362
-61.0865955
-61.8795105
-62.27409637
-61.94144325
-62.12577525
-62.37196987
-61.20463763
-62.303322
-63.030138
-61.742142
-61.87257525
-61.80380025
-61.234647
-62.549661
-61.53320175
-61.11368662
-62.22128663
-61.86738487
-61.70731388
-61.28728237
-60.718986
-62.13360825
-61.824597
-61.33019625
-61.64806275
-60.97457362
-61.59554025
-61.20403237
-61.02098175
-62.089236
-62.2232925
-61.18789575
-61.88652337
-61.80582412
-62.20042313
-62.21009925
-62.1230295
-61.91467388
-61.2154995
-63.05892788
-61.39287262
-61.55106825
-61.6563825
-62.2669065
-62.42686463
-61.4556975
-61.62719437
-62.84179612
-62.09983163
-60.97493588
-61.72380488
-61.66054238
-61.94638613
-61.30010175
-62.765937
-62.0392365
-61.910784
-61.71213788
-61.62764925
-61.74181688
-61.73103488
-60.62877263
-61.28352562
-61.53071625
-62.166843
-62.598936
-62.10548063
-62.247393
-61.63844287
-60.9062505
-61.96497825
-62.40933037
-62.58566212
-62.53927125
-62.15271787
-62.10891113
-62.732046
-61.505733
-61.84478362
-61.017801
-62.45460562
-62.12285437
-62.39348662
-61.532376
-62.593878
-61.86483037
-61.81501313
-61.83294713
-61.69649325
-61.405056
-61.19409787
-62.86937887
-61.6756575
-62.181309
-61.35680962
-61.40705175
-62.66803875
-61.75627912
-61.99238512
-62.61571763
-61.24473675
-61.47647062
-61.90805025
-61.76999325
-62.33468963
-62.36425537
-61.70934638
-61.675158
-62.65366688
-61.25098462
-61.98022575
-61.91384888
-62.45829563
-61.38218287
-61.74642038
-61.92070725
-62.50148475
-61.72021875
-61.07678625
-62.45437838
-61.83468825
-61.56277012
-62.76779738
-61.71997762
-61.56641063
-62.07097875
-61.571481
-62.1886935
-62.09856075
-62.49772312
-61.93147275
-62.81406488
-60.425271
-61.2035235
-62.36510212
-61.36204237
-61.431198
-61.51507388
-61.6634475
-62.08602525
-61.71815212
-61.5355695
-61.72306425
-63.14909325
-62.22855113
-62.02908
-62.059824
-61.70389688
-61.29436725
-62.157675
-61.77714038
-62.04626625
-61.85252138
-61.58882775
-61.8276555
-61.9778625
-61.61139113
-61.39823137
-61.85639775
-61.70258175
-62.20779037
-61.70552588
-61.77449025
-61.491429
-61.8311025
-62.13683138
-61.678725
-61.76819212
-61.75430288
-61.56377025
-61.49596762
-61.5766575
-61.40207363
-62.76611813
-61.89792037
-61.79894475
-61.90471725
-61.7028825
-61.5269505
-61.596291
-62.07815063
-62.54751413
-62.76736013
-62.019231
-62.1461445
-62.00882137
-62.44660237
-61.9895925
-61.26971288
-61.67845125
-61.37841113
-62.52588562
-61.93840762
-61.74473888
-61.95125812
-61.59397087
-62.06091112
-61.8207615
-62.1247995
-61.70849288
-62.37992663
-61.669695
-62.34181425
-61.284036
-61.53726375
-62.80427625
-62.379096
-61.956984
-61.094898
-62.25167812
-62.9514615
-61.00593713
-62.80792762
-61.85895563
-61.50547575
-62.22468338
-61.75655287
-60.99187462
-60.77302087
-61.21789463
-62.3606535
-61.51215713
-61.63388625
-61.35292725
-61.95089025
-62.516361
-62.23669912
-61.99299038
-61.92406312
-62.35198762
-61.25525288
-61.47324713
-62.29631775
-62.30742112
-61.46586413
-62.06550788
-61.82960475
-61.84236525
-61.01739412
-61.4577
-63.08750437
-61.13577075
-61.90780012
-61.93475775
-61.43816738
-61.3168875
-62.59898812
-62.7580575
-62.19279037
-61.52589262
-62.45734575
-62.17150838
-61.72632038
-60.718818
-61.69307175
-62.17290263
-62.2989195
-62.56772138
-61.25777588
-61.58380575
-61.83912412
-61.97288737
-62.67835087
-61.0033305
-61.9191345
-61.76010038
-61.93962788
-61.56640125
-62.64112838
-62.225733
-61.0642275
-62.08896787
-61.63613812
-62.45507213
-61.40695088
-62.45254837
-61.657374
-61.79717438
-61.88571937
-62.29265475
-61.81277175
-61.40561288
-62.05618988
-62.1632745
-62.30006063
-62.19493238
-62.05829625
-62.4128475
-61.67661712
-61.17379875
-61.8971745
-61.71172913
-61.7965215
-62.39878125
-61.98100237
-61.1386245
-61.686735
-61.5533835
-62.283372
-61.99179187
-61.01560538
-62.54788238
-62.06226712
-62.0225355
-61.81933425
-62.07111413
-61.90903013
-62.44536712
-61.77933
-62.13884325
-61.23257437
-62.50037925
-61.9664085
-62.23862062
-62.3794965
-62.42481525
-62.32332488
-61.63716038
-62.21733225
-61.42528613
-61.18363462
-61.20594563
-61.58053425
-61.73028337
-61.98085388
-60.97702163
-61.54546388
-61.83802087
-62.45463488
-61.57647262
-62.12904638
-61.52865188
-61.97473163
-61.20382125
-62.16024113
-61.34803312
-62.13149513
-61.93058512
-61.32894188
-62.19236888
-62.930283
-62.6330205
-62.27496563
-62.4548715
-61.00607775
-61.94292
-61.83792675
-62.08247062
-61.95721087
-61.94481075
-61.65211762
-61.90388813
-61.78198725
-61.5301305
-61.81519613
-61.27741088
-61.14103913
-62.09715488
-62.148924
-61.582443
-62.38427363
-60.79105275
-62.31938363
-61.17292763
-62.21864738
-61.44272062
-61.62481125
-62.04032963
-61.932963
-60.94312013
-61.88557012
-61.1066115
-61.58679488
-61.0251165
-61.97831737
-61.59450075
-62.135391
-62.209836
-62.15914612
-62.19760988
-61.08156187
-59.87761875
-61.30072762
-61.0711185
-61.61954512
-60.67030388
-62.92314825
-61.92325537
-61.57660087
-61.9554315
-62.06023762
-61.313988
-61.608744
-61.73342888
-61.2471525
-61.99340437
-61.29768413
-61.37489738
-61.84738087
-62.3466885
-61.39965412
-61.8983385
-60.75809063
-61.445928
-61.23731887
-62.2291215
-62.01762713
-62.74849275
-62.04089737
-61.823676
-62.17159163
-61.38599513
-61.71340463
-62.2950315
-60.84696
-61.58635987
-61.79094638
-61.90403475
-61.31229862
-62.01594375
-62.14461375
-61.85009325
-61.9135965
-61.70627362
-62.06958337
-62.85969937
-61.87152937
-61.85100825
-63.04275788
-62.325126
-61.85056088
-60.9164805
-61.40615887
-62.53719075
-61.745052
-61.37081363
-62.371107
-61.35942637
-61.638873
-61.67382412
-61.63563825
-62.22537525
-62.14341113
-61.7976315
-61.92253275
-61.53589575
-62.29512487
-62.10677025
-61.2033645
-61.78772138
-62.729514
-62.8535205
-62.02607287
-60.82465462
-61.578378
-61.87140562
-62.43479587
-62.11682925
-61.8836175
-62.00098875
-61.5375255
-61.9109715
-61.15079625
-62.62213913
-62.39593725
-62.18096588
-63.19793663
-62.05920488
-62.04091012
-60.75784538
-61.485978
-61.99737075
-62.02393237
-61.3622175
-62.8123935
-63.03356438
-61.67116388
-60.57032738
-61.75954838
-61.42585913
-62.35371
-61.35193538
-61.67219925
-61.85591512
-62.14714687
-62.35130475
-61.80241462
-60.79331175
-61.76227612
-62.64302738
-61.77205088
-62.27603625
-62.42926987
-61.88390512
-62.41554075
-60.4984215
-61.34780025
-61.8110625
-61.33196812
-62.78296012
-60.889497
-62.559699
-61.471578
-62.91813638
-61.12032863
-61.96443113
-62.41371487
-61.02681788
-61.9270755
-62.205117
-61.79314162
-62.888805
-61.63571475
-61.5726915
-61.45938488
-62.98919587
-62.16385163
-61.31900325
-62.35011713
-62.19102712
-62.487702
-61.68626288
-61.8964095
-61.18304137
-62.16640838
-61.942953
-61.22577863
-61.42013363
-62.8198635
-61.67683537
-61.82293837
-62.423214
-61.76303587
-61.60587
-61.91627738
-61.23580687
-62.18352637
-61.20487125
-61.88073113
-61.44384037
-61.31493338
-62.00706
-62.30095838
-61.71347475
-61.61844713
-61.68829425
-62.08351087
-62.34438
-62.1851325
-61.10951962
-62.54319637
-62.22269437
-62.207442
-61.49174287
-62.56892513
-61.28828812
-62.41656337
-61.2876165
-61.46415788
-62.09473837
-61.61188425
-62.841522
-62.35219387
-62.08460812
-61.73538037
-61.669149
-62.0866035
-63.40737337
-61.97480362
-61.90630875
-62.13610613
-61.12381463
-62.13606937
-63.34872563
-62.50500713
-61.09011563
-61.71528488
-61.43276213
-61.74146738
-61.1071905
-61.84351387
-60.75078413
-61.79113088
-62.60106862
-61.68301575
-61.94327587
-61.1348475
-61.02617062
-61.85550788
-61.9963035
-62.30542013
-62.2092795
-62.45279137
-61.23854137
-61.917411
-61.78528613
-61.98492637
-62.00270625
-62.883747
-61.73984137
-61.56321225
-61.37535863
-61.47993075
-62.63171212
-61.8865365
-62.2011195
-61.8811905
-60.56083238
-62.07588525
-61.76442412
-60.76930575
-62.84178375
-61.33370813
-61.61565637
-62.61245588
-61.30884637
-61.05390562
-61.74961238
-61.706697
-62.107878
-62.57054513
-61.1831475
-61.58530125
-62.17895062
-61.23792188
-61.84800075
-62.06138363
-61.57431487
-62.2724775
-61.890474
-61.6804605
-61.77061312
-61.34197687
-62.35977075
-63.0937155
-61.6222245
-62.48335575
-61.15035263
-61.55715413
-61.90851225
-62.387961
-61.58593875
-61.22366437
-61.48022738
-61.56570938
-61.425954
-62.32172062
-61.57660125
-62.6721525
-62.25315525
-62.55371663
-62.3095005
-61.9750245
-62.68169438
-61.85072325
-62.19798825
-63.08584875
-61.76876325
-61.66620413
-62.2608945
-61.27568812
-61.23080025
-61.33511512
-63.23223263
-63.07572712
-61.58924138
-61.78016925
-61.36271588
-62.03787338
-62.50526363
-62.25325312
-60.8996505
-61.98175462
-60.98639888
-62.0067825
-61.80140738
-62.25322313
-61.12610063
-62.16516525
-62.60566537
-61.3610595
-62.09706675
-62.17979888
-61.65105637
-61.4036745
-62.825643
-61.41311775
-61.372458
-61.85131088
-61.10311088
-61.49836162
-61.76219138
-63.28217025
-62.91919912
-61.60997512
-61.84869488
-61.21688363
-62.23529888
-60.93012
-61.49763937
-62.380068
-61.57951162
-61.783938
-61.13569875
-62.06495063
-62.77681425
-62.27551387
-61.65739538
-62.7744705
-61.45940813
-61.64510587
-61.01572575
-62.17337475
-61.06221075
-61.7277105
-61.269915
-61.28298488
-61.9643085
-61.6869645
-62.42833575
-61.58243438
-62.26878412
-62.28106988
-61.8731385
-61.839936
-62.29925437
-62.24898937
-62.13495375
-62.96128275
-61.33553362
-63.05226787
-61.49673525
-62.03516887
-61.83469725
-61.643871
-61.97317463
-61.25808525
-62.12612587
-61.53457163
-61.27643138
-62.1491505
-62.20003838
-61.09081538
-62.39635125
-61.41726712
-61.23532837
-62.06058075
-61.80440212
-62.55021412
-61.62579075
-61.84179187
-61.82010637
-62.45639887
-62.53162012
-61.00219688
-61.75525875
-61.69891425
-62.23452825
-62.2243635
-62.34613688
-62.24410013
-62.13130838
-62.46329475
-61.16873812
-61.394508
-62.37791587
-61.48017188
-61.71207675
-61.10331263
-61.65229875
-61.84432575
-61.7090535
-62.36738588
-60.77580375
-61.76920387
-61.64505787
-62.16078225
-61.4915655
-62.19973125
-62.1417345
-61.75538438
-61.35010913
-61.52118375
-61.86432638
-61.67907525
-61.77949463
-61.52726475
-62.21046713
-62.28016612
-62.88909563
-62.59047
-61.30770075
-61.2064905
-61.21485075
-61.7368635
-62.0677065
-61.5803895
-61.8246225
-61.81580137
-61.49867963
-62.21222737
-61.95486487
-62.31059475
-62.15946413
-61.60485412
-60.88537425
-61.93763512
-62.447733
-61.19690288
-62.24735925
-61.85514375
-60.85764337
-62.04055538
-61.80754388
-61.25880488
-61.093287
-60.8728185
-62.40559762
-62.89175663
-61.24878412
-62.14446338
-61.62529238
-61.0180305
-61.81177087
-61.7716365
-61.65084975
-61.61161425
-61.80997913
-62.29228275
-61.03040625
-62.07356063
-62.0190465
-60.76911487
-61.88360925
-62.55617475
-62.62014
-62.34524213
-61.52052038
-62.0032245
-61.76694
-61.91256675
-61.4875965
-62.159388
-62.22074325
-62.03631
-62.02294012
-62.75223825
-61.89896288
-61.64782912
-62.35130963
-61.76755987
-61.74293738
-61.62999675
-62.209821
-62.31698363
-61.47115088
-62.25215737
-62.61523312
-61.422066
-62.41684913
-62.1320475
-61.85316975
-61.78290975
-61.47444638
-63.12138787
-61.41350063
-61.88185012
-62.5801575
-61.58044125
-61.72671112
-61.52404575
-61.51129425
-61.11540788
-61.60556063
-61.844169
-61.04154375
-62.59802325
-62.03492175
-62.72855063
-62.19741825
-62.13133462
-61.77367838
-62.58041138
-62.34609112
-62.36135587
-60.90914475
-62.25480263
-62.42859787
-62.23152675
-62.204205
-62.97831637
-61.46103075
-61.874949
-61.97180363
-61.61425275
-61.40122425
-61.93574662
-62.13210225
-61.77155662
-62.26885462
-61.59965138
-62.040111
-61.78358025
-61.1089395
-62.21021512
-60.98369362
-60.70551825
-62.65993875
-62.24802375
-62.16947475
-61.932708
-62.2555245
-61.27630688
-62.05043062
-62.28065438
-61.74802013
-61.50977812
-62.46620813
-61.26830363
-62.0327295
-62.71789612
-60.84979237
-61.3055805
-62.04581475
-62.67873637
-61.91952525
-62.83489912
-62.0271045
-61.23557213
-61.58873962
-61.00761225
-62.11761037
-62.00696437
-62.55194287
-62.50706025
-61.985346
-62.52949312
-62.04786675
-61.77386925
-61.88457525
-62.23335337
-62.44541287
-61.61739338
-61.21636987
-61.89129825
-61.75051912
-61.338432
-61.62809813
-61.53706875
-62.38405538
-61.35273375
-61.44561788
-62.22116362
-61.64520825
-61.24109362
-62.01891863
-61.18283025
-61.75093237
-62.2727715
-61.45351013
-61.44853275
-61.89484088
-62.62753237
-62.88965813
-60.95926688
-61.25209125
-62.01662662
-61.623963
-62.17561238
-61.88447625
-62.513286
-62.03287463
-61.8461655
-61.0880565
-61.05648525
-62.73548963
-61.98413512
-61.91972175
-61.70460675
-61.4532525
-61.9581255
-61.70068313
-62.07360863
-62.89982512
-62.2524615
-62.14072913
-62.58204638
-60.957756
-62.697693
-62.87427188
-60.9391455
-61.32388688
-62.36315512
-62.2522185
-62.10501825
-61.1961405
-61.25884088
-61.4208075
-61.114533
-62.79886612
-62.00011238
-61.3676265
-60.0285495
-61.85426925
-61.9908615
-62.12211637
-61.32882862
-61.65342675
-61.62661463
-61.9672545
-62.07369863
-61.899153
-62.16573263
-61.7462685
-61.94750213
-61.98240113
-61.10836837
-62.38398225
-61.47924937
-62.17437
-62.1580695
-62.39277375
-61.63310737
-61.35690675
-62.19376988
-62.65085437
-61.68132263
-62.18315962
-61.57911975
-61.977159
-62.05040887
-61.117545
-61.97978775
-61.36875225
-62.24937787
-61.787193
-60.79345987
-62.16311062
-61.42129537
-61.78842412
-62.31937613
-61.21775625
-62.08752562
-62.50734525
-62.30468925
-61.320684
-61.76130562
-61.36472325
-61.66694812
-61.40043975
-61.08821887
-62.046711
-61.518282
-61.58985563
-61.11320288
-61.46789813
-62.59058363
-61.12586175
-61.95004613
-61.28367
-61.44390975
-62.058705
-62.54424713
-62.16211013
-61.62906675
-61.937886
-62.90335875
-62.00256113
-62.60668912
-61.89874162
-62.54073263
-61.48461037
-60.92240062
-62.42930587
-62.36049187
-61.7456745
-62.02158675
-62.54767837
-62.51215462
-61.85965013
-62.12798138
-62.06560313
-62.01110963
-62.32497037
-61.94986575
-62.67138112
-61.3986645
-61.483086
-61.67810288
-62.12832488
-61.90876875
-60.88072763
-62.093235
-61.69851563
-62.14751362
-61.91983125
-62.15443313
-62.20636613
-60.49144837
-62.45756963
-61.406247
-60.701082
-62.2859025
-62.010096
-62.66826937
-61.849104
-62.40758363
-62.53143637
-61.1345655
-61.44315712
-62.15984213
-62.49331725
-62.3511315
-61.86930413
-62.6554035
-62.46357937
-62.04808537
-62.4332595
-61.38565687
-61.781835
-62.07068775
-61.5144345
-62.26189275
-61.980411
-62.27149012
-61.2009585
-61.3957095
-61.43207513
-61.84794412
-61.82549437
-60.94547963
-62.499159
-62.39415525
-61.87294725
-62.01527963
-62.06915625
-61.58055337
-61.4283885
-62.84048812
-61.81370438
-61.2645435
-61.55377875
-62.84036025
-62.10540487
-62.49876112
-62.06642887
-61.422072
-61.90503038
-61.95505275
-62.02886925
-61.044798
-61.49412937
-62.71405575
-62.58051338
-62.31607013
-61.98145275
-61.99821975
-60.8498025
-62.31497363
-61.87050113
-61.37502113
-61.32432413
-61.72406138
-62.71494675
-61.76671762
-62.83964063
-60.59430263
-62.2864755
-61.63182113
-60.993315
-61.82446012
-62.02097175
-61.59198412
-62.5492815
-62.08490513
-61.93909313
-61.46212237
-61.93220063
-61.09472513
-61.89853538
-62.7590055
-62.19851888
-62.11288725
-61.96194262
-62.21758913
-62.404812
-61.49288437
-60.87250162
-61.43692387
-61.67439075
-62.1810405
-62.70307875
-62.20705913
-62.1135555
-62.46431363
-61.44046162
-62.24492175
-61.474305
-62.44302713
-61.76360663
-61.66858013
-61.57188675
-61.36469287
-62.39286112
-60.98475825
-62.19598725
-62.07476625
-62.0164185
-62.00866725
-61.32193613
-62.2550865
-62.20159387
-62.235192
-61.27634737
-61.50805688
-61.57708538
-62.07984412
-61.23356625
-62.63772075
-61.4580765
-61.58337562
-61.87205025
-62.70770025
-62.8415205
-61.83048113
-62.137905
-62.4555465
-61.77889987
-62.3713515
-62.287713
-61.37913112
-61.66646813
-61.99387388
-62.43917437
-62.135229
-61.16446275
-62.50600575
-61.93786387
-61.73964037
-61.33469512
-61.77774788
-61.98248775
-62.894517
-62.64031612
-61.652754
-62.39050763
-62.14420238
-60.8609325
-61.0020675
-61.96890562
-60.4812165
-61.48513012
-61.83856575
-62.17852238
-61.25328412
-61.97744662
-61.53198338
-63.0012615
-62.60019525
-62.16054563
-62.19622462
-61.28335238
-62.024034
-62.15518913
-62.65429312
-62.07830588
-61.66663275
-62.56611037
-62.03208638
-62.01987712
-62.0410155
-61.6507965
-61.62929288
-61.44026475
-61.12568738
-62.34607125
-62.152353
-61.79441137
-62.48091038
-62.25985725
-61.39437188
-61.07026275
-61.72592813
-63.1818735
-61.91689425
-62.25614775
-61.86255225
-61.95378225
-60.78987788
-62.28600937
-62.21694225
-61.6082655
-62.22367237
-62.0152575
-61.73059912
-62.44207162
-61.91130037
-62.54307187
-61.52563163
-61.85432737
-61.57673175
-61.717875
-61.87475475
-62.00793262
-61.39697738
-61.1945655
-61.63268138
-61.89780187
-61.27970063
-61.68401513
-62.02580287
-62.03237025
-62.16199913
-62.34144937
-61.515357
-60.84186788
-61.71742613
-60.66629475
-60.92145675
-61.47903525
-62.47817588
-61.91126738
-62.15147212
-62.07036075
-61.7334585
-62.7434715
-61.35319537
-61.16912213
-61.87749975
-61.0527195
-62.1380895
-62.04260888
-60.91335225
-61.93347525
-61.64800275
-61.57983037
-61.827636
-61.357818
-61.68250613
-61.622553
-61.47036562
-62.66763938
-61.85599537
-61.63722862
-62.3816415
-62.36158762
-61.32323063
-61.39987725
-61.5086175
-62.01665175
-62.07739388
-61.2396105
-62.79634838
-61.81559175
-61.28654213
-61.15879313
-61.277127
-62.413329
-61.54674
-61.00628512
-62.22365137
-61.75432763
-62.19511125
-62.08452638
-61.98090562
-62.037246
-61.71686288
-63.092604
-60.8223855
-62.0159415
-62.32604175
-61.32922275
-61.22025862
-62.27825438
-61.80098512
-62.75100562
-61.57488112
-61.935429
-61.8059025
-61.4047545
-61.23352687
-61.7477745
-61.79393287
-61.87867125
-60.91264987
-61.7339625
-62.882409
-61.13095837
-61.84096312
-61.58780063
-61.46575237
-62.64152175
-61.21364438
-61.96175962
-61.51054425
-62.69198775
-61.94207925
-61.69433737
-61.6576125
-61.97666363
-61.41537225
-61.51248037
-61.65843187
-61.59983888
-62.09392425
-61.20643575
-62.43569175
-62.1491685
-61.255938
-62.1930585
-62.15001525
-62.19016012
-61.22453813
-61.99759837
-62.174472
-61.441887
-60.7664505
-61.884693
-62.6153115
-61.65636037
-60.91988587
-61.10556975
-61.78747388
-61.9547805
-61.44262237
-61.20969975
-62.18319712
-62.33244975
-63.16035525
-61.49416762
-62.02243762
-62.1827835
-62.22786825
-62.83071
-61.71033525
-61.84939838
-62.076759
-62.12261625
-61.41973275
-61.86482925
-60.9466185
-61.87257037
-62.66197987
-62.80015912
-60.8811615
-62.6196615
-61.90173113
-61.92546787
-62.00421712
-61.6964475
-61.83056175
-62.29472888
-61.98557362
-61.99229775
-62.220387
-61.66527262
-61.93004812
-61.17994163
-62.12483063
-61.25873925
-62.51263275
-61.9739205
-62.0292765
-62.07377288
-62.04674662
-61.73162287
-62.30951475
-61.13733638
-60.76459613
-62.21178262
-61.80322725
-62.08272825
-60.94946362
-61.68861187
-60.93991762
-61.84759987
-62.00965163
-62.45113838
-61.35514275
-62.44292812
-61.877955
-62.19951825
-62.07260737
-62.8717815
-61.35043613
-62.38980225
-61.95701775
-61.9649535
-62.50240312
-62.07787725
-61.10889638
-61.70976675
-61.43435587
-61.48604925
-62.03872013
-61.41622012
-61.62784125
-62.30754038
-62.03099475
-62.15631075
-61.71503175
-62.58666
-61.92639263
-62.11335637
-62.098314
-60.99399337
-61.777923
-61.17298762
-61.771587
-61.61198063
-62.37632175
-61.53943875
-62.08567463
-61.75757775
-61.40974463
-61.59844125
-61.81956937
-61.77325088
-61.838163
-62.38331887
-62.4310515
-61.3031445
-61.7750145
-62.16623475
-62.48409488
-63.19065337
-62.28167887
-62.075016
-61.61678663
-61.56247837
-62.18475975
-62.53554825
-62.19848887
-62.67508725
-61.09513387
-61.87235625
-62.07014025
-61.9547775
-61.52349413
-61.82897175
-62.22888525
-62.34929475
-61.8125595
-62.05976212
-61.529517
-61.538403
-62.52419138
-62.26412212
-61.60473637
-61.799673
-61.727721
-61.56608925
-62.00518575
-61.88541637
-61.59644062
-62.51127975
-61.4320095
-61.58368763
-61.73020875
-62.22609412
-62.46487913
-61.81159613
-62.21031375
-62.363019
-61.31806125
-62.08544025
-61.95309937
-62.35442963
-61.1632875
-61.566021
-61.509813
-62.043117
-61.77484237
-62.5536315
-62.12103863
-61.25998987
-61.66888387
-61.326849
-61.057164
-61.5634935
-62.0298285
-60.8821005
-62.7273915
-61.45954013
-61.810863
-61.790562
-61.553388
-62.74019738
-63.009432
-61.97905388
-61.73961488
-62.15709262
-61.87313175
-61.98447263
-61.5345465
-61.43293275
-62.34251888
-62.25314962
-61.98191588
-61.75009687
-62.41604025
-61.73636212
-61.7095725
-61.27145887
-61.76480212
-59.90363813
-61.584399
-61.1250285
-61.46889412
-61.5013035
-61.48821975
-62.3097645
-61.57140525
-62.61819863
-61.46630775
-62.1816255
-61.89266775
-61.302945
-61.5320715
-62.02205325
-62.02083975
-62.00855362
-62.46635775
-61.64211113
-61.41577912
-61.79244375
-61.81219312
-61.56972562
-61.50370313
-62.14890187
-61.07188012
-62.31680775
-61.6410825
-61.93767262
-61.76107013
-62.01813
-61.62325762
-61.275513
-62.34967725
-61.45662975
-61.72626525
-62.0262135
-61.88279137
-62.12148825
-61.34348512
-62.41649737
-61.21791712
-61.748658
-61.71526987
-61.51129988
-61.69291275
-61.86320437
-62.3756805
-61.30387125
-62.72221688
-61.55480175
-61.8978915
-62.14240462
-61.90109737
-61.5059145
-61.57983375
-60.8328375
-61.60906237
-61.62942637
-61.58865262
-61.53431738
-61.5255255
-61.537122
-62.65850513
-61.59809775
-61.697955
-61.81129462
-62.015685
-61.53451987
-61.70416162
-61.48135725
-61.58970825
-62.39675925
-61.76953988
-62.07791325
-60.75183263
-61.71341175
-61.643952
-62.18098837
-61.69597875
-62.07876113
-61.70838262
-62.21261625
-61.911399
-61.43420175
-61.71606487
-62.16378112
-62.30249288
-62.65007025
-60.84162562
-61.24579087
-62.40556612
-62.07084788
-62.06114887
-61.25808038
-62.15714588
-61.25972513
-62.31404475
-62.311248
-61.55589675
-62.22639638
-62.65124287
-62.672139
-62.31076988
-62.70580162
-61.75389112
-61.82967187
-61.52997862
-61.5644235
-62.83485037
-61.90287938
-61.5164475
-61.51658738
-62.33826112
-61.34207737
-60.7171575
-61.5060645
-61.69768162
-60.51563475
-61.9827465
-61.729416
-62.1226575
-62.33135588
-61.58738438
-62.00075212
-61.63483837
-61.16449537
-61.14347475
-62.46724012
-61.180164
-61.6444365
-61.23360525
-62.463501
-61.03745512
-62.259066
-62.192757
-61.56737513
-61.81025812
-61.87827263
-62.0700315
-61.93291838
-61.57158862
-62.25150112
-62.0029545
-62.086929
-62.61044813
-61.59009975
-61.205583
-61.801338
-62.357691
-61.07390587
-61.79370262
-61.77591563
-62.01025575
-62.57007413
-61.5756435
-60.7005525
-61.56702675
-61.82080913
-61.48093575
-61.116306
-61.98943575
-62.34991687
-62.12694038
-61.7847285
-61.97119688
-61.49824613
-61.74902062
-61.94103563
-62.62629075
-61.79304563
-62.0954775
-61.89333788
-61.45884338
-61.8666885
-62.14499212
-62.00891963
-61.92657187
-61.53276413
-62.02631287
-62.12835938
-62.826912
-61.7530695
-61.228218
-61.937244
-61.57033237
-61.936641
-62.13724725
-62.63557088
-61.74816863
-62.23435612
-61.16688375
-60.3807345
-61.68604537
-62.23116225
-61.6049115
-61.77409912
-61.96047038
-62.27299725
-61.5381735
-61.43290612
-62.98336275
-61.52818312
-61.60736325
-61.383042
-60.98831325
-61.65297
-62.00663738
-61.88336175
-61.63671638
-61.44345413
-62.40447413
-61.33753763
-62.17985325
-62.681535
-62.20323487
-62.17021275
-61.505835
-62.45295
-61.84711988
-62.411859
-62.28112538
-61.27131788
-61.46374275
-61.51736813
-62.5288185
-61.807266
-61.52249738
-61.928706
-61.94904787
-61.62582038
-61.26904837
-61.10740125
-61.0734
-61.87374113
-61.8873015
-61.2941475
-62.23735238
-62.7874275
-61.1699835
-62.4705285
-62.21534438
-62.10565313
-61.67644538
-61.60404788
-61.52257125
-62.74175813
-61.26729975
-61.98249863
-62.23562813
-61.54583213
-61.66350413
-61.3162785
-60.93840487
-62.38241887
-61.76652713
-62.00984288
-61.8524025
-62.00169375
-61.564125
-61.65879262
-61.75717575
-61.5326835
-62.14065975
-61.72523662
-60.54692063
-61.682994
-61.622541
-61.4940435
-61.35338325
-62.0192415
-62.82801675
-62.05326712
-61.94438063
-62.32711238
-61.59881513
-61.8505485
-61.41084675
-61.52254275
-62.50085662
-61.598412
-61.91890425
-62.7179505
-61.64473537
-61.69072537
-62.30486138
-61.91133375
-62.11896188
-62.71040962
-62.35390538
-61.88487788
-62.7590115
-61.83144938
-61.72934138
-61.7467545
-61.65983475
-61.69787925
-62.44792913
-62.88928237
-61.46988712
-62.26996125
-61.65538688
-61.6108005
-61.91663587
-61.13005725
-62.21960625
-63.1784385
-61.64041013
-62.28657712
-62.11078463
-61.23235313
-61.73834625
-62.6512395
-61.35208537
-61.18595363
-61.900158
-61.81019325
-61.55943075
-61.89111712
-62.02537537
-62.08866563
-61.54518112
-60.88994325
-61.59933225
-62.47360875
-62.48664038
-62.01622125
-61.35015525
-62.44145175
-62.05320413
-61.72398563
-62.02350975
-61.38392738
-61.33090237
-61.43021062
-61.58033588
-61.78308225
-61.88717025
-62.4384
-61.1922945
-61.7426985
-61.10961188
-61.68258412
-61.4789865
-62.8529025
-62.4691965
-61.76198512
-61.85892712
-61.773666
-62.41209
-61.95600863
-62.43741525
-61.8500025
-61.618545
-62.47582725
-61.20031687
-61.90301887
-61.71478913
-62.57142075
-60.98489512
-62.59823437
-61.8531375
-61.21035263
-60.73552763
-62.07519
-60.71845012
-62.29935825
-60.99815175
-61.61825437
-62.34701325
-61.76141025
-62.00610638
-62.33498325
-62.18766825
-60.83836425
-61.94567775
-62.31993075
-62.06440838
-62.0451255
-61.86303712
-61.51628662
-61.59829463
-61.86202275
-60.96189712
-61.62095888
-62.6298885
-61.93595587
-62.32668712
-61.49096887
-61.5769845
-62.29385438
-59.76001013
-61.04346975
-61.72009087
-61.1914215
-61.84286213
-60.54995137
-61.535658
-61.34764275
-61.21671562
-62.80647825
-62.559198
-61.67865637
-61.32417488
-61.68383925
-62.42328075
-62.204439
-62.30828362
-61.255146
-62.527986
-62.52806512
-61.90454363
-61.366677
-62.21483512
-62.54049263
-62.70477825
-60.54619575
-62.56738312
-62.21103075
-61.43281275
-62.32454625
-61.4700225
-61.787571
-61.4672475
-61.7657595
-62.00276025
-61.36945275
-60.89490525
-61.25133038
-62.26482075
-62.11176825
-61.254591
-61.247418
-61.36215637
-62.12701725
-62.50591838
-61.97330513
-61.12190588
-61.9804665
-62.53608112
-61.57167675
-61.19583338
-62.25244125
-62.19417488
-61.33014937
-62.452824
-62.29845413
-61.61400487
-62.40936787
-62.47456163
-61.532253
-62.228727
-61.58450662
-62.04952087
-61.720149
-61.57667775
-61.22783963
-61.05234263
-61.31662312
-61.09382475
-61.57168537
-62.19744487
-62.79400875
-62.085606
-62.54651325
-62.4460065
-61.90495613
-62.51334225
-61.62808763
-61.88762362
-61.56324
-61.57391175
-62.00941875
-61.50579375
-62.632302
-61.9183755
-61.29232275
-61.96724362
-61.67964487
-61.63552013
-62.26658775
-61.530702
-60.46306163
-62.23397887
-62.20423387
-62.0140215
-61.17076988
-61.05267487
-61.97614462
-62.6369715
-61.51522125
-61.12606087
-60.71063175
-62.61359962
-61.124814
-61.04459288
-60.90505763
-61.56485288
-61.89486488
-62.428455
-62.02428488
-62.17248112
-62.62107262
-61.31519737
-62.22385313
-61.93662
-61.646268
-61.8583485
-62.01978263
-61.24329225
-61.29020587
-60.947328
-61.54300275
-62.34338212
-61.52665688
-61.167774
-62.06314462
-62.43297375
-61.62055875
-62.38086487
-61.14879375
-61.84867912
-61.75343175
-61.469718
-61.35086663
-61.89334725
-61.88068875
-61.89834262
-61.71284025
-62.46530737
-61.4436105
-61.8992025
-62.5404525
-61.91233425
-62.02602525
-62.44167375
-61.5406515
-61.3505295
-61.06834762
-62.11514925
-61.62775312
-61.621509
-61.72046775
-61.51031625
-61.5700365
-61.3154205
-60.53108813
-61.66805625
-61.88319413
-61.30170413
-61.73215725
-61.83763387
-61.63331887
-61.34195813
-61.19619788
-62.32409925
-62.62003575
-61.65741525
-63.22619362
-61.92632363
-61.57305862
-61.79453138
-60.84922088
-61.94187412
-62.05753425
-61.42972912
-61.64768662
-62.3624055
-61.37374088
-61.02197063
-62.059806
-62.19004162
-61.73634338
-62.37395812
-62.41147238
-62.350194
-61.19016075
-62.4995445
-61.57047638
-61.34317763
-62.00100075
-62.37087563
-61.44649988
-62.25840787
-62.01756
-62.04510825
-61.38172987
-62.1234435
-62.37912638
-61.7668305
-61.966284
-61.71870863
-61.92869062
-61.268397
-61.79684738
-61.77917663
-61.7471805
-61.665627
-61.73550263
-62.03228138
-62.80270162
-60.85991025
-62.5263135
-62.58735937
-61.96694063
-62.39547112
-61.2244095
-61.92664012
-62.59005263
-62.18021025
-62.34740438
-61.17227662
-61.501251
-62.2386
-61.31765737
-61.662186
-61.4633805
-61.44139762
-63.03354262
-62.60010412
-62.18230612
-62.2720005
-61.31724525
-62.40459638
-62.58548962
-62.18873888
-62.700105
-62.04974287
-61.81944938
-61.31632463
-61.22647988
-61.907982
-61.61869725
-60.98027888
-60.94499475
-61.29153187
-61.56159037
-61.77468338
-62.1173805
-61.079403
-62.30148862
-61.83883088
-61.75157812
-62.37497887
-61.8985215
-62.16744487
-62.2303965
-61.42378987
-61.77101775
-61.88549888
-62.105382
-61.40854313
-61.67779312
-61.83982612
-61.70201925
-61.282098
-62.04836025
-61.47342862
-62.4699075
-61.71845062
-61.26620287
-61.739976
-62.10528075
-62.17301962
-61.0786905
-62.60803237
-61.95673463
-61.873932
-62.63905537
-62.06420925
-61.80759787
-62.49872212
-61.9246545
-61.8918645
-62.53011338
-61.73929687
-61.43214188
-62.11361813
-61.54812488
-62.03969813
-62.77395863
-62.42567212
-61.36081087
-61.34140387
-61.40709225
-61.95564075
-62.48214563
-60.836319
-61.71919538
-62.26350037
-61.99570875
-62.24094487
-61.8984915
-61.57868775
-61.89569438
-62.08217475
-61.73330325
-61.23873975
-61.76228287
-61.1750895
-61.65574312
-61.82351888
-61.42020038
-61.427079
-63.2004225
-61.799445
-61.3562715
-61.36920675
-62.49916875
-62.375835
-61.418073
-61.90506187
-62.43815363
-61.53430688
-61.86295913
-61.40278125
-61.72056637
-62.16084187
-62.01025087
-61.92908362
-61.74583312
-61.72728712
-61.63519388
-61.75578338
-62.24727113
-61.91201812
-61.9259715
-61.93106288
-61.91715262
-62.01401625
-62.6588385
-62.71040775
-61.298181
-62.57152013
-62.15751825
-61.31685413
-61.73087813
-60.904413
-62.52389737
-62.637387
-62.85845588
-61.96759012
-61.12385213
-61.44709087
-62.0770275
-62.59627238
-61.71940162
-61.59365288
-62.10738525
-62.27408738
-61.920132
-62.1669075
-62.66925862
-62.1133575
-61.90880063
-61.87748063
-60.71201025
-61.72969988
-61.91143313
-62.43476438
-61.32079538
-61.982181
-62.114502
-61.6636755
-61.49916037
-61.40796675
-62.12427825
-61.22668838
-61.33511475
-61.85955412
-61.670709
-62.18152725
-61.5961005
-61.71773925
-61.205328
-62.00368725
-61.75632675
-62.4918375
-62.38160625
-61.63300912
-61.4796465
-62.70424613
-62.93896913
-61.501707
-61.58637675
-62.23775662
-61.12901025
-61.88712337
-61.99256025
-61.63652437
-62.12136938
-61.9408395
-61.24116563
-62.81722275
-61.57140075
-62.21283863
-61.56797213
-61.76474212
-62.77780462
-62.20037362
-61.45103587
-62.12050125
-61.97923237
-62.57295638
-61.0563105
-61.65743512
-61.46234925
-61.80848325
-62.33572275
-61.8739065
-62.39493825
-62.11175588
-63.1242915
-62.27128125
-60.97193737
-61.64484413
-62.30504213
-61.6084485
-61.28464013
-62.26760212
-61.337406
-61.411884
-61.15191075
-61.05685313
-61.45347525
-63.04281562
-61.49965463
-61.29960975
-61.49141287
-61.2479655
-62.43388387
-60.72176138
-60.92807438
-62.08516612
-62.11660387
-61.40587313
-61.36309875
-60.86897062
-60.81927787
-61.609101
-61.5653295
-62.55935475
-63.004131
-61.71363225
-61.14324637
-62.071206
-61.92257325
-61.64061225
-61.01631
-60.88970437
-62.20524112
-62.066799
-61.55369025
-62.31523612
-61.488801
-61.37884687
-62.28159262
-61.607682
-61.7790015
-62.542536
-61.4253705
-61.4375805
-62.173473
-61.4602185
-61.340967
-62.133234
-62.48905275
-61.83600525
-62.25829913
-61.73907487
-62.14205138
-61.36517062
-62.48943937
-61.66723875
-62.54330362
-62.61600113
-62.52534187
-61.75350075
-62.29985175
-61.58263687
-63.03408525
-60.835521
-61.13868338
-61.64774962
-62.356356
-62.808231
-62.10114638
-61.48816688
-62.5306275
-60.98112337
-61.91458388
-61.95987525
-62.54316262
-62.099232
-61.54367325
-61.80514913
-61.98225975
-62.082525
-62.2119225
-62.13049575
-61.43832525
-62.23784962
-62.64037012
-60.91981762
-62.40186112
-62.09570625
-62.69653763
-62.310354
-61.31288775
-62.00361375
-61.59371888
-61.08659738
-61.4436885
-61.52153325
-62.37507562
-62.11855312
-62.36467912
-61.434297
-62.310825
-62.19138787
-61.22817938
-61.77156375
-61.826121
-61.90473037
-62.02850212
-62.056701
-60.87500587
-62.90118225
-62.1590685
-61.72515788
-62.5580085
-62.59689038
-61.08226425
-62.05093912
-61.8665865
-62.12654925
-61.53763463
-61.31252287
-62.00841
-61.916976
-61.30924837
-61.64696775
-62.08744425
-62.07297187
-61.66851337
-62.57874263
-61.42780612
-61.79760488
-62.34172763
-61.706787
-61.97839387
-61.2794115
-61.8149775
-61.24898063
-61.82678887
-61.79142938
-61.0699605
-62.64054938
-62.12066587
-62.08240688
-61.80290213
-60.42367575
-61.82240213
-61.17518138
-61.59916875
-61.52843137
-61.67292675
-61.64278462
-62.53324462
-62.40543938
-61.93676475
-61.57918575
-61.63143487
-61.50976462
-61.22612963
-61.14963563
-62.72412825
-61.9822335
-62.12555175
-62.37062588
-61.10350125
-62.34101475
-61.02989587
-62.03062575
-62.02460212
-61.869804
-61.560636
-61.36646437
-61.05632513
-62.79783413
-62.46043387
-61.52093925
-61.40264475
-61.30261537
-61.5034125
-61.633131
-61.71379237
-62.28617363
-62.900436
-61.386159
-61.02016837
-61.26893737
-61.8784725
-61.46610075
-63.0500265
-62.46181162
-61.56668438
-62.41315763
-61.41514425
-61.5615435
-62.5764255
-62.04741825
-60.94334625
-62.055318
-61.91036813
-62.06604787
-61.4177985
-61.67361862
-62.41432388
-61.86857288
-61.821108
-61.73687812
-62.4994995
-61.8361425
-62.02984012
-61.16868825
-61.378965
-61.85918138
-62.6380755
-61.492023
-62.00802
-61.81107563
-61.825269
-61.278447
-61.7900805
-61.45556138
-61.503477
-61.16809275
-62.25459637
-62.12277525
-62.792145
-61.315296
-62.99716087
-61.45543387
-62.5229805
-60.53175075
-62.25124575
-61.134375
-61.93673175
-62.13799313
-61.32129675
-62.16630525
-62.00212837
-61.83848775
-61.29148838
-61.50948263
-62.01230137
-61.9890915
-61.72029562
-61.94729175
-62.19785213
-61.780272
-61.59059287
-62.4892155
-61.84508887
-61.34054813
-61.6536705
-62.279733
-62.49114187
-61.76790075
-61.432482
-62.16613237
-60.73922288
-62.04227925
-61.82903813
-61.58611613
-63.03223762
-62.16777975
-61.77099563
-61.72767413
-62.14316888
-61.17260025
-61.08505313
-62.82944438
-61.16468738
-61.27251638
-60.93065812
-61.70226075
-61.82399287
-62.29424437
-62.72576775
-61.6182705
-62.362443
-61.88229975
-61.19403375
-61.40832113
-61.82426888
-62.09323725
-63.07905
-62.1635715
-61.73767125
-61.15415888
-62.12680875
-61.95080362
-61.94382788
-61.03452787
-62.77236938
-60.760785
-61.63900687
-61.20154013
-61.23043163
-61.68787087
-61.27437225
-62.43753037
-61.88254462
-62.01605288
-62.10382463
-62.19167587
-61.28054963
-62.47095
-61.447308
-61.976532
-61.843782
-62.31208388
-61.85588812
-62.101767
-61.49581912
-60.77298262
-61.9297545
-62.38913287
-61.74273563
-62.33082075
-61.73017575
-61.98063787
-61.25848238
-61.788993
-61.35014212
-60.81818925
-61.89075262
-62.44461938
-62.54833425
-61.16257463
-62.63862113
-60.78546075
-62.30629875
-62.211537
-62.28170025
-60.91222575
-62.54296538
-61.47766688
-62.98799138
-62.1397815
-62.13642375
-61.00807988
-60.10791225
-61.845399
-60.98129925
-62.09782388
-61.04794312
-61.64841187
-62.17112363
-62.21446275
-61.645749
-62.0022375
-61.68620812
-61.34570063
-62.09641387
-61.73422688
-61.98656625
-61.61078925
-61.1630565
-60.76823175
-61.42968563
-61.08734325
-61.36440525
-61.82269425
-61.67180737
-61.44675338
-62.04167025
-61.32602438
-62.36595713
-62.0594775
-62.97407888
-61.9249215
-61.94190187
-61.78094025
-61.28829525
-61.89242588
-61.99206862
-61.7702985
-61.64644537
-61.24363387
-62.31302138
-62.11910738
-63.18343275
-61.98007275
-62.27284312
-61.744503
-60.7245045
-62.02362188
-61.74196462
-63.00058688
-62.11670663
-61.60443787
-61.09968975
-61.84272075
-62.14478362
-61.30134113
-61.76303962
-62.49071738
-61.78287713
-60.41609812
-61.334808
-61.19102288
-60.87687375
-62.06193975
-62.16911587
-61.57308225
-62.210862
-61.92938812
-62.16800962
-62.334582
-61.6343925
-61.94947875
-61.84265888
-62.25046087
-61.88236425
-60.94778625
-62.85870263
-62.50527413
-62.32711275
-61.82850562
-62.39624737
