-3100.451409
-509.7809765
-3534.292781
-832.1290943
-100.1690755
-309.1276965
-242.7158599
-2807.83597
-525.7361578
-377.7065878
-393.4766848
-1895.883429
-9230.822275
-25.52414104
-12.3877449
-991.2314574
-69.33062548
-520.7925595
-1530.581933
-132.7627836
-274.4205366
-1817.721873
-66.15146063
-113.0345431
-894.7977282
-860.3792958
-318.8640678
-608.2030966
-242.8688
-8797.620299
-1002.19971
-1275.464668
-2864.376188
-92.73576251
-17380.44308
-133.9931507
-103.1258406
-1224.980303
-218.2553533
-693.6037177
-720.9660475
-8247.522462
-1551.964105
-450.0991987
-44.48115444
-365.9494004
-327.3380052
-126.9628323
-840.348378
-116.1310167
-81.07892961
-86.76224216
-1941.862133
-58.08553127
-274.6168598
-343.9095235
-118.6518687
-286.6754801
-1497.20632
-319.7797997
-129.795271
-1091.70346
-90.64111864
-649.5722936
-326.5756904
-1478.343733
-311.1609104
-437.7691518
-88.31433538
-45.22867356
-319.5668469
-245.7656577
-402.0467496
-177.6592745
-768.5799644
-657.7333797
-7646.252497
-478.7369524
-401.4954098
-1947.717961
-821.583659
-30017.63696
-4911.568091
-163.4804546
-232.478113
-5128.81191
-2748.907157
-171.7594939
-320.4576155
-734.931209
-160.6243575
-508.641067
-1306.793414
-755.1724401
-352.1219103
-1270.410484
-72.11391219
-381.6932183
-393.2907027
-108.065838
-389.5550487
-760.0934581
-49.94170102
-1781.11736
-121.7042466
-738.7735644
-5368.610771
-396.8512011
-163.737195
-4105.740446
-100.8064089
-37.28150644
-172.4436113
-641.3328455
-103.3767308
-917.8286895
-120.4924972
-237.4149
-343.5630914
-168.7832636
-40.73447542
-262.260891
-284.2146539
-96.21668729
-80.88565515
-30.38731227
-68357.05824
-1503.159714
-163.9257865
-1015.083975
-252.663299
-1532.95309
-1307029.351
-189.4660316
-22.69190806
-325.7200862
-917.2032992
-1653.933467
-544.6223163
-2345.562095
-209.9773324
-1114.132998
-3377.932673
-394.1428433
-1175.036511
-3290.879097
-1409.134485
-355.796871
-872.1106426
-1243.868148
-1123.329556
-141.3374522
-129.250308
-958.4275726
-67.21351886
-1008.813676
-25.27418884
-752.6507668
-37.96579388
-1159.980094
-161.500682
-207.2820397
-508.5312418
-751.2828071
-412.3970192
-171.2981912
-160.0183117
-1344.019689
-186.6128035
-621.7965792
-71.29566315
-1399.715664
-56.24425424
-102.097108
-346.6485031
-83.08310164
-2841.044103
-799.0086328
-1044.359611
-17.37717643
-584.1365691
-1555.005656
-538.2863305
-178.8628836
-30.21528828
-1037.349895
-1638.869063
-753.700085
-3518.917015
-320.5899259
-2381.701668
-1667.481908
-514.4271994
-7135.891281
-152.1509955
-83.53633376
-46.93872119
-1334.447874
-367.6034839
-40.96105528
-106.8497938
-702.2513439
-60.72344116
-459.6391025
-821.5562197
-38.21159419
-52.43586636
-917.2905984
-10092.48131
-1175.663961
-23.33166969
-3831.821174
-44.83787195
-81.31909963
-83.58706137
-233.767394
-2292.156966
-3614.656473
-91.07221393
-13.46088063
-476.911719
-598.7133193
-45979.81905
-1522.17876
-1862.867793
-200.4396164
-124.8950062
-264.7245468
-54.03499352
-4931.827587
-1719.542033
-135.3648437
-150.0794789
-2580.561233
-421.5242409
-994.7171336
-324.5836974
-1573.962293
-578.5766708
-2767.123125
-116.1537766
-795.3348421
-17.36799317
-1046.265653
-404.8159691
-53.74451919
-106.3256141
-57.87907527
-32.89115266
-2361.570777
-325.0195906
-73231.49014
-13886.98407
-274.4258736
-28689.67156
-1363.350612
-254.1733231
-646.3579603
-170.2925494
-272.1914335
-114.515384
-623.5994979
-208.863685
-843.4497398
-135.347671
-144.6722926
-322.7391387
-96.69109164
-36.94481712
-2718.603774
-3671.629707
-174.3682133
-103.4082095
-86.73160836
-126.1114226
-1933.877826
-31458.54613
-818.048926
-47.43299429
-898.0814062
-2689.312436
-4584.258691
-121.7430168
-24.57417239
-300.4501598
-1174.443147
-240.9687131
-267.6194104
-2494.633126
-527.4146274
-507.6842043
-89.03047511
-178.5371827
-5623.617403
-223.4063278
-3975.444411
-572.3356746
-45.82283725
-20979.12142
-323.1566731
-315.3675752
-382.7810927
-2003.667814
-31.51294455
-1270.425677
-404.9180442
-2225.205562
-354.5520829
-71.93678576
-566.0765417
-372.6472493
-255.6273488
-171.7549372
-124.8471426
-168.86059
-1789.758042
-86.75916356
-137.2344546
-115.560835
-4542.954826
-176.4564975
-2195.463015
-490.9876618
-486.5680317
-86.51559392
-644.5200119
-535.8836248
-215.5675263
-110.0941649
-904.2741588
-296.90846
-13130.2076
-55.06237204
-1319.181188
-576.9748841
-1107.525037
-1368.802243
-1418.224659
-245.1749981
-6943.163227
-1978.21494
-2312.633139
-7823.000494
-328.2199973
-163.9589399
-887.4194459
-542.1643144
-10971.49775
-23.23472434
-525.5435128
-497.2683685
-144.844612
-94.16062327
-258.4559749
-430.8810272
-68.1743833
-626.7487438
-689.7676724
-55.63763187
-586.6774766
-761.4212039
-107.0201011
-1467.30008
-155.5762036
-1371.411593
-588.1013083
-317.2830497
-107.3926415
-1048.115909
-98.02540832
-2106.617331
-311.2959387
-872.9752668
-308.9437403
-32.35238267
-3667.1012
-4421.611185
-226.4422385
-1402.118808
-95.40247795
-7.786676224
-428.4439978
-225.7591065
-72.38467284
-45.78446324
-751.6631111
-158.0702784
-193.5804288
-257.2226922
-198.5024158
-20492.51397
-35.12771051
-772.2024534
-298.1713868
-286.0934325
-159.8268069
-858.14334
-476.9361813
-829.4363384
-98.96787535
-2154.241019
-209.483414
-262.0145352
-266.3127459
-1157.567329
-2744.881179
-190.603933
-216.1606563
-429.8565978
-968.3827679
-161.6251033
-154.7421523
-325.7347686
-2476.355131
-1536.403677
-58.25393008
-2302.885042
-66.25522137
-111.918423
-2909.336306
-184.304217
-173.6151425
-156.6071674
-131.5322507
-206.0240676
-1527.898864
-293.2292973
-731.4973192
-1319.045449
-229.9217306
-202.0680946
-62.92545496
-409.7332265
-1523.1095
-77.68031064
-556.063988
-180.2577227
-675.2971502
-222.5916042
-57779.49
-146.0821482
-357.9167223
-151.9628738
-2898.23781
-70.54477628
-120.7532374
-121.101952
-307.7982466
-202.4063398
-131.4239844
-459.1078586
-246.2741511
-414.4298318
-42.97541945
-9770.001936
-176.5274846
-177.9108348
-218.8659647
-429.8829301
-15.67551768
-366.9305646
-1136.134704
-1860.905479
-5375.925531
-201.9045325
-141.7142316
-410.4447935
-1052.591634
-43.33745445
-4633.498592
-468.5103612
-1344.089616
-1483.452427
-128.3904529
-114.1027712
-2304.902127
-1250.124655
-452.0302814
-292.0513715
-1623.774268
-14320.01557
-981.9722926
-66.11677682
-202.9073531
-1575.386549
-214.0393282
-459.4099122
-1147.382412
-1185.977374
-457.3089854
-2808.97303
-1603.949178
-1384.958139
-5231.747363
-162.4663701
-1153.192733
-213.1220267
-383.1802712
-1843.232144
-1940.921884
-405.1819638
-69.18935391
-78.02861738
-206.4162338
-246.7171959
-8133.684728
-113.1154912
-439.9921928
-282.6271003
-649.4012134
-357.0762044
-483.1020969
-800.317008
-632.2860666
-413.513135
-2443.896439
-1699.710251
-1311.607496
-200.8816233
-100.6205812
-1752.148684
-38.71104022
-694.391498
-176.7469025
-199.6581332
-15.95731435
-8387.33451
-558.2252101
-1816.85862
