    0.7391324277                1     0.5947049082     0.5060360974     0.4073795189     0.5608436041     0.2102134441     0.1189273846     0.1048894834    0.06640564109    0.04980405332    0.05424286922    0.05606119265    0.03331788421    0.01537301285    0.01214877998    0.01032466101     0.0407995752    0.01123884222   0.009330826055   0.009486970674   0.004042403562   0.002885122793   0.003768935101   0.001360686805  0.0004088950479   0.001397042492  0.0005745279026   0.009638006649   0.007606388251   0.001797486666  0.0004492883211  0.0003151116657  0.0002899681824   0.001800203782 
     1.378164496                1     0.9583607715      1.490144153     0.9737838689     0.4041283525      0.668691622     0.2342911567     0.5579584599     0.3511200771      0.246574447     0.3269522835     0.2054753824    0.09364432672     0.2631689638     0.1566350171     0.3010701741     0.2211311646     0.1093915306    0.04700827671     0.1063421297    0.05239996724    0.06834924127     0.1033428528     0.4601974405     0.2218184853    0.08529517115     0.4868314152     0.0910012017     0.6229387424     0.1919344973    0.03193708262    0.09213897491    0.04014400385    0.01247279728 
     1.122343357                1     0.6255010527      1.090842629       1.23680109      1.587464568     0.2187306615      2.145597721     0.7226836147     0.1743214897    0.08056683525    0.02473407284    0.05857717348    0.05377191825    0.03335106315    0.04099167309    0.05967328216   0.005077762847    0.01109599045    0.01093683932   0.002307626471   0.002563762055  0.0008200988437   0.001349056026  0.0003912611941  0.0003024554765  0.0001347902375  5.900676225e-05  2.701439985e-05  1.736478456e-05  2.144220546e-05  1.034139724e-05  5.936477805e-06  1.202191119e-05  2.918893622e-06 
     1.149723363                1     0.5169673594     0.3354939659     0.1982030298     0.4234983482      0.470317996     0.3732263059     0.4120433966      0.760326482     0.5749955461      1.141960096     0.5747298695     0.1884073659     0.2115774465     0.1402730602    0.09281098801     0.1230566391    0.03239515397   0.009908014353   0.007570612564   0.004965497312   0.002432952234    0.00172843135   0.002716330085   0.002752284575    0.00296955379   0.001292805307  0.0005795590891  0.0001582261986  7.132921366e-05   4.90608747e-05  3.475156002e-05  3.112965902e-05  1.129985743e-05 
    0.8404928223                1      1.434604822      1.494816102     0.9888487215     0.5117337488     0.4043550637     0.5678839196     0.4890854269     0.2026137502     0.2887490732     0.1343973372    0.05475489177    0.02879449536    0.03222342304    0.01618675278   0.008833091929   0.007773143883   0.008178214944    0.05358275877     0.0171664964    0.00474893369    0.00462887543   0.001600128539  0.0008082522021  0.0001264881567  6.992813485e-05  4.767413702e-05  3.863527585e-05  6.922348928e-06  4.995662849e-06  5.326989773e-06  4.660644464e-06  9.616940244e-06  5.745164384e-06 
    0.8357490664                1     0.7758959531     0.6962531865     0.5446248202     0.2873717695     0.4620264767     0.2908985224      1.592622982     0.1963011688     0.1604955921     0.2886853984    0.09632805246    0.09567110002   0.009036432728    0.01420372919    0.03276339522    0.04859026862    0.01203292213    0.01459848996    0.01551257556    0.03169279494    0.02795636943    0.01526286134    0.03081771505     0.0659206192    0.01525343141   0.008510741138   0.001310348039     0.0012615427  0.0009239692429   0.001061616177  0.0008432340628    0.00137604679   0.001173461987 
     1.427618184                1      1.032958309     0.6335789803     0.5114460738       0.30142563     0.6896037492     0.2957361092     0.7385525467     0.1819076375      0.084189136    0.09191064742     0.1261841723    0.04797397341    0.09091899804     0.1222554016     0.1049125316    0.02102498366    0.02052354199   0.002619527559    0.01644630814   0.002849127864   0.001447039917    0.00033978092   0.000240191892  0.0003928500226    0.00144241881  9.189874163e-05  6.639460232e-05  5.490440747e-05  4.440103513e-05  3.862718235e-05  1.276134505e-05  9.598483882e-06  5.315327765e-06 
     1.047204064                1      1.495268855       1.65583818      2.616575983     0.8859505935     0.4443875959     0.2082399912    0.07813179498    0.03084201487    0.02670348709    0.01619822292   0.006496736045   0.004245895588   0.008936700889   0.001323287362   0.001236051362   0.001183977988   0.001111541086  0.0008538104503   0.001298349003  0.0003426246588  0.0002190746833  6.611868869e-05  5.027158117e-05  2.553402068e-05  4.311381704e-06  7.632455347e-06  7.348846788e-06  5.773040251e-06  2.252322117e-05  5.924160147e-06  3.643263516e-06  1.633466863e-06  1.934924412e-05 
     1.719756398                1     0.8982096621     0.7067937805      0.830064115     0.9072902786     0.6934139289     0.3187875357     0.3119361276     0.1324033012     0.1247338351    0.06770682593     0.1150053494     0.1720274375    0.06232387471    0.05690752498    0.02564017904    0.01051108102    0.02091492087    0.02824887471   0.007271017052    0.02242257606    0.01726579553    0.05989428342     0.0133883802   0.007982681106  0.0005499418243  0.0008068651816  0.0004141898479  0.0001044732736  5.568708354e-05   3.02709874e-05   1.79087971e-05  3.140709705e-05  4.284102243e-05 
     1.094307973                1     0.7204304844     0.9649538716      0.720452252     0.3213594375     0.2374542263     0.2263247725     0.6706160101      1.259866771     0.5468338498    0.06018066806      0.341467912     0.3162081263      0.261303499    0.04044880598     0.1715900458    0.08861269543    0.04005256449     0.0360472142   0.007399361815   0.009179817413    0.00765198338  0.0009932604051  0.0002151792159  0.0002129805422  0.0001289956548  5.667896115e-05  6.245675286e-05  0.0001173698319  3.446871366e-05   2.74509134e-05  8.229804739e-05  3.295891427e-05  5.815650899e-05 
    0.8045070566                1      1.249189062     0.8097416895     0.7584485185     0.4870877441     0.3908221285     0.3128988648     0.6587811981     0.1958568682     0.1586641783     0.4832299978     0.1242707174     0.1627035274     0.2613684479    0.01647474075    0.01389184193   0.005124097843   0.005182195992   0.001979529205   0.002633112568   0.001357795121   0.001147140555  0.0009938413214  0.0009890426023  0.0006358806221  0.0001345124054  0.0001091710144  0.0001347567719  0.0001347949389  6.847368047e-05  2.225408296e-05  6.961392273e-06   1.64929396e-05  6.276800182e-06 
    0.5959088809                1     0.6725352207     0.9120256738      1.070747373     0.9074020495     0.4017164555      0.592649838       1.05884287     0.1300852164      0.324188559     0.3518240956     0.4846614399     0.6646526208     0.4766012603     0.4598876417     0.2123938493    0.04503423163    0.06693419976    0.04269047249    0.08050114709    0.02618666849    0.04691087927    0.02364182465    0.01519341491    0.02432040889   0.001330163695   0.002030009616    0.01421559914   0.005103178238    0.02318398818    0.01922667868   0.006321033152   0.005277664457   0.001525949398 
    0.6604280215                1      1.062353709      1.084027482     0.6677361134     0.5548014036     0.3636064883     0.6068689995     0.2107411214     0.6498977523     0.4129225199     0.4553597581     0.5323542475     0.2663649152      1.433545788     0.2887315418     0.3068500138    0.02421836999   0.008473848414     0.0244020283    0.01597040211   0.001338341697   0.001528204152  0.0006803699524  0.0002019855023  0.0002097710363  9.637581379e-05  5.898074768e-05  2.454598787e-05  2.733399041e-05  1.734667259e-05   6.85389989e-06  4.292631139e-06   4.39613373e-06   2.87559899e-06 
     0.919829416                1      0.695709707     0.4373232876     0.3014421703     0.2846826942    0.09320561257    0.04346545902    0.03231407421    0.03383431693    0.01837277546    0.01830007561    0.01676468805   0.006437514754   0.004888468859   0.003000083693   0.002589907314   0.002696880756   0.002058588163   0.003131110193   0.001438138594  0.0007045109946  0.0004830164675  0.0009760068899  0.0003184544934  0.0001577417121  0.0001484368208  5.973437345e-05  9.578828341e-05  3.459132179e-05  9.558691298e-06  2.127618344e-05  2.279198697e-05  5.824444626e-06  1.247729686e-05 
     1.592975305                1     0.8401192832       1.02849539      0.793836812     0.4402146945     0.4310649936     0.5054384761       0.34514356     0.1366982738    0.06371977872     0.2043427493     0.2009283704     0.7965170933     0.3084172474     0.1068481179    0.04542449799    0.03650810247     0.3162167013   0.005501698481   0.004589470102   0.002106516169   0.001343110817  0.0009153997022  0.0008918469163  0.0002471340656  8.495108545e-05  9.789067771e-05  3.896414617e-05  3.116983041e-05  1.481693504e-05  6.596236444e-06  5.669630596e-06  3.444459905e-06  1.118542138e-05 
     1.160669336                1     0.7692174648     0.5092506103     0.5896257147     0.7982797773     0.3512697868      0.226602779     0.3393215016     0.4884149003     0.1273461763     0.3328395615      0.464791263      2.555319887      0.722154762     0.1123179935    0.08833832699    0.01187020004     0.1350730116    0.01285867499    0.01321472573   0.001669703597   0.004970284242   0.002092854092    0.00341063146  0.0006905433079  0.0004998271138  0.0002907029967  0.0001206961552  3.132611545e-05  4.213861394e-05  8.710124659e-06  7.550336527e-06  4.496395298e-06  1.294485768e-06 
     1.455862264                1      0.786493166     0.3431503662      0.268163546     0.6405401518     0.3047482443     0.2801603375    0.06744698625     0.1991016513    0.06159280126    0.02803893843    0.01361411096   0.008367163864   0.006656833546    0.03210452992    0.02613178929   0.008729398271     0.1024836007     0.0074698407   0.003623896069   0.005035320275   0.009514047125   0.002639821843   0.003509761873     0.0097338798    0.03881878225   0.008362052934   0.005380328935    0.01114581213   0.005609423563   0.006109861458    0.01589371989    0.04776111194     0.0252477627 
     1.835588582                1     0.9003922734     0.9047763564     0.6704386675     0.2220657373     0.1836516083     0.1889408889     0.1202991373    0.05936130546    0.07967746897    0.07083978449    0.09950440328    0.05428217869    0.09184169523    0.07761097418    0.02421614024    0.01390453681    0.05051655319   0.006661531165    0.00440969868  0.0007797184457  0.0006212020563  0.0004352223661  0.0001747166925  0.0001921719182  7.728803308e-05  0.0001062512862  3.690267628e-05  2.509657269e-05  1.308893746e-05  3.628829344e-06  2.974701137e-06  1.656759692e-06  1.964382503e-06 
    0.5087689531                1     0.7561679727      0.891543028     0.9640128724     0.8642849868       1.60734647      1.088458881     0.2901736583     0.6811139287     0.3092785064      0.293885893      1.165291605      3.419001037      10.35206414     0.5835748188     0.4692774618    0.09791513589    0.03736078564    0.01728691695    0.02309223981    0.03750755149    0.00979377641   0.001859302668   0.000554601542  0.0003529919329  0.0002429820827  0.0001058043183  0.0001474959352   0.000690251078  0.0002770912061  4.496762297e-05   0.000269916426  2.337508151e-05  2.255323853e-05 
    0.6679272617                1     0.5853511367     0.6865228413     0.2412434048     0.2729884011     0.5385606096      0.404193758    0.05756801241     0.1872366552    0.08534900016     0.1270528793     0.1339855271    0.03657835994    0.05560372874   0.009480655906   0.002503755421   0.004903025879   0.002615984844   0.003102526883  0.0007043709081  0.0001862637784  0.0002616188187  0.0001076912449  3.170052697e-05  5.998246993e-05  3.890777977e-05  4.810006099e-05  8.282055542e-05  5.400635348e-05  6.679342783e-05  2.067137608e-05  2.666966411e-06  5.846464528e-06  1.182060898e-06 
    0.9364841816                1     0.6701056758     0.5955883953     0.4430755842     0.2270407748     0.2430471072     0.4395720987     0.2290282557      0.192863824     0.1474314087      0.111212174    0.06884315543    0.06196452621    0.03404788826    0.02101587493     0.1249515141     0.1023823893    0.02742181409    0.02414592439   0.007091700876    0.02487372189  0.0007797495302   0.001286668435  0.0002873126687  5.053937022e-05   5.45609078e-05   0.000111614375  1.968155134e-05  3.173308232e-05  3.635246717e-05  3.484214798e-06  6.809473476e-06   4.41863498e-06  4.689762451e-06 
     0.872367875                1     0.8546528633     0.8401006226     0.5525805626     0.5224888871     0.4520843657     0.2852380721     0.1335324008     0.1248978449    0.09420844929    0.03084643579    0.05445907219    0.02397760471    0.01760551386     0.0129354647    0.01803815825   0.009874113994    0.01349339212   0.007431195152   0.003375887977   0.000672542634  0.0007147994815  0.0002839223562  0.0001301267812  6.847315368e-05  8.478844748e-05  0.0002361904502  5.301203393e-05  5.357153295e-06  3.726757944e-06  1.189009991e-06  7.324796101e-07  1.352106368e-06  4.160404395e-07 
    0.7508715977                1      1.006570508      1.810084292      1.326719385      1.329364331     0.7901810736     0.5385553204     0.5130332095     0.2697470014      0.378768875     0.7201495942     0.2665824081     0.3311716359     0.1144804868    0.07598012813     0.1362294635    0.03647237172   0.006537920315   0.005151797545   0.006123831396   0.003204169945  0.0009498028016   0.000984509702  0.0001750367164  0.0003111732149  0.0002261346041  0.0004869539711  0.0002122618403  0.0002933521355   4.38793168e-05  4.713930735e-05  9.722637851e-06  2.149334585e-05  1.331508313e-05 
     1.068331668                1     0.8007948066     0.3614410496     0.6466945975     0.7543625848     0.4192750058     0.3439016743     0.1822824717      0.084434358    0.01900619931    0.00931227328    0.01331767815    0.02966339597   0.005751075239   0.005184890579   0.002198168447   0.002976355825   0.001988953955   0.001436492422   0.000792770552  0.0006022732948   0.000244993592  0.0001573580159  7.009126284e-05   2.51621956e-05  0.0001064753591  5.253420698e-05  9.642549027e-05  1.581161937e-05  1.771641385e-05  2.994018912e-05  0.0001110727617  6.050063333e-05  0.0001362175128 
    0.4960866172                1     0.5339458652     0.3280889097       1.14813438     0.7685632493      1.181167762     0.6067070595      0.308541278     0.1889013877     0.1241632984    0.03551724117    0.03034368623    0.01430993108   0.003801579058   0.004175093997   0.003195657772   0.004999989171   0.001117738476   0.001347469145  0.0005902243497  0.0005921954589   0.001004706926  0.0009575827759  0.0004284439449  0.0003487799803   0.001204082004   0.000451910351  0.0004222067842  0.0004209324275  0.0002578179732  8.289088788e-05  0.0001488723545  1.018924649e-05  1.556271215e-05 
     2.231339994                1      1.547420516      2.419933285      1.598491002       1.87877085      1.431735743      0.757504739      1.236572467      1.683328187     0.4328056318      2.292027418      0.760268541       0.44717713     0.3167389732     0.5695891004     0.4109409814      1.662915317      1.924659322     0.3183107126      1.283429096      1.340043611     0.7440650203     0.4217018127     0.1292984107     0.2322454218     0.1060904492     0.6107479774    0.05226022218      0.253889264     0.0729368253    0.01460902941    0.02207448686    0.03096686248    0.07029128254 
     2.021675379                1     0.8803513398     0.5944661398     0.7411715595     0.9253918421      1.743204459      1.975674647     0.7451159493     0.9480721148      3.251925588       1.17027993      0.290052258     0.1766328806     0.1167401036    0.04561212337    0.09511845589      0.221232621    0.02328520993     0.0477595188     0.1197639065    0.03097966196    0.02357839289    0.02394818222    0.02028625052    0.01418787461    0.01814378193   0.009173781882   0.004524898962   0.002744516135   0.001416133456    0.00264575097   0.001746880048  0.0006744125282  0.0001983315534 
    0.6522846797                1      1.124370715     0.7889972141     0.4118574804     0.4247641258      0.278662087     0.6344810993     0.6296424477      5.363432423     0.1576997055     0.3884751817     0.4829315923     0.3973877279    0.05485096088      0.170694258    0.03427398916    0.04256939012    0.01163258725    0.02292787977    0.02123838208   0.006687217088   0.006542170603   0.001349763371   0.003219158239  0.0008924577935  0.0004198571001  0.0005333802624  0.0005039754284  0.0001921102313  0.0001030206134  3.252257865e-05  1.728084455e-05  8.213984393e-06  1.570680605e-05 
     1.080583293                1      1.426319955      1.316159018      1.604448801      0.448542328     0.2975586619     0.6600327953      0.165523842     0.1402301101     0.1093638027     0.2261096579     0.1781126009     0.2142703275     0.4070061892     0.2772667326      0.246859714     0.1311463187    0.03578161242    0.02370133236    0.01340160366    0.02743580219   0.008871253784   0.002933073818   0.001709901733   0.002347684084   0.005400269009   0.001169106225   0.001403911456  0.0003338350984  0.0001787445102  0.0001293277384  0.0001312607166  0.0001193144169   0.000196758758 
     0.716451248                1      1.153924814      1.104580145     0.9149971104      1.511894133        2.2845002      1.135949943     0.3403146518     0.3473165614      1.054524816     0.8794374951      4.326502005     0.4103454438      0.308503058     0.2647471779     0.1213242136     0.2579976163     0.4664744997      1.765435573       1.37297904     0.9594469444     0.2769085684     0.3950404827    0.05634708969    0.06226147269   0.009934470176   0.008557354366  0.0004198814777   0.003078099461   0.001608690189   0.003674529505   0.001850372634   0.001099618617  0.0009372173024 
    0.5161200215                1     0.6667742187     0.8583523653     0.8079508355     0.5346728644     0.3524010122     0.6554474739     0.5093246114     0.3988689687     0.2190319751     0.1519222466    0.09609873827     0.1020963183     0.0381589616    0.02050197216   0.008512617767   0.008943896134   0.003907274604  0.0008742126697  0.0009458760812  0.0003552001542  0.0001339914375  0.0001020265718  9.602022023e-05  5.201493412e-05  0.0001690599776  0.0002622504609  0.0001674734485  0.0002401509195   0.001680189698  9.275058654e-05  4.203545242e-05  7.823931857e-05  0.0004565691334 
    0.8593651484                1     0.7243639414     0.3720547734     0.8046240621      0.315366352     0.2450228415     0.1652377942     0.1159789261    0.09411479653    0.04516711082    0.04421700011    0.02075764615   0.009321072443     0.0160811499    0.01153866428   0.008990406872   0.003283896671   0.003048258758   0.006976904363   0.001580711427   0.008899683473    0.01167100986   0.002662250056    0.01124305888   0.007104609187   0.003148658203   0.001106590339   0.001241969443   0.001825578128   0.003548230213  0.0009682466411   0.001293926285  0.0002213221812  2.558268508e-05 
     2.055568836                1      0.916588582      1.487885688     0.7811194946      1.387088162     0.5653075173     0.3719423393     0.4303142347     0.6048562585     0.4409563115     0.2103179216     0.3282043399     0.2933506409      0.316888583    0.08387855805     0.2194536998    0.05716131761    0.03561745567    0.06714419166    0.06046876657    0.07741294242     0.1002799277    0.04377461968    0.01333850502    0.02361830309   0.005920725944   0.009636290049    0.04138612729    0.03746829433    0.01619140952   0.007175994109  0.0008527631777  0.0002648639776  0.0002238961408 
     0.840607916                1      1.023506123     0.9672998711     0.4833285343      0.347132461     0.1905605356     0.2039263164     0.0820663303     0.1028363462     0.2279381054     0.4542775034     0.9978052843     0.7248485332     0.9569349489      2.718679729      0.329288814     0.2294509822     0.2501898679     0.1002084718     0.1051184548    0.01717452105    0.01635810595    0.00430455364   0.002729368714   0.005337195653   0.005032718553    0.04064219324    0.02925521418    0.03699390817    0.02009834634    0.02785086299    0.02342798122    0.02781425613    0.03837156104 
     1.774474162                1     0.6482403555     0.9408724897      2.420994811      3.542910842      4.851843087     0.9672018373     0.7656821982      1.115791206       1.26872714     0.4149440294      0.336811895     0.4679990295     0.8164043733     0.1445572279     0.1408260061     0.1242043268     0.3792332067     0.2532968999     0.3422641552    0.07341497572     0.0276553401    0.01425758375    0.01275105674   0.008235853172   0.004804797805   0.000590281113   0.003304388524    0.06847548487    0.03851687787    0.06399590249    0.06989487302    0.01678252678     0.0123455179 
     1.021046207                1     0.6186040996     0.3000639474     0.2658915999     0.1232611035      0.145148211    0.07425349545     0.1722328621     0.5295993662     0.6699046736      1.471114837      1.310944769      4.771408084       8.38848846      18.96756406      13.83515405       3.26910357      2.913904044      1.445366397     0.4368512914     0.2399264995      0.303648555     0.3507734883     0.4114257633    0.09370343994    0.07824817193    0.07079439042    0.01961733121     0.0232739013    0.03680582576    0.08178064003    0.05775873997     0.0102085649   0.009547119623 
     1.220667867                1     0.2883013594     0.2904992964     0.4134552065     0.4547773128     0.5168157247     0.5108790092     0.7483422656     0.8124636601      0.785548698      1.787645492      8.179464594      1.101423454      1.739939622      1.692915809      2.348111774      1.461095758      5.441760798      2.930961081      1.336383936      1.017858914     0.4193730131     0.3224408156     0.0478124218    0.08974893112     0.1025387398      0.333765138    0.04922647017   0.001124715338   0.007010960262   0.002711147846   0.001708676885    0.00837837474   0.003497206659 
    0.9560547187                1     0.4669522832     0.3150786364     0.2291353408     0.2261165515     0.1839242895      0.220829053    0.07965412569     0.7742713728     0.1709811271     0.1378715363     0.1163428163     0.1309959087     0.5328176723     0.6224290916      3.655936185       1.74694036    0.05952351273     0.0307264234    0.01133453925   0.001313438407  0.0004352278639  0.0003582459566  0.0001294417164  8.998185042e-05  4.913030175e-05  1.301673243e-05   1.59680066e-05  9.854430891e-06  1.368224859e-05  7.904202539e-06   4.74851911e-06  3.059592408e-06  2.744090047e-05 
     1.514726715                1      1.437184203      1.446118009       1.89340375      2.321375917     0.8646004957      1.646644581      3.212553962       6.93488313      12.85987539      8.223191479      3.590810629      1.051542842     0.5130773153     0.4146803294      0.309122585    0.03605460378     0.1680761602      0.166390762    0.06426162661     0.1649005723    0.04434303076      0.110863569    0.01145876422    0.02964222372    0.05724907249    0.06750594469   0.003486767637   0.002283179172  0.0004538640592  0.0006738387272  0.0002188208542  9.605458553e-05  0.0001240585819 
      1.04225517                1     0.8114032773      1.045580849     0.6452231458     0.6222045259     0.4417498706     0.3527944512     0.2302148456     0.1030405619    0.08123971297     0.1082300451     0.2180342897     0.1613627083     0.4902309868     0.1794019946    0.03830352586   0.004969517235   0.002078556785   0.001215049131    0.00146972981   0.000800113297  0.0008507914061  0.0005163345851  0.0003765531652  0.0002163605903  8.617061514e-05   7.54567873e-05  3.832760156e-05  1.133723689e-05  5.079819834e-06  7.434512664e-06  8.525750244e-06  2.328365771e-06   4.28927428e-06 
     1.053891363                1     0.7672625586     0.5024138698     0.2276180743     0.3232035651     0.2464617976      0.198626548     0.1433921463     0.1411052537     0.1249569171    0.06139191591     0.1110434944    0.05178572612    0.05028665683    0.02429580382    0.03338159117    0.01532470698    0.02106247911   0.008694871931    0.00221168246    0.00329455607    0.00167132079  0.0005322008947   0.002043346138   0.001055774425  0.0006120786269  0.0004903733876  0.0002269548084  0.0001225060044  2.648030324e-05  8.617479352e-05  8.063936043e-05  1.289491122e-05  5.641369803e-06 
     1.028139242                1     0.6721531523     0.7923746172     0.7306744942     0.4114077108     0.3006359529     0.4883570508      0.337895077     0.1179695829    0.04079682242     0.0516862066    0.06756462718    0.01365274875    0.01018332121   0.007606705084   0.006026774838   0.002321475744  0.0004872846552   0.001772614716  0.0009335928827  0.0006456203285  0.0008690753392  0.0009148605738   0.001546487142  0.0005043158467  0.0002798430125    0.00105789097  0.0007841311766   0.001750545392   0.001627197255   0.001882520118  0.0009725523095  0.0005174627269   0.000360451987 
    0.8898733965                1     0.9663601152     0.7351580215      1.056763026      1.155316638       1.13256336     0.5540494355     0.6717293418      0.364886415       0.13048751     0.1793129523    0.09934745333     0.2580912053     0.1610540985    0.06704676092    0.08163013141     0.1210251266    0.06962126549    0.02618058589      0.039732689    0.04074253504    0.02725311451    0.01730182471   0.005689618119    0.00920934201   0.009718522075   0.002629504048   0.001784745257    0.00139975707  0.0002662842773  0.0008700596629  0.0003090477781  3.118943926e-05  3.718602246e-05 
     1.146523945                1      1.406219891      1.227767467     0.4796604418      1.424443643     0.2395338873     0.4627933841      1.796503928      1.281800971     0.4740672496     0.2177215907     0.1759476938    0.05818400043    0.07918360752     0.1392025456     0.2436896606     0.1427313503    0.07240916072    0.09548123989   0.006312207872    0.07440367646    0.02780691525   0.005332843154     0.1126905782    0.07617598608     0.1635915447    0.01572207601    0.09915707753    0.02186929113   0.002924434218    0.01174771496    0.03458306504   0.004128010703   0.004937793771 
      1.18417848                1     0.5401744141     0.3152859516     0.4141983547     0.3432058132       0.23155503     0.1910887114     0.1787210193     0.1220423525     0.1373729382     0.1418671797    0.02425789952      0.282387034      0.124878328     0.1025698352    0.02792060704     0.1356556503     0.1551639935    0.06717432561    0.08960406247    0.05660267889    0.04447151427    0.01869187689     0.1116328978     0.1138607009   0.001957237106   0.005016562721  0.0008549715198   0.001135581389  0.0004730361174   0.001477920857  0.0004253953048  9.308061301e-05  0.0002265192645 
    0.5668069746                1     0.4869783242     0.7337226738     0.7037599652     0.6879481822     0.4978460912     0.3627469981     0.4106903818     0.2882558946     0.1471088469     0.1620647863    0.08305462023     0.1007562796     0.1702149181     0.1860737063      0.110313056    0.00646942516   0.009004848571  0.0008193818769   0.001875738724  0.0006531825541  0.0003176360886   0.000223280817  2.121503363e-05  0.0001787642859  5.758626346e-05  6.495633826e-05  0.0001051156955  4.237469701e-05  3.977947197e-05  2.647859647e-05    0.00013352133   0.000193203656  0.0002035342588 
    0.8276824238                1     0.4835253887     0.8259857939     0.3800564571     0.6633117189     0.4432247732     0.2056218303     0.2699213505     0.3748610908     0.1002395023    0.07789321757    0.07495891561     0.3015639349      0.115643936     0.2962012534     0.1047969783    0.03532755583    0.02021039019   0.009436552862   0.003918372652   0.006938893866   0.002846439798   0.004935102214    0.00235784894   0.003743023064   0.005383096476  0.0008396382833   0.001156678996    0.00148538705    0.00156336194    0.01005769455   0.004175261389   0.008164135307    0.01794410704 
     1.369104277                1     0.6120801016     0.5569342319     0.7073264688      0.959942322     0.1490105857     0.2764341893     0.4827347418       1.62146313      1.236932559       1.57870893     0.3342418356     0.9188807566     0.5212162582     0.0561921747    0.01457909999   0.008939232741    0.02931083946   0.008958165787    0.01999072367   0.007231302073   0.008339649667   0.004643315923   0.001500726802   0.004010602944   0.001319342824  0.0001197016015   0.001317188203  0.0005346316465  0.0007168386218   0.001696706422  0.0009870258458  0.0006891593932   0.000370707347 
    0.5745726777                1     0.6957754141     0.4592396555     0.3481828015     0.2601718564    0.09410070648    0.05648022496     0.0950350994    0.07020416187    0.04167188181     0.1336812248     0.5549944953     0.3647748073      0.202861621     0.2961584646     0.5132111454     0.7389265682     0.3655923936      1.022262747     0.6117844868      1.230532042     0.6045713527     0.1346686114     0.2715448145     0.2545072935     0.1816225973    0.03159890347    0.04255836385    0.01443212931    0.02443895291    0.01155224098   0.008890087328   0.004522007689    0.02432058002 
     1.181709326                1      1.237875385      1.661706621      2.579316249      2.266683109     0.8859559466      2.102751668      0.629774121     0.2643354989      1.103292396     0.8849536658     0.1441118152    0.08672476686    0.03179746739    0.06204850025   0.008889230521   0.003868534393   0.002090814151   0.000557544262   0.001413010504  0.0006165250101  0.0009333532779  0.0007392632423   0.005246359539   0.004745749497   0.005983750516    0.01643970938   0.002836803997   0.001072831378  0.0002450832773  9.495715351e-05  0.0001377392115  5.353667099e-05  3.383823109e-05 
     1.074477174                1      1.115113094     0.7651492815     0.8081468323     0.5956468596     0.5533850135     0.6943759812     0.3109325368     0.5688162884     0.1339247602     0.1602946395      0.146918495    0.03577205592    0.02457858645    0.02773793872    0.04263913876    0.02540992086     0.0126644919    0.01900190486    0.02137993454    0.01089689383    0.01119674549    0.02097921387   0.003386452883  0.0005782067091  0.0003420738165  0.0001992104937  0.0002749335162  0.0001023314526  4.987057316e-05  0.0001245035121  5.200590729e-05  0.0001740116746  3.381311614e-05 
    0.9193630625                1     0.6268326738      0.538693407     0.5753791277     0.2491488161     0.1838085705     0.1935590034     0.1034676958    0.07652825212    0.03710019739    0.09799000652    0.08848342501    0.04714522592    0.03544421885    0.01270484174   0.005026948686    0.01470975713   0.006282106859   0.009942859078   0.007633021989   0.006915315257   0.006152195244    0.01207477821   0.003467748668   0.002976703811   0.002419127189   0.005241316726   0.002958939584    0.02039223459   0.004750966124   0.008108431853   0.004360275898   0.001434746948  0.0001418657227 
    0.8652238086                1      1.086287395     0.5408970565     0.6560604235      1.777504398     0.9813421689     0.2210889187     0.5041836162      0.789032679      0.334118365     0.2238499351     0.5194823238     0.1351099324     0.3386437765      0.416112862     0.3699297984    0.08978338137    0.04121653706    0.06345428837     0.0265276605    0.01024541456    0.01253452226    0.01081025667    0.01384312836   0.008415875497    0.01792773305    0.02689683979    0.02442757634   0.005533473493   0.001330170895  0.0009591091866  0.0005047567969   0.001292684777  0.0001818356457 
     3.082419031                1      1.564142504      0.748687867     0.6890609926     0.3220285158     0.4731717384     0.4590943833     0.3001679702     0.2746813508     0.2216773276      0.331005936     0.3025026373      0.643062119     0.4690650155     0.7554378872     0.4569893371     0.3468867291      0.210283548     0.2493522738    0.06671196966     0.1125776649    0.02370250832     0.0404305241      0.032649547    0.01346268454   0.007437691765   0.005051205522   0.002163077183  0.0007287556654   0.001267635181  0.0003763564842   0.001764993272  0.0007181198308  0.0007094149094 
    0.3970189492                1     0.9140093926      1.333448922      1.657734388     0.9752527643      1.087199663      3.779811209       2.25066182     0.2045508066      1.470257175     0.3793050111     0.2436105129     0.1439802706     0.1949565151    0.08739196051     0.1127151775     0.3337052723     0.1931600393     0.2611990873    0.08031564576      1.755664476     0.6654252433     0.8369953248     0.3643211419    0.07354573784    0.00198082921  0.0002160745228  0.0001703740279  0.0001305114416   0.001580910264    0.00260736111   0.005218973026   0.008412955913  0.0006552340214 
      1.60796208                1      1.037093611      2.059201552      1.622426634     0.4834827689     0.2255583153      0.307646099     0.1559723145     0.2468814623    0.04514662141    0.06332534853    0.08331020379     0.2374666148     0.3344771335     0.1393089728    0.02908611723    0.01776000793   0.007328079768   0.002470029446     0.0027222226   0.003984250244   0.004215028227   0.000585603074  0.0002196827645  8.798281465e-05  4.723824487e-05  4.217099521e-05  0.0002662808725  4.796296823e-05  9.139996389e-05  4.703989745e-05  3.407082879e-05  0.0001641566879  1.742629815e-05 
    0.5711352168                1       0.66131825      2.472252292      1.123169353      8.454614508      4.837196882      2.357523449       5.90962885      12.71935618      2.384262679      1.975542079     0.5196356016     0.2208784662      1.032853633       2.81493607      1.575452129     0.1542264202     0.3533674704     0.1661982524     0.2316474723    0.06244509949   0.008909308593   0.001858375646    0.01352645258    0.00344372097    0.00726438702   0.002150357547   0.007503854775   0.001414650089   0.003081214238   0.001332602407  0.0009945794531  0.0007933565701   0.003069514252 
     1.635433803                1     0.7933521836      1.621045958      2.081811235      5.860299465      7.028172468      13.72433073      3.640882707      5.330034175     0.9592560269     0.6964912107     0.3743339746     0.1267079871     0.0776431609     0.1462615918    0.03345333633    0.02433258297    0.01201509654    0.03867060519    0.02493941372   0.008506298861   0.002733770927   0.002457441279   0.002125843024   0.001439501797  0.0007062291646  0.0006106151642  0.0001710690414  0.0002561549471  0.0001196419991  0.0003097571521  9.708467719e-05  3.548264128e-05  1.502306619e-05 
    0.7534286191                1      1.118541771      1.162883195      0.805616689      1.123769699     0.2767260148     0.1257164637     0.1003112316    0.08448800972    0.04900150719     0.0112161189    0.01422388147    0.02675736582    0.01565187122    0.02718412387   0.006835781004   0.004950968901   0.005369785935   0.003800932403   0.003435024997   0.001679447582    0.00133061096  0.0004253526547  0.0002249530079  0.0001587218551   8.00740005e-05  0.0001823537717  0.0008850646698  2.434472199e-05  2.121970859e-05  1.963855461e-05  2.192017675e-05  1.729070521e-05  1.304194389e-05 
     0.760335457                1     0.7002149863      1.157400516     0.7955860249     0.3524942617     0.2101720736     0.1425332249     0.3021737901      0.105155268     0.1105464456    0.08954040154    0.02663326918   0.008045848357    0.01217944246    0.02530454779    0.02148424823   0.004254223996   0.008642091366   0.001735054195   0.007321300521   0.003617293161   0.005182074801   0.008193223631    0.01377738811  0.0008671559549  0.0003585509058   0.001884022764  0.0002992014499  0.0003065642729   0.000105555382  0.0001353222752  0.0008161803508  0.0003372882313  7.849491652e-05 
    0.8877880586                1     0.7101179785     0.5332150981     0.2038686487     0.2868637732     0.1515829566      0.186730241    0.08347711318    0.07246005504    0.04178119512    0.01592904406     0.0142037815   0.004285384159   0.009817912291   0.004564266111    0.00230145487   0.002639539119      0.011716404   0.006028436106   0.003161332985   0.001253546588  0.0004558930879  0.0001418608108  0.0001853741755  0.0004589407025  0.0001751817164  0.0001484162569  1.328427658e-05  5.856565677e-06  2.512052362e-06  3.166253205e-06  4.705361922e-06  1.060000793e-06   9.23250058e-07 
    0.7305854355                1     0.7004965684     0.7056898395     0.6686356317     0.3988643619     0.3587277995     0.3342769341     0.6601096627     0.5502443819      0.639146267      3.176357165      7.214386906      1.175643918      16.49182817      13.82649062      12.08023293      1.116351508      1.898710743      1.219250931      2.299352486      6.917882202      1.592755428     0.4636278141       1.31061021     0.2477751782    0.02528108888   0.001822181608   0.001710046275   0.001727923467   0.001499086845  0.0001918640071  0.0002179051232  5.166329251e-05   2.61820575e-05 
    0.9811832266                1     0.8419131426     0.6324512384     0.8437672432     0.2344471494     0.2275741141     0.4742744063     0.3017976788      0.233805399      0.103118921      0.295228792     0.1552175595     0.1276258916    0.08895072085    0.01912512734    0.03801174572   0.005358106134    0.00371998724    0.01023307033   0.005045273208  0.0003517476852   0.001097864434   0.001182216449  0.0005331133476  0.0004507697272  0.0004696502128  0.0007738731673   0.001690684228   0.001837816029   0.004617478552   0.006068573866   0.003703400552    0.01165608985  0.0008796814489 
    0.7638190625                1     0.6283818047     0.3711804068     0.4255144225     0.4324710452     0.3645967676     0.1210959954    0.07968864767    0.04939008659     0.1402225198    0.04010604798     0.1321087215     0.0395099683     0.1243162029     0.1362281573      0.291072167    0.09833842028    0.04729319687     0.2061425335    0.03146095779    0.01190773349   0.004632555307   0.002160420617   0.003741345585  0.0003861671212  0.0005877509625  0.0002639067648  6.486092253e-05  0.0001226371625  0.0002180738061  0.0002225776666  4.448807298e-05  1.192715774e-05  6.405560161e-06 
     1.001412551                1      0.913914377     0.3418008527     0.4865314597     0.4741166867     0.1407779835    0.06997238279     0.0701977108     0.0752365555    0.02513735539    0.01514474426   0.008836746463   0.007997770564   0.005484576906   0.003107205781   0.003215562066   0.002602537987  0.0009346613033  0.0008442523876  0.0003481243952  0.0001793692899  7.879263113e-05  6.897112178e-05   3.49849381e-05  1.202866674e-05  4.884971614e-06  2.945711326e-06  1.062350398e-06   5.80020336e-06  5.973604811e-06   1.40894535e-06  1.290803286e-06  9.008718736e-07  1.073234427e-06 
    0.8567423984                1      1.073513834       1.39199812      1.308017903      1.433762211      1.356380575      1.202040708     0.7470508855     0.4311128385     0.5178808015     0.8291479709     0.3024201782     0.1879706934    0.08989451471    0.05064714019     0.1086748456    0.03266694298    0.02743607303    0.00941083118    0.01366491285   0.006257709573   0.001125388164   0.003448175178   0.000379667044  0.0009578864094   0.001476039165   0.002059106847  0.0002824847437  0.0002956354533    0.00119497743  6.435245674e-05  0.0001213314807  1.942368465e-05  8.752438431e-06 
    0.9168564004                1      0.979954666      2.018485335      1.145267581      1.231458101     0.5203834572     0.5705962995      2.738613987      1.138611159      0.134695349     0.1063906436    0.04846526159    0.02459629289    0.02513997731    0.01837940779   0.009399807051    0.01847340868   0.007130568427    0.01001420427   0.004112255585    0.04522284489    0.01628366094    0.00159724959   0.000174407183  0.0003437209932  4.863001623e-05   6.07002464e-05  6.432035985e-05  4.839913637e-05  0.0001554023357  0.0001116228328  0.0001599432948   8.83926085e-05  1.513306645e-05 
     1.158651707                1     0.8126187285     0.3561991683     0.4615894784     0.3001781223     0.5248288657     0.5120604553     0.5513654048     0.5221359066     0.3587738482     0.4032015608      1.082287429     0.5829757694     0.1100772783    0.04599264344     0.0239476983    0.03872405337    0.00741976847    0.01847158277   0.007774761872   0.004470581108   0.002489406227   0.001566705846  0.0008059548606  0.0004594489218  0.0001455350332  4.809095362e-05  2.203480653e-05  4.499113225e-05  6.514799045e-05  5.663566514e-05  4.998506542e-05  4.597772447e-06  9.963635457e-06 
    0.7827391035                1      0.482615209     0.6959152333     0.8919321248     0.7058573786     0.3845723731     0.2885714175    0.06753448734    0.05735864218     0.1184396823    0.04451533679     0.1447937483     0.1170135145    0.06254530127    0.08275753973    0.01763292773    0.03588213215    0.01876957623   0.009587506955   0.004349164824   0.002167841973   0.004144067207   0.004646744364    0.00218141571    0.00502430373   0.001884504948   0.001461396784  0.0004385308698  0.0004976218859  0.0003535601093  0.0004562255214  0.0002525614615  0.0001750272167  0.0004751368044 
    0.8368160586                1     0.3667222676     0.3246829056     0.5052132128     0.2346119926     0.2468245933    0.08197011986    0.02625585654    0.05425331765    0.01754586314    0.01323491169   0.005794743916    0.00608485538   0.005548655798   0.002000085025   0.001484556137   0.001419254348  0.0006327571565   0.000844687932  0.0008209719144  0.0004286504631   0.004343678153  0.0004690290189  0.0009611813966  0.0001770599983  2.182861133e-05  1.976932905e-05  1.178710617e-05  1.539634004e-05  1.654300529e-05   2.87735756e-06   6.00926507e-06  2.195006978e-06  1.302078951e-06 
     2.383158992                1     0.5877586855      0.728853123     0.4930621404     0.3897890939     0.2725708626     0.1563198381     0.1298268779     0.1238891729    0.06966471775    0.04194513869    0.03163552297    0.05783852683    0.02498078237   0.008222184549   0.006413995108   0.007127457226   0.007364422412   0.003360562644   0.002279688647  0.0007272240838  0.0005661930088  0.0001174943038  0.0009229843006    0.00123923889  0.0009849483808   0.001259633634  0.0004127504545  7.670915544e-05  0.0001022830194  5.509693852e-05  1.576135206e-05  8.495769919e-06  5.940658312e-06 
     1.381142129                1      1.601504102     0.9039521591     0.3945829688     0.4690950873     0.6851440537     0.4136622199     0.1763469696     0.1922006818    0.08982732228    0.08512376428    0.02270655323     0.0195681322   0.008185794656   0.003882763488   0.002054105308   0.001706635826  0.0004055097599  0.0004354761571   8.62719528e-05  0.0001023461809  0.0001405438627  7.524993333e-05  7.631744738e-05  6.160763167e-05  3.992618212e-05  7.094390774e-06  1.957367185e-06  8.590461082e-07  7.164711027e-07  1.894784506e-06  6.012723232e-07  4.228430413e-07  1.237522253e-07 
      1.13583448                1     0.4776093398     0.3492677784     0.2762462022     0.2602182834     0.1008195882    0.04604978799    0.07030303911    0.02706031515    0.02942342144    0.03503647935    0.01916580902     0.0505253509    0.02249195037   0.007999003461   0.001478904929  0.0002276149144  0.0005515814849  0.0001639561919  0.0001640627337  0.0001792087549  0.0002408985428  0.0002290330307  0.0005842961344  0.0002210052505   0.000475239382  0.0001312133813  5.275584509e-05  0.0001114010472  0.0003217214296   0.001833983659  0.0006067549058  2.386293427e-05  1.679781904e-05 
    0.7351594648                1      0.554355832     0.4210537095     0.4714130505      0.580328245     0.7444303768      1.153041111     0.6205522452     0.3898848558    0.04721149495     0.1005958376     0.1815794556    0.03769579131    0.03762468323     0.0261491053    0.01659073127   0.003942975548    0.01677006148    0.05082003748     0.0057009994   0.001813047504   0.005746631057   0.004283538465   0.001608935089  0.0006202316685  0.0008207652529  0.0006897811353   0.000370938618   0.000146402876  8.850015767e-05  7.255602682e-05  2.259570482e-05    2.1746373e-05  1.831445307e-05 
    0.8747330625                1      1.271602533     0.6153052821     0.7764650893     0.4638394005     0.5883457965     0.3204218196     0.3159204799     0.1634950788    0.05884391745    0.08377607414    0.07064595204    0.03595684198      0.020508919   0.004277884546   0.002002906643  0.0007026990317   0.001204021606   0.001264991335  0.0009795018866  0.0005139520323   0.001648149078   0.001934500712   0.002513504808  0.0007274405871  0.0004015074437  0.0002111614974  4.309482244e-05  2.872697898e-05  3.091941786e-05  1.983263556e-05  1.835320388e-05  6.451497614e-06  5.831636124e-06 
      2.03782548                1     0.8633836895     0.4505094355     0.2955332472     0.2722499875      0.089096036    0.07564912718    0.08973221813    0.05738393302    0.08779687057    0.06128498411    0.02787367477    0.03547690577    0.02566205329    0.03148446179    0.01867570428   0.005751222988   0.009400782642   0.008796020123   0.002288031952   0.004288349372   0.003157433039  0.0006914181707   0.002462562623   0.003258300637   0.002554928156   0.006820625626   0.006281298894    0.02493998488   0.003012867916   0.007424863166    0.01580453721    0.00343595949   0.004628823649 
    0.9404418223                1     0.8398780547      1.509874798      2.130236351      2.897163741     0.9967486909     0.7147418683       1.14198412      1.009151424     0.9606244115     0.5221369475      0.144372505    0.09124789861    0.05632232456     0.0442864253    0.06778580828    0.04566143598    0.04193356414    0.01753457195    0.01695221502    0.01340413571   0.003966745959   0.001983928756   0.001359818355  0.0008711942203  0.0006844860099     0.0003664112  0.0001606553298  0.0007180312682  0.0005174104892  0.0004350019141  0.0003941691461  7.984794082e-05  0.0001925595842 
     2.267175746                1      0.830885957     0.8759497917     0.3180047034     0.4358023566     0.3778817566     0.3225630458     0.1452159276     0.1382122588       0.08217449    0.09296357493    0.05809233858    0.05016916506    0.03662549182    0.01309377433    0.02332090958    0.01017233015   0.005377816189   0.003492488537   0.003488197669   0.005606687038   0.006023707864   0.003068928033   0.003304627424   0.002720806066   0.001210934724   0.001006024651  0.0009190900482  0.0005757288928  0.0005953045699   0.002704985019  0.0004724384107   0.001831198787   0.003165975484 
    0.9046039805                1      0.333076293     0.2841838337     0.4576274478     0.3387368115     0.1355641453    0.08153234657    0.08007601063    0.02052378413    0.01529941789    0.02123828436    0.06529941976    0.09552655917    0.07445325217   0.007339558553     0.1218957285    0.08926479485       0.12747703    0.02428586563    0.01328392276    0.02326203203    0.01020717598   0.002357235818   0.004939501154   0.002062328769   0.000427966085  3.558393663e-05  7.699955417e-05  3.666695004e-05  0.0001269613193    0.00324806267  0.0002627844151  0.0001512701211  3.960715182e-05 
     1.087545334                1      0.919854127     0.8788559858     0.7012318436     0.4882328425     0.5813267016     0.3602093362     0.1485261454    0.09797074678     0.1259577103    0.08115503156      0.041831511    0.02007861471    0.02611182394   0.006882444669   0.006711606214    0.01102907363    0.01566691352   0.009800442883   0.002927616935  0.0008079421901  0.0003133392739  0.0002130623035  0.0001193840759  4.935986058e-05  6.592777297e-05  3.950511797e-05  5.492441281e-05  4.431077296e-05  5.471403357e-05  4.300091823e-05  0.0001134764437  4.374255425e-05  0.0001496483564 
    0.7866773418                1     0.8686558594     0.4641531681      0.811769314     0.4723600753     0.8449837176      1.305119649     0.9072326527     0.9023756655     0.2322079686     0.1281348258     0.2332605954     0.1463561764    0.06404255743    0.04153282602    0.06120948659     0.1121301895    0.09578976539    0.04128879437    0.01458543492     0.0156039597   0.004603970222   0.001089032673   0.001974069276   0.002137170358   0.001405640579  5.403754991e-05  4.212636053e-05  2.163623355e-05  2.970255435e-05  3.134761658e-05  9.285025528e-06  9.951098971e-06  1.468649449e-05 
    0.6353602441                1     0.4963231895     0.4768000337     0.4437724633      1.373698543      2.128390981      2.634267601     0.9303615345     0.9779767556     0.2200110358    0.03271497071    0.02807012998    0.01142198425   0.007669113708    0.01159110996   0.008299496474    0.01544079719   0.002797540634   0.006669464195   0.002382094517   0.003984294824  0.0007877082331  0.0004939892713   0.001598752418  0.0003754871353  0.0007673155605  0.0002894426503  4.656439084e-05  5.835697965e-05  2.039183525e-05  2.038463551e-05  4.221897816e-05  5.060945031e-05  4.150153669e-05 
     1.753098422                1      1.067624625       1.18066024      1.755673694     0.9945892425      0.687187952      0.754627542     0.6292036254     0.8982505228     0.3399182775     0.4157287211     0.1759526428     0.1434100366     0.1651246628     0.1530455127     0.1288520107     0.1302053668    0.04687635985    0.01685359768    0.01066322573    0.01763155509   0.007521294319     0.0129524308    0.01449369568   0.003105899863   0.004581069456   0.001948010071   0.001625079642   0.001309740646  0.0008414899117   0.001003717801  0.0007537461371  0.0005245606655   0.000879675941 
    0.6787699492                1     0.7863271094      1.198234667     0.7591976693     0.6573444553      0.531715537     0.1573706859     0.4423667543     0.1598703391     0.2156964251     0.1285730553    0.06832790951    0.04859703687    0.05889887875     0.2868485326     0.2495375651     0.3769442039     0.2975546442     0.1888636497    0.02034010181    0.09822614636     0.1127442698    0.06186171157    0.09340596434     0.1046207671     0.1872313588      0.232017179     0.1401588646    0.04508679476    0.08651477597     0.2641001408     0.1460922678     0.1862580814     0.0375147164 
     1.244030695                1     0.8445714395      1.459212354      1.383752921     0.4648454256     0.6668978336     0.6848544758     0.4043494742     0.1348941861     0.1459206427      0.116989975    0.08183674579    0.03847624321       0.30733102    0.01092101195    0.01173686754   0.004410016936   0.006030838129   0.006809746199   0.006304320751   0.006158908816   0.003380052268    0.03062514802    0.03648160973    0.00980536572    0.01200069612  0.0008848729272   0.000368046985  0.0001328887568  0.0001182422082  0.0003265284589  5.814474086e-05  3.113271649e-05  5.659633438e-05 
      1.05773367                1      1.284064486     0.6620578963     0.8556338676     0.5091646729     0.8202218288     0.6924303167     0.2019848718      0.078776355     0.1409351827    0.05022325995    0.01858311248    0.02661735207    0.02690643692    0.09000588948     0.0120135642    0.01121994729   0.009536721165   0.001227299029  0.0005413807101  0.0001868037436  0.0001069243066  0.0001410310957  0.0002514830692  7.841057305e-05   3.44169453e-05  1.078439492e-05   2.94987618e-05  2.276268391e-05  9.900614877e-06  6.977064689e-06  9.248783318e-06  5.605358172e-06   5.05797365e-06 
     1.310777461                1       2.11223609      1.655134141      1.064286556     0.3912711655     0.4860043753     0.2780642555     0.1212616639     0.2816558405     0.1465301903     0.2115107543     0.1004820604     0.1488715347     0.1222747979      0.304474246     0.1950583583     0.1258947097      0.174226915     0.1758274797      1.259568417     0.6532960383    0.08464613913    0.01223502668    0.01778999452    0.00984580679      0.016760308    0.01818771382    0.01515862473   0.005790582794    0.00943614458  0.0009723306879  0.0005023091883  0.0001076112344  0.0001219962487 
     2.567374633                1     0.8178140938      1.013576676      1.047563935     0.8417391157     0.5352542265     0.4499289144      0.202960682     0.1198000971     0.1069090223    0.03022157193    0.05524032652    0.02059994159   0.004163428275   0.004184277618  0.0008035698494    0.00174662467  0.0007765664272  0.0003477553478  0.0002888765783  0.0001346515996  7.288367096e-05  9.684201064e-06  9.488434552e-06  7.598431515e-06  6.544349393e-06  1.750889377e-06  6.190939005e-07  9.286981991e-07  7.948969942e-07  7.367976421e-08  6.183258966e-08  3.815068953e-08  3.403677811e-08 
      1.99620352                1     0.3716496582     0.6418318423      0.734547188     0.9455953017     0.6071874883     0.3902430071     0.5325477804     0.7227644234     0.2530614302     0.7874637037     0.1833714226     0.1939527325     0.1856804346    0.08939032167     0.1805267433      0.314333693    0.04867083981   0.008756820741   0.002920782528  0.0006887962711   0.005121199893  0.0005497804054  0.0008865148471  0.0004803876107  0.0003020596686   0.000314248307  0.0006133380035  0.0001376006394  2.059823226e-05   2.97224986e-05  4.741096356e-05  4.302952853e-05  8.286822774e-05 
     1.144449467                1      1.033524684     0.5777838046     0.3250034228     0.1794436312    0.06610665184    0.06467964709    0.02688849749     0.2047649361       0.13284336    0.01343916104     0.0159425558     0.0132541714    0.02164152947   0.002725535689   0.005421984619   0.003630672483   0.001301203189  0.0002735023975  0.0001912899348  6.390062352e-05  5.631403378e-05  8.607240292e-05  8.939841038e-05  5.712523882e-05  2.752804915e-05  1.543083606e-05  3.513964528e-05  2.824631718e-05  6.456661126e-06  2.368383696e-05  2.960992793e-05  1.540952582e-05  9.330849882e-06 
    0.9876885859                1     0.6538465996     0.6082099603      0.269020896     0.2013719864      0.117203108     0.1473127296    0.02956169664     0.1019661016    0.03360192286    0.03860273558    0.01857181864   0.009967826624   0.001812309134   0.004515345172   0.001254324668  0.0009512905822  0.0008197320045  0.0007990682911   0.003997006301   0.000542902091  0.0002272240088  0.0001479180816  6.639241557e-05  6.909016705e-05  0.0001592279283  0.0002822351419  8.511986922e-05  1.439644979e-05   6.50176882e-06  6.358335634e-06   4.20449502e-06  8.363401327e-07  1.366840557e-06 
      1.14414041                1      0.424399002      1.030233531     0.5220965713     0.2323546195     0.1527486195     0.1026601638    0.04541289992    0.04713013434    0.03594165529    0.06520315419    0.05681859075    0.02488228216    0.07684854004    0.04580839914   0.005331776624   0.008236447766   0.001536879165  0.0005333174441  0.0006544614818  7.414798261e-05  5.389307327e-05  4.562223631e-05  2.132193477e-05  4.543141562e-05  4.958440459e-05  2.345516406e-05  1.217601232e-05  5.249924721e-06  4.547867555e-06  1.367617094e-06  4.731788515e-07  2.936141501e-07  3.967376076e-07 
    0.7271126016                1     0.5962720332     0.2851819332     0.2734275995     0.1934479115     0.1427507285     0.1542586506     0.5423572984     0.6510727738     0.5459012346     0.1889041192     0.2445614623     0.2882852768     0.4517023432    0.02850829515     0.0276264658    0.01646108377    0.01728169114   0.009907883912   0.006136381915    0.01054812898   0.006821567934    0.01090554485     0.0148682863    0.01098912816   0.003983887916   0.001581043053  0.0003775817692  0.0004956349273  0.0004109927527   0.001796703037   0.001819925698  0.0006461746599  4.162305599e-05 
    0.9089570898                1         0.650578      1.279263371     0.6858835045      0.393428959     0.2481441879     0.1546924224     0.1042713234    0.09797582174    0.04281140836     0.1769661243    0.03260975725     0.0436526883     0.1264071702     0.1253966465     0.8632569684     0.2305515459     0.5763431041     0.2253909206    0.08588346387    0.01575946062    0.03603584378    0.05054061202    0.01811656296    0.01849195359   0.008939053594   0.001766403222    0.00159978858    0.00641378156  0.0002503321814  0.0002644892925  4.982796236e-05   4.40005414e-05  2.997113236e-05 
     1.235657984                1     0.6106945781     0.6092402239     0.2248656306     0.2534214927      0.213211729     0.1540933558     0.1522833186    0.08403797368     0.1854778772     0.1000888325     0.1517100943    0.08443174241    0.05238916061    0.07346232133    0.02824251637    0.02789334123    0.02668197879    0.02736919116    0.01630831373   0.005193358172    0.03604499999   0.003470170515  0.0006579748487  0.0003201072638  0.0002967518393    0.00032436047  0.0006072591773  0.0003041877427  0.0001234141235  4.436151262e-05  1.983294921e-05  5.409281581e-06  2.849641252e-05 
    0.7461181875                1      1.002316672     0.6471033987     0.3360581627     0.3535751083     0.2792651586     0.1339093131     0.1306133326     0.1593207348    0.09915731406    0.08313624241    0.08526107941    0.01129844948     0.0139009181    0.01075094781   0.003503736931   0.005287133351   0.002372726183   0.003240550252   0.002850141457   0.004510261017   0.001635533562   0.002614066375   0.003260518884    0.01304357017   0.008723738239    0.01437110418    0.01705653385     0.1512545805    0.06228786807    0.02892303435    0.01396839112   0.001819094513   0.001250746359 
     0.828357377                1     0.8092553105     0.8600147112     0.5398858348     0.8792446618     0.4190290877     0.6389068183     0.3456944479      0.115947521    0.05155121317     0.1397084524    0.02012980497    0.01264075344   0.006042904169   0.003993543236   0.003284284074   0.001756988041   0.001948919159  0.0007203082537  0.0004406255011  0.0002165620635  0.0001964974832  0.0001497257413  3.077608336e-05  4.410808959e-05  1.757629827e-05  1.205774384e-05  1.315525648e-05  4.663223018e-06  1.079759223e-05  9.432181884e-06  1.369080788e-05  7.649785701e-06  1.795803931e-06 
     0.665065875                1     0.6543127852     0.4692422782     0.2027527837     0.2089137505      0.216005433     0.4583640005     0.1047988092     0.1521304383    0.09198506526      0.139478257     0.1797266881     0.1276155589     0.1151308549    0.09089505405    0.02353425296    0.01896339458   0.009879921839     0.0106946736   0.003328937291   0.004150429156   0.002706289037    0.00518832769    0.02069298043    0.03553906632    0.04349857064    0.09138827087   0.009821285309   0.003447370257  0.0006712341722   0.001303912732   0.003865654088  0.0001746818352   7.28980451e-05 
    0.7043916895                1      0.820163082     0.8020536243     0.2993558172     0.2406821434     0.2915600526     0.0775466984     0.1202155492     0.1061074468    0.05159978413     0.1730169366    0.04793672761    0.05503709911   0.007607852654   0.003848540968   0.001648239301   0.002730876394   0.001637657179  0.0008981071437     0.0013949296  0.0008448772536  0.0002907441091  0.0005944673958  0.0001583770864  0.0001325620898  0.0002289594798    0.00191822354  0.0006435008634  0.0004188476229  0.0003286186252  0.0002213018577  3.242437335e-05  5.038710252e-05  1.681369896e-05 
     1.045748273                1     0.9404195703     0.9592418796       1.03765449     0.6853073369     0.4087473501     0.1269987801     0.6063927979      0.241443787    0.07293579744     0.1636622372     0.2643884644     0.1959533941     0.7289837828     0.6627361823     0.1583509031     0.3487172261      2.222621766     0.4816025447     0.2238960202     0.1300545258     0.5196817916    0.03954116561   0.009029530069    0.03347178847    0.05318201414     0.3390934186      0.992576175      0.289078768     0.3097452499     0.0479856016   0.007758116858   0.001558631458   0.001008612205 
     1.471197129                1      1.040914619      1.449857836     0.2738487313     0.2545646717     0.4591080288     0.4602305517     0.5247572632      1.104494425      1.502971712      9.237147506      66.62169974      1.110877941     0.1979862717    0.03053655029    0.02261792967    0.01529503746    0.00530207843   0.001933034744   0.003179918798   0.007029400163   0.001960118046   0.002109264338    0.01498953529    0.00281553239  0.0005600469538  0.0003531887072  8.099917386e-05   4.08732672e-05  5.457354223e-05  3.666465685e-05  9.745373638e-06   2.56249197e-05  8.967762861e-06 
     0.847983498                1     0.9039545938     0.5419290034     0.2082692169     0.1371048443      0.287364051     0.2986618951     0.2185595328     0.3222097354     0.1453222398    0.06942226072    0.02992579425     0.0368123624    0.04425415624    0.02392748212    0.03405575241    0.01329937788   0.006819856073    0.01097467275    0.01615208672    0.01807135834   0.005666086791   0.004603456579   0.001163478211  0.0008918972306  0.0002288728657    0.00022415157  0.0002174993396  9.932885818e-05  6.229699299e-05  3.793128999e-05   5.98339269e-05  3.413764009e-05  5.769504871e-05 
     1.323836332                1     0.9525832461      1.429127628     0.6450083321     0.4158201777     0.6763040171     0.5041786029     0.4046863211     0.1529280383     0.2914730499    0.05933565532     0.1297118687     0.3894155326     0.0352359069    0.07940707488    0.01214922222   0.004633180888   0.004891904052   0.002680471255   0.001014029628  0.0006669381138   0.000402630974  0.0006814492475   0.001138981255   0.001737018958  0.0009426976545  0.0001253640359  8.216120999e-05  4.731713377e-05   7.48555322e-05   3.34135442e-05  6.968850286e-05  0.0002766804924  0.0001149303435 
     1.309590016                1     0.4361887363     0.4284882063     0.1630447904    0.09406815595     0.1062759616     0.0761242155     0.0553418337    0.06367590478    0.05232469201     0.2620798593     0.6828624423     0.6565519881      0.182826365     0.1146378014     0.2975520072    0.03226786106    0.01906792412    0.01151122822   0.008164537155   0.005996780214   0.008989790205   0.006735992472   0.003795883802   0.002320794272   0.000448092113  0.0008959701034   0.001297248154   0.002770751444   0.005431152926  0.0002660998191  0.0001130111765  6.138483563e-05  2.479274066e-05 
     0.921901625                1      1.005055506     0.8759349297     0.8832822534     0.4314853688     0.5073064428     0.1480900221     0.1822031941     0.2013082259    0.06823080534    0.06657244474    0.03399956862    0.03471688535     0.1200424633     0.0597977355    0.02095772272    0.08090964231    0.05106532571    0.03288787186     0.1459977652    0.02277077255    0.01269426885    0.02115195679   0.006203152631    0.02628970247   0.007246089032   0.004980284614   0.004641181712   0.001196674761  0.0008909931279  0.0005220155397  0.0002476621194  6.363633667e-05  4.567207648e-05 
     1.058571887                1      1.085611639      1.549668412     0.3765105044     0.1805124903     0.1692179042     0.2408061615     0.1590443379    0.05835649327     0.1044055868    0.09644987904     0.1252592039    0.08644615195    0.01848435169   0.007154034783   0.008932341299   0.008248559039    0.01422185968    0.01278288865   0.005170109325   0.002106849453  0.0006328649806  0.0002224709272  0.0001996711777   0.000294300594  0.0002811748759  0.0001240165609  0.0001124932377  1.694684155e-05  5.572743784e-05  2.462007317e-05   2.80911668e-05  2.322584267e-05  3.976703266e-05 
    0.9357196797                1      1.569944576      1.349105488     0.6191494354      1.461038651      1.335619464      1.657973148      2.251166031      1.126947164     0.9586989476     0.3519048374     0.2731579051     0.1412188492    0.09021403603    0.09005651575   0.007717054134    0.00500219953   0.003443455541   0.001510049088   0.001639973055   0.001871820777  0.0007369741815   0.001003205211  0.0004863906718  0.0005740207581   0.001038484268  0.0001781280648  0.0005191727933   0.000954650288  0.0002610484694  3.019460381e-05  6.346459037e-05   1.68242695e-05  1.398799062e-05 
     1.348230596                1      1.073838895     0.8189299541     0.8226960955     0.4313164364     0.4417052853     0.2041205334      0.408472546     0.1289260169     0.3363977934     0.3802282807     0.1856367082     0.1070410291     0.1553160285    0.02626731122    0.03808803666    0.04239640703    0.04537979763     0.1040594414    0.02661352281    0.01208227386    0.03038679246    0.01309907014     0.0171117583     0.0414063858    0.01254972588   0.002433080746    0.00545331019   0.003525857136   0.001644204586  0.0003209093591  0.0001965889523   0.000121138586  9.947662217e-05 
     1.022617131                1     0.6993770059     0.5247150433     0.2860160487     0.3208574744     0.2473213092     0.1357983965    0.07827821059    0.08656743025    0.02961445595    0.05068456452    0.04262894449    0.02609433853    0.02289636118    0.01610549971    0.02440972918    0.06752205084    0.01550050656    0.01859904869    0.02423254473   0.006215264217   0.001070944574  0.0003554772711  0.0004684507887  0.0001394084907  6.790262294e-05   0.000193514971  0.0001573414161  9.711364192e-05  6.207740505e-05  4.458124162e-05  7.462352233e-06  4.256282002e-06  2.639984622e-06 
     1.209048801                1     0.8272679102      0.632604121     0.3426503049     0.2952717661     0.2214968789     0.3117839967     0.3308475423     0.2495961277    0.07403997056     0.1014433976    0.06582313387     0.1096086004     0.1874963427    0.03572053934    0.06867609236    0.03348194958    0.06465584435    0.07572383257    0.01634718128   0.005531512655   0.006662241168   0.003601821505   0.002303011196   0.006335338715     0.0155629114    0.01737170674    0.03191429397   0.003480365278    0.00381722673    0.01630152028    0.02717070008     0.0075351322   0.003438406292 
    0.6067958457                1     0.8035231855     0.4645697088     0.4886777918     0.9923907304     0.5422133616      0.957115983     0.3929601467     0.1228113522     0.2256442669     0.3902612326      1.392469991     0.1305344213    0.05005757339    0.01321517424    0.02273029569    0.01252429198      0.040307686    0.07542100306    0.04233791288    0.01712026179    0.01700840709   0.009310835035    0.00510334685   0.002608321797   0.001311770863   0.001616866827  0.0004527096229  0.0002696684782  0.0003299025535  0.0002246011014  3.764681087e-05  2.758334824e-05  1.162091908e-05 
     1.402257617                1     0.9628809414      1.087161649     0.4525865292      0.274213588     0.1617810224     0.1383325368      0.212792437     0.2547491606      0.218025422      0.313362512     0.1648964421     0.1155560721    0.02955055836    0.02809043009   0.009389430369   0.002384666156   0.001507417757   0.001723334465  0.0005635722608   0.001138168272   0.001015681937   0.001978189915   0.005042958022   0.003913101504   0.003297363427   0.005403827568   0.004511283937   0.004045082492   0.001029546824   0.001200498742  0.0002820405502  0.0001689150779  6.495966266e-05 
     0.947731832                1     0.5606031504     0.4646711292     0.3635194511     0.5528229264     0.2642137285     0.3331642766     0.1506852083     0.1873785711    0.04998755879     0.1184629747    0.09910238118    0.03388061672    0.00653490953   0.005828927387   0.008423922343   0.007475293201    0.01046987266    0.02965454591    0.03799043696     0.0161379477    0.04195292504    0.02098964011    0.02206134483   0.008553573993    0.04197954247    0.01262217183    0.03135772681   0.002358792661  0.0006281226882  0.0001085385569  0.0002282671097  2.455080847e-05  4.678640609e-05 
     1.331933033                1       1.05472607     0.7697293066      1.181205527      0.418048046     0.3560765513     0.3989587502      0.523750876     0.1617849215    0.08274695163      0.074761487    0.05710303458    0.05127276721    0.05811343911    0.02548136946    0.02309585764     0.1544352308     0.3251464005     0.2290470951    0.05868816681     0.0796708826    0.05959622328      0.058140759     0.2899821117    0.07047757706      0.166232445    0.06674174931    0.03262524896     0.1004319029    0.03857974904      0.160153263    0.06071963037     0.0243552165   0.007730192897 
     1.054607477                1      2.020560676      1.973858267     0.5780452837      1.312545511     0.7593468626     0.7490754626     0.2058389971     0.1443150048     0.2483873923     0.1246324071    0.05476908759    0.07585109963     0.3597730405    0.06980661652     0.1141841902     0.2983700589     0.6408310829     0.1990262969     0.1556595005    0.04594611094     0.0158386707    0.01877043885    0.02158606095   0.008274665989    0.01797928876    0.01510958642    0.08766676376    0.03537067138      0.297426157     0.1693849156    0.04920612247   0.009442488714    0.01085249719 
    0.8491821816                1      0.489386416     0.6740220815      1.058332087     0.3114927673       0.28154621     0.1213053533     0.3989395098     0.2988312514     0.1892925078     0.1978717935    0.02022108185    0.02888974031   0.005062505028   0.004874611002   0.003089421618   0.004954264301   0.001337735912  0.0004088898244   0.000344995117  0.0001221966682  8.932802759e-05  0.0001351007872  0.0001052601105  0.0001419263894  6.321061752e-05  1.262382844e-05  6.937635327e-06  5.423345402e-06  6.817818766e-06  2.851690695e-06  4.773650423e-06  3.658077527e-06  1.786523292e-05 
    0.8547264766                1     0.7129686836      0.671833464     0.5300473888     0.7199326797     0.3511993811     0.5413289857     0.2573514616     0.1781633714    0.08848057891    0.09053216106    0.02884286826   0.007713552191    0.00282754701   0.004380897785   0.002812715518    0.00105334878  0.0006475311331  0.0004441178734  0.0006829942226   0.001638121299  0.0006066735904  0.0005647125733  0.0001485343064  2.509596751e-05  2.697764239e-05  9.552101715e-06  6.499194582e-06  4.337364114e-06   1.98567761e-06  1.175168168e-05  5.069823571e-06  1.973636098e-06  2.735063992e-06 
    0.7000139727                1      2.006293566      1.302318659      1.391442499     0.8600151084      5.360619425      2.471393349     0.8701972566      0.650911654     0.9444004358     0.4523045309     0.2977717609     0.2753241135     0.6549021222     0.4184507059     0.7288191167     0.9844763754      0.415928537     0.2266815088     0.1494563818     0.5837843982    0.04011819238     0.0667446121    0.04113839953    0.05744804145    0.08865774671     0.1808585552    0.08626581859    0.07905141523    0.06799915169    0.02585525912     0.0668671763    0.05718852041    0.04213868687 
    0.7036147676                1     0.5577328574     0.3473593345     0.2243349024      0.140770189     0.1122235207     0.1064780545    0.07873052398    0.04723050003    0.03359750227    0.01608347492    0.04400226216   0.006412512071   0.005878933226   0.001618033939   0.002676812966  0.0008239054206   0.002991718581   0.002291159113   0.001528634786  0.0007023910957  0.0003009809358  0.0002622043541  0.0003006671322  0.0001138934871  3.610771225e-05  1.606420977e-05  9.304979069e-06  9.813189194e-06  2.646339865e-06  3.352346782e-06  4.100526458e-06  9.831891823e-06  2.520409601e-06 
     1.618943912                1     0.2663056582      0.397495767     0.2590859048     0.1235896783     0.2578703097     0.1891739737     0.5440871857     0.2560364421    0.03861078819    0.09014104684    0.02577321538    0.03104089906    0.02084855201    0.04013881517    0.01992899588    0.02541859497    0.01346709146    0.01150221689   0.005144574683    0.00488382713  0.0008804970782  0.0005085829203  0.0004192990278  0.0002436391151  0.0001739377293  6.704855481e-05  1.785090635e-05  1.584855202e-05  1.176026698e-05  6.877902644e-06  1.137390964e-05  7.519456256e-06  2.977410905e-06 
     1.129256916                1      1.037313064      1.344468806      1.984807577      1.385168658     0.4712574004     0.5205559836     0.4356083584     0.5234462172      0.289179093     0.6662896349     0.6445087931     0.5752226435      2.776201001     0.7105365876     0.4335460361     0.2365579165      0.241042174    0.06771335169    0.01282442617     0.0078607956    0.01666596564   0.004128604682   0.001751276075   0.001544644645   0.007616425967  0.0009196966965  0.0009660372953  0.0004682601612  6.549944457e-05   0.000241639765    1.4520029e-05  6.838471446e-05  1.987309901e-05 
    0.9214832363                1     0.5806618867     0.3706195521     0.2639003056     0.5686591546     0.3028586534     0.5187974728     0.5781970144     0.5498806278     0.1786253294    0.08273898959    0.07173512394    0.07557623703     0.1855623263    0.09188596077     0.0348869782    0.01930599811    0.06777168101    0.02129281998    0.01432299622    0.01801254881    0.01156599806   0.003049898621  0.0006546379306  0.0002257072612  0.0002078295085  0.0002668771077  0.0001761401439  0.0005352229346   0.000135129434  2.537984493e-05  8.577057432e-06   7.49153371e-06  5.196656075e-06 
    0.8858553047                1     0.8621427656     0.7875440339     0.5741996365     0.6459374336      1.029959638     0.5029170407     0.1866713182     0.1834396851    0.08937889032     0.1250343794    0.06181894418    0.04251233252    0.04935154023     0.0571544281    0.03349499514    0.07879859301     0.0355868547    0.02360262779   0.005311314233    0.02857540342    0.04337708931    0.01721834097    0.05993961868     0.0405077018    0.04180300293   0.001877203262   0.001478777469   0.000514413797  0.0002770516266  0.0007614204616  0.0005378394402  0.0001044414204  3.015598932e-05 
     1.076759188                1      0.925362291      1.337978613      1.679573112      1.732108069     0.6857439685      1.096284305     0.9776923195     0.3167097135      1.299966835     0.6749167013     0.2614899295     0.4676015337    0.04052197832     0.1100261406    0.05169965165     0.0501018664     0.0860105332    0.01215779148   0.008200747376    0.01054005688    0.02921357388    0.04972317041     0.1403818904    0.02192646057    0.01603289227   0.007791579242   0.005827781992    0.01219289115   0.003205438316   0.001434592748  0.0004413749527  8.618241063e-05  5.784967665e-05 
      1.34745626                1     0.9886437227     0.5921700081     0.4474378357     0.2202888425     0.3257019155     0.2226968057      0.330968047     0.3376775328     0.3552787789     0.1117649973     0.1043197703    0.09176026001    0.03992592154    0.07138655084   0.008954281251   0.009001730946    0.01013978885   0.008469237781    0.01022831259    0.01295001324   0.004976762221   0.005342472216   0.003765891586   0.003325236174  0.0007690668466   0.001370879884  0.0004551462221  0.0002547889734  4.669151697e-05  4.361787801e-05  1.034569195e-05  1.228711359e-05  1.341893489e-05 
    0.9365223984                1      1.102917758      1.036726233     0.4566317477     0.3528711898     0.4873813114     0.3529808069     0.6934089996     0.1816783509     0.4208953803     0.8121603084      2.128270226     0.7583160049     0.2582923384       0.14676298      0.175743413    0.03533826216    0.09353444514     0.7238845465     0.1110064288    0.01843218238   0.003578648767   0.003554629926    0.00138118418   0.001231488959   0.001536857925   0.004535477561   0.004026412392   0.003302359379  0.0009407974414  0.0009304114079  0.0003426511266  0.0002550416408  0.0003398889534 
    0.6153967363                1     0.8972228457     0.6655655617     0.6160493075     0.2063622144     0.5269222291     0.2868592805     0.2000930675     0.4605177472     0.4025181367      0.893485604       2.44325004      1.366030357     0.3335453229     0.1637756779    0.06556659414    0.09001765118     0.4077740006     0.0416436104    0.01610257187    0.01012540293   0.005965515256    0.01491847566   0.006245910498    0.00642695032   0.002082560969   0.004371232565  0.0006146255909  0.0004236993795  0.0001037589911  0.0007850784265  0.0002711315246  0.0002521513612  0.0001286880539 
