-1309.623128
-608.8400251
-97.54166484
-4.063790389
-5.950280407
-39.57776487
-8.942959885
-0.2321459309
-2.908526962
-0.8942104446
-2.341834364
-719.3162794
-12.93701662
-15.33331788
-105.0437612
-8.481489949
-46.15636166
-122.7146018
-18.66200499
-417.2810874
-9.507755406
-1.559847439
-11.4732578
-6.651792037
-2027.686303
-125.604236
-3.036698466
-43.33439183
-14.70560769
-78.81542103
-25.68371016
-5.164405524
-0.1764769644
-4.101361093
-0.2459165888
-34.11837728
-40.31716567
-48.03015598
-2.674358678
-25.70603365
-109.7005666
-50.17130117
-6.899923923
-20.35960935
-11.36909527
-132.1668764
-8.509548959
-66.31011746
-1.379118832
-8.004756844
-5.059477382
-7.241056446
-388.3108319
-140.30784
-83.22046411
-2.772301091
-24.84866423
-81.85855411
-88.15043402
-74.96226
-48.44523476
-232.7573888
-7.672961452
-368.6566244
-40.35585214
-8.31291121
-1.93429443
-73.17927222
-31.2343218
-13.16730806
-103.1184026
-61.00684012
-187.7925181
-6.298755582
-2.435262991
-1.699049129
-261.9935814
-3.740862749
-49.28201468
-1.159096002
-7.152680016
-6.296646156
-4.332312638
-1.04673681
-62.75447829
-71.17633597
-1.966124875
-25.92764136
-503.2406157
-28.95324774
-79.26908531
-4.729529496
-26.35220928
-2.08922401
-135.1026155
-710.2754915
-33.82518628
-14.80293018
-32.36693927
-1.361070599
-1476.637409
-2.228437812
-8.299156401
-715.0540027
-83.79772656
-122.2359013
-4.575108909
-7.912397025
-113.6178185
-542.6098665
-18.85588171
-26.18373523
-11.02320281
-22.66550682
-281.6819396
-50.29958811
-65.56547795
-2.775401544
-14.8203842
-89.34912487
-301.153729
-216.1697155
-147.6010275
-2.711308252
-9.434135877
-101.4236735
-78.30473313
-542.0784878
-11.39172706
-9.168242382
-67.04862603
-41.98513777
-29.18133495
-168.6965879
-4.011816332
-26.61772299
-16.30601504
-37.26205013
-1.066645582
-493.5106839
-1617.733836
-0.1941304742
-0.8832775271
-1530.01598
-4.537222442
-26.25946637
-4.146576474
-136.3345749
-18.75347254
-16.80387971
-29.38568385
-2.643983938
-22.28080511
-794.3301699
-3.038700065
-3598.420577
-42.91111433
-84.02182611
-290.9374023
-2.92025435
-3410.976364
-6.471605329
-15.37512562
-6.695049094
-53.64902489
-663.7673222
-6838.423897
-1.33653426
-1139.470314
-13.35562568
-10.39489857
-118.7669661
-3.490862002
-29.1223623
-104.8956389
-4.210160698
-475.3733075
-80.68306617
-18.01565332
-46.51846089
-47.58868057
-1649.629775
-191.3142521
-9.441790597
-99.49738735
-69.53870567
-55.05380621
-294.7704952
-285.3691054
-1.42779864
-1.505240602
-4.75231641
-36.96698051
-9.040768998
-199.5489092
-10.23745948
-184.0975339
-185.4966796
-51.22414873
-37.97738142
-53.31099578
-11.99929393
-13.81256512
-1429.887415
-3.172490102
-689.5936101
-7.248239453
-6.308605494
-9.144216922
-0.4857579838
-14.72260929
-291.3285593
-1.383982348
-50.27993651
-13.88319738
-193.7313149
-9.785899287
-0.7570490184
-18.27968371
-59.48493812
-151.611198
-12.81009537
-141.2212429
-6.034644832
-15.24909162
-18.75187787
-83.25065811
-16.33955432
-30.64412239
-7.250082192
-55.49085088
-10.20362182
-26.14841447
-342.8625456
-24.07120187
-3.359512737
-87.86845922
-83315.84449
-33.15169499
-5.938801646
-47.85213649
-17.07879232
-24.77088095
-136.9136888
-1.848424528
-64.95796227
-18.27675954
-37.36098232
-304.1172762
-5.751900877
-17.40772573
-1811.943796
-18.73178396
-4.301832617
-8.480711745
-79.25046987
-199.094848
-16.7379957
-2.452568988
-11.29597937
-93.09579735
-3.889917559
-379.5937462
-8.323088373
-25.60193803
-18.92686873
-2.249478413
-821.954208
-6.115615461
-2.905109718
-686.7005867
-109.0399815
-247.0471693
-9.560621744
-337.1400344
-37.78374958
-118.745253
-10614.86709
-7.374363821
-4.979103565
-16.91555955
-278.671277
-559.2992067
-14.5970886
-425.486458
-43.01876411
-188.7991089
-7.896399902
-239.7099678
-4.206891576
-1.445233275
-18.28925977
-10.81206733
-1865.828423
-0.6041757666
-0.7288603975
-1.945212954
-1.269076303
-427.3013546
-4.133368047
-2.33981159
-88.1873884
-424.4660034
-284.9269336
-40.53870673
-6.049631123
-10.30454297
-28.52156203
-5.496897813
-1.588296653
-10.83422772
-15.88605631
-2.772752255
-199.6462793
-0.2491000275
-14.12182398
-18.72524066
-12.13275592
-31.97728187
-23.8196985
-21.92389464
-26.26577603
-241.984471
-235.0115134
-19.6729014
-23.27608483
-11.69371666
-223.132966
-36.14340977
-0.8409027955
-17.14654447
-6.912495367
-1.261677919
-17.18791717
-90.30272295
-96.24561507
-7.38077642
-352.4755113
-1.090237077
-228.5530055
-5.709928069
-10.70889456
-1.245394386
-68.78676783
-383.9438691
-16.16608462
-325.5037417
-79.07698169
-29.87290439
-3.676538229
-4.830901774
-513.2183423
-157.1222312
-74.41542482
-2.29700894
-90.12030711
-47.62115914
-3.868717328
-93.09571904
-37.62567882
-312.7328387
-11.81918165
-1185.921547
-3.317574092
-30.34342775
-40.94481643
-3.940698531
-74.39515192
-11.2045302
-44.56325961
-20.93487327
-551.5981745
-185.5359725
-35.84418345
-13.82160648
-4.939157572
-697.7561409
-21.66968549
-22.29707871
-9.864167862
-494.0337773
-4.5150825
-10.58922554
-12.39356368
-4.658901393
-12.50937709
-3.403502964
-2.541694764
-758.6886932
-15.46230572
-2246.883023
-19211.72165
-7.845364918
-208.7443152
-36.15136838
-2.771939533
-40.20268625
-3.848314031
-7.608725798
-167.3502366
-62.07131967
-1.962213598
-149.0535121
-8.841009738
-2.002283976
-1088.795378
-10.70814408
-189.4025054
-236.7730243
-4.169151569
-538.7579474
-16.84364155
-88.19113336
-4.734589313
-37.38081398
-35.96645026
-3268.302223
-3.149006541
-3.426120203
-61.38860295
-10.29094978
-168.0918503
-1614.411405
-3298.751909
-3.55107212
-18.56617304
-342.3810419
-5.768946932
-22.6221817
-35.83433777
-203.9193661
-16.40419854
-51.532232
-41.8381196
-3178.420217
-937.3432309
-41.64035169
-74.65761392
-5.114558322
-18.09520161
-27.24406573
-31.06757526
-14.50784455
-500.2418518
-262.5908952
-30.35350915
-94.21461891
-1.162936418
-12.22841608
-0.1149356179
-75.70394996
-15.81978381
-0.0931929355
-1.779367681
-28.56177051
-12.30164645
-6.309469687
-24.16903805
-4.595579552
-83.90322791
-46.86162283
-2.942702171
-6.195281371
-10.01690433
-43.92732489
-7.791337699
-74.40454722
-4.049618883
-59.88087729
-11.13191531
-77.11689646
-1.479248814
-537.4900323
-3.045292371
-5.696132714
-3.895507769
-45.0941275
-23.96725433
-1104.155217
-177.6365632
-109.4695214
-166.4327204
-8.571324054
-667.5879626
-3.436208483
-25.47868484
-3.701341455
-6.441041719
-5.674602696
-2373.553252
-4.634610765
-7.26396522
-214.1726094
-79.13506494
-8.6603393
-160.1073899
-114.3060303
-30.59881281
-290.3970618
-0.4287820373
-874.4340617
-175.132738
-1.815624806
-1016.590973
-10.6099297
-5.110226063
-134.0808617
-59.08753135
-17.11898186
-14.84852018
-42.20314481
-64.00265683
-14.00599754
-92.85239759
-9.850013189
-888.2858036
-69.19151909
-32.50293538
-23.34513415
-66.79448206
-11.46176174
-2.351518246
-6.285419301
-9.58517767
-53.00959988
-0.2608419206
-10.20440885
-381.0494964
-3.186156754
-145.0511724
-5.321702769
-35.876837
-46.21150291
-140.8895765
-2.480504242
-40.87713582
-5.599652358
-0.8876296179
-240.8815789
-13.09005079
-7.890093711
-94.54259128
-9.950169428
-27.15550733
-13.14590656
-13.86324232
-10.08133656
-17.14777184
-11.07805136
-39.85472187
-10.17607742
-61.6677997
-79.22914021
-26.67373901
-8283.646695
-8.575142425
-17.29410413
-9.458222486
-12.93710764
-1.482100801
-132.9514524
-93.41032759
-146.7768347
-7.982247358
-153.2728351
-1.430952133
-81.41165187
-5.420134338
-15.73885862
-10.53164398
-7.165966675
-61.51679191
-162.7801861
-99.95493635
-31.87851027
-0.1193069271
-83.73645633
-613.5085639
-8455.694549
-15.53121731
-20.22259526
-8.709361372
-2.687616018
-2256.105248
-0.4909801845
-20.26683535
-6328.589552
-4.039645159
-14.17889433
-4.631776207
-2.332809298
-160.8914844
-9.083320614
-1288.548777
-1.729533011
-20.6058459
-1.933563489
-67.61643785
-50.43864073
-9.382115205
-1.215961644
-207.4161079
-420.2567572
-185.2548096
-31.07008231
-8.738131667
-23.69153504
-9.80805312
-319.1639798
-4.195633604
-22.54168719
-2.862023812
-25.72266483
-16.23160697
-97.12092349
-2041.823241
-20.12615817
-3.641976084
-23.0291509
-197.8354133
-44.06887059
-3.919938008
-21.26854947
-27.61595564
-20.53337441
-302.232884
-4.121782527
-59.11569578
-10.04933826
-7.631014327
-40.25726453
-4.781347113
-12.35147299
-63.53028917
-30.77341922
-307.1821658
-3.825248892
-72.0753915
-6.074710698
-181.823386
-7.774908723
-1251.887437
-28.73812637
-32.42384676
-20.54188931
-10.34681024
-93.48015622
-7.556273332
-54.0307524
-6.696930672
-101.5183573
-3.204624492
-27.78023468
-19.23555654
-167.833365
-54.97758006
-11.39816077
-158.2788558
-27.42906906
-70.00532076
-60.59783986
-1083.137325
-65.42745711
-21.7993592
-17.15794501
-88.47031572
-1208.915389
-0.3192332703
-2.207578788
-0.6991885183
-19.70568439
-6.836411976
-0.7740432087
-15.61859273
-2.452558917
-74.17567324
-43.65883973
-13.16972633
-454.1128475
-10.36149251
-2.489078506
-4.498755094
-127.6186566
-793.2186916
-5.219670637
-1.9609258
-20.88423026
-405.1839142
-18.71881172
-672.2518945
-12.30154693
-2169.323839
-2.662224401
-39.75481832
-6.185488721
-7.396936185
-3.930794571
-42.82053498
-135.6073695
-8.814809564
-65.40879489
-8.153858943
-209.4374079
-349.409163
-1.635239679
-17029.92231
-2.569140339
-6.765862874
-79.11198165
-133.833316
-11.43216929
-7.479257708
-54.8450056
-452.3690111
-4.872162388
-89.13833943
-33.74962367
-453.2955299
-1.47231919
-38.66460913
-75.65936611
-419.3439309
-7.104980748
-17.76591102
-10378.9188
-15.75070634
-1.670120207
-2.954571555
-10.34641351
-8.638038593
-76.99278633
-5.116133326
-57.09466049
-7.839661186
-11.26012521
-19.14305734
-56.95697346
-11.4158322
-196.6652099
-0.4620129923
-3.173837781
-2984.172668
-2.177175849
-25.67538141
-231.2552435
-29.12768882
-67.63031263
-14.85627186
-83.21245051
-19.04639002
-26.61487663
-127.1945405
-10.20696544
-12.36415236
-571.9858497
-28.63375214
-13.58926329
-0.6795048923
-1.7693287
-1360.323617
-5.510835418
-9261.181141
-8.279852717
-182.0484739
-4.391544008
-7.257898938
-534.482657
-52.23281272
-2.918963482
-15.87497085
-3.150945233
-240.114922
-31.2953626
-402.6992505
-150.0128715
-38.09224383
-7.806782797
-4.855594355
-85.14252656
-31.72914894
-0.3926527953
-5.58587972
-11.26244286
-2.791058565
-4.256882404
-11.26415766
-164.6772524
-7.130694473
-6.827411188
-13.91019594
-8.977408522
-161.6566454
-10.66111999
-105.1186617
-27.69922366
-1.531424723
-0.7319941719
-4.564409448
-7.477544593
-10.9860883
-447.2176021
-40.86221828
-8.942823744
-3591.938052
-113.8053909
-152.4916936
-174.2227399
-290.1154803
-50.93431311
-0.8509744408
-10.41158465
-722.4201118
-316.9535411
-24.93187202
-17.00319021
-73.17393099
-116.6869472
-18.30688967
-3.183733023
-105.2254455
-17.83729572
-286.7740697
-796.359794
-41.60995621
-16.79538169
-245.6482471
-131.8738402
-55.65898385
-29.02144245
-591.5925361
-4.354007217
-109.3832286
-10.12522899
-9.400493915
-92.86827734
-88.32076059
-2.612379324
-4.083350963
-24278.39178
-126.3320345
-52.36619879
-259.1551897
-3119.048443
-10.12902339
-89.15929726
-8.8035816
-8.479696771
-41.20123003
-230.6364468
-9.425003881
-5.873137489
-4.03620903
-47.16762857
-138.0333538
-40.40350492
-5.642749733
-20.37205431
-1.772763963
-49.56282504
-2688.746264
-4.248530673
-1.533188774
-8.456425626
-383.9636555
-4.327779438
-93.55425987
-469.8603116
-6.347806029
-31.71795628
-12.31692404
-181.6185599
-2067.040218
-920.7694104
-1.051811823
-25.30913871
-7.796572855
-5.727724448
-51.99604808
-140.257437
-2.982877048
-1877.684846
-19.5561423
-5.58861095
-86.45219022
-7744.321659
-1282.794534
-11.23623507
-185.4217334
-3.268160895
-1.853372705
-11.37858843
-11.29676904
-26.7531506
-2054.966913
-0.7450634976
-1442.141999
-0.5020632674
-27.49827253
-190.1782915
-354.6360922
-86.79846975
-998.9155934
-1.475663513
-7.155638704
-10.49208247
-59.46388738
-4.151922017
-1.186128653
-339.2167944
-1040.432827
-12.94400261
-319.9863446
-1.006301721
-400.5352285
-8.965066901
-12.01419567
-1.057372429
-7.77034974
-16.38012511
-8.176858554
-2.707241563
-0.644166467
-20289.04282
-25.94619104
-15.97488602
-698.2755045
-1.229884871
-280.3797044
-1.261795402
-26.54245914
-5.475982382
-164.1531023
-5.390076507
-4.21860496
-17.69868401
-124.7157168
-172.9826024
-1.959248583
-45.09751438
-14.01025786
-14.44923084
-150.7117188
-2.61727656
-19.97058038
-50.3267968
-11.22321041
-14.65841549
-3.059544774
-3.212081247
-136.7889046
-11.77391104
-9.404758103
-27.81024524
-400.8656341
-9.986904466
-234.3185133
-17.74556215
-1.576758976
-12.20215443
-2.94237007
-10.64056916
-18.2539267
-9.194574087
-12.89192189
-358.2585789
-5.289351813
-26.14448116
-235.1497253
-2.116510882
-101.946704
-2.733426989
-3.133857935
-14.83474853
-29.86402546
-7.318787179
-4.468383643
-6.122588368
-7.338497566
-0.6776042904
-34.21074869
-51.01785212
-11.26369714
-3.300683134
-356.8482004
-330.8943386
-8.952479904
-3.813259612
-3.7051037
-492.2674526
-2187.523806
-258.3935482
-96.87404348
-1979.723098
-2.765241988
-27.90792692
-7366.087038
-167.0422604
-1.061612077
-23.62497542
-4.215380394
-0.5188498513
-22.72286809
-39.32090901
-1.047117046
-71.94075566
-3.363600191
-37.77601288
-47.82704623
-4.267733829
-5.313781738
-6416.548391
-38.00672971
-620.9372606
-2.172536624
-14.04883006
-7.882720924
-5.273809106
-40.60403451
-272.6106301
-1201.697895
-73.35994799
-9.716877992
-0.5563014623
-180.5741143
-86.26427505
-47.66439249
-28.16913259
-6.614361077
-1.454606681
-11.92822991
-59.20796456
-16.53615182
-5.316021594
-8.64608159
-52.18852224
-8.521417281
-97.63547374
-0.6890224916
-64.36584112
-251.295556
-9.570393828
-13.27964148
-15.46482411
-20.07227217
-203.4549132
-2.681284079
-5.424814087
-11.58277784
-0.2409156206
-562.1896179
-1.956808176
-61.51217857
-24.02502734
-14.17268895
-5.750180079
-48.49721523
-8.567566982
-1.626523439
-51.92963661
-18.82020755
-9.259488545
-395.7846939
-44.41212996
-1.843645455
-11.00462848
-2.420304207
-3457.156225
-53.71088853
-6.19841174
-316.2916364
-42.18264098
-212.8115952
-35.62465399
-118.3860999
-42.06526907
-34.54791263
-51.35081367
-759.8402128
-108.2402444
-57.70593093
-6.445226921
-158.6399851
-174.2744711
-3052.494213
-21.19280984
-33.91825841
-19.04270054
-2.23640625
-2.504923308
-31.47325531
-38.73878577
-20.05214495
-18.79197363
-1275.183201
-158.0042673
-27.22961896
-116.7695579
-2166.70135
-47.08008097
-2131.172483
-8.278717656
-11.34452907
-4.819957573
-3079.526074
-20.9795132
-3.399093778
-158.2872589
-312.751278
-1.235063196
-78.23826195
-388.2008396
-111.5572317
-2.090883285
-389.0344906
-395.2121643
-84.06468123
-2.619218268
-38.73911183
-103.1502624
-1.264605403
-22.45088822
-2.718443863
-26.5356744
-11.79050904
-10.44946827
-95.09877792
-27.54124015
-0.3381133177
-9.702787422
-3.898525477
-44.54114947
-87.23865801
-2.293981952
-120.2697695
-30.21748339
-1.295460596
-18.14887423
-12.4227136
-12591.94199
-1.812176633
-13.2081602
-6.020209292
-216.2630357
-6.970604448
-9.850125946
-66.67943594
-627.4116457
-69.25583644
-10891.64354
-4.627650761
-2.481196552
-34.51953705
-117.4788234
-4.34294688
-1268.865731
-172.2804805
-3.146041717
-599.0576801
-974.0608102
-3.892956029
-31.64815569
-6.553030334
-307.6556494
-81.48544999
-18.03287093
-8.366583126
-59.55450735
-20.30010961
-25.75850244
-35.50214703
-21.47501553
-77.24570311
-170.3784043
-0.6916007873
-33.57014448
-6.078636122
-1.817573109
-48.25467014
-121.9410185
-127.5589853
-22.48670879
-7.806085591
-403.8747615
-639.3741473
-5.306006467
-16.8093021
-9.251962571
-92.66654821
-25.58950891
-55.92557314
-8.061366239
-14.61940663
-55.89477011
-3.519134965
-50.90267052
-7.372958269
-8.522378377
-184.9636158
-514.5925131
-33.03474111
-6.163876391
-486.2340749
-6.818012516
-3.598844195
-137.5347925
-64.57637714
-13.25370101
-1.930436063
-73.49241494
-19.48623748
-56.71840684
-1.493000836
-37.22045084
-62.13969484
-117.8393438
-0.2862146447
-38.40667757
-8.889529992
-128.4901419
-5.426189769
-2.699448402
-3486.358585
-4.794401758
-40.40289363
-17.75717541
-7.893594899
-1.720341915
-19.73682137
-1.750193324
-11.68414513
-9.363809243
-3.879707384
-183.6882526
-104.0817605
-13.92284254
-2.084539909
-1.808041046
-7.653637198
-24.1837966
-72.34142743
-0.7904998401
-1.585502524
-36.25671684
-10.12648463
-12.68792903
-19471.30643
-753.3207246
-145877.7997
-24.86020751
-3.707898819
-33.15568155
-92.17704525
-21.89383623
-477.3328548
-7579.278827
-4.59279937
-142.9747105
-1.020039608
-474.3149042
-33.48185227
-16.74637487
-132.3919534
-10.82704171
-17.96592081
-8.29167341
-53.85430485
-36.71692707
-7.772346969
-3560.913438
-8.478397806
-190.9219034
-1.749029317
-149.5692768
-39.94138012
-8.745707173
-6.632893987
-71.30889092
-4.970780703
-77.74197416
-278.4447216
-11.85650367
-8.317264654
-85.37324011
-2.421234672
-60.91940613
-3.546996311
-19.702008
-21.39465091
-145.9834691
-312.5890601
-113.7242461
-5.279879844
-251.4580408
-3.879797979
-3424.404313
-397.0045802
-16.54666396
-353.3308391
-1.936750444
-463.2595193
-0.4885446723
-119.1062082
-245.1683527
-142.2792377
-8.410342686
-32.9333707
-21.32687411
-112.4741323
-199.4959211
-6.247379916
-70.78256955
-8794.49158
-1.668623609
-33.64183644
-39.5957481
-113.4551614
-0.8500350463
-108.3668549
-6.7378587
-3769.415305
-17.92313307
-15.38067053
-1.966376196
-30.06951297
-4.360148217
-6.4920565
-4.342298258
-45.92274516
-1.173945899
-32.44055242
-33.90865028
-1545.299268
-29.25876944
-217.1878093
-64.03912303
-19.33187353
-48.08861268
-625.4284135
-21.69314417
-79.59923403
-9.481540447
-50.03339657
-14.61093207
-2.48636708
-4.722965576
-1484.359403
-5.387392811
-1.675940496
-228.1518693
-160.6759304
-2567.411453
-34.62352137
-2.845739006
-162.2052572
-4.979865221
-32.63430542
-299.0696798
-869.7740087
-26.19771655
-361.9912675
-254.4221547
-1334.226912
-2402.296876
-3.317389963
-44.13656456
-26.13108516
-4.802777362
-9.559556512
-30.12561884
-66.02508517
-44.36122691
-227.8249293
-14.46468144
-3.891306229
-29.89818261
-613.2024238
-79.6300947
-16.01793087
-391.8773908
-5.133353047
-53.93277219
-1.657087526
-33.81408645
-13.63261607
-12.80069468
-327.6583293
-145.5884087
-12.16345275
-8.647707567
-10.90691972
-122.8809316
-253.0852082
-1.893250393
-13.61555266
-1521.032604
-13.34386978
-25.67656161
-21.87937482
-395.410991
-0.5660603362
-15.04325376
-1.580714857
-14.85463958
-1.397623154
-16.92320582
-87.85464036
-3869.427344
-4.199693168
-2235.225175
-14.22062599
-7.29718301
-39.23610633
-60.00481008
-15.86328512
-5.564909244
-3.597255648
-34.51914446
-40.64923695
-5.765740744
-0.4923695843
-17.86673515
-12.95686465
-176.2655033
-6.02774362
-5.805312881
-5.820166312
-4.826854285
-40.23695749
-4.70951864
-194.5136298
-151.0675328
-8.46080593
-11.94079644
-7.997079177
-42.47989315
-0.945796397
-16.78597738
-5.042061714
-6.220163125
-0.3260674818
-5.267242429
-767.854429
-12.94615392
-38.3819039
-44.16224398
-16.25283666
-13.49302804
-102.9012519
-17.10845894
-31.39367162
-852.3015699
-3891.69328
-34.22542141
-3.771406218
-605.3061804
-292.9489932
-29.731619
-7.69493213
-2.238426251
-10385.11694
-12.54601502
-137.2084807
-247.1381127
-16.56848899
-37.42286913
-41.20691016
-161.7858552
-48.88925785
-7.334344059
-0.252976569
-25.00804989
-230.1252033
-257.3780942
-5.635193209
-213.1497334
-9.541422151
-379.7796911
-262.2780142
-5.426350565
-0.2028307827
-3.432921573
-209.7028498
-19.42294606
-8.191170236
-7.595995196
-3.375102931
-72.46521978
-4.076315104
-0.5117353339
-1059.333502
-14.16821141
-5.452420473
-32.43420964
-105.5453829
-43.45004574
-3.851666367
-20.13599857
-120.4777404
-98.33684954
-2.611240545
-9.077918542
-31.01232927
-24.09669598
-6.273779323
-16.20754044
-42.52037192
-768.7383435
-51.12054076
-12.34895688
-15.84873725
-21.42652536
-1.429832099
-5932.69372
-37.09938522
-7212.408673
-61.08911924
-53.61545281
-80.27507
-95.83268085
-77.55447716
-0.8439759469
-0.2575381277
-11.8073238
-159.7440174
-7.16571699
-0.3114731472
-43.98108411
-7.941934464
-71.17185319
-4.749847826
-39.20934315
-2.915547853
-336.2167906
-19.01987807
-27.14867675
-77.87850859
-49.82566868
-26.43920319
-136.4783803
-20.04075262
-56.65103684
-1.729075589
-10.72972195
-48.04354203
-2049.175132
-9.338694804
-54.61727202
-417.6295496
-4.369458199
-10078.46134
-6.804676648
-184.4646046
-76.70373124
-52.90535388
-59.62045357
-20.9479537
-10.6165262
-78.79490593
-17.58307664
-46.69338058
-7.349563834
-2.768694442
-6.158556331
-259.4026906
-15.27083753
-32.76014073
-0.7416793296
-7.586606223
-120.092973
-12.41621941
-527.9734951
-14.27832682
-389.8665627
-0.356485426
-9.235175887
-4.491834739
-39.3442615
-93.09161396
-12.510087
-3.383579092
-6.116615282
-452.3672727
-20.93413082
-2.422931438
-16.41907973
-15.62492939
-3.343341678
-46.41648325
-12.61477078
-485.9061122
-9.96736794
-30.3703058
-2.571543201
-25.27470877
-1.107160037
-865.7591415
-10.41668864
-455.6579001
-2.050793424
-166.013109
-6.15563768
-4.399202837
-16.1154756
-4.88474799
-26.84610813
-5.080670587
-603.5246915
-3.876250123
-104.3649596
-0.4607294262
-3.543367757
-766.8285304
-4.520609705
-133.2902722
-17.75822466
-25.92110572
-43.80775616
-6.713198028
-10.16504719
-14.74199225
-44.65309445
-51.46047885
-9.233931816
-19.6429762
-26.88555767
-8.493817278
-0.9501956573
-1633.378383
-12.14347379
-11.3516169
-91.320197
-28.99373742
-6.075896469
-14.47679193
-6.846962117
-178.0863172
-5.211497461
-92.54828212
-10.05803496
-18.79874312
-37.169047
-42.18571593
-33.12893722
-134.3201328
-721.9369635
-195.3021292
-15.64466046
-1.54973406
-26.10633436
-12.02511704
-37.18859415
-4.411400126
-124.5033237
-256.2994499
-37.92017592
-0.2355821552
-7.687539118
-18.44610945
-4.295757745
-9.408073284
-6.242723212
-2.163402392
-772.0292312
-6.779367323
-0.4801021879
-16.69525847
-211.21761
-58.56373847
-173.3748036
-321.0407882
-5.775017386
-21.49423313
-26.23273117
-50.84080173
-109.4919914
-145.2917813
-59.07707315
-1.451038542
-36.72590649
-8.974228092
-24.69974858
-4.515577786
-1976.947344
-6.162042508
-1.004792788
-478.3663557
-168.6231183
-219.5880174
-143.3035646
-293.0350656
-2.429585171
-38.67841258
-88.72936619
-1.818006947
-54.11782317
-18.34896771
-4569.292725
-3862.066942
-57.97324098
-128.2833227
-338.0336581
-0.2246378188
-8.273824715
-13.78842763
-7.194737705
-3896.893186
-52.29882301
-15.81861061
-1.737453261
-2.284302173
-1723.264792
-35.68345506
-118.3205439
-27.45206733
-411.0136635
-16.58860176
-491.2324289
-8.409118574
-15.97726234
-6.748414661
-18.0146881
-87.56975949
-14.86250868
-9.042604621
-7.072951002
-24.20929607
-25.39286735
-190.4654139
-120.0857292
-52.294111
-46.60406612
-30.86136741
-14.69804926
-59.50513662
-16.0742699
-36.81004551
-7.616746793
-435.4055278
-3541.851851
-2.265789807
-1.667519416
-7.283372172
-26.71333695
-8.892498871
-3.719220095
-2.973190217
-44.78019236
-27308.73166
-2887.454462
-214.7504981
-3.989260919
-657.8053356
-5.734554192
-5.301177763
-1.973280088
-102.6915328
-104.3263088
-37.30154082
-8.720974521
-11.27490133
-2.261279365
-4.311372742
-5.6046597
-25.89517087
-7.128075632
-51.57476191
-46.61452132
-16.96592334
-117.326682
-359.5034365
-13.54956084
-13.09601054
-7.029570448
-358.0737626
-19.0582045
-66.74061696
-290.5463846
-1285.748934
-218.354939
-4.318237919
-2.059581634
-1384.088129
-358.545559
-11.16814643
-13.63600924
-20.5033209
-32.72008783
-5.945993154
-53.76509059
-2.990471568
-53.22775106
-6.692454566
-282.2596419
-96.6080474
-357.6575898
-1639.170169
-146.7420308
-168.184323
-48.19955322
-1.452629282
-5399.260989
-519.1915441
-1.981530857
-6.772020413
-32.18177339
-5.367601048
-52.44429685
-66.9978291
-108.1771444
-2.617949669
-19.45974604
-7.456470277
-11.57686798
-4.912196351
-9.540317609
-824.994429
-1847.805816
-1.595846222
-15.6515406
-213.042229
-7.513719799
-7.825301843
-11.73871398
-17.46318285
-3.498067764
-47.27739759
-2.523977887
-7.895333111
-49.14227031
-6.859533516
-110.2301556
-24.17850455
-14.10394155
-49.01437028
-56.03892964
-3.711895902
-136.9071606
-201.3555607
-105.3581416
-3.565899482
-11.16858735
-11.22187251
-757.1244089
-38.04089031
-84.56885154
-155.4817825
-11.70314738
-2.765641992
-26.23896401
-2.751547332
-16.56187673
-3.272095183
-5.971098265
-1.743333021
-11.93906826
-33.1744877
-23.31507931
-40.26573959
-123.2855055
-12.48004731
-283.9867279
-4.30493561
-52.16071222
-51.32602549
-26.69349353
-6.45672627
-812.6157693
-101.0466767
-136.8926821
-11.62190039
-397.6597233
-10.80439517
-110.5366632
-5.850962333
-11.85255679
-62.91322439
-854.1422457
-29.80716592
-234.8061128
-25.05016278
-6.329031469
-169.0130651
-7.652707945
-4.655131139
-62.87252939
-1.227410738
-40.7665604
-613.715105
-13.17437809
-5.866236823
-30.8155209
-742.4102133
-55.01282585
-159.7860168
-109.7183853
-111.2311226
-529.7055143
-6697.000097
-2.613674559
-8.151293333
-8168.658607
-76.31394881
-400.9145381
-58.41760729
-20.5923362
-9.202530497
-288.9174386
-2.169048526
-5.309254853
-51.14841567
-7.437551231
-7.128418065
-222.429045
-8.536883308
-216.3269347
-244.4267031
-635.5533851
-1.187979021
-108.3793493
-110.1665903
-152.2854899
-30.81628354
-2.204929589
-10.47628835
-44.69071703
-1.93364996
-221.1759301
-28.02400334
-224.1381194
-13.96238854
-8599.235549
-1563.809691
-4.695489211
-26.2074463
-30.65654874
-396.0134704
-211.5642442
-24.33410153
-27.98773745
-14.32396447
-914.7762802
-5621.722563
-659.6614668
-457.594963
-4.739653563
-35.94176217
-512.7339025
-221.4572981
-439296.2649
-8.852726529
-4.591226446
-27.38164151
-9.022565033
-83.10813088
-383.411138
-554.9014185
-52.06572219
-9.071059891
-5.694404035
-20.20510324
-51.03039435
-5.717282779
-17.25532272
-2.993160398
-5.825167064
-0.9816665504
-22.41529234
-64.54868008
-85.9587222
-501.0293617
-0.8152574283
-107.9119491
-6.96259283
-66.51238113
-24.98940675
-46.77910571
-9.334564438
-2.233619801
-1.244184723
-5.041807016
-172.0593596
-1507.484124
-346.9285189
-6.071603471
-67.69584356
-97.97420023
-2871.325453
-44.82092455
-9.492677082
-27.82438348
-3.8847303
-3.689458335
-12.35049132
