-1105.107931
-684.2626435
-1119.357776
-976.4756842
-1035.459425
-1685.510969
-744.9831812
-634.3998824
-889.7667568
-667.8562977
-760.3403862
-1090.558189
-785.072253
-976.5007055
-1421.608938
-718.1873048
-1187.015588
-661.4064991
-889.3798712
-1112.414296
-711.2164961
-642.3241494
-571.469509
-1551.564809
-560.1764962
-1062.135952
-606.8959634
-1247.311813
-596.9186542
-1259.619786
-859.1673817
-1225.939157
-659.8929911
-699.264288
-556.0595036
-274.916913
-1111.982392
-1205.917528
-781.5333209
-774.8897617
-1241.460479
-687.5666569
-968.1294832
-532.9868908
-1885.044494
-420.2289777
-566.7873442
-900.9710779
-737.6730438
-548.659236
-503.3842062
-821.3752385
-549.00066
-871.7818485
-1716.216377
-1275.708565
-654.0698046
-1388.437983
-526.5724348
-627.1199503
-888.4583156
-995.8203158
-1332.381843
-875.3528836
-1241.905283
-1421.755867
-687.1262769
-457.7577645
-1021.063081
-886.7709425
-799.1096269
-1230.257131
-864.5760044
-1097.692212
-811.4783178
-1361.116962
-827.4804534
-1718.761762
-1417.937496
-1259.212561
-852.132415
-670.4864589
-1060.200516
-642.7541986
-869.6427591
-1259.793915
-714.1985528
-555.3990965
-761.2237837
-1310.448649
-763.5060976
-1230.014612
-722.1880684
-978.4164854
-808.0650292
-779.7534889
-1001.806631
-554.1353353
-1854.855109
-825.093668
-1480.094305
-1290.389336
-891.5883923
-914.0830178
-610.1586322
-978.8371683
-889.6717321
-1017.422339
-699.2015716
-696.174113
-964.0279817
-680.8865956
-695.5726112
-984.480686
-1007.287034
-488.3906662
-928.6454251
-600.2447141
-1002.072037
-694.4217563
-1129.461028
-968.4172791
-820.3105871
-609.9063899
-911.9330247
-804.1701422
-769.6738016
-914.7634567
-1578.449978
-820.6637612
-890.7362584
-860.3743971
-1166.583158
-711.9927502
-1320.474105
-742.4237767
-609.4784288
-672.7762594
-1085.789969
-734.3768926
-978.8200771
-1673.541545
-1393.188871
-971.6662098
-1667.627677
-890.5357178
-960.7097949
-962.887655
-999.1844963
-1414.019739
-1187.241275
-1223.104497
-470.2891702
-659.7283553
-1078.889868
-478.1404263
-650.7901611
-1253.445145
-1035.506756
-831.3525721
-914.1990373
-881.424852
-891.1469276
-838.7741858
-959.2393868
-1464.088614
-1721.191876
-1349.250998
-734.6801349
-768.7047923
-1543.993593
-1343.759273
-1180.763398
-821.2445685
-1081.334139
-1264.761011
-719.5191068
-870.0616109
-1082.314064
-1644.979563
-551.7723313
-455.8529483
-894.2917892
-1263.165582
-2499.619743
-962.3530666
-745.0490642
-1280.56358
-1156.181588
-1406.28378
-543.9671206
-1329.457433
-1393.372576
-948.0092563
-1012.951069
-575.0244398
-1049.720289
-940.8425797
-794.4593816
-1398.263667
-847.8475008
-551.536777
-671.0688311
-625.8658816
-845.780823
-1712.262773
-769.6598341
-435.055089
-504.0271424
-2046.515118
-1116.426748
-1512.664633
-796.6629665
-1073.051746
-600.3997983
-572.2487743
-920.6268109
-1136.951971
-1245.833465
-991.0082443
-748.7558402
-700.2569715
-1276.803607
-1158.301205
-559.3448271
-1187.273587
-806.4008523
-689.5024755
-739.5446814
-329.623028
-635.770829
-737.2642238
-842.1572855
-799.768029
-1167.921934
-1549.572117
-1170.904041
-1007.424957
-770.5308664
-932.7016921
-1044.676739
-856.322888
-1530.017091
-1738.26424
-2080.524552
-802.1339175
-1131.183323
-1399.773177
-944.350238
-804.5687051
-691.2758125
-1036.142009
-932.2416009
-765.6531308
-1898.913038
-657.3121514
-1110.608058
-1013.433334
-694.494705
-861.6772186
-466.477358
-728.7554779
-1356.785162
-1489.497293
-868.885242
-948.6021016
-1047.408593
-1073.198838
-979.9653788
-1822.018078
-1399.270441
-1150.548365
-640.4017332
-626.9542006
-1113.995992
-1661.200295
-1521.954673
-964.11445
-1012.577734
-941.1397473
-1358.729843
-1893.445253
-1608.103566
-617.4678811
-793.7511599
-605.0966914
-799.8815262
-1148.877216
-1105.234793
-847.1877008
-1062.5141
-1145.46747
-880.5050188
-1033.000447
-577.4749325
-1005.233744
-596.6591424
-821.4396067
-695.8160074
-1119.730938
-838.1706799
-877.7871329
-893.6821404
-681.7103957
-907.3659562
-1368.890957
-1332.235424
-1375.110634
-973.7696673
-703.2116551
-692.0048422
-721.0614108
-1714.06086
-943.9480103
-1055.372344
-830.4929823
-941.1438362
-1191.675497
-726.7206339
-835.1413528
-903.1573694
-777.6958649
-998.9275027
-2163.456893
-1797.00072
-738.691358
-1349.473807
-1103.305311
-1244.536962
-1115.675167
-612.9457666
-1062.576094
-471.8570177
-616.150348
-2002.724902
-966.0672267
-478.6811996
-1251.618859
-631.7910699
-802.558296
-862.8223806
-769.9641741
-900.3614154
-1040.239649
-1506.505124
-1329.918162
-854.2401416
-670.0399372
-856.5899414
-1006.278568
-1003.841455
-1324.490707
-1332.631898
-526.9850614
-1445.592684
-1090.535917
-731.074548
-1427.901089
-784.5982575
-1051.540168
-1123.404708
-1344.198201
-710.0441918
-1116.157965
-1996.773808
-1332.649997
-1365.912386
-1091.408444
-919.3067762
-754.8882754
-814.6196244
-758.6984714
-1447.929433
-865.8396452
-603.6615166
-997.2771748
-1549.516918
-1832.323465
-1382.201809
-910.8673909
-959.1197645
-985.945688
-1396.107652
-833.9093778
-504.1842347
-707.9372158
-586.1395495
-630.8566862
-1171.581093
-1181.849818
-924.083003
-982.9877313
-617.0771759
-895.989616
-1278.059081
-729.734517
-839.5890856
-741.7049404
-1137.106844
-2145.874196
-542.385769
-657.4042937
-706.1693757
-663.0508392
-1253.232163
-1268.054972
-879.4890731
-585.4184752
-599.919512
-1757.462765
-843.3026268
-519.946211
-765.4672486
-1076.744755
-1145.701778
-1645.804894
-1104.049267
-701.0435881
-1171.949806
-787.9395858
-558.5632738
-810.994533
-680.3035506
-937.0164078
-880.6096831
-1450.96956
-1808.385887
-723.8008561
-1601.938465
-1446.190145
-941.014788
-1041.65023
-790.8451209
-1227.259717
-729.1376423
-716.6307577
-997.4176252
-1181.609438
-523.4593739
-573.8548763
-850.8967496
-1745.348711
-1041.469799
-1008.565515
-1071.483802
-1006.785752
-1392.465391
-796.1555317
-540.75761
-1253.004796
-620.3396564
-875.2975223
-1068.402822
-1012.291719
-1230.930093
-1539.296809
-730.3404308
-826.0025736
-1134.024427
-676.7134669
-618.4558044
-494.8148268
-981.0717248
-1184.587649
-764.8611794
-664.082707
-688.682156
-488.1845066
-887.3389649
-1459.925237
-785.6952002
-1157.391222
-1159.787374
-680.425262
-753.9240664
-1177.708728
-603.3050322
-868.9707566
-966.4425168
-613.80521
-531.3633373
-697.9462534
-803.4949657
-621.5487388
-819.7838762
-915.2549813
-773.389273
-589.5088257
-906.1419967
-1170.554584
-867.1665142
-2154.336452
-698.1178015
-1384.91676
-1167.110224
-1039.952934
-593.4150135
-928.075407
-782.7752717
-607.0875452
-1256.678677
-574.7113187
-935.5238154
-762.6794595
-1106.814081
-1255.579924
-1000.582711
-1126.048284
-902.2132076
-1833.395139
-1811.122768
-1843.897957
-1020.680011
-927.2005824
-394.7108411
-1402.508382
-1051.284833
-812.3604646
-565.5780926
-1086.415302
-1176.068915
-715.7823605
-732.5607858
-1177.410306
-518.0658176
-786.3885199
-742.7824281
-918.1636964
-860.8230031
-647.4912526
-517.3601687
-936.3968185
-800.2969789
-997.41962
-1355.766785
-2478.025721
-885.4269775
-536.8879996
-1054.389334
-1224.872303
-1274.523627
-540.2951629
-722.1105911
-538.7357883
-878.8989802
-1186.103923
-571.7365214
-1567.850847
-1541.979094
-934.9138863
-888.1945332
-1465.576155
-2230.973205
-2825.942442
-2400.042957
-652.8571926
-832.24757
-975.9888407
-615.2080828
-1495.76759
-2179.060318
-1536.381197
-851.2890874
-1572.742554
-1458.175851
-1145.70621
-747.6539511
-847.7942387
-2481.328168
-1597.856295
-845.9300989
-1253.883692
-523.8743914
-549.992517
-694.4038907
-767.8044277
-425.2282045
-781.1625495
-1675.417149
-1089.988255
-1964.137021
-814.2482597
-901.0030786
-2242.625527
-1182.65298
-974.8574128
-736.5452851
-1686.207457
-1172.024965
-767.7670191
-1001.587226
-1581.571161
-1403.790409
-1742.128149
-1013.650161
-509.0276303
-646.4820816
-1036.363365
-1005.964584
-990.4331497
-665.7681941
-837.898658
-903.1652742
-1174.777221
-749.6305429
-2840.694255
-432.9994572
-607.2389483
-770.4151831
-960.4337464
-580.8732276
-1719.414582
-1482.772417
-862.4900586
-1242.307287
-1355.100253
-864.7161182
-1875.837096
-728.7017222
-789.6778662
-1008.02082
-1041.840218
-1986.270427
-768.3424785
-773.2637799
-2120.454909
-664.7083483
-799.3492268
-1142.955511
-2159.875086
-1045.260393
-1412.749563
-660.9103642
-872.5207726
-605.215602
-815.049979
-902.7038281
-869.6502561
-1689.731311
-780.8298549
-630.8978065
-693.0536135
-800.7384209
-1147.408914
-849.9922071
-690.7029656
-874.743432
-705.1802826
-1304.296269
-1904.563248
-1004.997346
-1243.436797
-825.2686319
-903.2057119
-827.8879251
-1346.726878
-951.496215
-2083.807259
-991.2815802
-1084.221664
-658.9073994
-1402.206248
-1334.875125
-719.4474158
-567.6472415
-588.2442482
-1172.580981
-631.7295394
-467.6944099
-1250.335423
-1008.853161
-721.319964
-1226.098938
-926.5621949
-746.3419164
-1404.743633
-797.4941884
-969.7694897
-801.1117362
-1188.327905
-803.8408416
-1251.755019
-1036.439268
-570.0945143
-1524.421877
-2205.104598
-952.1518841
-1414.75316
-1103.667987
-979.8616462
-693.1015838
-1087.958445
-815.8027502
-832.7631774
-738.7907583
-498.5551568
-802.2450386
-762.5625466
-1187.562963
-557.6022707
-1960.783434
-1460.772857
-878.3383825
-1252.161213
-1105.626412
-1341.230832
-729.1295775
-1807.612701
-929.5601088
-1138.310368
-710.5076167
-494.7654714
-1373.027202
-949.3408536
-2256.983737
-1362.880709
-993.6882257
-739.2602593
-1273.176467
-754.3908293
-1262.123101
-1094.528927
-1562.146908
-1054.345461
-1724.933935
-1074.833044
-1232.598977
-615.0218869
-1766.011959
-1520.89885
-842.4167507
-748.4883339
-584.9550353
-1238.301115
-756.697865
-1153.752053
-617.1840257
-978.4605059
-568.8972794
-671.8947082
-1092.53762
-1959.640869
-754.3556394
-506.9788309
-1849.571996
-1089.422212
-1264.375625
-828.8935582
-501.2527156
-401.3181313
-739.3112059
-1009.511933
-1628.996221
-1834.04406
-1549.260364
-807.5034463
-1262.476326
-796.2761853
-817.3424139
-1771.411555
-1151.504985
-1121.646342
-1422.71864
-1561.972056
-852.6487574
-2467.620059
-1401.874567
-1305.496194
-1474.541269
-966.0583518
-1128.710166
-934.1009459
-1710.516329
-1800.773045
-604.7207524
-1013.072322
-725.4305204
-1668.993461
-532.5845696
-465.4926905
-945.5218538
-699.5441759
-1005.98855
-1129.997663
-2527.563386
-2460.460697
-1018.683228
-710.7127484
-1374.493583
-2269.631952
-1105.413004
-896.5721587
-1059.355416
-1039.94317
-839.1689143
-647.7255313
-480.4690779
-1083.862309
-1204.967949
-862.2489041
-1072.146866
-714.8535546
-640.1027745
-680.4367572
-2535.741617
-1047.023853
-1140.629557
-977.707636
-1669.44376
-905.7161717
-1022.388971
-1516.655221
-755.3185226
-806.2822619
-866.339329
-1219.289341
-1339.399943
-770.0279089
-1267.413418
-341.4279206
-448.4154766
-1104.944574
-1437.925684
-785.3992234
-2245.853123
-392.9379208
-355.9811721
-480.4368628
-1042.639157
-592.5993564
-990.6337086
-1811.206706
-494.214105
-701.6303343
-760.7595148
-544.3041942
-395.9383611
-976.3436389
-1528.601669
-772.627613
-1186.668021
-1086.33695
-886.3688886
-1064.523033
-1305.983346
-1261.139279
-523.1281782
-1281.902693
-1227.925773
-1112.59726
-1282.81973
-1061.288217
-1936.282823
-1374.583019
-1690.644479
-2699.321488
-643.6283127
-653.5836181
-838.5870874
-1380.559091
-1262.831276
-777.7641593
-973.8535873
-1523.32601
-890.064645
-640.8439552
-806.7534164
-776.3938263
-1076.329847
-868.2196367
-912.5418427
-1019.774666
-1584.232771
-809.9788226
-1047.141905
-648.5123674
-630.5544237
-1893.080719
-691.2233795
-1161.593119
-553.3966885
-951.7171154
-1270.025372
-1028.112788
-830.2067428
-1324.436979
-810.8623097
-652.138492
-691.9002608
-592.0563985
-1351.204482
-961.3915392
-729.0371239
-369.9284262
-1038.95192
-698.2831187
-976.1886043
-2498.501979
-1442.302755
-1183.608495
-658.2159442
-522.1980158
-653.7139154
-956.876316
-1372.600058
-2726.426401
-919.4323073
-953.1490408
-802.633385
-1534.064468
-1255.368913
-951.7659008
-1025.802501
-799.3609177
-571.5521957
-738.3401349
-1062.498714
-653.7097255
-989.4844595
-828.6345853
-652.3089046
-2009.944648
-720.8912117
-758.3292411
-1570.260008
-568.7266329
-616.9218556
-658.7106093
-1155.300388
-1206.647882
-1899.294414
-629.0195811
-635.327202
-1304.419903
-1373.440634
-607.7639062
-1301.59306
-716.9694558
-726.3047426
-949.6950904
-1157.108894
-617.892479
-625.5705155
-869.5740224
-885.1566912
-755.5271762
-971.2260839
-904.2376725
-1027.324191
-642.4349754
-852.3401517
-620.5648845
-735.0450211
-1288.936175
-1079.343447
-1313.509532
-857.5480851
-392.0688868
-1579.789721
-1462.770726
-802.9015038
-856.4891144
-1042.012645
-1282.145641
-811.1477069
-1008.712435
-816.1196524
-1210.006931
-756.3142775
-1002.845005
-1529.009471
-1519.26892
-1080.741628
-610.4266716
-1490.634158
-521.059699
-607.7856809
-627.3507206
-1152.389147
-722.2133989
-1723.480757
-954.9721612
-599.3381091
-647.2479746
-781.781003
-1707.525951
-835.5934585
-1212.147143
-465.8983671
-1409.678879
-805.5479706
-1129.416979
-1508.397443
-1274.605402
-1182.621451
-1911.565464
-816.2232527
-683.2902277
-503.8843763
-1014.706784
-1721.072237
-1161.12504
-1305.504807
-815.8853924
-1821.857543
-592.6102315
-766.3080025
-1201.506327
-651.8243083
-547.0522778
-1686.920185
-667.4536413
-1502.21482
-779.2877617
-1399.91027
-895.5216518
-801.0605596
-754.6468798
-1216.700987
-859.2556702
-1264.016883
-633.5089572
-665.7528326
-3633.522039
-533.3924975
-792.9543822
-976.4328521
-685.0575924
-1094.757579
-988.5859772
-651.2713673
-1472.618835
-697.0473964
-1020.982078
-1161.691692
-714.5961067
-719.2680306
-788.4768405
-1044.085292
-774.9929702
-987.6964857
-1502.266314
-993.0713468
-2090.737095
-772.2663639
-760.1742446
-873.0168464
-584.0182321
-1258.04086
-1376.613342
-607.1469136
-1958.188704
-1098.33356
-625.7370933
-2331.528346
-1612.764441
-1351.402516
-944.5607917
-628.8609674
-1338.180475
-743.8643433
-1766.002651
-672.7347247
-1102.980667
-602.1521821
-2869.43028
-1064.890771
-867.3656537
-1662.955966
-941.1064344
-1139.312745
-730.6611372
-1117.020479
-606.8107779
-787.6659603
-1030.718126
-760.7534916
-577.2430608
-822.5142695
-831.8525083
-823.5232448
-530.9360495
-825.700115
-440.7857377
-649.9071024
-843.9950284
-612.2207031
-889.5634954
-1103.866467
-677.5419752
-1200.728111
-794.0045844
-892.2874997
-663.673353
-696.2217339
-712.1012439
-521.8965079
-985.73483
-1148.19528
-417.4878506
-936.6239106
-1025.882606
-1922.473029
-844.0736786
-1142.877749
-615.5042667
-2298.836616
-1138.54472
-594.9485274
-1363.993023
-1251.467298
-2065.897082
-2822.726383
-956.7412538
-1604.627232
-1270.147274
-1239.05159
-1789.382905
-1015.656599
-1330.639437
-844.7111956
-1341.614976
-1091.704593
-853.3967744
-920.999448
-982.0619029
-1401.111021
-1095.517823
-692.8894453
-526.3796708
-808.878269
-1330.45994
-597.9985677
-818.6229484
-626.805927
-791.8004142
-681.3203595
-872.6037832
-1147.568109
-801.3028754
-1117.141441
-1216.341724
-966.5889482
-1341.868651
-1182.894363
-981.5247398
-1003.887301
-917.887616
-948.6478526
-937.6486986
-1316.211866
-829.8657423
-884.2025976
-829.0663241
-824.1567812
-1151.794297
-565.0857682
-840.1908573
-1671.636059
-514.5354469
-1016.059722
-1704.730288
-707.3914436
-847.6334266
-935.5092261
-1098.023344
-1690.657376
-457.869467
-1204.220602
-708.8214028
-1581.620056
-826.897223
-1232.05068
-833.4819086
-1847.440636
-1599.68019
-1543.243207
-1323.427826
-890.2276293
-679.033504
-1308.7731
-590.0354133
-922.8282503
-918.9682159
-633.745855
-476.1373871
-619.2865181
-1139.199436
-1654.489641
-923.2596659
-814.3073323
-848.0655875
-463.6792873
-1203.345831
-464.5350018
-557.9088062
-517.9271802
-933.3704932
-1081.40673
-730.8734625
-928.8249239
-864.7437724
-1259.583177
-1259.661142
-1250.161015
-616.7065157
-1324.873464
-813.1584574
-901.0140088
-752.3191312
-2326.322952
-877.1173044
-810.0655067
-609.1891357
-1184.230424
-1312.004672
-785.3764364
-2130.660405
-855.4905568
-1629.338705
-818.6111503
-616.2893618
-1931.994337
-1051.579309
-1032.196227
-881.2383633
-1415.889062
-761.0870381
-1155.769048
-877.5426779
-443.7676944
-750.4816111
-380.3390492
-1155.39646
-1324.678117
-891.4991162
-1677.933127
-977.6012416
-901.3997044
-781.5929974
-1355.612201
-1065.05197
-1225.865812
-1712.267722
-983.1456862
-789.195862
-1146.464767
-1799.652869
-402.4227401
-706.3771494
-1165.566992
-920.4376145
-802.8624735
-1283.090261
-607.6367287
-1215.234618
-1460.603874
-3302.229792
-1282.3757
-778.9113393
-904.0069213
-1050.890289
-711.0647693
-827.4979373
-992.0702047
-1155.282825
-906.2057567
-758.7353965
-1230.910269
-897.3272944
-1595.426529
-655.2596225
-1454.381324
-620.925638
-915.9387264
-892.5755861
-1404.152358
-890.8695877
-1065.496348
-1286.00833
-844.3318501
-1187.146035
-846.0676404
-767.0555011
-1134.966418
-850.7179998
-798.3195417
-1161.823795
-1167.119923
-684.8178773
-1521.78939
-1210.251329
-798.5309838
-710.2080088
-928.0493422
-2067.298806
-1045.453306
-389.2355998
-1200.797293
-983.4458674
-1104.66167
-511.2703002
-729.716006
-704.5408484
-1435.217208
-1075.602332
-1737.513186
-1278.659078
-1211.00195
-629.1128525
-398.9613192
-451.7948278
-2533.877594
-751.0965474
-1794.546384
-870.8579952
-620.2762902
-665.1739944
-1093.78876
-974.7416017
-693.8774454
-326.5763572
-473.680634
-1210.448733
-825.1906594
-1017.709413
-1042.696271
-868.8962859
-704.6117046
-824.0066214
-1351.852885
-1330.042527
-1209.723086
-782.9582502
-714.497853
-1787.748452
-956.5691571
-955.7743146
-1213.082712
-1965.125662
-835.1887498
-488.1916765
-721.8228898
-1033.024964
-624.3645744
-502.7979372
-1221.694781
-1480.450239
-505.0122277
-1338.967066
-527.230974
-887.4571868
-1905.455925
-940.27421
-1705.618444
-683.0136469
-1364.88368
-945.1931822
-1039.165483
-798.7328377
-930.679029
-1389.049692
-862.9331078
-1670.856398
-986.3576612
-623.8809652
-997.6425656
-770.1431676
-801.1467262
-365.4862341
-1043.608554
-995.8934855
-893.1469244
-983.1434237
-1509.583737
-1076.495813
-579.7169284
-1080.912172
-1028.17498
-946.0876918
-983.8948387
-1035.166183
-1228.433216
-1160.412825
-1158.532508
-700.379078
-1390.031729
-1438.283811
-1062.985118
-1308.283986
-1308.60534
-1287.766835
-360.6156987
-1159.367347
-1114.556586
-1012.934761
-956.5923918
-745.2198369
-1112.297641
-1187.891105
-1610.282873
-1016.603986
-1026.331808
-921.8454296
-682.48364
-812.509808
-767.7437055
-1308.820107
-1063.172482
-503.9493253
-691.010482
-653.2026975
-1442.246316
-633.89713
-890.0231013
-1484.800435
-514.8010925
-732.2622281
-679.7200157
-1649.012539
-1541.757815
-759.3409541
-524.4141678
-412.8142901
-578.5026071
-663.781301
-869.0717314
-758.2229907
-901.101701
-1162.486406
-1186.702857
-1601.522518
-579.3331243
-884.8221954
-365.6981904
-1138.215396
-1859.186639
-733.5087625
-484.8013855
-480.9253683
-850.2076588
-1417.484847
-816.2355386
-574.4565705
-789.274904
-987.0796049
-886.3787421
-601.8924301
-483.1451154
-1243.55983
-1882.901458
-564.8142895
-1166.699292
-1143.225726
-722.1971093
-779.3037119
-1483.956041
-1260.057488
-1127.791392
-2375.948198
-1921.980632
-1126.318542
-1119.817332
-1197.690816
-539.2327261
-670.686625
-1461.890008
-746.2060734
-1603.106621
-1133.253412
-640.7230921
-571.7423315
-3364.557231
-782.0932795
-1477.609657
-2337.070718
-2015.105909
-639.2844982
-683.3915909
-1251.454687
-991.7988963
-710.1639531
-809.0559685
-1074.508643
-1120.784823
-1081.248277
-1181.696631
-924.8424173
-1348.373747
-914.649872
-806.5109658
-543.330781
-1020.033393
-998.4328102
-801.5687006
-1955.830461
-976.1613972
-2871.803226
-681.8582348
-1661.307883
-1420.977436
-461.7369362
-1120.431292
-561.5197232
-1096.201535
-424.1513861
-1583.833822
-993.3197372
-1285.542475
-1121.420767
-767.0422723
-929.2574595
-587.5458802
-1030.642937
-1095.00232
-840.1311016
-675.6589765
-1010.914337
-1110.093072
-815.9930678
-1059.96922
-785.2863165
-799.1533948
-463.5992306
-1413.028968
-768.853722
-755.500511
-916.3200587
-1832.65894
-1185.991817
-1667.795644
-528.0245984
-719.4367916
-970.7634002
-755.0130548
-1053.802467
-1178.461365
-1210.800108
-765.7586685
-731.2966872
-896.7077266
-1383.554297
-776.0826495
-1144.448704
-1090.981794
-926.0242573
-612.6889032
-756.4440324
-525.7793871
-1060.380048
-1711.304233
-589.9245348
-693.5719394
-1321.244732
-1020.477571
-786.1872065
-919.5504587
-1044.343212
-704.5685665
-668.1498192
-1649.779113
-1070.923683
-618.3557553
-807.4007163
-861.1596978
-742.6763904
-1164.026939
-706.4439899
-1002.280267
-500.0428873
-1180.373449
-1045.390134
-1668.936
-713.7820324
-709.2562237
-890.8080114
-1088.861041
-1105.981691
-1114.462803
-1037.685496
-614.6541045
-916.9242021
-1240.378344
-813.1133009
-843.6903251
-1223.132483
-869.3805201
-701.4371326
-696.0799451
-922.035863
-607.8859939
-1180.337107
-935.3704275
-936.0177839
-1175.774174
-1463.61293
-1135.283241
-870.0037615
-778.8294068
-944.54368
-1278.385506
-869.2615181
-817.6844729
-448.6467938
-814.4619825
-763.0605135
-993.5157763
-875.6095932
-473.9529164
-1506.830626
-877.663985
-1703.333403
-1556.326077
-439.6579917
-1018.649119
-906.3795408
-621.4747174
-594.1206001
-1689.694139
-1671.731323
-2015.354127
-1998.934603
-713.0659328
-1187.216693
-1009.857118
-982.3455632
-905.6847135
-610.0575688
-1292.236405
-841.1618942
-518.8445636
-1408.780658
-837.7049449
-365.483196
-1184.93754
-697.7062324
-1337.146621
-470.6219992
-970.1044928
-624.3694608
-563.1807173
-720.2043465
-1475.960594
-419.3529889
-827.950108
-941.345881
-635.4737827
-870.6284887
-1761.079107
-1267.870123
-477.0360167
-520.5627278
-1076.309663
-735.0598944
-2807.334006
-1923.402555
-1352.1292
-1122.862161
-693.9216022
-576.2581719
-1131.990255
-551.8779378
-1107.039791
-884.6078954
-676.9896716
-1081.522574
-790.2220778
-778.1295713
-2148.340189
-1065.879367
-797.6451427
-1203.065633
-692.5816234
-886.9856131
-492.1728392
-697.0135347
-1050.113474
-837.8341051
-854.8549533
-1251.0269
-1411.272299
-1016.209487
-833.1920729
-603.1514103
-732.544058
-1791.369036
-1375.222608
-1293.676075
-638.4770623
-1026.750553
-1213.835401
-899.6317242
-569.5305657
-672.7229827
-1206.400495
-1511.318766
-527.9931459
-762.5973699
-848.6897826
-1239.500173
-1330.071568
-1083.993682
-484.3844315
-739.3862409
-764.6850802
-473.900844
-971.3565991
-663.7117943
-1125.464269
-1217.34665
-747.3217412
-892.1280497
-559.6679363
-682.9624349
-1556.508526
-759.0525083
-1013.748285
-960.6154149
-754.8052602
-1174.349837
-1017.690906
-636.371563
-1054.360646
-2620.394217
-1225.458321
-544.0301757
-1374.442847
-1103.254266
-951.595794
-666.4239127
-429.7622096
-1050.797194
-891.3692298
-897.627472
-1162.022328
-896.8224121
-563.708273
-669.7687363
-711.7576263
-1043.956124
-1087.329175
-1185.630604
-1336.388316
-1336.157824
-1848.139585
-688.6767908
-851.5202078
-555.0027589
-595.6745995
-1232.100661
-1383.247674
-912.5683374
-954.3682738
-1330.179068
-443.3442054
-1318.036899
-1066.911622
-419.3717637
-775.2742472
-440.5540096
-647.4390083
-577.3899638
-818.255157
-1518.053489
-777.9923607
-651.5474443
-1008.196069
-812.4594062
-753.8800011
-815.389147
-771.4713948
-2355.108812
-646.8563264
-1125.859292
-1024.141447
-1300.88193
-926.4713159
-1021.529851
-814.266699
-633.8474883
-714.6265879
-1456.834905
-849.4950023
-1038.746753
-872.724112
-2435.82321
-652.437635
-1831.385986
-380.3462169
-376.5725262
-1191.253213
-903.7925915
-743.1928939
-923.2180586
-1126.836626
-1201.007052
-915.1874173
-672.7348011
-573.6592852
-1622.488422
-616.5040074
-1521.490728
-1104.022369
-701.1940586
-983.335256
-1224.436973
-1441.606155
-639.5279656
-1235.567519
-950.571621
-1111.987357
-1264.207098
-844.0247497
-1246.586756
-826.3228394
-596.219767
-1174.084841
-673.8218625
-914.942258
-1309.610433
-860.9447646
-875.9016004
-1370.22422
-2594.149893
-369.8074222
-689.0441209
-676.1455958
-1394.943925
-1560.530649
-1587.894321
-828.0374003
-1073.689633
-814.4721253
-1492.298376
-1292.757755
-723.9805918
-776.6982375
-597.8573105
-890.9695424
-467.4867089
-1665.227602
-1657.449425
-712.5550257
-841.8840305
-1187.116145
-2058.924367
-1430.948519
-751.0490566
-1348.234733
-777.7558934
-1467.298702
-2400.873928
-776.4224585
-1817.954534
-1266.484382
-569.1205803
-1139.411701
-918.2285247
-1009.972753
-622.1746719
-328.3259822
-1307.716322
-1049.785978
-1603.029695
-700.4229555
-535.2783604
-1036.353893
-978.8067896
-2029.906329
-713.0654879
-980.2596606
-814.2192647
-1396.229412
-962.7159426
-741.2989715
-740.8199382
-714.0112592
-457.0087033
-865.9298997
-722.6499652
-1487.552131
-1385.473254
-1056.69386
-1610.027613
-1957.010686
-990.3164922
-614.5844656
-977.4797005
-1101.96278
-789.6905379
-1288.289064
-1771.196803
-1057.832941
-744.9776659
-1853.512298
-730.8299542
-739.2832363
-636.1150535
-924.5147309
-1121.910083
-491.3683054
-871.0744218
-975.2973137
-2141.489865
-788.7080819
-922.4718979
-1112.271112
-1825.009183
-854.5902875
-736.6835812
-906.1301425
-1008.293755
-945.5986177
-609.0807227
-1142.981742
-607.0330346
-1094.246282
-1513.565739
-716.4981092
-740.4300905
-805.099952
-563.7628223
-1621.380476
-615.8226888
-958.1167377
-1227.325577
-769.8717235
-597.8454616
-1383.436315
-2041.911284
-485.1244832
-849.8174985
-1069.24532
-596.933139
-720.4058904
-856.1967553
-1520.854032
-1543.84857
-868.2362943
-1418.791295
-1210.693186
-936.3545767
-823.4826928
-729.5928254
-976.9952685
-947.5244392
-848.5588703
-588.9866464
-1032.261929
-919.390862
-1348.167242
-1147.544282
-492.1126616
-1439.58712
-775.1022575
-1175.574674
-1245.668325
-890.0642053
-2068.38943
-1446.471805
-1084.238074
-1294.749846
-697.5672873
-1312.540278
-836.8192539
-1059.06658
-794.7961125
-529.0169095
-730.7242846
-708.1370144
-881.9346911
-1948.297254
-1157.284074
-751.2828969
-1095.986404
-618.7839578
-748.6369273
-1362.313727
-848.9108652
-917.6844675
-519.3325483
-1048.274657
-771.4773164
-441.8561805
-1069.736497
-881.5743393
-1218.856367
-532.1257364
-565.9931539
-749.2877076
-619.2616481
-633.1515435
-1267.544915
-1406.436645
-797.9177495
-878.8027948
-1762.214866
-332.7796092
-1402.362284
-605.0183427
-791.0949452
-1445.056241
-689.3298535
-1040.163545
-1178.367617
-937.1641694
-779.4932624
-887.8198008
-880.0614378
-805.8289515
-941.9759058
-1039.709623
-605.2198183
-2511.697156
-1111.034109
-568.287042
-1114.242496
-1259.923952
-674.9182766
-797.0218249
-942.1137993
-645.4885995
-609.8375224
-753.6358359
-845.2003893
-911.3895139
-826.7347736
-1535.06434
-811.8075237
-695.6743679
-524.0403496
-1069.300071
-801.2697439
-627.0437829
-1024.976507
-724.467353
-673.2328643
-740.4947052
-1429.069153
-543.6505138
-1588.059634
-1216.711615
-1253.231835
-963.2969456
-992.7756361
-794.3598195
-345.127874
-873.0367986
-631.9664736
-1589.846672
-1167.653412
-637.3671328
-1448.510631
-887.9635203
-561.8109352
-956.5266401
-1043.955234
-696.4531
-775.646137
-947.0741331
-777.8587374
-629.6878611
-1246.507534
-1235.319938
-1617.256608
-526.1389263
-924.7838183
-1696.180195
-583.4794752
-847.9300244
-1028.777996
-670.5954247
-1612.232452
-378.5484794
-1271.516967
-507.6626363
-951.7361752
-2180.279177
-1476.545992
-846.8561848
-1969.58372
-899.7740405
-1725.470645
-842.01066
-783.9830322
-656.9425666
-698.4894392
-1218.87187
-691.688991
-743.4246979
-763.542415
-606.9452751
-813.8127096
-661.9402143
-1892.925049
-415.8128928
-692.0498446
-672.0267868
-889.8619864
-1247.905144
-686.1337802
-1039.441132
-1032.849355
-490.4106467
-637.3870409
-1125.806002
-795.9565018
-1300.74246
-797.4343066
-1092.550331
-1192.24006
-1004.95725
-1389.920348
-2317.134555
-677.1164909
-485.0065665
-794.5985289
-786.933774
-930.8205486
-1290.557793
-427.1283163
-943.4525271
-690.5991409
-2121.394733
-508.5908302
-927.1107809
-945.414882
-1461.832659
-1364.063775
-625.7360492
-1301.165735
-990.7414153
-935.4073247
-1165.156085
-915.138882
-893.214317
-1598.739923
-704.4969298
-598.2581547
-702.7145822
-914.0312037
-640.6930938
-723.3198862
-811.2806437
-1215.356453
-3357.467859
-977.3342232
-1493.761391
-1038.879187
-881.0875746
-936.7000016
-1718.731315
-571.676826
-924.4209645
-1170.442592
-483.933765
-1178.875755
-942.1252664
-678.7324498
-397.8857984
-861.9926632
-702.5497179
-1073.285796
-1822.651244
-790.88691
-718.8009355
-696.3075308
-3454.729572
-1059.967385
-652.3378135
-842.4941864
-1056.293523
-1364.582006
-1027.564473
-1256.341943
-649.7253289
-774.1024677
-840.1147744
-1300.841948
-1645.63112
-635.5802142
-1240.21763
-774.8451134
-912.7855019
-1454.930957
-1216.398769
-1605.839358
-1301.841077
-1512.46185
-1381.732227
-928.8606859
-1079.733376
-982.8954439
-943.7168838
-1057.432025
-1248.717888
-757.1093769
-1291.357568
-1182.743885
-1134.012314
-1706.087774
-1077.39637
-1025.868822
-941.8720896
-745.0734751
-821.2887379
-1011.886383
-566.2384136
-691.8121918
-523.9535467
-792.5513867
-689.1611731
-578.5736963
-713.5772742
-1076.566443
-1381.6956
-565.5303341
-810.3783986
-848.0308524
-1800.648596
-638.2471503
-1052.000762
-1045.4249
-1083.109369
-1010.952765
-732.2818516
-1047.557
-777.1491383
-935.5346579
-1068.5603
-766.8883475
-957.7006821
-1026.216059
-940.173129
-1137.218836
-667.0027325
-1279.692792
-1010.965433
-1149.2749
-1473.700938
-985.3430534
-2701.024902
-852.2781984
-982.2030169
-816.2489738
-427.0996045
-603.7857117
-1216.614587
-843.0601038
-1791.461104
-771.9193194
-868.1993295
-658.9367968
-1137.678252
-808.6951055
-783.016376
-777.9920827
-845.9586226
-910.9235156
-430.0671794
-398.7874402
-929.8252845
-1281.979842
-1084.89845
-1098.787653
-924.5316799
-993.4777895
-896.1553772
-2203.189773
-1226.465937
-1374.225182
-1187.030355
-956.8395747
-374.5249494
-1009.154789
-598.0258401
-921.5136252
-1055.74717
-693.9808031
-1153.259404
-1401.243565
-644.2509591
-1180.999523
-952.6966932
-933.1363984
-620.5984607
-1209.195828
-1145.072093
-1939.204308
-777.5712973
-1125.990947
-730.939359
-792.8740209
-502.0008398
-774.0045755
-1108.977417
-469.4814308
-1724.320457
-627.9532589
-1442.238684
-1024.023454
-541.6912679
-2051.664247
-1272.579714
-1230.323875
-522.1075139
-1825.738279
-1415.870531
-984.0200941
-1123.281944
-816.5556552
-1323.814573
-599.0128254
-1745.667187
-985.2146209
-714.3211334
-940.532901
-746.5689314
-833.1527991
-484.3590904
-530.7779585
-1440.377063
-704.8971545
-723.3921224
-876.3505686
-1073.338693
-1561.146773
-1502.825397
-1451.551646
-889.5308093
-1136.538513
-847.6725123
-851.8024909
-877.8265831
-1067.920051
-1234.592357
-408.9006165
-1062.09524
-1038.627119
-1025.228038
-1052.313342
-1055.14311
-577.8616532
-1755.262747
-722.0754859
-1429.499879
-2273.253355
-1058.949154
-1341.657967
-777.2492969
-2215.835739
-1302.804253
-1281.47053
-1394.538758
-1042.815467
-575.3076222
-1681.47342
-1090.336594
-1146.107178
-1187.730751
-1170.319482
-805.7373814
-1440.596198
-1438.950385
-1402.538945
-1395.864177
-996.88361
-1517.497027
-1772.426898
-680.3194608
-603.5475671
-1114.799822
-1212.488547
-1016.038732
-446.5788828
-552.9005542
-748.4065845
-988.3213231
-642.6990081
-1142.85342
-772.6130796
-1154.977618
-530.3686896
-1570.579254
-1007.304835
-1149.333926
-932.9687098
-796.981424
-921.5737454
