2
264
56
244
222
195
12
0
86
168
344
339
136
245
157
82
223
180
76
87
258
105
218
108
316
293
298
36
269
93
267
193
257
241
236
21
309
284
337
216
179
6
103
303
207
97
144
217
94
36
103
148
37
157
70
277
1
95
7
111
229
253
340
206
173
298
277
254
39
300
69
238
246
256
226
120
93
53
48
218
205
233
207
173
16
301
167
179
118
241
173
220
301
12
157
339
310
218
289
185
18
161
139
94
87
120
109
12
91
134
3
91
22
154
62
289
18
330
125
325
64
301
315
269
267
203
331
243
103
109
200
175
218
239
4
338
199
132
203
204
45
95
65
23
45
318
37
344
217
219
37
340
318
68
280
219
337
336
57
280
49
322
303
335
153
162
33
1
204
80
102
187
121
96
269
181
305
57
201
280
324
297
214
233
273
5
96
207
308
21
129
116
107
103
73
343
126
122
332
283
2
89
147
263
153
84
279
122
205
263
347
281
162
196
8
62
52
256
72
328
318
187
98
6
47
198
44
206
287
2
174
17
105
254
280
229
240
338
183
36
337
335
137
222
235
9
312
98
324
220
137
167
220
210
229
257
65
227
93
256
112
287
235
187
139
154
79
98
127
341
334
75
335
334
56
107
18
184
236
100
258
127
210
94
334
56
76
173
229
115
11
148
112
203
324
265
155
82
277
323
216
252
72
78
101
20
220
175
186
51
345
346
99
344
216
174
288
174
252
72
226
254
128
99
71
164
18
90
95
155
231
284
194
128
191
259
201
84
78
268
134
273
68
281
13
34
11
145
212
184
81
311
42
63
107
265
283
111
168
66
20
257
309
202
184
44
302
275
239
182
205
5
10
204
72
337
24
257
188
115
210
56
110
294
343
187
330
108
39
20
328
180
330
272
99
125
146
34
205
62
174
121
135
224
50
187
148
168
7
135
181
343
35
207
245
84
77
291
303
14
25
204
31
81
125
181
18
214
63
313
271
27
35
314
183
258
184
142
197
347
99
296
294
107
306
108
102
123
10
305
188
80
270
338
156
346
80
344
204
278
32
305
146
346
10
40
345
35
88
143
89
3
270
168
296
224
40
12
189
317
331
63
8
4
242
182
330
102
102
44
129
45
206
248
217
332
164
4
163
290
111
151
342
312
215
265
33
336
60
213
219
112
266
31
133
163
58
242
252
91
301
269
158
314
80
266
342
70
78
247
286
31
284
64
227
324
301
135
98
338
75
332
349
287
304
61
248
96
27
93
166
235
81
307
306
84
97
313
166
81
302
15
336
338
258
245
33
340
88
55
171
245
322
13
341
272
123
13
239
252
335
58
87
145
223
76
183
178
296
217
302
43
242
24
244
172
19
84
196
306
43
46
331
286
191
146
64
276
218
35
158
206
192
187
98
127
126
246
25
189
1
181
194
105
127
120
189
158
247
61
195
135
335
13
166
262
160
145
28
115
45
232
307
33
110
150
204
89
296
344
244
4
291
304
109
325
152
147
172
8
42
192
285
308
229
219
90
318
305
266
87
179
90
192
172
3
149
2
232
101
232
163
155
331
304
290
154
195
4
198
182
297
162
139
121
293
23
111
23
297
24
242
70
260
207
107
6
13
41
114
147
310
114
204
105
324
210
226
281
329
58
153
320
51
154
68
176
205
286
102
148
8
11
88
51
278
226
245
158
249
44
242
193
94
249
187
158
301
227
226
142
227
109
185
30
28
280
122
181
153
314
15
95
164
218
349
52
316
26
308
340
285
20
308
84
167
168
334
145
61
241
37
160
142
103
34
109
188
285
24
46
106
101
131
307
250
199
164
167
252
163
313
279
340
64
301
261
251
102
142
253
126
152
128
211
49
88
112
232
208
341
188
154
288
342
273
14
199
280
217
233
155
88
289
222
113
208
181
175
155
54
322
241
299
329
49
325
162
257
316
13
41
158
129
118
51
103
346
146
56
92
49
244
18
273
51
48
208
214
293
98
86
326
56
154
20
156
52
163
268
179
55
334
85
156
235
57
348
21
117
262
165
57
287
142
151
84
108
123
230
194
209
48
194
289
46
221
248
249
236
181
27
282
194
53
28
335
137
18
324
32
308
264
226
159
77
209
295
125
320
48
172
119
241
29
231
10
57
15
113
222
37
14
206
349
10
276
317
57
319
310
18
255
282
0
77
99
88
295
334
256
335
53
23
11
169
6
252
131
330
21
285
29
73
94
325
236
276
333
218
348
210
316
254
251
314
345
193
225
95
254
277
147
282
310
226
292
341
305
341
346
73
75
254
169
177
75
302
141
210
27
206
69
315
292
94
246
148
188
75
249
225
176
161
112
285
178
295
321
112
46
244
244
80
161
345
147
303
270
212
145
268
155
243
54
56
56
264
146
243
39
276
341
82
80
42
103
199
158
284
228
240
46
6
210
131
78
241
116
176
237
142
217
120
345
285
97
120
92
126
342
131
220
32
143
93
278
243
37
159
199
220
312
101
264
45
290
62
57
12
121
141
123
254
253
93
138
231
18
47
130
234
275
123
316
283
200
2
3
130
73
32
283
43
64
268
129
314
346
180
222
327
98
40
150
3
115
24
127
164
176
64
333
176
311
150
260
12
313
95
117
104
254
12
127
44
262
323
178
188
293
332
287
111
301
329
176
117
229
319
84
138
143
237
81
62
321
73
122
276
264
306
122
20
145
229
35
143
22
195
6
4
188
54
312
184
78
222
22
282
159
254
254
75
237
120
57
324
254
174
261
1
159
151
100
305
181
14
100
4
18
18
304
291
159
69
176
72
168
284
31
176
193
327
110
150
31
220
218
342
218
181
126
254
207
84
140
187
35
53
84
180
50
101
229
24
213
18
46
260
284
266
254
306
312
195
100
58
150
174
199
317
190
161
12
211
342
43
169
39
299
30
55
89
8
76
259
326
184
315
331
347
101
289
287
4
251
44
195
82
282
262
141
129
215
347
115
150
308
256
76
317
151
227
68
308
82
43
82
219
159
122
68
214
251
82
94
44
55
91
6
293
14
196
279
100
134
317
180
219
228
127
91
317
269
68
94
206
170
259
232
18
188
1
26
206
284
76
331
331
118
278
0
252
252
263
94
44
173
29
119
347
331
331
100
132
172
22
285
275
233
317
314
69
258
278
13
140
120
120
320
263
162
87
193
115
70
80
287
94
284
226
36
167
187
119
80
192
33
269
131
221
58
22
17
154
64
294
348
208
70
174
147
62
279
275
36
266
326
159
160
130
133
199
75
294
0
134
343
134
130
243
17
244
25
307
47
160
61
257
30
77
73
281
66
43
1
47
62
342
272
62
96
101
148
238
277
70
62
143
243
280
18
257
136
214
250
119
34
308
312
66
347
242
177
2
30
180
132
219
116
104
177
22
165
73
143
73
60
93
208
77
25
286
216
20
79
84
128
260
180
231
223
85
16
286
195
100
77
83
13
93
24
7
308
294
263
335
345
11
242
164
96
34
143
25
214
306
308
82
195
234
87
57
246
325
177
272
105
161
90
43
236
22
229
143
262
334
186
308
289
18
44
304
208
85
153
80
336
285
328
127
77
23
84
335
48
143
47
14
133
4
182
272
298
54
154
328
55
39
119
104
144
59
323
75
334
283
223
241
42
102
334
89
13
13
239
40
267
346
325
105
135
297
121
227
34
226
99
263
2
223
243
113
269
161
226
309
272
99
73
111
134
270
262
339
38
87
298
147
286
134
238
135
270
158
192
18
75
226
239
215
178
3
128
133
227
276
243
323
329
207
266
250
112
229
241
111
75
174
135
301
80
328
256
64
345
339
229
43
240
143
272
297
335
88
39
1
17
100
307
315
65
22
334
276
206
298
101
279
182
134
88
98
174
101
61
262
327
239
38
167
68
113
100
314
77
288
95
102
340
274
288
180
43
199
277
5
36
47
266
343
13
339
57
313
209
39
73
12
77
214
328
137
326
5
64
341
112
111
75
229
32
145
283
302
94
163
84
59
326
313
140
314
23
313
222
88
144
321
110
101
281
191
322
251
287
113
98
136
1
61
302
125
152
302
171
1
230
292
316
317
191
163
280
106
174
12
117
117
332
191
34
79
43
328
251
288
255
287
317
263
317
49
265
32
137
126
232
17
187
151
75
225
79
203
239
166
106
199
137
238
274
39
59
92
226
130
332
253
253
63
134
29
176
316
299
342
43
256
144
107
224
194
136
171
137
226
231
130
198
12
106
314
348
98
320
292
199
219
176
11
188
153
152
198
53
22
345
342
234
127
29
221
49
327
131
241
151
142
178
329
113
171
211
30
329
142
31
130
218
225
99
57
23
286
231
293
106
315
302
144
341
93
123
140
68
294
231
316
333
292
145
100
61
336
1
83
130
78
256
197
311
230
249
339
342
312
36
84
224
195
304
257
196
19
188
275
263
257
56
30
14
150
292
227
317
344
71
100
10
56
272
321
32
195
90
238
321
33
30
347
317
243
314
268
227
75
50
251
174
310
310
325
230
21
175
177
216
309
201
262
200
137
309
243
342
104
82
103
314
286
191
283
206
243
223
39
180
347
67
276
282
238
298
222
64
325
46
228
159
56
348
90
39
70
138
262
175
13
254
176
148
81
143
60
98
123
238
80
90
309
74
170
220
217
259
348
205
301
298
58
151
73
330
331
183
120
246
222
174
235
294
348
84
21
308
162
150
257
212
11
179
250
34
15
260
130
329
322
35
43
99
26
84
14
296
338
286
103
127
322
80
110
1
169
273
261
8
236
347
78
245
130
173
64
340
83
341
88
88
120
8
173
183
333
28
345
229
239
141
29
8
105
309
335
73
173
296
269
331
120
307
291
284
160
247
73
236
52
15
285
161
232
71
56
329
227
122
61
107
327
318
154
20
42
274
254
144
233
225
249
211
228
293
308
53
333
264
190
225
100
332
202
42
320
306
198
259
243
171
20
52
158
34
101
265
186
294
282
317
50
245
268
52
266
22
140
247
207
239
229
143
5
218
238
139
95
241
23
108
254
228
138
10
198
32
24
171
314
153
25
161
218
340
252
264
128
118
288
70
227
156
265
0
228
232
192
16
204
40
0
118
168
113
139
266
50
185
167
44
239
20
268
38
238
100
258
239
203
246
272
38
119
162
275
145
314
202
69
154
29
111
203
71
69
203
337
85
262
7
245
344
277
82
34
66
215
297
159
251
305
347
331
88
133
170
48
65
321
162
14
38
4
295
39
71
10
324
20
220
69
245
103
140
318
119
344
105
127
56
71
330
176
99
330
266
126
238
149
331
208
202
126
297
74
164
47
287
111
258
148
161
76
64
46
273
176
143
159
317
37
298
20
23
61
302
113
330
102
200
230
140
95
165
196
298
272
237
53
44
15
254
332
32
153
236
158
268
199
324
56
150
333
96
37
166
148
13
349
268
147
16
55
77
285
59
120
88
340
37
56
298
311
342
176
61
28
102
237
46
165
6
278
168
64
169
56
21
186
327
41
165
119
229
147
47
58
4
244
263
65
89
20
247
23
268
45
206
223
135
114
278
150
229
229
89
221
61
75
176
330
300
158
285
92
272
101
29
239
91
197
244
311
315
303
225
211
324
67
86
34
86
149
183
121
209
285
211
139
152
60
25
134
297
81
326
272
63
300
14
105
2
266
326
146
251
262
228
112
54
116
184
24
305
330
202
6
49
229
151
232
65
124
25
127
64
63
250
217
89
45
305
237
305
14
248
158
249
87
190
243
6
147
114
243
1
267
120
31
0
70
326
14
25
149
243
258
298
174
135
30
210
11
130
318
185
317
172
296
2
334
344
140
271
15
241
103
260
194
303
63
103
195
40
99
27
75
47
271
28
66
324
61
81
24
76
25
286
255
315
168
176
110
308
153
267
64
11
27
244
233
197
25
158
56
312
36
98
197
79
236
110
230
13
156
305
175
4
212
197
291
45
100
242
107
155
232
31
36
340
87
49
228
261
123
89
127
119
340
327
13
112
90
32
21
144
246
143
29
109
264
80
261
107
197
304
67
310
176
87
72
90
313
240
115
244
49
155
249
295
241
84
101
176
109
249
99
153
222
66
153
319
338
187
323
253
148
115
251
290
168
199
113
191
41
111
272
133
183
104
261
83
218
277
329
121
149
24
56
157
187
77
330
327
310
16
295
301
44
48
327
154
251
79
80
201
147
226
25
157
290
207
5
9
143
4
4
108
162
84
133
68
24
40
124
258
11
141
335
11
173
205
335
161
251
93
294
292
69
203
92
36
154
250
323
185
242
38
218
252
104
33
332
114
190
98
74
286
113
180
223
233
308
179
314
179
236
244
218
261
3
150
18
124
253
124
247
121
148
94
223
150
92
227
207
292
187
316
9
218
106
188
43
51
10
321
22
331
287
121
331
146
312
297
108
166
242
286
41
102
16
330
160
60
344
347
58
10
349
314
104
39
323
103
296
219
5
136
3
67
13
214
227
125
141
337
336
71
46
149
193
192
112
305
155
60
116
41
247
58
149
120
176
339
287
165
56
147
296
209
323
71
272
13
234
328
279
292
273
312
158
40
3
31
212
240
318
34
31
228
126
46
137
230
224
197
60
232
63
52
210
154
48
315
118
205
80
226
208
12
166
117
253
137
222
203
105
326
78
220
60
207
17
235
225
224
15
29
226
163
251
47
37
9
219
147
12
261
149
207
243
243
287
16
97
311
166
250
126
216
309
320
105
142
308
192
10
162
158
320
51
170
48
119
76
149
80
263
166
23
10
307
44
65
211
268
234
174
214
172
76
166
82
39
153
308
262
121
64
294
103
299
181
115
97
158
314
319
30
3
194
31
48
192
27
112
195
160
166
232
241
267
280
49
256
148
170
286
147
44
207
129
254
211
12
252
335
122
178
296
257
198
340
176
148
250
319
106
305
203
116
9
318
341
201
149
268
51
127
115
321
136
239
105
194
115
199
3
121
247
47
97
251
108
133
173
76
22
4
44
147
120
244
308
149
47
210
63
147
65
93
59
51
160
12
94
194
3
28
275
261
232
9
28
146
198
44
290
77
285
232
243
51
196
56
187
13
93
255
347
270
214
251
137
188
126
146
321
199
95
150
9
274
231
63
331
178
275
58
271
234
260
193
262
332
38
296
239
173
31
164
195
93
191
203
79
217
195
347
53
339
299
63
55
221
292
321
87
41
38
295
182
311
303
319
279
257
120
332
61
288
332
148
202
13
183
254
112
235
200
248
71
25
59
319
55
91
32
243
87
226
238
206
17
145
268
309
296
47
212
28
269
230
170
59
243
252
72
320
233
348
106
117
308
222
234
169
70
191
213
106
114
65
253
30
74
129
16
124
145
214
162
195
79
259
77
136
279
6
47
220
345
249
282
316
258
233
51
275
142
252
243
19
188
247
334
341
59
196
207
290
115
248
99
257
251
346
349
330
173
235
2
293
239
199
76
57
78
95
346
292
10
216
231
17
54
304
342
107
291
97
147
31
91
63
148
231
58
291
239
79
51
67
269
349
227
114
171
14
8
275
115
304
84
203
256
240
259
59
114
236
93
38
41
327
53
251
169
42
19
190
23
63
51
93
116
242
97
107
78
127
75
197
281
307
293
239
86
197
201
165
109
2
337
19
288
161
213
67
136
64
94
211
251
322
0
57
96
58
301
59
17
12
43
281
258
223
28
276
92
28
179
32
273
307
76
86
140
36
133
214
152
11
176
149
63
63
57
158
105
50
17
328
117
53
176
188
37
229
34
67
309
273
212
283
190
236
7
162
5
296
141
289
277
4
98
75
168
4
6
280
61
321
151
331
314
68
152
266
196
300
37
34
215
124
244
308
213
258
117
187
206
176
338
335
65
1
341
223
62
122
349
93
115
328
144
343
338
142
2
122
195
344
35
243
226
229
239
308
279
283
169
296
144
301
67
186
48
124
344
154
342
231
279
219
246
52
214
115
91
60
11
178
93
248
283
247
336
141
342
308
325
166
122
142
113
276
320
194
40
321
229
318
69
202
328
114
164
315
41
127
334
188
176
7
108
250
135
303
216
138
163
195
33
334
76
20
58
60
203
216
342
206
5
85
308
5
344
192
287
98
24
314
305
215
152
138
308
126
101
70
152
95
143
163
287
13
247
243
68
258
318
179
203
49
133
342
118
17
191
206
95
328
27
67
20
260
99
108
115
7
147
287
82
215
195
67
325
85
151
2
239
7
278
90
314
337
329
6
57
321
84
127
335
164
127
280
309
296
89
329
45
203
254
132
110
290
161
79
61
164
107
26
236
168
219
55
61
243
349
218
182
173
311
133
100
177
50
188
228
139
233
60
142
111
264
306
118
114
22
49
261
148
279
316
287
30
149
169
222
26
175
72
348
51
340
33
77
263
337
74
67
111
150
282
215
241
167
209
21
42
16
289
147
148
17
90
191
246
61
240
63
43
127
25
307
318
71
312
52
84
209
289
148
325
83
183
42
280
318
335
14
154
155
16
344
251
308
315
161
33
15
198
135
219
297
38
104
328
39
322
328
61
51
298
328
94
99
188
63
89
329
66
250
222
120
208
293
85
222
292
328
72
87
93
318
285
250
167
166
323
214
119
29
236
197
101
55
286
25
16
198
29
338
115
124
285
335
277
259
42
263
214
247
128
168
210
183
215
115
224
82
173
275
160
224
224
204
124
276
235
65
22
225
268
157
285
260
175
118
63
275
56
147
68
287
268
145
240
299
22
342
150
172
183
115
188
193
259
326
172
246
61
60
283
173
69
333
107
259
284
22
348
208
104
144
29
251
145
26
183
191
154
310
293
143
9
165
115
177
147
128
135
89
129
69
76
171
6
185
79
59
282
160
150
179
24
84
119
185
29
298
44
113
94
274
183
125
148
122
0
342
173
9
100
346
53
26
213
259
64
87
87
266
215
335
64
79
19
44
301
218
348
328
58
79
194
236
63
228
235
292
37
274
213
63
240
37
284
277
144
240
270
45
296
309
195
224
283
310
176
267
239
4
327
40
50
2
78
177
131
26
84
296
280
333
263
207
283
130
93
275
183
93
201
222
262
336
171
297
278
3
342
325
235
310
88
46
26
109
1
318
224
147
165
12
38
165
11
273
52
58
169
313
183
100
7
30
179
6
230
55
109
19
174
17
303
201
47
71
185
175
181
174
274
250
281
11
24
286
37
141
201
109
228
57
129
91
258
106
141
83
168
0
107
206
29
212
77
288
242
110
226
1
268
282
208
76
278
267
221
276
299
108
175
43
151
172
140
36
255
119
122
36
86
31
151
348
247
136
278
153
288
132
100
163
286
54
52
277
284
106
208
340
15
138
66
130
199
22
216
122
68
8
3
99
19
110
289
214
3
317
248
234
232
248
122
307
27
61
215
3
81
183
110
76
75
225
266
11
119
142
214
2
248
150
284
10
69
193
206
213
25
293
112
126
210
246
144
255
217
229
15
176
180
38
310
255
323
150
323
336
61
130
60
244
269
81
61
290
64
5
331
142
246
21
199
43
23
35
145
315
163
216
128
10
32
158
61
234
38
289
185
166
24
112
297
135
217
102
304
137
110
100
35
232
293
191
155
214
322
115
238
36
172
197
158
135
336
139
260
208
189
9
207
35
290
316
147
269
86
89
258
140
36
90
335
240
153
335
308
323
289
96
201
267
23
54
176
36
36
258
248
235
139
236
101
131
81
38
5
316
52
267
94
90
175
41
39
47
233
95
5
191
201
31
229
77
161
94
58
51
240
322
176
219
340
45
128
319
120
256
135
291
330
215
330
228
80
237
279
91
293
2
78
63
269
251
98
219
122
179
210
62
264
199
49
224
4
330
211
297
297
162
60
94
38
255
330
144
136
218
290
90
99
146
187
96
218
299
151
49
285
15
92
266
222
224
275
325
255
69
0
336
276
104
224
9
23
34
125
259
234
96
205
328
42
228
205
98
16
65
8
313
335
23
329
78
330
1
152
327
204
199
251
16
56
215
24
115
135
52
153
334
341
254
341
297
196
246
52
27
8
15
173
89
298
179
179
112
149
312
201
256
231
318
318
248
311
258
124
63
22
39
323
34
8
199
245
335
265
15
323
15
258
105
22
283
77
282
329
80
336
11
12
12
83
57
92
305
260
120
239
182
96
8
34
226
253
280
185
305
207
38
297
306
253
126
297
170
120
241
114
118
187
255
308
63
226
80
341
24
212
341
187
125
62
175
19
145
23
285
179
318
114
322
47
309
289
176
121
155
114
309
150
318
61
45
324
195
38
341
73
249
4
19
107
245
341
69
244
195
86
62
48
188
293
310
110
107
316
324
179
231
165
135
293
134
243
160
153
308
24
309
174
15
121
42
251
330
328
283
179
168
283
133
28
306
83
125
29
339
177
83
265
173
62
320
23
178
332
176
114
299
143
19
337
136
85
49
17
124
65
5
306
219
49
104
196
51
136
63
256
266
299
260
290
69
51
214
290
89
161
24
251
330
203
245
148
161
57
185
229
157
99
329
338
255
297
117
77
109
215
297
85
136
106
54
73
4
11
1
88
72
289
294
231
309
163
256
33
4
298
220
92
196
349
147
213
126
283
104
44
315
256
340
134
220
160
323
195
123
122
195
93
203
260
95
154
210
125
241
313
187
105
72
171
263
191
107
185
348
110
195
174
10
300
80
185
345
150
324
341
19
153
241
99
211
26
53
170
98
151
25
73
182
30
27
29
273
17
216
80
313
62
171
35
135
178
95
333
313
50
288
318
31
133
63
80
68
197
99
27
173
186
318
265
237
276
227
234
276
143
194
112
86
345
173
167
24
296
211
318
294
148
288
93
191
114
337
335
183
234
281
305
138
84
124
100
36
74
195
291
139
339
21
92
299
179
262
309
216
227
175
155
270
28
197
105
103
216
106
136
208
286
160
281
192
35
207
106
53
42
348
195
238
270
257
141
249
68
85
24
210
172
246
58
155
21
297
48
162
183
216
20
62
3
275
1
136
243
28
32
132
198
222
26
83
340
167
76
9
27
6
315
121
208
245
55
66
287
101
265
80
216
39
174
44
246
32
93
322
116
258
3
317
263
222
331
288
35
29
303
106
346
170
198
190
38
213
210
197
131
316
56
253
238
96
332
93
337
177
220
100
179
246
318
220
346
317
9
261
304
36
253
323
211
142
86
175
244
178
163
321
292
42
339
282
190
316
8
327
216
333
109
80
184
115
263
44
330
277
176
198
128
57
227
103
23
63
223
69
235
311
191
234
227
330
125
201
341
121
162
326
337
239
301
287
68
114
175
163
248
317
217
85
131
130
179
142
236
319
42
71
305
232
192
172
183
206
295
179
304
322
341
126
55
338
271
301
226
186
341
93
55
120
208
64
105
271
214
190
24
26
82
178
67
93
24
273
265
306
45
233
232
158
125
34
209
347
60
63
109
136
71
210
219
31
102
136
189
223
329
80
92
306
316
312
265
75
289
224
222
1
98
198
29
114
250
80
257
34
34
68
347
24
92
193
233
271
253
234
98
274
9
34
313
96
217
214
243
144
206
85
230
190
206
50
85
344
101
326
45
291
223
142
299
40
233
102
299
125
286
297
242
322
171
269
337
271
133
147
338
223
60
67
160
306
23
244
198
316
179
128
71
45
185
342
7
80
22
199
347
61
110
247
147
196
196
199
103
92
52
71
331
22
123
54
275
139
275
315
80
21
269
8
88
136
61
298
98
133
135
320
39
156
114
100
328
187
322
319
89
116
170
166
222
133
59
59
160
305
26
40
240
194
52
72
265
98
207
332
237
301
112
296
199
142
344
78
44
159
74
276
130
213
188
276
349
120
234
154
149
347
28
231
199
61
259
198
15
34
207
163
170
8
67
341
160
280
83
287
139
138
137
53
288
130
196
228
308
12
131
229
341
177
61
194
343
209
131
329
107
196
80
193
179
156
144
288
289
299
94
319
202
154
311
187
301
267
44
161
199
40
195
259
231
193
193
240
206
168
157
245
338
79
47
268
156
237
59
238
220
203
297
92
186
259
107
104
246
75
72
45
66
238
233
211
37
180
67
189
54
190
230
40
12
170
178
205
263
224
62
166
188
112
49
75
67
259
57
114
14
133
321
127
267
339
289
35
185
80
150
104
5
329
250
288
77
68
14
91
45
216
335
230
277
119
1
287
70
321
240
246
21
54
336
240
133
42
170
46
232
281
269
298
18
158
298
168
301
59
163
284
258
22
135
277
240
110
245
17
20
133
185
50
292
246
191
88
311
312
110
131
190
205
59
274
176
235
11
303
265
198
273
107
75
16
167
44
343
306
256
309
311
119
303
61
157
11
66
345
18
308
46
19
155
217
38
312
209
26
334
259
253
267
256
228
211
337
183
209
56
340
68
258
257
235
149
211
54
163
46
166
262
53
303
168
286
237
337
320
219
77
56
341
277
136
212
235
69
236
213
25
118
79
337
300
193
44
135
240
117
98
167
228
221
134
198
317
84
148
299
171
224
321
120
45
219
221
48
227
65
149
130
36
53
311
29
221
196
223
217
45
330
193
248
26
31
228
95
144
169
32
88
331
20
279
315
20
84
197
255
171
249
170
209
201
230
265
60
333
188
232
328
92
301
135
198
314
303
302
267
129
151
37
210
19
95
104
72
144
287
228
22
235
219
283
21
316
50
167
70
267
61
281
320
201
32
15
157
223
244
144
29
3
48
48
327
70
234
259
131
231
332
234
323
104
323
253
250
165
24
228
258
168
119
302
18
148
319
161
262
238
341
190
87
84
201
83
84
103
340
64
341
50
134
302
139
169
273
300
79
258
30
24
157
262
132
38
105
262
245
205
167
17
298
247
249
71
182
25
165
19
349
205
232
286
49
205
176
259
264
165
159
264
57
203
306
306
36
110
112
118
298
294
168
289
277
144
326
200
95
223
84
131
277
80
176
198
129
195
147
178
342
165
13
243
87
347
4
220
281
229
303
188
63
180
93
60
8
56
50
220
256
319
45
343
144
282
198
159
49
121
257
333
110
321
94
346
153
309
274
178
45
119
2
290
1
301
0
45
235
233
285
14
169
85
321
231
323
120
64
169
143
45
153
329
151
186
41
156
70
147
7
186
161
312
132
165
32
17
316
255
111
214
230
329
281
338
0
122
10
88
85
327
130
221
31
219
339
221
17
61
214
235
100
25
36
277
162
184
138
226
31
176
323
57
23
3
50
204
184
136
7
343
215
257
275
152
113
332
182
74
85
340
102
336
64
302
250
244
201
326
90
119
286
273
297
349
41
32
255
57
50
112
340
144
225
17
225
326
325
323
275
191
25
163
345
279
335
213
303
21
126
259
77
17
195
156
184
167
7
45
163
264
309
190
215
307
176
286
263
164
203
114
92
37
270
2
120
39
160
167
141
349
203
298
334
308
41
52
153
187
128
86
70
120
317
202
172
337
273
185
140
213
79
20
325
168
79
273
168
29
270
71
144
129
92
93
188
58
270
315
162
223
303
256
259
273
149
344
23
300
19
140
241
48
142
299
257
346
52
74
227
1
226
299
75
325
185
63
226
346
334
165
347
338
145
52
80
24
7
185
180
41
122
73
138
7
68
174
106
342
237
198
73
253
148
245
133
150
66
90
280
25
317
176
258
91
139
55
180
19
91
287
134
303
235
181
66
233
92
306
279
334
270
156
194
96
332
203
264
39
219
51
26
230
120
251
68
96
335
3
296
337
312
23
97
314
91
112
61
5
207
251
222
185
241
295
313
320
154
73
52
153
110
170
186
121
184
66
342
91
220
47
216
286
286
72
251
23
78
174
24
305
80
303
87
69
270
252
267
209
235
65
72
344
138
220
340
108
194
84
96
6
323
26
96
140
43
212
330
36
148
96
313
330
267
324
121
71
338
21
35
271
286
267
60
141
5
122
80
243
7
2
320
100
181
45
141
210
277
39
202
71
270
75
255
300
214
1
266
42
45
317
189
291
22
69
5
208
237
313
159
143
90
340
190
54
202
210
5
259
327
287
35
71
134
87
318
155
6
37
278
58
141
341
165
182
296
141
180
283
128
295
314
120
283
7
7
100
223
332
25
216
44
307
100
261
239
44
314
235
63
0
255
44
90
293
307
267
204
125
285
52
0
296
92
24
176
128
334
117
218
44
278
63
296
180
291
346
92
120
313
170
336
145
206
205
279
96
155
29
76
308
72
92
180
338
122
290
23
228
223
31
131
235
160
280
297
70
182
44
37
151
344
129
183
3
39
251
35
73
67
277
22
280
324
344
291
131
113
26
230
34
60
183
77
249
249
315
326
215
205
168
121
80
237
152
24
210
28
32
311
183
68
99
90
324
335
95
51
295
214
154
6
103
279
23
210
104
39
52
41
92
267
96
244
118
153
29
76
195
216
100
332
176
191
315
169
229
36
85
270
314
157
6
311
229
212
301
158
183
258
325
332
325
202
347
286
225
337
176
235
296
32
218
158
196
96
171
48
195
231
304
183
195
249
323
271
39
294
203
37
340
319
267
89
22
140
159
119
85
248
336
337
237
43
285
194
241
240
330
294
333
169
266
290
211
45
212
250
349
123
48
108
343
138
45
30
322
196
125
284
123
211
221
132
26
191
40
132
191
57
326
30
319
164
54
94
179
80
311
303
316
72
265
80
14
267
148
346
32
296
38
206
295
238
296
96
233
164
117
194
52
332
30
131
23
277
148
72
75
91
147
207
186
9
16
38
94
164
211
244
268
30
60
136
27
174
347
6
25
244
109
26
290
35
107
52
326
98
144
12
189
300
105
187
7
120
199
55
244
80
72
343
187
276
185
276
135
19
115
44
345
259
61
276
60
19
332
52
178
324
208
137
165
94
119
10
96
139
209
57
155
58
205
200
122
52
181
343
207
314
163
297
164
330
345
229
245
109
347
94
45
133
121
237
328
40
117
97
304
308
158
293
299
245
338
232
200
135
166
29
218
168
192
159
18
149
284
169
253
165
203
135
177
90
58
96
136
29
25
284
90
46
283
342
129
138
88
167
339
305
108
309
11
109
89
335
251
281
80
73
187
19
6
94
147
109
250
315
300
181
140
165
25
77
13
266
328
179
294
343
100
192
219
155
49
83
14
331
181
55
342
236
94
84
52
158
324
327
116
251
213
258
27
185
69
195
50
208
231
343
166
173
127
110
133
44
91
41
47
287
32
144
56
35
287
14
31
290
128
235
27
184
41
196
127
315
37
28
328
174
90
157
347
14
27
29
318
348
25
18
315
107
146
31
24
296
214
346
167
168
147
269
121
165
154
216
283
243
265
33
20
69
64
64
105
179
61
44
213
129
83
292
275
46
61
314
13
267
250
251
15
234
129
303
292
329
338
255
106
346
298
78
121
27
345
176
94
320
165
160
213
184
211
110
250
269
300
200
61
44
57
123
88
345
82
174
198
39
145
162
285
28
244
80
244
98
349
129
233
136
104
45
250
106
302
67
269
182
203
125
86
90
168
156
200
117
333
184
193
1
58
160
61
163
276
116
69
88
230
61
113
69
336
144
278
63
294
100
173
212
297
254
193
252
178
129
269
56
343
173
47
330
6
114
266
316
197
131
84
192
35
48
4
94
194
171
138
84
137
225
328
148
311
68
257
271
257
309
268
113
13
208
98
63
100
177
265
154
236
317
200
262
23
186
186
59
295
227
160
322
138
196
322
208
35
175
289
149
56
30
258
334
143
342
260
282
190
36
100
199
199
36
25
137
223
338
98
15
130
61
305
312
207
83
177
128
139
76
271
107
36
10
73
323
252
128
86
341
329
292
21
238
10
10
345
149
94
18
132
340
139
48
211
80
1
297
207
294
196
80
298
206
238
242
344
66
174
73
116
188
47
35
239
25
275
284
140
182
216
170
149
161
211
189
98
303
38
206
129
3
284
250
343
78
234
146
164
313
150
78
37
184
210
251
153
67
153
152
143
295
133
21
254
284
49
349
177
322
115
347
201
325
19
258
181
172
164
284
161
107
139
153
178
74
198
66
129
305
337
47
260
10
109
334
8
207
293
322
52
187
57
190
185
275
72
22
333
280
192
84
34
121
293
86
268
54
230
54
312
268
83
161
38
145
104
330
41
183
252
144
313
140
280
333
77
313
21
348
296
160
302
294
90
236
153
16
52
16
125
270
47
102
125
41
115
288
128
46
102
56
106
141
174
194
337
46
128
289
80
55
53
250
129
271
55
131
164
211
258
231
307
82
270
149
16
236
203
94
152
201
129
82
271
265
211
340
334
176
289
181
204
236
348
223
289
119
158
184
203
91
20
46
307
202
19
10
58
251
159
289
52
71
259
131
349
175
303
184
330
276
340
13
330
58
188
253
126
125
302
68
221
181
194
197
135
299
128
247
241
1
296
336
37
28
116
221
291
312
163
163
164
60
36
192
2
291
302
264
68
84
334
187
109
114
102
151
312
215
30
305
193
230
132
237
183
178
249
37
221
304
280
153
328
23
339
142
287
86
271
173
6
256
150
211
289
324
86
39
301
183
347
348
27
190
281
88
328
205
26
102
127
214
81
182
269
18
169
261
231
316
175
259
81
271
102
142
110
330
71
115
238
227
43
79
215
158
143
148
276
291
169
347
26
253
238
285
240
331
251
322
312
106
314
193
164
292
140
347
307
278
346
238
73
79
15
186
295
287
331
232
277
285
148
347
182
140
101
170
76
192
101
45
185
255
34
29
134
54
292
80
324
280
204
216
68
208
109
64
338
151
339
61
8
339
330
347
37
152
75
215
268
45
265
35
267
318
172
156
278
272
149
81
203
295
294
11
295
149
175
219
196
228
265
192
265
41
155
243
311
315
208
67
319
115
63
129
315
268
184
122
170
184
338
19
147
53
336
165
325
194
177
285
334
48
288
193
177
283
230
181
338
252
211
166
101
100
26
142
1
208
99
101
65
236
130
250
8
208
301
176
80
325
294
321
288
286
285
191
2
230
184
297
181
186
294
25
143
31
169
126
289
246
9
320
252
36
59
76
345
152
305
134
321
84
194
155
345
40
35
3
108
235
113
93
93
344
324
306
181
320
238
221
138
113
317
128
122
321
91
42
87
205
77
300
79
287
324
34
187
155
96
8
248
126
23
197
115
132
329
349
155
29
24
298
43
73
59
138
111
273
5
12
18
237
241
148
264
188
155
196
182
295
5
266
158
178
105
268
302
229
308
139
185
80
33
36
62
335
69
38
229
288
277
155
195
327
262
295
64
36
306
77
268
88
54
73
99
40
19
79
222
116
179
71
321
233
82
182
144
11
221
211
45
198
8
202
151
156
256
323
172
48
74
81
147
172
182
54
159
299
213
290
208
49
198
138
121
304
15
326
319
213
335
190
156
343
49
349
224
47
11
66
67
114
346
86
40
49
289
331
94
288
193
186
214
178
118
327
323
343
29
15
214
150
308
106
17
150
237
182
311
252
215
97
184
17
178
113
180
321
212
67
126
45
278
162
156
133
75
279
14
335
224
39
229
31
121
115
19
243
180
247
121
167
43
208
344
101
191
252
53
122
195
328
169
181
179
168
27
321
44
228
292
278
154
99
143
18
253
328
93
288
218
57
145
145
339
2
168
20
15
298
5
157
338
227
309
155
62
162
188
289
132
324
87
124
246
139
89
147
298
111
240
88
200
12
181
109
26
308
294
174
107
254
347
125
143
242
208
49
88
158
148
226
174
240
241
193
154
49
193
162
272
298
88
225
174
133
181
319
245
177
135
248
343
186
289
14
14
121
225
276
250
111
28
235
240
301
219
207
204
42
156
254
279
259
42
308
113
100
196
183
128
248
186
197
239
3
40
168
8
174
143
31
230
88
200
109
52
141
187
81
51
236
198
186
188
135
314
294
33
138
220
245
18
17
295
99
162
207
232
176
46
323
187
149
177
329
26
181
67
8
291
100
300
3
308
323
60
8
242
196
47
89
320
220
167
192
101
34
187
109
309
222
193
3
100
243
115
193
245
102
232
181
300
322
30
5
0
45
30
41
15
28
170
319
130
238
115
78
212
307
321
141
167
95
170
57
139
4
343
21
181
145
8
55
75
221
277
111
187
111
231
37
298
278
113
328
314
338
13
334
236
79
89
142
88
274
314
30
14
66
200
196
83
236
109
322
87
280
258
69
257
280
164
200
326
257
181
334
189
295
17
243
314
206
214
142
111
240
99
41
251
286
334
100
160
223
111
111
326
169
55
336
332
46
196
31
290
32
28
8
140
185
89
324
142
220
241
268
50
308
284
340
102
145
194
290
224
337
202
9
52
157
52
82
257
126
266
279
255
334
126
127
335
329
2
308
185
28
199
333
88
245
119
255
279
286
242
336
2
1
186
314
221
274
332
69
64
332
322
84
206
60
69
28
104
28
52
293
212
266
335
78
236
130
61
282
263
111
244
299
17
82
74
23
201
63
230
270
42
251
335
273
79
69
50
312
21
41
244
295
99
176
48
345
94
227
175
142
344
13
198
327
26
74
217
204
269
178
149
61
180
46
170
178
234
149
40
45
176
18
315
168
158
206
17
198
201
116
36
204
314
184
169
285
302
229
268
55
299
38
15
304
189
344
45
224
295
77
33
337
327
168
172
206
77
295
265
250
268
247
347
9
305
130
325
136
114
202
297
25
324
168
20
272
187
12
270
261
79
99
39
170
139
24
281
236
57
48
72
14
169
49
240
308
255
179
43
15
19
37
304
31
33
115
18
248
4
348
104
236
202
92
262
346
251
69
52
305
121
16
150
209
178
182
29
321
336
234
215
117
26
31
16
180
91
29
139
18
184
213
296
61
40
137
68
246
251
338
127
195
89
9
130
265
187
149
282
33
52
256
146
261
191
210
202
47
33
108
84
134
54
285
117
195
1
184
313
51
7
229
129
282
72
227
90
229
117
272
191
19
229
344
329
267
349
251
103
303
51
133
301
335
99
83
296
6
149
349
24
115
127
185
277
43
335
62
333
245
339
35
214
46
261
272
58
53
333
212
6
323
101
318
149
230
43
197
305
134
163
168
195
337
91
141
222
23
284
335
13
234
114
84
52
116
76
115
285
179
52
224
39
199
61
333
290
289
33
284
42
49
195
176
274
49
85
68
71
9
174
252
224
311
14
113
55
47
171
136
103
312
136
117
39
304
132
117
213
179
182
333
260
4
203
114
174
333
270
296
227
281
24
228
57
314
24
334
1
220
0
70
84
11
52
100
18
227
272
141
36
141
275
10
253
230
79
138
44
221
116
230
326
232
138
191
243
185
57
301
325
119
185
314
347
120
153
54
154
286
5
257
61
43
166
196
145
64
196
327
202
101
90
190
179
100
243
138
207
170
138
93
310
269
320
99
344
108
114
243
104
80
149
290
236
237
300
72
90
221
42
50
203
260
62
172
126
46
220
164
299
332
146
154
207
90
270
135
330
240
27
327
175
207
347
267
75
252
204
202
83
214
206
36
265
300
119
221
58
320
112
304
94
191
34
93
289
325
252
146
142
75
78
256
327
45
170
60
240
327
68
345
68
170
315
315
347
201
11
102
111
19
31
102
68
143
47
163
84
80
207
329
0
11
136
38
98
306
272
190
203
164
45
71
313
298
330
35
93
308
76
256
145
33
346
260
132
293
287
90
55
231
302
129
54
62
62
146
293
21
315
225
109
158
247
330
32
135
200
17
197
132
155
161
237
207
216
301
35
174
51
328
306
213
225
58
180
72
340
141
49
202
238
154
272
19
17
259
262
346
142
290
104
267
273
191
132
142
328
341
31
151
309
213
235
50
279
247
33
293
124
29
90
52
14
147
28
186
37
156
335
319
135
271
156
115
336
0
109
154
320
197
55
249
117
211
200
335
200
250
308
19
50
2
290
130
53
154
63
304
178
72
286
263
275
235
223
182
333
177
325
215
210
304
193
304
107
342
346
20
213
229
271
301
337
132
125
236
51
51
333
3
7
186
125
275
231
310
42
339
57
332
150
255
177
290
222
222
338
193
31
329
107
15
228
312
340
19
206
24
41
341
266
339
94
180
224
45
20
260
86
224
106
24
15
182
313
115
7
133
88
250
222
346
58
209
117
246
280
95
259
107
87
205
43
86
205
107
80
111
335
213
345
198
346
176
16
344
20
299
222
201
336
272
326
45
102
70
197
300
130
176
93
113
143
43
233
143
248
156
152
62
98
23
278
41
286
57
221
191
306
73
19
269
57
155
212
313
258
169
159
190
329
119
265
324
196
36
151
24
24
125
344
6
173
233
49
79
315
168
116
56
34
251
174
38
116
325
193
337
142
236
73
270
172
125
23
202
173
148
318
218
154
214
14
89
58
48
135
14
91
45
228
44
266
56
269
62
214
103
221
20
271
216
156
11
169
56
289
182
143
180
85
288
0
124
344
269
149
293
29
316
161
53
330
60
340
91
3
39
194
220
305
325
232
212
321
314
252
315
243
278
110
314
144
262
269
303
176
233
246
80
244
66
146
236
2
38
307
214
96
83
14
144
278
344
81
324
154
324
346
93
129
291
251
254
103
155
244
14
316
278
174
341
262
199
262
66
316
178
119
20
42
313
162
242
181
293
66
138
27
140
119
170
293
58
328
13
140
39
294
206
94
18
62
176
151
222
222
180
29
316
228
279
119
144
322
206
244
200
42
137
40
153
25
109
141
214
66
256
73
268
171
325
224
79
0
66
244
324
315
153
66
136
106
28
231
92
232
41
18
84
46
294
124
81
139
299
36
80
154
302
161
105
90
254
235
276
325
232
209
241
24
101
44
197
282
174
336
188
339
17
90
270
25
253
84
329
327
294
51
268
243
104
222
221
133
185
171
185
112
266
104
163
274
111
114
261
21
61
176
124
145
153
239
161
153
31
235
67
268
46
234
187
235
110
76
15
305
299
36
314
209
245
202
276
323
197
121
218
76
97
216
211
217
18
138
177
340
257
51
20
201
222
140
2
156
260
64
244
305
284
192
267
243
346
298
331
37
343
111
214
257
113
141
0
115
244
321
188
299
9
97
52
226
220
16
50
272
331
141
254
116
159
165
217
71
51
119
162
271
247
81
216
189
115
46
308
216
333
173
111
230
178
20
31
156
143
29
305
27
345
246
1
95
210
273
80
128
245
104
308
15
221
27
323
332
187
290
216
195
210
253
143
217
9
305
247
183
206
214
1
208
120
78
37
141
23
305
195
274
321
197
84
129
61
178
334
344
218
321
46
15
155
348
249
256
4
95
166
98
128
335
191
85
187
80
211
198
186
84
265
307
263
84
98
290
37
66
143
95
245
6
130
294
222
265
142
159
57
41
251
39
114
214
282
208
315
261
247
257
268
114
289
200
82
335
34
263
128
105
86
322
3
269
286
147
39
139
203
196
263
18
337
121
290
81
55
257
80
241
276
289
289
343
287
171
234
125
216
214
145
166
94
255
119
3
126
260
161
331
269
61
316
282
237
49
39
268
283
65
121
334
330
191
194
117
153
30
211
15
244
178
239
333
159
215
180
328
252
217
24
46
191
92
81
75
331
107
18
194
22
328
180
178
208
133
32
71
238
207
297
146
159
209
345
19
322
344
109
217
160
219
105
0
345
105
332
273
283
347
213
117
143
82
82
243
153
14
25
82
238
28
57
260
28
153
6
118
301
153
28
100
86
234
220
286
239
203
28
298
213
108
267
66
194
119
324
304
188
188
66
316
224
322
59
264
240
109
47
187
264
259
66
246
340
58
55
200
18
335
200
130
207
328
86
71
195
124
104
304
200
290
247
1
31
159
121
177
126
89
46
59
25
155
181
4
228
335
288
252
290
50
235
181
161
139
256
324
46
270
60
120
289
18
259
31
2
152
95
205
161
131
154
345
304
87
23
235
159
28
0
213
37
8
79
103
4
173
107
335
14
64
324
45
120
208
312
343
59
322
333
119
315
277
106
24
269
247
309
161
145
84
290
73
126
45
181
252
291
217
290
216
223
130
232
269
286
17
282
11
85
246
286
290
36
253
131
131
156
240
139
73
48
17
312
20
70
107
338
72
43
21
346
45
308
109
213
266
246
174
174
165
177
273
189
253
229
323
130
85
253
286
86
62
294
104
276
139
185
60
22
198
37
85
207
159
138
79
252
220
0
170
205
280
232
52
17
226
85
302
212
302
223
124
1
287
309
146
99
167
52
41
251
306
101
286
144
183
86
300
167
22
54
56
203
306
213
178
177
313
281
186
50
42
57
320
117
334
172
294
8
27
212
172
57
300
97
320
22
12
31
270
195
122
166
57
261
286
18
81
17
193
167
303
162
256
305
47
62
137
27
91
172
175
287
219
76
283
32
46
272
166
138
162
121
262
82
148
69
178
212
344
331
21
92
213
332
168
189
122
138
37
86
274
343
125
156
307
348
240
273
308
35
294
81
22
171
79
41
336
273
163
139
45
7
169
224
182
130
260
180
132
116
270
237
245
17
6
87
163
138
80
139
130
315
19
35
294
141
317
115
36
311
171
118
40
284
124
336
11
53
98
169
297
297
126
158
187
58
10
85
124
338
43
251
77
135
326
220
150
245
178
174
323
314
105
342
5
344
175
207
348
206
220
298
272
172
133
267
58
90
346
221
105
238
321
260
294
193
90
12
302
209
99
211
212
25
93
139
301
338
335
155
162
89
91
223
284
124
2
182
90
288
226
11
68
91
315
81
221
208
170
139
171
324
149
286
3
98
310
47
298
180
114
81
229
129
256
281
69
114
307
229
7
150
126
232
113
288
262
160
182
298
173
80
300
11
229
91
303
119
292
171
324
298
159
119
15
175
321
334
159
75
143
338
11
143
104
304
345
253
87
334
320
226
260
220
276
274
235
190
319
14
48
89
111
85
277
235
181
75
190
86
254
246
80
267
269
69
109
76
66
228
115
29
288
26
241
347
115
228
159
300
4
271
79
132
216
21
199
26
4
17
3
192
208
252
327
260
180
316
72
336
22
246
272
48
188
258
26
305
265
27
159
62
51
186
65
327
277
235
335
181
210
304
199
316
182
238
337
343
36
236
159
89
187
89
89
34
18
274
199
242
109
4
345
62
234
242
69
25
182
172
90
278
175
79
136
1
194
153
336
175
322
201
132
159
312
13
205
208
10
93
213
76
244
51
56
199
49
137
152
332
77
47
315
36
109
169
135
318
254
308
38
73
137
186
166
244
208
240
279
103
92
258
263
171
219
111
236
138
183
344
128
24
205
140
157
227
132
93
86
30
140
106
22
16
183
168
228
216
274
90
142
186
187
43
197
307
213
262
311
294
115
342
132
18
78
328
262
169
59
17
3
174
335
1
274
315
258
160
115
179
20
140
68
201
22
119
93
5
151
122
59
340
348
242
59
212
27
80
193
283
178
42
160
77
229
175
60
283
249
14
236
96
27
183
312
211
94
167
85
173
121
329
22
139
185
302
171
88
193
104
251
235
101
146
102
329
283
181
140
118
207
55
232
9
5
242
181
110
291
62
138
300
173
219
204
339
152
183
27
317
89
241
92
16
232
209
199
275
323
347
267
269
10
275
34
318
200
262
4
90
341
318
126
218
341
62
224
51
341
234
212
13
308
4
78
327
76
296
101
265
117
146
192
228
26
262
61
288
167
78
288
108
278
33
257
227
109
236
21
244
4
168
315
298
122
54
65
307
234
150
285
276
153
1
68
241
89
145
24
277
223
137
223
7
29
125
297
193
188
141
63
162
244
232
29
24
24
297
311
232
182
68
136
232
336
234
157
157
223
248
155
99
336
63
222
168
137
103
287
81
286
26
165
275
297
40
251
257
222
234
63
22
238
278
306
324
203
114
153
10
144
131
218
189
108
196
110
228
81
220
79
82
268
10
84
60
199
98
127
259
35
272
112
213
53
145
15
213
196
47
74
193
266
70
132
11
294
81
2
268
218
328
63
339
161
12
215
218
144
334
184
30
261
82
274
324
277
157
181
280
312
200
340
67
257
42
161
318
145
211
321
68
105
312
75
301
311
79
288
253
28
130
299
334
123
53
260
257
117
301
50
201
73
130
97
318
270
240
83
203
196
106
69
305
241
49
142
244
236
80
193
270
159
30
68
311
159
80
193
27
66
144
250
215
83
246
91
122
163
182
65
59
144
272
46
82
213
143
296
28
223
211
29
174
341
284
10
122
112
342
56
32
75
8
256
202
347
278
239
332
33
196
39
5
131
30
333
221
97
318
290
332
347
115
88
62
153
8
188
17
64
349
33
205
133
299
227
270
205
101
348
279
113
325
318
216
248
248
1
110
124
9
278
48
33
319
139
75
28
12
22
186
138
153
19
191
112
166
318
18
7
248
146
19
178
15
20
107
246
52
330
96
101
108
239
312
231
88
109
202
66
220
165
193
308
341
163
66
86
31
133
94
174
21
112
56
324
170
68
211
220
100
340
247
25
88
85
238
77
257
1
193
280
75
102
292
255
339
269
222
158
269
190
339
156
250
132
72
30
197
77
149
188
210
140
98
333
174
339
18
246
107
337
41
176
234
102
181
18
127
130
139
324
325
290
129
249
173
333
273
345
178
185
214
258
133
133
288
118
346
319
108
275
47
12
332
129
94
79
280
322
2
134
321
142
201
272
211
117
261
126
101
346
159
312
205
165
154
183
293
129
120
348
72
115
61
178
66
110
154
94
279
294
251
305
114
4
82
125
79
118
35
50
185
305
232
234
37
77
138
293
298
305
211
45
88
83
290
36
10
231
242
143
21
177
187
228
189
12
23
123
246
47
275
142
27
279
187
35
290
276
75
319
197
188
28
57
209
156
275
88
8
144
265
75
254
266
202
92
61
253
258
289
95
217
0
337
91
330
311
144
330
55
251
240
256
344
290
75
273
238
189
294
157
1
0
40
43
136
243
240
251
107
112
247
209
252
259
145
126
181
186
317
230
247
292
24
81
339
343
5
307
170
268
111
252
252
253
178
329
247
156
63
266
206
119
11
238
167
51
123
50
341
211
229
77
63
3
15
181
349
339
89
59
46
102
240
243
40
138
190
236
318
213
304
116
200
158
277
349
228
8
238
341
263
110
57
75
284
319
69
68
53
333
121
37
258
110
114
274
284
93
190
321
13
231
8
52
75
202
98
89
297
262
258
235
135
95
233
210
242
86
333
123
131
206
304
62
102
182
318
341
9
138
47
68
40
205
8
78
36
78
325
99
178
76
319
181
162
41
189
167
35
80
227
118
331
212
196
41
243
55
236
46
23
128
211
172
223
279
268
267
232
27
212
130
59
108
175
302
236
332
191
177
302
3
208
23
266
101
170
347
332
164
173
338
86
63
230
325
35
282
60
247
332
205
316
190
27
258
156
282
70
70
84
24
184
187
128
256
246
180
315
70
141
141
141
221
61
313
19
24
348
1
243
292
197
36
200
94
32
66
152
314
202
186
325
52
40
17
213
50
23
77
160
344
332
158
36
204
20
271
76
173
280
226
335
9
346
65
202
315
136
176
270
95
230
275
339
13
87
135
290
133
3
87
240
37
190
71
51
65
346
18
90
6
229
133
292
3
129
25
348
329
193
33
125
3
122
168
37
160
199
157
155
213
349
86
346
166
262
226
259
277
218
289
91
63
13
97
331
277
186
39
4
292
18
280
117
163
29
1
196
41
54
100
255
192
345
313
262
131
117
337
328
69
311
78
73
137
312
267
221
6
278
131
68
185
299
339
127
164
347
235
213
289
8
133
347
154
105
135
320
275
25
327
258
247
128
124
59
296
135
263
5
47
305
171
250
346
193
216
190
133
63
152
271
182
163
83
250
40
211
89
336
5
60
309
60
60
309
81
149
211
246
233
220
287
136
128
179
221
121
311
150
195
10
128
2
39
117
320
283
226
317
149
54
82
130
279
285
152
326
55
345
160
312
1
242
319
255
172
239
317
59
303
346
41
33
121
207
1
130
169
60
242
164
126
345
317
40
47
325
293
156
201
337
67
174
23
313
137
43
281
8
336
44
309
215
120
174
308
269
136
52
212
121
254
286
306
28
271
349
139
101
232
172
349
67
264
238
111
138
27
147
59
348
23
306
227
81
95
197
176
95
259
52
59
187
197
338
126
197
160
102
49
187
8
110
223
166
280
65
120
201
124
40
256
220
290
287
209
154
260
240
226
184
37
163
118
345
228
300
79
156
212
153
13
8
226
11
179
60
40
80
328
289
174
287
40
124
325
226
186
328
346
230
107
56
274
228
1
162
226
316
291
340
172
140
309
334
299
100
105
184
109
60
51
243
184
45
17
6
69
76
310
200
94
189
244
32
2
40
110
45
31
3
12
146
176
131
80
214
6
173
311
49
62
0
214
73
203
72
233
246
317
230
118
11
55
261
312
63
281
300
194
192
186
212
117
27
330
203
72
12
240
17
35
326
272
322
176
309
181
191
173
130
12
348
27
23
250
105
19
228
333
230
60
0
233
118
194
231
314
51
295
7
0
81
240
262
347
308
149
186
118
78
311
154
170
0
207
297
105
45
63
182
250
214
150
21
209
89
233
349
316
316
128
74
150
187
206
184
4
218
141
39
47
244
118
132
203
12
317
130
308
27
155
126
341
232
212
302
230
300
86
121
114
313
302
149
217
164
106
13
244
17
275
145
111
53
40
243
105
219
235
12
236
264
78
61
219
49
87
71
0
17
7
187
118
53
36
30
224
257
57
116
111
84
309
23
214
77
36
284
142
244
211
106
223
216
197
271
207
8
340
5
17
234
327
130
290
3
135
256
128
138
5
96
344
32
138
328
160
167
274
324
223
273
347
26
300
178
301
173
121
312
247
239
120
138
126
160
185
258
116
145
244
89
202
258
258
132
274
257
271
64
275
296
49
207
4
184
253
186
182
178
86
208
275
180
262
49
69
52
191
95
253
319
229
203
268
3
161
109
27
184
154
19
267
127
32
67
206
68
11
189
106
29
116
227
306
323
84
148
188
102
224
322
240
76
124
208
193
340
3
245
256
30
95
195
304
340
191
257
345
336
178
62
11
130
328
244
289
313
43
147
322
341
66
62
320
226
282
195
210
124
26
189
295
325
218
75
288
109
49
249
180
88
336
252
129
218
242
82
124
132
300
64
174
106
71
136
146
83
106
308
40
173
248
341
132
108
319
318
210
210
275
264
49
103
37
37
92
163
145
40
251
0
212
235
332
319
145
71
330
292
110
232
180
122
149
42
290
174
320
137
67
139
152
328
90
345
133
264
240
150
109
25
243
313
157
345
88
325
68
148
310
279
144
280
165
252
125
296
19
128
128
6
198
258
280
163
149
30
224
313
84
202
106
11
51
25
84
202
214
109
20
36
204
187
268
124
110
170
66
299
157
46
59
48
243
283
146
166
308
274
283
349
298
224
164
101
97
335
197
326
112
268
327
54
100
297
232
128
268
255
162
274
157
49
76
244
58
203
344
34
47
29
58
166
308
283
310
284
180
270
124
236
11
153
0
31
241
341
206
164
320
282
112
258
268
232
117
101
146
290
51
91
150
19
170
312
320
330
204
101
61
312
226
91
232
170
255
29
219
339
189
228
100
35
77
46
15
309
43
293
16
186
171
246
271
294
341
76
202
31
8
94
0
203
334
345
20
235
187
125
20
230
19
329
168
180
111
180
205
174
9
45
132
119
214
93
47
175
137
18
214
114
12
315
184
140
206
66
285
314
223
296
217
17
135
316
6
133
207
18
118
37
70
133
77
223
255
137
221
233
37
59
313
109
172
35
160
331
137
22
251
22
106
160
91
77
274
17
30
217
194
336
292
314
246
269
174
339
302
270
178
337
204
77
54
240
202
37
55
309
161
339
317
315
124
146
176
292
309
0
178
139
73
281
280
150
319
213
251
339
142
287
300
61
268
342
342
331
148
268
238
347
261
161
123
239
2
9
213
171
9
54
54
233
106
208
213
26
3
122
286
319
188
146
213
266
60
123
139
301
345
253
256
344
106
343
44
238
44
278
335
265
170
142
9
100
66
148
316
48
89
279
194
121
35
233
234
143
73
175
73
86
0
161
328
295
107
159
344
338
81
319
123
149
29
278
29
170
134
290
288
241
261
82
124
313
177
116
73
112
277
303
210
263
61
263
149
134
190
299
197
339
276
47
118
258
150
132
210
288
202
228
253
323
13
104
63
66
213
63
105
124
183
85
251
81
159
58
55
37
12
329
309
291
334
107
204
252
208
344
160
238
161
82
177
47
151
173
267
67
123
86
187
55
313
93
70
143
160
313
62
5
111
6
152
94
70
272
277
330
158
324
102
160
299
31
161
167
311
151
52
16
204
309
315
36
147
310
267
32
91
143
179
88
264
324
248
287
107
114
126
264
190
239
312
15
184
326
199
0
54
139
16
285
228
274
85
284
28
63
166
330
105
123
277
206
150
287
107
123
255
32
126
208
43
195
213
156
313
245
166
63
214
245
13
323
181
5
242
323
221
194
15
103
17
266
125
19
327
285
133
118
301
111
132
94
84
150
186
118
114
252
347
50
214
276
155
145
314
249
35
230
63
218
179
286
70
81
175
77
200
52
23
206
83
79
139
23
200
50
332
157
178
327
274
153
301
310
332
243
300
344
331
150
67
40
227
87
213
132
114
332
61
236
60
63
249
9
306
313
227
13
124
322
81
310
317
219
263
23
178
104
273
155
13
236
181
179
80
294
125
13
282
247
224
300
344
145
196
112
266
179
169
198
294
236
149
50
314
169
129
271
301
253
100
118
268
92
104
319
109
208
345
44
175
269
273
2
215
302
96
6
107
306
42
345
198
297
226
181
178
248
186
145
11
293
271
243
208
0
179
95
29
15
274
132
9
106
321
17
80
314
196
2
287
175
58
208
138
286
230
155
141
119
198
188
71
48
132
29
136
229
118
151
138
81
135
188
301
340
189
174
320
173
155
15
238
192
38
105
190
119
138
216
198
125
277
267
143
15
236
4
230
40
157
10
253
306
253
280
330
238
188
97
60
109
190
48
159
84
141
215
207
31
228
274
144
323
72
4
253
142
95
82
291
279
123
347
341
187
329
238
48
226
292
338
23
276
220
341
34
172
39
342
217
323
208
10
76
226
117
203
40
134
251
132
7
326
22
295
72
204
220
320
84
203
11
153
144
39
241
333
129
61
173
185
99
320
257
333
322
154
1
79
172
40
191
311
260
128
23
165
99
52
228
311
218
19
252
198
302
218
257
343
86
156
235
288
23
71
260
323
226
214
75
311
106
155
80
66
36
44
109
22
77
250
263
184
234
143
348
288
310
348
234
107
20
154
208
324
34
198
142
292
157
185
111
344
131
18
197
229
102
57
231
82
150
75
182
143
37
339
107
114
340
280
64
172
155
227
20
159
117
249
96
98
185
256
190
193
272
275
129
14
111
305
193
319
196
289
154
314
8
42
179
275
191
250
312
248
222
132
154
72
125
198
8
23
320
114
142
323
316
131
330
196
319
115
114
302
296
24
15
234
65
24
214
5
341
176
266
236
333
124
168
339
222
297
57
106
42
263
131
254
32
77
330
202
347
142
281
65
281
39
297
180
280
221
83
208
194
159
266
264
105
309
82
200
142
102
182
210
215
151
252
3
236
68
100
168
342
51
95
202
241
260
250
326
255
48
280
58
208
296
55
79
142
79
190
82
210
25
49
104
209
284
50
316
155
58
308
289
133
190
313
291
311
211
50
66
221
303
254
62
135
178
96
340
80
330
55
309
5
99
255
230
219
324
22
191
237
117
203
38
196
18
310
194
168
276
254
95
129
122
227
95
174
114
12
172
333
16
186
24
178
180
5
277
248
200
178
11
131
108
210
215
18
326
2
98
250
249
344
252
55
130
283
333
237
182
215
178
280
25
32
102
157
66
254
227
151
108
134
247
127
337
43
47
327
11
21
120
65
197
168
345
77
170
117
211
180
215
44
182
190
65
240
231
116
313
52
67
311
115
305
141
230
42
144
43
149
348
137
288
121
57
334
212
64
58
327
16
101
131
12
287
149
213
207
278
255
234
256
233
334
309
39
97
13
170
298
281
312
49
289
146
122
322
81
239
63
224
303
239
313
139
280
151
199
253
120
38
294
111
1
234
152
138
178
18
28
34
288
127
207
119
180
151
335
243
309
146
75
233
258
87
199
109
93
67
311
89
272
67
193
305
289
170
185
131
94
25
213
199
64
94
349
104
97
200
193
152
248
29
129
34
345
45
58
227
67
247
110
25
99
297
36
286
302
66
213
301
331
252
1
29
63
253
154
58
14
35
341
67
170
230
195
329
197
73
185
25
172
217
245
136
333
221
302
277
242
87
245
5
39
179
230
245
96
155
130
332
204
131
272
183
158
131
343
128
138
110
94
285
1
179
60
125
221
168
72
23
277
264
42
110
172
92
102
320
233
1
88
138
324
131
193
277
158
218
189
264
29
142
34
130
21
72
141
230
242
154
24
71
228
332
94
200
224
344
215
88
43
301
227
189
260
7
286
134
305
16
155
134
44
20
101
142
207
339
288
173
236
46
339
344
260
329
278
240
293
94
186
305
170
18
201
323
17
315
236
65
256
340
174
31
170
237
342
343
5
257
21
198
127
196
295
286
97
286
77
146
344
76
330
230
174
347
141
306
132
341
67
274
18
285
320
228
45
348
326
227
326
243
326
140
154
302
251
63
207
280
1
134
321
256
76
40
344
283
242
91
160
307
338
141
281
315
197
155
268
182
110
257
180
178
332
20
286
97
174
6
96
25
82
54
37
159
145
85
208
223
71
99
349
189
208
236
332
262
85
68
280
89
220
271
64
318
330
236
187
320
222
37
116
220
65
112
329
193
301
251
128
68
205
3
43
65
46
329
155
206
68
95
18
199
275
208
116
229
184
131
85
210
71
257
179
159
23
206
8
142
285
99
246
237
131
98
106
277
182
222
344
25
58
263
317
110
237
24
120
301
33
68
324
206
77
189
220
347
324
252
141
96
225
187
99
343
253
93
53
255
71
301
36
55
38
253
243
172
302
275
19
256
84
325
99
332
89
201
326
258
208
283
71
277
23
210
129
6
280
58
10
178
235
130
110
244
90
316
40
40
1
265
233
247
202
336
311
90
281
71
236
3
3
95
6
208
6
18
158
327
155
184
322
341
154
97
153
3
337
68
315
288
152
144
345
329
253
169
260
40
257
224
295
152
110
167
44
273
292
130
89
280
121
167
36
142
301
11
288
107
48
180
181
32
231
187
66
58
208
194
97
281
205
103
82
328
98
341
261
306
48
235
185
339
51
79
75
16
151
91
182
224
283
87
321
280
345
302
322
335
256
18
331
188
114
238
106
283
190
280
40
178
57
252
180
127
319
256
12
174
236
4
348
127
31
234
48
154
84
215
75
310
85
54
214
293
262
249
249
143
106
107
234
249
257
239
14
212
199
251
285
231
162
186
252
271
191
53
239
215
145
161
144
44
268
22
94
71
125
331
118
319
324
169
0
82
204
339
347
16
18
13
143
331
322
283
182
50
258
264
17
83
89
275
54
298
151
94
200
346
255
54
76
262
323
224
58
346
134
173
181
168
203
253
335
281
131
83
307
203
115
266
248
21
280
170
144
83
119
261
86
170
221
328
296
262
31
62
86
66
231
151
209
281
341
262
137
264
97
226
146
188
226
123
95
340
332
106
167
16
203
12
123
275
261
35
209
282
292
245
315
136
30
240
322
242
249
128
25
292
330
240
101
17
25
280
100
270
313
227
190
285
326
41
312
3
60
236
7
285
264
228
52
241
151
295
144
54
249
52
75
167
35
132
109
53
233
138
54
75
54
148
312
277
117
32
136
92
255
345
233
283
84
29
324
216
125
156
264
192
314
75
312
251
190
22
204
154
150
284
168
325
209
288
309
211
124
8
270
178
72
102
285
172
299
66
73
53
72
181
173
159
2
284
99
87
237
28
107
19
190
168
91
208
110
170
217
321
90
223
174
169
200
163
344
15
242
42
100
160
149
301
145
257
285
206
165
288
304
90
254
139
156
20
178
331
207
152
163
110
342
254
336
323
163
224
299
31
46
313
36
309
34
264
220
99
42
65
91
306
124
139
207
16
120
36
128
126
249
255
165
326
173
252
54
128
323
129
80
99
32
62
291
51
244
50
29
327
31
199
257
49
206
51
134
262
196
81
289
303
238
291
266
139
3
43
215
170
196
159
52
16
169
229
92
85
288
34
275
313
203
177
108
316
266
310
251
76
219
333
86
286
287
298
23
324
287
344
258
194
179
342
340
139
107
120
276
17
170
345
269
182
298
147
47
223
226
173
6
277
277
39
338
66
205
60
31
2
45
68
324
81
13
326
98
33
174
146
51
80
87
32
45
253
174
202
264
67
11
7
229
125
316
138
150
346
252
80
68
302
321
55
153
330
153
45
190
345
90
99
107
60
153
286
327
211
123
171
23
328
35
151
249
318
76
180
207
52
126
84
28
28
318
57
132
298
119
318
266
6
11
74
209
243
63
207
265
327
303
43
78
156
54
38
63
56
252
20
33
324
54
136
349
146
8
187
107
33
8
23
180
267
236
68
152
349
264
145
194
126
321
335
132
336
202
276
125
20
235
14
302
149
82
207
71
175
4
321
321
159
107
309
331
159
295
245
169
104
85
32
81
255
261
199
168
103
330
119
184
95
85
112
140
48
299
121
53
66
29
119
104
309
17
341
269
17
320
74
333
17
323
218
60
299
227
75
235
128
174
30
239
4
70
232
138
341
53
105
132
185
94
22
79
323
344
139
94
345
81
346
83
249
5
203
109
121
22
344
298
31
133
149
324
258
55
228
1
327
8
343
152
225
333
316
24
71
68
56
24
109
302
134
46
202
207
290
9
120
2
76
344
76
40
321
191
72
288
288
317
225
10
346
188
56
86
71
107
147
94
341
17
64
30
213
163
278
33
235
158
298
214
346
53
170
183
136
78
214
288
257
259
25
80
313
170
271
259
337
153
150
71
280
77
321
333
120
311
145
136
162
158
200
182
343
88
194
344
181
114
188
330
77
64
80
3
50
120
334
258
225
298
279
157
268
152
108
124
238
85
93
51
265
124
216
255
88
347
216
184
290
26
30
270
273
256
343
50
201
211
198
135
260
67
197
33
280
271
202
178
345
15
188
157
230
255
201
95
17
342
303
296
46
25
52
202
276
335
346
188
38
273
326
336
181
181
310
18
202
190
171
128
297
41
347
86
147
225
21
157
140
63
336
120
343
237
87
296
3
203
8
338
55
186
23
271
67
3
45
322
87
291
276
203
147
226
36
23
47
171
176
87
162
16
158
223
284
0
85
283
276
68
62
229
45
44
53
331
314
237
72
41
83
62
134
222
297
224
335
327
67
111
278
157
77
276
43
89
321
250
234
335
83
89
221
18
82
206
83
174
229
327
257
188
178
255
89
349
23
228
179
14
195
313
284
54
203
117
277
344
44
165
6
190
221
228
77
123
253
15
329
203
162
183
203
2
159
36
276
115
35
217
264
217
281
218
231
118
337
296
315
22
284
281
119
74
277
115
27
34
3
106
187
118
203
237
207
99
157
198
273
134
335
67
96
32
45
199
281
219
294
82
14
106
315
209
139
189
252
223
219
122
118
42
221
56
19
248
248
225
171
261
303
115
48
248
256
270
184
348
17
323
112
142
260
284
220
303
277
31
311
248
64
157
227
247
154
64
34
293
327
112
161
134
304
77
227
31
44
334
243
180
184
236
165
168
287
242
48
32
32
338
39
27
251
28
59
327
263
188
341
134
39
323
290
151
257
119
277
120
79
302
308
57
30
184
261
63
189
76
26
346
85
267
32
197
122
286
53
70
235
22
158
274
89
87
282
273
109
274
178
311
211
63
88
179
64
348
198
7
0
52
298
165
151
15
286
6
63
288
210
243
62
100
182
54
196
338
7
81
78
141
327
327
346
52
312
227
301
196
215
109
183
236
210
277
144
196
311
111
80
33
68
246
236
78
217
277
157
87
40
111
44
258
217
175
59
258
41
174
167
117
318
165
13
153
315
44
196
94
183
71
319
26
64
83
226
19
191
89
37
148
141
230
312
81
147
117
30
324
131
36
300
76
155
95
198
185
314
95
131
130
296
103
221
113
208
334
127
314
112
174
292
211
185
171
116
297
239
150
135
122
132
293
223
6
89
313
218
287
323
116
238
74
138
274
105
239
194
185
166
243
89
0
203
250
324
267
19
330
345
235
251
297
194
179
183
231
2
129
92
295
62
14
329
81
252
321
78
297
93
166
319
298
227
341
295
85
81
323
320
206
180
65
260
347
12
223
150
138
213
34
71
221
60
302
19
81
17
142
74
82
286
234
313
286
162
37
264
140
176
140
198
49
187
60
147
210
63
294
280
210
38
218
170
287
51
159
111
290
319
30
83
119
123
90
341
218
66
174
223
263
26
316
5
344
204
13
314
217
308
84
69
344
309
74
40
291
335
122
188
120
25
172
269
94
211
80
29
15
218
251
96
87
324
272
154
29
64
251
84
206
123
198
206
199
107
70
224
101
324
272
268
127
127
226
44
71
344
74
261
324
14
288
148
183
334
348
240
200
325
19
56
62
324
137
144
143
225
78
288
137
339
316
25
292
280
211
315
45
265
250
109
268
234
331
5
20
204
274
293
331
45
206
232
5
248
276
52
302
324
305
201
63
142
198
172
242
214
167
143
18
175
34
69
21
259
128
48
114
348
345
288
305
29
90
225
242
113
47
226
325
328
70
243
342
216
58
170
120
249
36
93
76
209
284
270
210
53
22
278
226
336
220
220
229
9
333
169
18
270
74
188
329
271
136
287
346
184
268
349
303
97
342
326
36
332
59
74
1
249
114
89
206
309
74
9
195
75
335
123
84
41
74
315
269
135
285
100
125
241
25
348
319
90
81
260
254
201
282
284
315
115
298
278
31
124
316
287
165
97
184
297
225
345
181
128
115
174
84
164
282
289
4
175
172
98
216
339
268
98
243
248
276
254
0
269
225
50
241
339
213
306
168
87
271
306
99
325
124
296
279
304
37
254
281
96
268
147
317
212
90
271
112
349
56
171
73
86
135
26
93
96
144
166
87
58
27
264
299
129
270
59
135
250
204
333
82
153
204
198
250
34
346
160
30
332
101
258
348
131
287
192
197
86
69
345
319
287
89
302
173
54
159
221
35
338
337
302
226
54
131
349
87
299
287
338
343
346
299
269
279
196
205
11
297
206
236
276
346
106
84
325
223
340
242
307
164
146
249
204
279
134
231
216
302
38
19
264
344
204
100
76
272
23
147
234
59
343
166
157
29
235
257
343
73
225
317
42
60
287
270
255
157
340
83
62
112
63
74
325
301
170
24
222
133
175
133
167
35
6
336
206
224
296
174
56
253
337
285
274
286
235
96
264
60
157
297
65
38
336
295
297
343
99
156
187
267
241
213
130
143
261
152
175
226
6
96
27
287
335
178
36
170
262
187
90
158
52
243
341
286
330
209
277
144
96
295
211
132
64
64
28
130
253
204
3
319
300
232
307
8
228
152
133
134
115
173
205
70
277
134
141
31
320
341
2
277
155
15
204
190
46
258
164
110
182
170
262
304
227
82
172
71
160
209
140
239
108
199
85
109
199
145
35
193
344
340
87
169
154
180
235
42
35
91
225
211
124
145
86
285
262
291
182
175
12
208
255
60
135
279
283
104
196
324
327
81
320
175
323
144
283
345
224
54
54
85
171
11
324
162
15
57
291
239
294
10
193
346
55
161
144
297
102
334
298
333
60
133
38
331
16
253
230
116
81
327
129
105
343
64
173
230
275
64
21
182
302
37
343
211
273
89
182
261
103
171
85
345
349
169
60
259
174
51
262
273
68
103
128
66
187
97
327
299
69
186
339
135
192
328
346
190
315
76
226
7
257
78
340
172
183
65
308
210
27
44
65
289
347
228
327
128
54
61
71
66
93
122
217
105
149
74
266
257
276
183
104
203
103
162
238
137
47
21
195
68
158
63
252
302
116
85
217
149
169
233
28
162
267
295
260
310
307
44
130
316
10
279
188
178
211
310
300
289
69
214
298
25
122
299
117
231
128
165
186
47
197
58
349
310
67
285
263
44
229
226
282
6
209
128
179
48
96
116
122
5
62
248
146
229
300
287
203
345
331
203
343
116
205
159
161
323
4
76
303
22
182
81
328
185
0
