-649.9455605
-831.9095439
-470.3604132
-1196.728975
-1052.802997
-1159.6629
-1012.691914
-801.4654769
-678.8163928
-816.2031363
-951.0880762
-601.8452862
-1225.814276
-716.2034679
-915.1251422
-722.5848456
-922.9431731
-1049.360109
-828.162512
-571.0297918
-879.6673966
-565.6248593
-727.1046917
-779.9879406
-769.7020294
-672.0549619
-875.6279423
-961.2007128
-919.4489314
-1387.516247
-1150.489249
-1246.708714
-960.2302229
-872.1367168
-837.8657869
-854.7305253
-820.3662387
-881.5462841
-946.7523193
-1006.344051
-1036.372214
-570.6837327
-798.2963985
-1091.290048
-630.4723283
-809.7972104
-989.9727262
-859.1280386
-770.4710086
-947.0404218
-895.5622108
-875.2175752
-763.7236201
-958.923256
-599.2727003
-551.6788034
-1108.221755
-1130.64718
-938.9692782
-705.5106797
-1143.753206
-560.0231991
-1025.097871
-1062.576509
-1407.145527
-903.8874493
-1126.259609
-837.160194
