94
297
191
392
502
161
384
385
290
56
25
86
270
499
148
305
54
56
68
305
478
98
183
500
30
109
22
457
325
251
417
209
277
327
86
105
90
276
116
180
284
262
318
148
151
283
303
283
393
273
501
512
80
0
207
451
170
161
312
478
405
283
188
92
204
221
255
39
206
135
186
115
136
213
274
44
2
115
140
307
216
289
59
254
264
372
389
422
484
422
136
2
422
325
146
50
423
10
95
172
246
483
273
213
333
498
270
136
261
318
70
513
114
490
98
172
270
108
254
167
282
208
141
175
177
345
420
264
84
54
376
294
353
262
514
243
228
70
216
119
149
229
302
333
350
443
70
504
167
32
292
205
71
41
269
24
315
225
40
143
285
116
69
401
168
67
174
376
409
328
144
302
512
7
182
404
289
121
61
497
270
54
14
435
260
207
301
270
438
98
316
337
158
278
439
299
361
348
103
316
167
326
347
449
423
398
425
314
86
194
371
249
50
50
276
514
509
98
202
117
433
449
12
335
140
270
159
45
106
508
283
502
198
148
455
434
141
120
270
276
51
389
195
369
123
178
32
18
57
363
420
82
215
495
383
124
264
222
233
98
348
438
162
332
67
326
148
264
199
262
439
375
189
366
380
143
203
82
425
166
10
204
12
454
513
2
207
107
291
176
222
380
508
44
452
419
4
232
419
163
369
113
299
434
472
154
74
220
201
497
156
348
108
396
103
176
455
146
440
227
4
497
39
143
499
440
100
135
359
431
290
199
190
215
473
430
500
99
176
474
185
16
253
294
483
52
93
225
144
155
123
178
205
143
259
96
218
431
103
388
302
417
386
369
32
76
108
421
121
407
475
439
153
380
270
421
496
97
356
401
330
326
65
165
357
437
4
403
407
287
389
225
424
359
277
253
231
230
227
475
81
39
316
451
462
431
483
103
286
435
413
155
112
270
317
262
47
34
504
400
25
417
71
239
134
165
231
353
103
89
153
447
103
305
5
93
300
461
70
377
509
12
108
467
200
476
313
215
348
131
230
215
473
5
432
408
274
25
487
162
275
350
214
216
298
155
76
125
182
138
384
119
333
280
268
450
44
293
515
374
276
342
81
370
398
155
76
254
261
88
228
291
107
443
7
204
236
311
176
409
35
424
316
223
301
103
88
228
496
61
214
125
200
305
291
497
509
490
326
370
445
150
414
189
6
61
433
413
147
15
431
463
48
57
218
222
75
302
281
86
462
378
459
117
298
367
278
434
81
276
62
82
21
90
27
264
22
154
403
237
175
492
107
388
374
295
485
145
350
255
176
341
294
493
142
439
154
515
236
268
385
488
87
173
18
189
313
478
54
94
378
444
71
252
210
34
254
298
332
39
323
361
36
26
378
54
354
497
309
25
6
403
469
198
495
134
82
286
393
469
319
326
443
170
64
60
123
42
510
368
452
77
351
105
135
332
311
294
497
408
229
42
292
240
369
188
492
82
200
106
387
20
43
214
467
81
418
338
332
126
214
444
123
135
294
381
189
262
475
64
257
40
25
226
275
168
116
159
126
295
446
270
425
81
408
14
511
15
356
240
102
43
442
392
367
501
501
388
390
512
473
473
123
425
479
276
166
234
282
30
323
316
385
166
97
186
478
335
71
225
165
135
167
444
474
240
276
40
309
176
353
97
217
214
330
165
459
435
237
426
68
458
432
367
217
197
66
323
513
379
117
134
167
435
6
53
373
224
260
292
69
29
66
229
94
308
125
149
247
60
274
115
210
339
319
338
477
2
168
117
425
60
17
455
237
455
468
35
166
155
351
33
5
460
429
110
165
25
435
289
94
274
58
15
8
378
180
308
426
489
296
29
115
386
277
490
389
362
343
193
368
115
462
313
59
433
272
422
178
117
490
177
285
113
285
37
485
134
409
325
315
142
92
259
315
490
171
176
82
230
233
2
262
173
41
381
428
272
39
204
512
385
117
3
374
39
397
343
69
195
233
431
428
386
185
81
167
472
75
419
240
140
196
166
298
381
395
206
460
500
283
184
301
413
302
34
320
11
186
240
159
61
20
266
463
259
278
381
276
487
186
478
477
251
155
230
333
297
182
401
168
426
483
459
159
21
477
164
193
118
251
155
436
129
251
384
172
222
23
451
434
106
288
424
508
460
118
425
345
127
237
376
72
222
10
251
473
294
139
35
303
164
84
31
70
262
450
398
140
174
308
316
67
267
262
504
191
288
281
288
288
200
285
360
472
173
411
259
135
183
41
505
329
147
311
299
509
451
456
375
370
15
497
398
450
117
137
353
36
334
293
360
211
171
142
490
79
117
175
241
364
130
431
369
427
400
56
28
409
113
95
68
454
358
508
473
361
39
122
437
460
317
222
440
151
128
92
37
135
68
469
426
397
140
189
361
167
363
52
137
270
187
384
107
312
476
61
205
61
319
348
43
243
346
99
394
136
447
506
210
368
193
356
91
50
399
133
299
253
312
208
330
24
265
18
265
59
457
48
450
253
295
456
84
264
294
136
269
304
130
353
74
299
212
276
30
499
235
373
274
455
405
430
319
41
89
481
28
401
291
242
102
267
137
514
130
204
267
169
97
3
436
342
120
244
46
52
203
243
224
331
119
7
211
124
129
163
379
379
375
199
101
331
250
342
457
205
168
308
384
375
360
222
368
101
207
115
48
444
237
309
336
43
272
247
26
465
73
145
421
465
81
30
168
443
274
3
507
320
218
274
209
223
313
170
104
375
160
84
235
86
234
21
343
487
6
420
506
84
160
343
428
310
428
25
55
508
405
171
204
259
443
390
361
257
37
316
396
396
3
510
326
412
198
270
375
509
432
176
436
419
22
375
497
287
24
430
466
361
298
368
125
405
319
292
432
124
324
112
48
77
72
189
488
483
173
341
353
126
287
506
468
10
433
389
211
185
92
360
263
263
159
429
404
10
465
117
175
335
476
20
140
250
484
158
431
15
92
401
226
511
86
319
460
373
159
414
262
486
134
389
417
83
31
200
392
188
464
365
394
266
360
28
414
390
421
436
513
480
33
247
278
276
345
266
173
134
341
335
80
408
337
126
390
120
409
92
360
372
451
290
86
307
138
104
100
71
250
6
460
257
248
360
171
323
333
194
207
490
256
512
281
80
209
9
494
321
470
332
120
61
237
28
459
31
173
65
36
392
191
370
168
276
292
342
169
166
263
61
120
246
479
484
459
131
162
400
382
100
18
399
29
178
395
100
214
150
326
192
420
117
332
76
170
173
271
366
214
318
387
65
99
33
281
245
396
297
345
354
251
397
207
200
103
180
411
393
18
58
249
208
308
476
413
215
334
450
420
375
246
476
316
101
389
247
292
392
40
312
380
21
147
272
296
475
95
288
321
199
101
46
101
368
161
227
130
91
476
206
497
333
246
224
457
242
233
219
202
316
429
260
258
418
57
417
260
95
428
360
328
134
333
507
198
255
62
101
113
287
53
256
196
341
245
1
130
59
54
373
138
181
191
328
59
254
68
334
61
82
85
388
25
354
421
101
396
451
304
488
198
255
132
452
61
225
75
341
341
251
255
215
317
132
491
129
128
474
114
13
1
474
227
151
306
276
131
62
69
0
225
46
20
341
139
101
345
359
75
29
306
82
260
261
114
495
206
10
166
373
176
289
377
82
314
501
101
52
268
273
4
283
426
445
355
342
348
180
185
369
304
274
468
206
0
268
215
475
293
23
469
182
470
268
301
499
178
8
27
375
355
417
2
154
342
353
307
39
273
455
443
156
368
393
268
18
29
236
23
158
141
274
253
48
299
99
71
37
318
179
491
21
293
109
435
398
485
85
37
276
326
107
264
322
354
37
259
36
227
208
244
362
278
245
114
406
296
165
105
88
419
32
2
218
314
278
21
323
428
422
301
69
245
364
186
0
506
244
301
485
322
207
489
11
420
292
94
137
212
471
198
203
165
330
508
44
352
263
447
409
61
142
212
71
0
399
288
387
347
86
376
288
1
379
422
73
181
68
302
6
446
118
496
489
506
136
416
343
389
389
497
434
446
96
68
90
236
357
486
68
8
307
88
435
212
477
203
99
3
443
254
287
87
333
351
442
76
86
186
455
401
288
511
506
427
346
25
165
319
233
137
14
295
354
76
44
150
316
366
205
495
400
64
15
105
135
227
173
37
228
312
179
258
201
445
148
79
205
378
200
113
186
380
447
67
424
218
427
487
482
84
164
385
63
343
109
340
434
442
54
424
64
97
166
33
124
162
96
109
17
107
128
158
262
311
254
47
54
387
106
196
149
489
489
406
343
252
201
156
336
366
486
264
448
422
290
261
54
453
504
324
376
37
178
466
438
230
492
150
21
70
310
485
322
232
3
99
342
243
408
261
329
483
487
210
270
230
466
504
488
278
257
243
147
401
73
268
395
256
174
265
429
289
152
257
497
52
41
389
24
190
310
455
221
134
228
151
511
378
203
508
314
243
21
515
33
172
329
98
461
289
199
70
309
192
254
284
42
125
314
335
10
410
306
465
213
7
261
161
335
357
218
227
176
460
324
164
419
163
371
456
465
484
283
128
203
220
266
421
272
326
85
44
410
432
201
237
374
102
9
448
208
163
239
39
421
193
152
38
25
256
419
162
329
398
434
273
405
266
298
60
406
182
101
168
504
149
512
192
30
109
462
422
324
350
437
395
147
91
207
422
406
7
475
228
181
400
475
506
8
117
56
118
480
154
207
147
498
211
101
509
474
174
507
247
258
295
41
152
424
442
206
446
380
481
61
273
505
400
366
1
24
198
382
30
433
3
317
206
20
475
339
105
387
38
484
363
232
492
372
311
137
126
228
230
46
317
317
289
437
257
331
364
341
380
490
406
384
109
13
354
148
502
102
295
372
133
133
419
367
89
396
278
284
401
245
490
368
428
88
177
360
411
191
178
215
41
401
266
287
382
164
473
211
485
425
437
235
356
229
374
482
200
257
136
311
432
313
315
337
121
238
373
409
509
272
1
487
219
401
437
208
195
425
107
388
450
14
349
364
152
417
162
244
204
111
446
2
247
209
292
150
162
68
35
337
162
399
317
380
99
307
45
123
224
295
399
261
49
299
373
218
7
45
218
51
43
62
216
98
120
487
163
8
70
91
383
23
377
403
183
424
115
155
476
198
208
135
175
405
98
345
37
388
244
489
475
318
341
163
395
196
82
299
266
343
495
125
148
176
384
99
69
505
480
385
75
167
261
134
26
501
87
41
211
133
8
488
497
286
106
2
336
446
115
59
99
424
311
129
251
255
183
380
133
59
169
300
216
291
303
115
451
125
133
84
341
75
394
77
303
109
51
245
266
115
345
438
498
13
41
480
314
380
426
275
38
79
410
391
340
179
493
505
77
219
353
59
183
56
326
155
75
357
78
70
80
377
277
343
132
305
183
365
114
4
132
454
14
138
66
68
114
315
349
369
20
155
388
49
498
325
433
74
348
278
388
331
101
484
446
508
68
430
242
22
80
270
84
512
411
64
393
256
231
481
302
41
107
32
476
480
12
95
245
261
513
219
406
257
147
247
490
503
449
302
313
28
215
250
319
491
287
213
85
249
261
366
444
258
90
417
408
371
327
218
258
375
159
51
115
341
287
255
370
92
99
150
444
33
16
191
404
157
47
47
51
303
401
432
187
290
172
257
430
134
457
200
23
115
354
316
316
311
462
368
327
168
377
146
127
494
311
320
105
381
313
145
12
19
116
105
7
297
490
403
121
382
500
319
264
74
333
69
427
285
26
114
47
262
464
165
71
292
408
173
97
464
422
459
153
318
58
401
459
293
272
507
113
71
510
270
133
264
85
321
87
232
18
398
20
322
322
492
136
340
270
4
29
272
44
271
443
295
468
145
111
441
272
132
233
159
16
181
450
271
352
288
116
267
471
273
380
150
127
432
23
417
234
255
452
270
474
339
446
29
459
173
53
418
114
20
414
425
506
41
217
202
36
434
105
120
287
380
383
185
292
380
269
448
442
200
157
167
232
454
398
432
425
404
45
365
245
70
102
357
262
180
373
79
236
300
294
206
153
234
499
403
79
136
152
165
34
106
121
117
512
191
163
58
181
490
152
499
161
454
29
110
486
273
441
297
489
474
93
315
96
98
407
45
432
99
485
292
45
290
6
234
236
132
308
490
258
205
87
7
467
165
103
106
344
107
473
494
219
437
423
393
217
71
402
20
180
373
335
490
7
499
332
125
186
262
198
246
191
420
220
8
107
246
216
163
155
111
199
416
317
456
362
381
415
78
191
100
31
403
37
38
255
424
128
311
274
494
153
99
475
18
233
333
463
495
117
257
125
58
385
305
342
229
128
341
113
325
135
281
187
473
305
91
113
486
407
61
202
471
107
313
174
14
35
157
491
135
323
301
90
133
245
62
280
478
473
338
215
282
87
380
311
385
513
506
56
134
270
243
253
305
194
214
426
224
187
244
486
23
148
0
40
260
422
218
377
471
487
319
299
417
258
29
120
360
143
471
329
371
75
277
162
217
49
243
224
134
455
402
498
257
85
454
109
270
262
187
298
367
149
467
286
402
108
278
438
412
23
491
47
85
454
228
95
186
395
184
445
1
19
95
497
319
128
367
434
507
99
80
194
339
444
217
148
140
207
292
460
124
20
216
418
254
278
152
198
424
456
48
165
456
40
10
306
57
299
221
282
224
334
426
228
289
57
331
453
278
234
70
373
111
191
331
142
74
413
389
49
498
61
439
45
137
344
64
87
486
331
128
377
176
301
316
496
470
85
256
499
214
106
383
147
108
197
137
257
25
370
335
360
207
301
14
91
124
343
147
329
41
502
125
283
310
162
11
11
334
426
22
199
18
233
356
37
478
418
121
492
178
12
253
123
462
280
508
462
331
324
277
356
185
49
414
106
298
56
476
257
270
236
114
74
470
385
486
246
417
351
350
198
444
195
462
252
93
487
93
254
436
285
493
488
177
349
405
200
217
444
149
50
187
251
109
322
19
42
495
421
195
385
274
233
194
473
82
93
471
333
421
364
501
430
426
475
12
321
17
288
10
233
235
320
460
340
261
108
507
453
512
244
10
221
320
451
363
148
123
10
465
89
408
244
441
329
369
158
91
192
244
133
197
260
1
300
390
6
431
361
93
345
24
297
81
264
364
462
288
369
378
398
222
418
151
374
188
349
465
411
214
200
71
177
304
471
115
489
404
93
501
320
235
122
440
219
381
498
209
488
161
372
263
473
111
441
238
415
304
431
377
488
383
475
370
5
75
234
197
349
365
30
473
430
81
43
173
471
132
398
30
486
418
450
217
43
395
123
81
19
202
214
98
161
262
397
157
287
78
291
374
381
39
493
116
160
30
24
253
487
163
293
448
508
270
345
50
323
374
279
145
109
293
320
37
359
310
352
383
403
81
207
294
462
187
430
490
253
369
478
118
453
91
122
289
242
194
462
318
252
174
98
89
109
239
505
68
428
285
123
55
108
192
20
208
498
297
354
443
408
414
269
194
124
240
244
335
385
57
46
258
347
488
448
75
306
113
510
251
135
395
379
159
428
332
366
359
512
378
45
151
44
204
349
14
345
19
220
265
512
186
22
500
363
184
299
315
480
344
10
365
333
421
251
275
471
478
449
453
448
13
17
421
129
109
336
88
106
289
427
36
235
145
154
434
51
167
297
137
414
289
226
485
53
49
52
216
308
175
154
13
387
32
379
432
25
409
422
511
288
266
282
162
293
329
512
409
13
170
159
380
221
220
271
466
242
443
275
378
165
183
282
70
408
282
291
454
144
141
63
439
416
266
209
491
496
241
221
190
231
359
23
431
197
38
144
451
66
512
216
496
244
11
439
147
118
120
481
198
431
362
0
220
515
496
353
118
303
480
245
301
171
93
510
326
253
438
104
493
94
434
10
297
216
37
494
486
370
139
117
106
403
96
29
79
275
408
45
77
11
446
431
144
226
437
227
84
201
238
122
269
110
306
86
496
510
472
222
378
288
414
200
120
41
147
228
98
379
303
300
23
215
130
455
317
121
144
78
252
380
473
341
392
271
409
402
331
290
409
390
503
444
208
108
380
13
140
390
167
144
152
313
425
269
108
134
162
348
74
402
143
457
143
117
116
437
394
396
158
18
350
434
17
418
363
465
434
514
272
506
96
480
10
350
390
98
142
480
328
88
515
355
68
240
31
416
215
139
431
156
0
37
259
387
447
478
416
78
204
302
455
475
312
9
344
170
498
106
30
427
58
243
7
371
322
258
459
453
391
243
282
354
414
372
250
263
340
81
148
103
26
380
367
36
331
27
250
312
301
97
125
244
88
231
422
490
472
498
134
173
65
390
265
453
105
175
101
338
499
485
174
70
174
470
84
205
130
372
514
7
418
65
350
280
108
130
40
331
344
2
99
195
498
185
162
263
496
113
407
377
418
350
368
346
226
155
26
131
323
278
476
350
509
233
355
78
303
506
275
355
395
453
284
447
214
394
237
233
446
205
274
257
278
386
101
365
406
309
140
251
495
33
322
373
499
165
299
81
459
317
498
304
97
122
82
262
329
428
55
510
130
91
301
50
197
483
363
354
212
302
435
251
103
1
394
285
451
69
106
11
263
263
33
340
175
141
380
304
303
426
18
317
18
313
429
115
25
11
502
318
264
507
190
36
166
490
33
509
252
430
419
29
421
182
407
78
447
158
488
408
446
100
281
36
242
393
458
42
440
322
140
361
65
325
65
114
379
377
216
80
229
132
251
252
108
390
326
498
40
418
295
482
179
438
457
30
144
30
82
272
200
368
470
73
335
429
365
51
112
31
361
464
100
15
91
48
456
110
170
299
89
490
91
258
148
89
80
44
1
501
21
272
418
144
353
59
211
1
335
483
255
367
72
480
116
218
11
88
368
32
258
87
25
472
169
3
208
8
490
394
374
84
216
3
395
236
80
196
120
413
112
205
162
268
133
298
381
287
23
18
132
24
345
453
240
497
399
25
475
329
212
377
421
23
383
424
101
335
499
473
40
485
348
134
367
464
223
464
322
59
386
184
356
165
165
374
86
375
515
126
338
446
455
233
514
260
250
318
332
449
209
32
404
130
207
212
409
347
373
257
193
78
454
132
60
220
421
477
425
70
316
276
24
244
82
304
221
498
278
148
175
315
168
20
39
260
429
205
360
334
33
357
513
147
350
276
430
489
392
210
49
347
403
437
502
332
494
382
154
112
402
96
73
11
47
156
110
490
278
207
475
218
154
200
116
103
409
115
395
11
332
356
136
258
117
391
334
425
414
87
373
75
334
301
25
55
501
438
415
207
221
373
103
220
439
434
123
392
252
37
79
438
278
221
147
296
438
318
353
488
461
252
20
503
232
268
94
224
87
347
147
353
97
217
212
443
110
211
103
503
325
39
476
438
395
37
36
429
293
425
400
352
337
170
357
182
280
301
248
506
19
35
174
311
117
310
244
146
156
66
147
454
273
495
268
467
171
418
4
458
195
353
11
220
443
140
55
112
104
104
62
391
395
52
208
87
311
318
154
444
297
424
243
279
170
292
54
49
190
314
403
99
137
159
186
289
399
73
376
427
347
128
109
499
273
194
399
170
296
319
291
348
506
23
145
69
290
52
39
222
36
202
115
464
402
120
508
186
50
53
94
278
347
120
247
117
489
162
478
293
57
318
445
215
186
110
406
78
392
366
434
137
243
32
149
145
152
372
511
454
184
177
149
89
511
321
433
54
412
215
123
497
244
168
238
475
473
278
171
404
341
0
78
475
54
62
245
246
199
142
319
340
11
250
9
93
39
36
76
371
4
406
239
326
302
283
54
203
382
463
211
243
252
457
77
13
295
426
363
161
57
221
488
425
357
194
190
82
198
201
141
214
220
311
476
455
456
59
150
448
468
314
389
464
514
444
255
459
353
455
70
370
183
172
444
2
65
395
488
120
425
97
339
452
370
90
374
280
444
382
365
9
501
270
51
293
102
510
460
464
97
451
283
203
477
94
358
336
113
257
6
361
472
74
72
19
247
381
367
338
308
417
351
475
141
499
315
240
513
59
257
168
482
270
367
23
231
464
501
6
20
258
21
126
80
150
261
405
418
264
265
38
450
50
59
55
127
65
251
138
356
194
472
186
37
32
101
332
347
323
265
74
335
312
138
66
109
448
53
394
407
426
32
346
324
327
396
107
266
371
318
306
301
243
80
434
391
252
120
396
54
469
474
301
474
323
153
224
107
225
172
396
221
40
474
430
370
240
462
240
374
356
437
120
9
406
241
429
72
396
153
93
344
348
329
9
462
407
369
64
214
77
99
168
421
486
256
192
104
179
380
175
199
239
404
268
430
225
199
363
153
360
180
21
346
31
372
15
228
74
38
362
211
337
224
333
218
233
19
375
134
184
139
330
228
265
45
286
65
463
94
503
191
44
271
234
263
13
265
231
390
318
9
376
453
80
161
317
54
80
17
215
342
391
323
428
9
97
65
183
96
42
271
85
451
47
344
228
239
244
208
2
438
2
444
308
490
139
426
435
511
281
238
479
376
372
488
511
344
95
351
419
285
256
44
269
295
308
157
201
50
80
377
27
334
184
444
43
337
289
165
15
208
198
365
321
69
104
489
330
419
184
276
90
281
386
45
285
175
375
202
474
402
191
263
435
65
136
365
19
257
352
124
149
172
181
510
511
52
434
111
0
78
359
25
425
285
493
138
99
315
126
316
78
417
305
180
248
409
152
35
409
429
202
333
345
383
4
434
292
35
423
184
166
293
148
80
500
204
460
363
160
282
248
241
426
209
256
199
99
250
397
500
56
157
135
428
116
417
110
282
257
330
489
203
169
460
398
80
232
63
182
135
118
424
300
145
137
257
115
218
295
146
198
73
153
325
295
153
241
69
376
84
307
276
436
383
180
287
472
509
47
315
375
393
397
139
303
479
382
484
214
308
75
89
496
458
383
0
12
115
275
416
149
257
256
395
341
414
446
212
397
228
296
113
305
21
319
101
303
479
342
244
359
229
319
183
437
510
73
297
32
275
54
15
270
192
63
488
230
183
32
111
328
228
337
441
74
52
296
499
460
18
477
350
203
82
149
353
398
283
127
410
156
402
305
497
160
461
329
95
348
391
261
503
277
89
369
40
275
44
161
398
429
436
450
380
325
424
22
230
115
9
142
114
398
172
272
342
187
335
57
441
326
465
22
121
368
119
235
287
436
91
245
334
255
322
151
284
298
422
54
434
77
322
200
272
127
205
202
200
96
285
325
47
190
8
206
487
21
263
0
290
8
399
290
500
35
358
50
322
403
265
100
303
510
363
428
16
59
277
0
202
172
34
165
339
265
89
6
166
286
423
99
74
141
228
82
427
58
423
13
2
29
159
425
6
460
399
367
75
511
292
18
365
73
164
99
49
423
228
117
458
323
214
8
263
458
356
415
244
105
150
162
425
350
377
172
137
228
192
78
45
198
370
172
344
104
311
247
393
409
469
318
83
473
372
147
231
477
83
107
378
69
112
465
231
477
292
345
11
73
324
191
73
114
94
328
264
390
302
18
140
222
69
514
501
7
73
248
30
42
41
507
99
428
203
84
437
412
474
297
366
333
147
245
89
32
34
70
393
406
452
467
20
487
245
24
311
278
207
207
376
467
136
462
246
216
401
356
208
290
437
45
207
494
381
452
289
2
304
198
437
327
358
322
470
78
104
309
16
115
157
269
28
83
335
413
451
259
297
167
402
75
253
56
9
356
339
78
366
102
336
28
494
198
149
205
193
490
296
494
497
474
136
379
443
350
352
216
137
385
284
411
316
25
463
302
283
198
50
2
383
175
104
483
495
259
494
146
289
7
57
427
203
460
150
376
351
241
377
50
242
321
341
250
225
149
508
238
340
47
446
482
239
217
394
162
86
211
115
7
313
430
3
313
242
399
161
438
57
368
153
247
120
207
351
265
429
433
322
54
480
508
91
58
359
361
443
66
314
487
189
34
109
115
327
186
321
120
256
46
490
422
295
319
207
322
126
45
135
347
316
309
218
443
428
363
459
444
237
54
336
264
512
304
394
481
168
178
367
218
493
210
70
56
173
351
45
269
429
368
405
371
275
368
390
269
462
255
482
45
298
276
376
148
333
383
254
85
218
451
30
62
232
415
192
132
249
254
269
16
391
304
322
264
4
51
403
419
361
16
382
213
107
460
204
125
125
499
80
351
333
162
219
450
492
437
501
225
403
458
107
473
202
47
91
438
287
311
58
417
32
192
203
451
304
401
66
70
56
404
442
206
288
468
353
256
163
279
107
82
93
138
2
437
418
70
484
403
281
246
367
45
186
65
340
0
20
177
351
173
502
23
339
66
96
378
309
161
100
198
202
297
99
354
407
108
195
215
88
342
440
328
199
238
501
252
96
298
309
396
89
151
412
383
499
289
263
242
68
86
137
442
460
91
11
106
122
101
136
451
41
392
125
438
362
480
85
70
277
484
190
389
106
451
454
180
417
14
391
37
380
13
456
407
60
350
257
158
366
408
478
204
177
298
255
391
177
335
110
195
486
258
162
101
15
486
454
480
383
121
76
256
230
293
107
318
27
437
451
202
149
190
145
255
301
410
370
293
488
44
129
213
491
393
439
62
66
180
47
204
458
292
391
454
74
306
120
56
235
491
488
265
261
251
414
282
394
328
452
184
451
324
417
27
101
37
453
238
251
404
125
366
315
433
383
208
94
282
194
208
71
310
189
312
370
501
478
195
396
289
151
304
151
50
306
232
368
423
334
115
491
159
376
482
8
464
314
375
126
23
358
108
470
434
6
390
511
302
178
29
174
60
360
62
375
424
324
158
292
390
291
232
420
159
107
515
48
437
322
482
383
485
403
292
281
322
227
187
503
442
470
205
365
236
135
37
218
178
224
421
273
244
152
246
330
496
153
298
23
438
383
152
100
44
5
513
106
187
303
348
235
116
315
181
205
469
406
506
141
206
7
18
482
235
162
56
1
502
289
422
95
367
148
311
293
205
10
265
225
315
29
278
260
212
292
409
222
324
513
337
70
192
309
213
55
394
319
143
431
206
147
342
251
100
221
308
366
373
260
191
459
471
128
471
65
140
241
275
89
150
118
40
14
285
390
290
55
77
198
396
234
503
75
229
158
187
16
435
321
501
78
347
76
142
254
135
128
63
89
312
403
331
368
318
137
325
406
137
55
140
353
348
77
229
366
139
55
70
403
275
58
414
358
366
40
452
69
240
182
231
174
318
23
334
254
255
406
51
379
280
220
452
46
137
5
195
47
160
284
246
353
209
430
23
60
385
472
208
92
510
446
21
281
424
359
357
428
229
304
41
339
317
277
80
17
66
272
135
324
334
460
272
258
280
255
49
82
359
241
196
115
104
393
358
294
301
1
381
78
482
211
72
381
415
150
241
291
138
325
306
153
325
104
459
229
357
163
161
112
352
26
487
501
205
47
55
433
418
334
394
453
223
196
453
34
109
201
438
109
373
317
426
337
149
127
353
69
364
240
18
395
495
161
167
162
323
33
434
327
25
24
117
234
287
433
229
112
381
29
425
232
105
505
327
186
71
307
401
166
489
433
435
450
450
115
314
49
298
424
261
151
358
420
54
338
99
45
385
34
384
260
378
90
76
318
480
369
16
41
244
69
256
387
456
325
421
126
318
99
191
184
292
470
501
173
111
49
167
111
237
386
3
434
472
492
266
325
514
18
367
8
179
158
115
489
266
129
323
332
290
305
396
66
169
213
447
163
92
245
282
205
151
215
319
79
477
185
476
8
58
80
24
170
70
408
66
364
246
261
295
188
284
169
257
231
114
278
233
444
31
272
95
492
21
51
39
129
395
170
473
66
409
437
128
287
227
410
41
86
95
191
59
54
488
472
338
357
322
173
304
504
392
485
18
129
488
138
59
162
123
216
258
49
317
332
109
295
16
25
198
415
153
119
360
321
196
327
105
132
208
424
462
47
451
424
335
105
127
85
426
181
54
219
107
107
411
25
465
217
414
159
372
473
303
349
198
72
30
2
373
384
86
315
342
215
164
327
413
147
411
314
21
296
164
454
241
431
208
182
140
484
414
111
229
139
288
390
227
91
91
279
302
189
258
29
27
147
161
416
71
504
220
57
63
484
481
311
364
24
106
351
43
480
285
235
389
207
79
25
6
294
63
53
65
153
365
43
367
142
172
99
24
466
72
152
44
477
151
1
12
454
440
261
386
11
321
396
430
303
464
453
86
47
223
443
132
366
106
200
307
95
209
403
442
266
302
436
402
344
160
354
360
423
358
432
294
169
97
412
282
354
250
102
384
75
302
217
425
396
137
369
512
36
468
62
60
424
197
257
17
44
442
402
500
430
281
243
69
205
236
135
91
382
380
281
131
299
125
102
504
205
246
91
399
500
63
39
320
195
290
443
374
208
238
56
330
186
47
505
491
445
54
148
477
369
106
210
8
328
129
437
220
95
366
135
244
271
169
6
503
199
196
507
37
347
19
6
34
500
247
162
460
149
101
93
266
453
117
128
193
63
115
315
345
115
227
494
102
19
36
60
290
228
441
385
499
356
409
226
33
249
494
330
327
281
228
386
389
22
391
412
474
119
99
475
211
51
276
481
419
305
484
181
418
325
89
407
23
117
74
162
372
235
77
75
133
312
0
284
60
187
474
312
319
384
235
381
505
250
312
169
63
53
181
166
58
97
97
461
68
363
118
251
504
466
53
256
333
467
143
466
282
223
65
47
68
91
25
374
23
51
65
132
467
299
329
88
3
327
69
119
195
348
125
412
307
423
66
217
49
23
57
426
49
409
152
294
49
51
117
169
262
72
212
423
506
206
193
321
241
163
276
361
203
410
136
98
254
185
366
328
484
438
214
384
251
122
75
205
486
340
276
204
9
25
312
491
469
8
377
97
422
87
474
434
457
139
494
350
81
89
307
88
249
402
193
500
464
337
228
237
130
198
513
131
462
481
82
353
489
280
181
363
497
386
435
38
162
91
233
232
193
9
27
21
97
164
136
282
331
251
104
457
60
56
107
166
303
321
464
445
296
307
512
189
257
175
255
189
152
85
246
122
465
89
475
393
289
267
477
221
373
119
186
343
99
505
404
143
411
233
413
432
221
386
155
85
6
263
13
347
444
491
89
344
412
58
381
210
23
134
115
477
166
61
333
82
100
175
514
461
58
451
513
470
412
461
128
215
419
335
56
399
128
379
159
402
513
160
136
91
356
26
227
142
431
97
118
356
471
158
442
23
396
376
453
431
333
513
99
404
250
126
352
229
356
321
405
8
172
226
202
75
370
357
156
105
107
362
262
272
505
268
506
282
189
202
228
15
469
48
357
386
86
371
23
381
77
348
458
352
233
497
159
31
239
122
387
378
399
62
414
469
196
19
90
53
4
121
188
240
155
159
451
220
133
412
160
296
163
496
324
108
388
85
25
15
327
499
408
499
360
250
8
159
435
48
81
4
77
288
216
499
45
104
356
189
125
419
451
469
490
493
322
386
452
444
159
453
443
147
52
173
392
63
28
459
367
515
10
353
196
510
459
486
213
509
432
80
348
387
51
436
244
167
255
515
28
497
308
196
12
204
506
510
510
65
360
31
266
220
451
158
221
420
38
292
513
81
217
102
395
61
68
399
218
250
8
2
174
379
173
19
468
196
185
408
122
430
342
122
375
210
353
420
440
157
229
272
352
121
303
1
259
280
138
326
495
79
255
80
228
135
118
359
294
33
184
479
330
73
282
375
498
365
141
502
12
347
441
120
33
42
244
185
431
463
343
218
69
204
79
367
297
61
284
496
491
498
43
370
279
351
303
249
112
294
339
464
46
238
361
187
313
50
145
347
64
472
6
122
313
424
460
49
48
100
47
58
441
348
200
100
177
380
50
7
465
2
32
464
150
412
421
115
473
204
375
125
237
322
378
225
297
164
395
362
109
64
158
375
272
128
57
334
423
64
119
415
128
376
233
163
365
450
446
457
69
40
448
334
166
513
50
58
50
209
50
212
170
221
184
35
515
117
256
125
182
67
140
192
468
297
444
150
239
17
57
167
300
472
400
154
231
38
399
445
435
222
297
205
350
20
443
20
191
168
271
112
350
119
245
185
185
473
68
498
352
399
172
366
292
155
405
432
513
220
236
87
500
155
312
509
230
276
310
79
393
380
343
401
372
30
1
321
38
148
127
379
30
361
246
297
338
62
383
373
500
292
270
426
114
220
379
490
224
376
20
373
228
355
119
95
156
477
355
427
239
192
164
282
366
108
287
453
119
376
382
511
426
268
342
332
321
168
293
92
54
55
302
368
413
265
145
381
13
492
419
44
118
101
452
209
383
239
259
179
275
21
127
477
312
133
146
374
484
284
66
55
55
413
512
466
396
4
317
381
269
174
152
471
149
412
488
14
63
361
332
91
243
391
387
94
391
78
179
322
453
61
390
134
385
372
334
112
460
416
368
321
167
276
55
68
415
457
255
382
264
365
221
86
445
435
491
361
331
298
490
35
76
293
198
166
184
52
429
204
66
167
198
84
450
33
255
468
69
366
12
108
497
231
422
508
382
378
336
257
284
336
61
9
128
39
73
214
58
286
223
199
90
303
436
98
320
88
317
293
499
71
404
45
501
178
231
454
425
481
455
281
365
244
515
388
184
206
438
26
135
361
513
426
431
12
214
391
337
30
27
57
225
474
346
354
133
312
309
77
424
451
169
55
133
257
276
320
307
10
110
269
82
77
326
382
515
191
515
227
30
429
231
75
380
209
174
276
222
228
503
158
197
362
327
37
123
278
109
280
462
80
177
134
434
362
177
176
33
450
78
436
490
323
474
307
69
467
444
361
504
88
6
28
54
164
71
308
351
447
301
413
9
293
66
512
249
284
146
8
515
377
115
178
129
351
508
220
146
30
265
21
116
281
84
222
71
269
424
262
385
106
168
245
151
203
49
134
434
471
335
379
102
351
102
103
504
102
167
112
228
73
390
164
188
446
294
5
314
320
223
449
222
272
16
361
34
81
473
128
178
28
108
26
191
245
15
490
397
355
135
503
417
455
280
478
270
166
21
303
112
227
481
17
380
130
121
71
481
17
272
363
197
122
454
193
331
482
233
407
294
492
72
490
231
17
324
508
53
324
34
377
393
73
359
426
406
201
492
145
203
182
294
479
108
358
223
252
512
440
379
85
415
390
255
125
290
452
469
452
395
425
75
74
176
408
399
400
208
68
152
223
103
223
191
321
203
119
347
39
199
126
149
319
179
265
346
377
30
320
350
368
501
182
428
371
223
499
224
490
29
392
2
190
42
358
278
278
334
28
448
7
306
282
325
335
189
509
11
89
392
394
494
456
260
293
141
229
208
506
413
393
331
56
356
271
156
307
246
144
170
400
142
194
441
222
209
244
243
7
501
440
165
485
97
65
270
395
46
349
138
122
32
25
140
177
427
144
55
429
11
446
260
191
262
419
62
44
98
230
221
503
70
63
437
190
209
182
122
141
212
104
52
207
345
268
418
144
228
52
400
103
179
288
108
447
119
325
335
209
341
357
57
100
391
384
216
360
362
225
116
140
3
51
382
20
308
437
278
414
226
207
70
199
304
474
180
451
149
324
203
168
372
310
224
403
394
156
93
393
449
334
278
313
266
313
228
50
62
311
372
362
407
355
221
35
347
503
233
416
96
384
171
13
31
414
379
455
78
266
368
297
409
334
31
171
23
216
275
371
51
334
349
223
287
499
177
398
78
313
502
444
396
487
431
347
155
498
331
446
376
11
60
434
438
341
432
177
51
295
471
461
225
260
405
363
210
301
437
121
10
114
82
138
510
397
182
169
284
138
75
361
42
243
39
167
378
464
363
61
472
159
40
39
299
229
0
463
446
40
271
224
88
206
159
510
164
500
87
301
122
288
66
429
28
48
70
316
31
305
410
106
357
252
496
129
287
336
273
365
461
19
485
253
270
292
437
8
263
206
194
326
334
230
250
231
398
291
456
125
111
451
179
431
365
496
417
230
272
492
7
417
441
443
125
432
187
229
111
249
395
232
87
312
187
75
42
203
90
344
357
6
342
462
6
291
230
70
327
269
198
412
443
220
51
312
431
27
441
509
45
496
228
153
36
173
446
188
153
331
487
411
236
172
127
73
312
73
50
229
299
192
432
93
103
392
47
8
440
250
377
278
435
94
292
211
514
107
368
100
220
366
228
304
198
45
107
495
228
411
389
287
389
198
509
127
68
265
353
317
65
395
133
183
424
31
363
204
268
45
24
312
392
428
425
386
358
433
321
170
168
134
228
248
190
188
137
329
382
276
511
179
427
318
196
131
236
31
136
72
456
455
483
372
413
82
480
301
167
299
207
485
411
321
82
413
479
410
220
317
184
338
459
250
358
203
42
32
22
497
386
162
490
248
502
279
478
225
103
361
167
249
425
320
316
286
382
168
112
388
187
326
52
334
488
243
69
300
510
373
361
26
395
341
386
285
72
82
279
391
314
165
478
34
41
76
383
65
95
422
136
188
181
354
311
189
490
78
258
14
176
198
315
284
357
456
366
138
221
344
425
261
404
362
134
165
452
405
306
375
192
76
305
475
481
276
42
63
105
457
0
377
510
332
162
265
490
436
253
343
207
33
415
223
172
55
327
507
312
50
297
211
10
87
339
401
457
174
440
252
373
383
312
263
347
10
340
223
285
120
247
341
490
159
340
125
10
491
209
122
432
229
363
13
6
465
117
218
68
482
208
286
465
486
134
275
117
13
197
222
16
260
448
246
116
340
47
455
116
358
79
176
379
403
316
132
55
334
381
108
122
159
298
345
48
218
332
52
361
236
285
62
207
455
347
168
98
129
125
428
321
290
192
85
357
462
314
508
99
42
458
50
484
32
136
481
417
179
65
321
4
73
481
129
78
351
150
175
303
478
389
90
57
496
234
342
450
272
124
61
479
211
213
208
317
133
218
16
492
83
389
358
375
79
346
378
270
172
509
154
262
439
382
340
468
179
151
171
307
65
402
498
473
129
54
450
386
475
228
336
501
464
174
197
426
247
468
68
210
378
511
152
52
329
404
468
122
108
507
83
280
219
473
312
28
24
358
52
485
220
307
377
132
371
466
171
53
382
232
374
152
65
179
238
174
475
382
311
174
68
217
176
298
136
513
60
152
333
108
6
250
320
235
380
416
362
86
62
81
89
297
458
275
384
120
351
379
279
479
112
477
86
163
156
167
116
328
61
363
12
486
352
70
451
6
30
360
90
243
414
485
450
220
155
8
390
172
10
233
55
168
496
185
274
356
427
51
215
185
379
337
360
484
287
384
173
389
485
86
389
9
270
77
211
298
480
31
29
328
177
69
261
139
418
298
402
424
372
378
152
348
285
489
67
9
343
42
119
239
73
271
178
72
146
259
193
398
328
363
384
461
281
116
59
185
340
160
121
458
271
200
233
121
340
213
95
326
234
402
467
304
422
131
152
112
164
173
240
256
187
187
406
285
467
53
123
231
179
191
165
474
249
492
495
320
120
164
48
32
301
115
268
458
271
339
492
228
378
355
504
455
372
277
119
30
363
348
410
326
398
150
230
307
399
141
374
362
180
220
18
26
475
215
473
262
123
310
206
357
377
57
198
20
331
121
294
118
350
220
368
262
268
270
112
122
8
262
126
448
382
74
372
277
150
396
70
231
146
454
178
74
492
398
300
27
131
304
467
363
408
350
264
141
246
504
135
397
83
247
380
285
209
169
53
164
177
336
300
409
27
328
325
24
97
178
165
179
337
126
424
171
39
493
224
388
409
208
204
175
117
126
52
237
397
168
409
122
416
448
120
258
183
180
279
90
67
22
239
504
476
80
380
249
505
479
176
330
60
181
9
366
496
221
338
354
32
451
320
115
266
206
300
205
330
234
212
407
127
301
19
26
279
156
450
115
425
192
277
389
213
34
323
20
89
26
501
320
202
233
241
235
429
300
67
370
495
316
134
374
375
479
423
294
75
29
467
200
133
344
456
40
237
203
70
20
427
246
174
212
337
434
492
6
455
119
510
515
327
44
117
309
174
192
171
8
98
151
82
210
119
34
407
105
294
439
423
430
252
206
348
179
58
510
260
342
80
335
203
246
271
472
262
48
363
300
388
57
235
52
190
258
297
34
319
254
366
350
223
39
152
393
103
260
473
57
499
258
227
360
309
496
180
253
501
326
4
70
341
477
467
349
379
288
279
34
242
235
68
489
180
339
326
315
134
349
354
463
339
32
402
368
323
156
378
131
223
77
465
48
342
114
488
388
467
493
413
266
261
406
493
224
342
416
183
471
473
454
165
510
143
102
249
210
427
211
375
34
45
132
335
180
420
277
309
278
1
285
91
315
488
107
314
467
99
448
385
100
258
5
479
187
497
236
82
4
367
456
352
130
413
269
441
176
344
270
105
76
365
353
302
333
213
69
278
91
243
236
133
45
256
297
57
292
151
336
252
306
303
515
180
139
142
303
488
236
44
426
372
330
320
274
443
335
16
156
95
254
244
257
161
97
36
435
28
167
285
285
287
93
235
492
57
309
367
436
312
483
254
364
243
362
129
268
156
320
315
357
374
287
138
406
422
328
402
95
150
23
132
69
422
177
12
95
100
464
240
156
331
279
2
78
217
483
97
371
163
152
405
76
267
447
262
322
309
373
230
78
477
2
204
179
324
93
326
101
6
378
96
60
429
270
427
333
324
277
267
396
446
327
302
203
118
20
259
271
397
293
474
403
367
89
152
449
309
228
396
331
99
344
90
251
472
93
392
66
311
462
227
20
133
292
249
259
113
417
230
392
446
101
392
160
137
215
141
12
463
401
86
362
43
68
271
49
46
43
197
407
28
102
199
479
259
321
505
137
89
360
368
370
217
498
229
253
397
407
362
267
117
318
297
235
155
214
213
330
187
14
150
221
223
68
305
96
37
368
2
266
352
89
18
141
81
447
98
85
284
406
397
380
371
318
379
321
392
351
25
211
378
92
254
144
249
43
149
480
182
268
416
13
147
448
478
92
98
363
337
190
385
370
474
134
322
208
289
462
32
245
114
373
386
190
510
266
65
372
455
282
478
196
46
465
23
180
213
498
487
221
29
436
377
292
22
493
254
139
297
14
102
168
244
417
482
102
49
169
453
393
220
386
454
85
213
469
23
86
194
320
452
205
100
336
1
360
43
187
64
155
142
339
4
94
266
35
293
208
226
473
386
372
136
98
119
115
284
197
240
222
195
52
144
242
287
189
268
379
155
297
293
80
268
23
79
251
319
170
88
47
378
8
166
397
123
145
106
244
100
157
116
514
426
199
198
74
462
169
266
259
226
245
159
52
52
262
294
342
9
352
357
89
219
6
479
274
35
222
259
507
237
197
138
32
155
101
441
467
29
425
188
442
463
514
492
71
197
303
491
365
299
425
221
49
240
92
160
13
114
455
123
147
417
264
145
149
508
302
8
319
113
477
246
446
510
183
378
405
237
229
491
336
464
499
64
116
451
513
439
145
334
235
365
75
189
488
112
199
256
97
437
230
484
0
255
12
372
344
65
212
125
65
53
357
354
478
154
3
305
289
392
364
43
283
235
53
329
194
207
247
36
117
219
322
226
102
460
407
238
362
8
29
383
291
238
315
267
265
262
222
383
14
295
250
125
315
75
313
40
173
21
221
449
230
6
5
381
322
243
56
456
451
44
152
19
285
221
171
507
347
7
416
477
63
51
336
225
50
309
347
96
507
479
133
420
230
266
427
18
29
69
235
124
418
20
311
423
116
399
445
479
53
245
515
368
280
75
431
266
16
464
433
314
475
298
397
455
239
399
73
415
401
231
451
360
234
83
280
388
42
369
345
336
114
219
472
474
63
161
227
322
235
396
61
31
456
31
43
442
393
384
65
489
87
380
2
294
56
339
490
356
512
77
213
87
83
170
135
148
475
185
322
436
267
464
509
453
30
106
104
155
152
371
211
115
208
444
472
354
382
9
308
290
322
77
184
326
46
114
318
273
320
333
159
142
214
358
127
246
104
211
150
156
345
173
504
320
150
410
208
381
72
487
16
268
4
138
337
167
365
49
394
451
7
385
400
116
183
67
142
278
401
232
491
100
362
448
25
505
360
170
135
409
337
507
90
360
432
390
273
210
378
211
266
459
408
189
337
50
135
265
488
418
430
316
345
226
449
177
15
379
352
288
168
409
345
350
56
89
444
291
6
142
451
56
318
9
106
75
111
331
454
462
452
409
456
229
356
514
5
467
147
492
64
363
168
329
90
168
168
432
423
326
185
284
475
114
509
81
75
114
155
99
313
348
412
254
357
65
83
329
438
134
58
86
400
380
480
424
408
415
412
209
213
509
217
423
352
182
230
61
101
433
316
167
453
278
67
312
101
437
172
94
280
507
232
378
31
15
456
166
34
400
367
392
70
373
429
116
426
17
151
99
180
475
417
49
407
284
169
62
185
311
70
272
469
95
75
36
214
345
231
185
175
106
363
72
255
106
476
32
436
183
199
341
78
405
410
217
21
357
111
290
55
476
72
247
62
417
17
463
305
2
302
43
183
484
87
348
144
262
86
375
14
90
133
492
392
183
417
500
415
500
321
511
249
414
476
238
400
450
251
103
159
474
278
355
169
38
134
507
477
515
515
55
170
504
36
272
415
438
130
230
479
405
425
203
316
252
340
375
39
133
42
354
415
414
471
185
287
182
300
483
394
18
244
322
353
252
7
363
31
117
65
292
295
459
318
236
74
170
263
19
145
394
83
293
442
381
465
129
372
206
43
475
363
381
428
207
118
101
345
460
298
39
86
96
31
481
328
109
336
261
129
159
502
324
287
110
130
239
383
405
329
284
21
203
301
380
95
196
405
293
461
120
168
512
146
89
263
129
417
403
249
107
509
404
268
401
318
404
222
169
465
250
362
249
66
284
34
255
340
184
86
94
203
197
242
202
122
16
425
432
314
411
87
465
209
389
184
458
339
152
406
479
116
458
508
367
327
23
11
15
257
298
219
343
226
348
325
132
20
362
195
444
20
107
110
170
377
11
359
90
442
373
36
416
288
367
171
483
447
100
3
388
164
338
359
121
232
267
462
208
459
364
310
120
145
321
125
343
137
283
319
298
377
370
196
446
279
343
71
267
511
327
125
321
501
497
218
186
388
393
139
23
191
78
15
100
436
364
292
217
218
36
262
404
512
268
458
392
66
252
159
408
445
447
460
362
154
47
304
491
154
310
121
479
393
92
278
285
513
99
88
262
81
320
104
258
59
392
50
78
445
71
50
335
169
0
433
458
343
4
322
182
47
159
278
315
320
262
31
194
444
361
301
155
272
292
406
154
291
348
161
348
227
92
11
403
127
219
418
97
143
511
288
293
355
324
219
361
428
98
3
285
432
134
27
40
458
469
253
7
161
326
125
31
255
242
143
481
253
261
454
227
259
276
316
159
196
149
400
349
309
339
494
277
147
235
369
221
273
344
31
497
438
36
189
367
73
239
254
104
339
88
248
302
418
295
93
357
11
90
257
56
461
320
42
147
288
171
355
513
432
278
189
210
304
178
364
151
20
13
262
196
317
33
416
232
98
21
161
309
502
482
462
366
41
231
192
233
104
350
172
408
231
194
477
64
147
309
493
206
386
354
299
410
505
409
440
153
1
4
437
344
406
455
391
12
402
35
469
129
315
124
112
39
365
206
459
208
514
208
398
234
509
437
170
380
285
129
263
513
128
501
308
349
151
401
506
45
16
248
172
330
409
498
93
14
108
390
267
437
173
382
241
484
119
466
338
109
142
303
237
454
209
455
365
435
393
448
399
317
174
70
404
459
80
389
465
154
181
166
148
109
342
332
37
152
23
69
401
435
265
353
237
500
77
169
23
248
244
333
402
233
316
81
409
260
40
497
84
382
236
508
276
4
255
56
87
58
329
263
36
150
174
387
405
513
14
437
101
475
50
229
109
82
82
10
478
350
20
419
108
504
215
489
64
302
155
211
317
479
473
468
176
252
274
505
307
294
246
20
513
244
230
153
197
429
436
343
309
499
132
414
169
11
304
406
181
48
365
275
334
275
215
411
185
254
414
211
463
142
491
65
510
43
506
297
156
190
182
309
263
493
142
11
190
251
322
327
7
437
121
68
100
184
154
161
46
478
205
182
362
498
347
491
487
325
14
376
147
326
6
415
228
480
463
310
210
491
271
182
364
148
160
39
406
459
275
69
89
497
414
18
184
357
69
411
328
445
320
341
406
305
294
26
468
363
456
66
194
416
391
459
114
82
11
267
328
99
51
50
40
9
267
292
148
305
239
139
105
253
386
252
134
475
217
204
311
292
224
113
151
319
11
159
400
194
19
412
309
389
171
127
72
397
33
44
42
304
182
414
49
217
335
468
133
151
358
73
182
47
184
317
326
204
275
110
186
69
230
221
214
327
134
120
257
155
469
435
432
335
238
116
369
287
435
385
143
14
463
218
447
424
268
77
401
156
245
330
305
347
137
346
259
139
467
317
480
394
139
217
168
360
352
390
309
501
136
354
36
187
396
338
4
193
321
132
394
237
13
462
278
47
510
132
445
309
0
386
364
224
242
120
321
314
9
160
412
333
68
498
273
186
344
37
453
136
504
255
277
464
426
513
355
237
61
358
335
508
467
371
319
341
21
164
509
81
335
331
220
151
0
416
182
197
127
30
440
390
39
181
166
34
445
127
205
400
38
234
431
260
139
435
442
164
219
42
254
255
64
404
245
130
292
507
110
477
258
18
250
427
144
339
406
376
94
460
330
2
462
139
128
246
35
226
204
257
376
363
361
204
348
369
18
79
81
10
478
258
404
467
30
355
159
396
390
0
457
316
363
427
512
116
382
77
424
244
488
361
109
461
234
190
425
140
234
255
221
386
394
116
4
280
297
139
234
147
90
363
160
112
49
63
479
505
45
133
33
386
4
201
390
433
384
384
358
445
169
355
440
51
198
462
196
451
103
29
81
116
131
509
338
428
161
490
347
122
179
239
224
362
101
376
205
411
186
209
51
221
203
501
446
396
252
7
434
222
248
154
447
225
494
392
501
448
247
251
225
105
359
338
56
203
47
132
116
265
491
265
187
211
282
437
86
102
485
133
92
4
191
435
177
482
359
472
311
302
298
489
418
121
83
342
149
175
505
336
252
254
488
454
505
312
421
233
177
255
485
60
430
257
362
341
176
340
394
374
57
411
167
253
71
96
216
492
53
133
332
353
153
187
27
179
246
282
152
27
3
280
66
245
439
214
451
438
125
330
27
214
392
217
490
433
418
125
77
247
425
104
98
81
447
330
392
378
317
237
345
324
88
66
350
115
84
381
282
434
378
176
262
225
132
382
139
373
304
348
309
319
120
71
48
322
504
303
265
256
63
416
115
364
449
42
76
52
483
254
146
96
120
256
186
32
313
29
22
341
41
475
493
147
435
449
474
35
273
35
376
403
159
260
228
312
125
479
240
381
321
438
494
453
242
168
189
484
242
172
351
509
392
357
122
360
213
23
71
395
229
233
420
416
45
339
168
262
370
501
351
40
175
203
461
479
212
269
30
234
43
185
187
263
245
348
181
177
185
100
210
116
146
27
440
316
210
372
63
59
401
242
122
335
38
257
389
403
156
268
137
470
234
394
191
33
2
96
113
18
386
381
403
422
101
183
259
167
142
42
264
378
438
493
117
66
369
288
36
233
318
440
132
448
181
515
495
369
144
74
368
1
427
410
95
477
20
112
403
312
348
212
88
27
110
475
440
277
156
43
492
248
109
201
380
489
459
422
411
373
346
153
97
69
257
383
436
133
97
497
382
86
109
328
318
350
184
277
115
324
109
450
208
486
27
411
125
83
158
338
506
248
248
89
340
459
167
365
498
159
411
32
353
480
6
239
214
286
371
513
178
364
436
353
497
497
160
295
149
299
437
338
401
106
355
338
95
373
132
411
373
364
37
295
353
449
405
256
460
202
84
142
272
295
51
128
303
159
486
41
315
486
176
345
168
486
480
116
320
101
93
238
387
288
315
499
92
242
102
272
208
440
112
72
103
211
110
313
352
89
136
7
131
364
71
183
156
408
432
106
304
135
84
496
110
178
418
333
268
515
273
127
345
514
29
331
327
303
403
103
314
430
463
126
127
79
103
50
392
459
156
496
294
239
343
421
509
293
127
223
161
73
487
372
199
280
169
116
223
117
31
180
49
109
85
341
19
4
5
373
195
110
152
380
57
228
75
168
84
376
9
351
442
52
349
389
178
197
151
476
289
371
397
113
382
266
496
179
115
411
88
1
372
77
308
77
119
44
19
170
21
379
500
106
372
286
373
73
276
400
60
178
80
449
90
37
109
497
74
268
129
252
218
280
507
205
268
227
74
309
433
301
257
119
6
445
10
318
195
21
491
490
164
76
10
496
320
158
135
306
293
58
473
289
379
338
106
300
245
461
235
352
508
244
30
415
310
387
433
360
199
386
88
5
12
462
436
461
408
378
33
392
179
350
215
106
498
27
438
108
350
240
452
415
42
121
81
382
299
314
451
0
492
496
338
148
374
224
144
413
55
296
309
192
160
201
470
272
232
125
178
472
177
215
338
189
402
117
379
58
400
441
170
202
445
462
168
79
360
284
99
331
241
231
185
247
380
211
64
268
400
377
20
97
7
313
40
454
211
374
15
290
225
296
315
291
130
454
42
461
278
254
209
304
355
21
14
147
508
382
507
283
24
157
348
277
133
75
14
309
121
310
160
115
20
139
191
21
274
102
298
94
327
468
193
437
115
133
360
198
247
9
270
382
93
61
278
232
221
350
85
499
60
279
119
233
427
220
434
199
387
93
274
490
206
508
322
219
369
440
468
270
199
151
35
35
64
510
92
267
201
429
224
361
268
515
373
404
490
357
343
457
201
3
314
468
242
60
368
67
470
289
497
106
497
133
484
44
168
73
327
263
206
398
121
10
466
130
431
322
350
63
173
88
185
420
238
83
490
64
15
10
123
447
182
160
456
78
365
224
433
160
216
241
358
393
232
133
232
340
252
332
245
399
284
495
282
486
16
286
73
94
313
78
329
148
377
14
348
299
399
303
67
443
186
447
156
24
53
408
380
7
220
193
218
50
490
333
238
210
62
185
395
278
95
211
255
136
402
182
450
279
157
367
146
30
120
429
479
329
160
400
29
515
186
350
462
435
478
413
360
515
81
76
342
415
340
430
200
159
147
9
415
29
8
288
193
127
341
298
123
355
501
450
458
12
268
139
8
34
90
178
90
258
458
47
8
508
348
325
308
505
447
362
428
318
48
502
29
91
73
130
255
435
369
506
254
281
466
251
305
466
512
507
224
392
499
80
89
404
111
49
131
400
95
163
395
298
189
188
488
285
402
473
512
509
380
478
231
267
51
392
290
41
90
166
44
113
350
158
262
186
155
362
445
498
498
147
132
339
92
250
264
476
379
449
366
409
439
227
38
256
405
392
304
455
369
211
199
410
351
248
238
482
180
242
44
280
286
337
207
462
242
15
238
26
508
341
25
173
435
270
125
389
82
19
125
314
398
115
3
356
462
115
103
51
87
293
179
350
120
166
9
11
125
376
472
176
209
363
240
188
384
285
12
332
372
144
247
254
211
19
464
210
169
407
44
158
63
361
456
400
413
340
79
301
164
358
175
381
46
155
341
187
26
125
298
95
381
125
85
38
151
465
41
130
413
507
384
369
110
478
144
11
21
90
499
340
378
219
394
94
493
340
355
210
16
78
7
51
144
488
41
400
429
31
375
487
504
400
285
438
383
391
130
104
207
219
15
429
490
252
254
155
318
142
337
64
27
449
262
57
213
353
406
334
381
368
410
249
76
140
219
183
64
174
358
117
380
240
402
363
364
264
97
54
389
409
115
228
142
74
456
30
155
479
465
184
321
386
54
71
488
414
73
85
44
376
398
249
494
19
229
0
430
137
140
228
3
429
269
419
154
276
33
34
436
303
409
78
473
161
40
478
339
271
406
330
93
326
395
46
457
210
455
305
406
405
507
411
238
219
229
55
47
457
436
264
410
147
193
115
389
393
361
43
383
249
388
259
15
51
113
154
218
373
30
202
307
44
207
251
494
509
69
443
198
343
62
202
182
401
137
362
75
491
383
468
70
512
5
131
332
227
196
40
408
143
61
176
117
184
64
48
400
2
0
337
370
35
63
470
181
69
75
38
37
46
157
292
118
181
446
399
185
229
394
408
157
336
16
318
196
321
475
446
321
490
218
470
173
370
27
207
346
85
131
443
206
281
204
454
3
157
113
75
185
291
509
108
18
198
123
410
361
117
291
436
223
447
84
176
502
455
186
319
155
497
15
261
197
276
53
50
229
181
181
119
306
22
285
470
457
299
317
184
194
53
424
390
485
130
378
100
140
176
220
366
3
452
268
456
343
118
457
181
512
118
443
184
238
318
70
493
145
274
477
149
58
220
37
58
65
100
499
94
42
209
155
114
29
48
336
430
82
469
407
229
334
389
80
241
117
44
21
118
305
130
39
478
67
362
27
129
431
241
258
332
442
160
349
85
325
405
295
276
363
235
381
399
28
442
162
238
264
379
58
44
228
347
383
451
207
235
294
16
387
295
500
167
463
308
428
347
75
182
187
269
47
270
218
404
318
295
403
188
455
210
485
178
262
227
17
122
382
49
2
206
235
287
142
500
340
175
291
310
197
459
358
10
506
40
340
130
185
451
257
160
46
248
235
504
404
339
300
62
379
200
267
428
492
216
107
430
280
255
215
62
69
254
287
483
35
303
463
187
323
339
339
130
42
422
243
414
300
440
415
93
65
415
283
35
407
264
66
405
354
247
209
19
311
251
140
454
256
416
451
186
415
141
150
46
326
255
59
391
124
101
85
135
431
90
306
187
396
510
295
337
332
258
134
59
416
132
87
201
259
297
66
275
438
97
21
2
335
112
51
459
431
257
123
143
416
190
345
85
475
322
407
151
218
150
431
131
153
439
514
142
303
250
21
31
490
242
135
116
492
447
206
426
505
424
140
166
313
247
142
83
378
106
117
35
46
457
186
143
32
121
233
235
366
222
362
505
140
25
457
233
131
458
456
208
40
392
360
124
160
432
244
68
187
18
451
57
344
510
392
189
208
182
263
158
302
142
426
185
299
210
46
19
254
222
452
131
381
511
302
471
312
301
200
125
130
198
28
389
290
18
258
430
65
435
463
78
303
248
332
35
475
129
477
506
414
332
101
41
431
160
391
217
62
335
112
177
187
387
408
11
126
80
492
429
158
499
327
160
182
206
135
20
92
186
415
469
116
7
279
30
456
318
175
84
184
20
19
509
360
326
130
238
294
167
6
282
111
65
285
90
263
119
226
126
307
65
161
433
311
370
158
260
337
44
159
258
500
101
440
81
256
258
41
317
153
409
14
45
243
373
332
137
305
503
251
357
385
34
392
185
427
161
419
407
60
295
156
84
270
45
453
286
117
307
234
11
296
45
180
348
206
41
404
366
430
273
455
342
249
44
409
64
234
311
371
375
84
495
385
403
245
250
237
178
342
155
13
433
416
115
62
469
493
354
60
385
388
241
1
393
241
499
295
144
429
142
353
97
256
292
26
498
101
120
416
502
106
344
120
148
385
403
368
371
176
90
1
251
385
472
157
410
141
462
39
334
450
452
253
287
15
243
189
43
409
420
221
65
334
36
139
85
141
227
395
243
95
364
308
140
476
437
156
381
78
295
145
88
380
188
379
329
363
395
40
208
489
334
420
487
25
298
384
329
363
147
47
135
12
438
243
88
175
484
97
155
78
320
365
283
216
472
6
242
396
496
429
193
327
15
241
309
10
283
232
167
41
299
344
438
365
280
422
68
311
29
41
75
334
507
366
260
277
179
23
36
196
270
344
292
72
29
484
21
43
331
138
6
359
280
72
129
115
199
220
372
199
351
449
372
235
304
491
167
381
344
268
373
301
274
310
383
125
249
92
264
379
196
274
310
459
127
277
268
384
93
196
217
228
269
396
187
509
242
331
227
294
227
25
313
398
218
427
389
26
234
139
384
175
454
274
178
351
462
31
159
363
127
3
505
56
453
289
100
498
470
329
23
155
295
412
393
512
194
194
28
143
372
182
175
82
75
394
65
498
221
56
283
196
171
261
218
91
20
244
167
133
185
47
315
129
431
258
302
318
254
215
396
74
500
306
31
394
152
306
326
302
380
471
283
466
250
425
136
462
381
91
477
462
255
218
156
481
134
170
268
400
49
346
472
257
494
48
475
24
479
296
332
42
26
490
393
502
327
469
167
257
349
182
282
472
22
509
515
229
464
300
343
334
188
155
346
382
157
327
8
22
242
137
334
157
422
258
215
515
201
52
482
473
71
61
430
77
443
246
153
427
427
165
451
316
447
198
219
153
507
420
217
121
18
103
481
207
338
313
452
246
121
95
444
207
196
296
47
440
331
503
110
499
256
295
51
257
110
122
426
481
161
444
472
470
306
403
292
207
217
481
95
412
346
120
175
166
177
157
440
283
104
273
369
278
125
267
158
97
509
152
313
360
308
65
22
238
277
499
305
86
241
505
278
222
459
454
317
134
361
463
233
451
291
450
186
29
352
427
65
372
303
36
222
193
208
305
389
505
361
477
287
376
347
61
24
484
110
174
407
75
46
272
425
123
130
376
118
47
434
118
481
149
180
430
137
120
250
57
443
133
134
197
241
439
247
484
353
62
376
9
352
438
15
320
94
10
10
497
86
81
93
181
26
144
325
419
93
258
54
237
325
494
180
379
336
254
349
354
42
166
43
52
347
484
335
353
392
384
233
207
485
463
451
23
447
405
430
43
137
65
129
360
210
140
188
234
104
303
77
193
43
454
74
434
386
303
208
212
119
450
352
104
416
199
424
258
354
434
285
79
514
17
421
504
380
295
117
291
333
42
62
383
489
363
330
418
508
234
441
23
348
368
132
298
83
380
56
21
513
371
250
407
489
439
497
225
145
515
368
407
100
46
456
38
487
451
387
45
416
403
407
176
374
431
63
112
196
195
125
50
50
60
432
368
515
416
275
316
8
506
108
212
85
294
398
127
430
246
489
384
366
297
509
206
398
342
403
8
278
344
432
117
324
159
90
510
19
178
126
2
381
411
47
132
360
243
150
20
337
110
149
448
254
471
276
156
233
325
276
99
293
368
40
76
283
82
332
463
132
508
510
278
316
287
120
441
198
380
292
56
149
268
145
354
39
65
389
499
242
118
420
250
444
420
291
108
132
159
348
276
177
254
452
169
208
107
478
294
275
282
159
433
490
119
71
400
100
225
434
370
452
462
205
405
224
360
337
152
165
453
405
456
70
263
275
66
233
454
432
55
44
17
54
280
119
205
263
44
504
137
221
29
14
434
262
120
382
443
99
139
210
88
376
66
434
169
206
388
404
368
139
426
212
3
454
49
478
30
132
96
28
384
18
59
222
262
344
188
472
334
250
211
158
339
396
250
315
142
427
157
188
107
368
198
490
62
245
226
456
270
385
405
389
182
24
307
452
210
222
490
110
144
366
239
285
177
217
1
169
192
194
59
258
121
383
104
333
84
337
37
425
80
62
3
434
189
347
443
249
230
348
310
383
422
12
318
82
368
257
27
226
483
456
283
478
263
77
275
455
393
409
19
197
348
208
400
397
314
490
5
372
424
301
460
148
169
212
315
510
50
115
2
294
453
62
220
369
70
485
283
110
210
514
157
367
380
283
270
445
212
158
50
441
206
483
312
283
207
371
255
175
102
507
280
362
478
471
258
428
308
355
460
96
107
163
14
278
233
399
255
410
462
144
312
77
67
337
147
241
479
241
308
163
104
1
401
445
287
344
452
140
40
50
453
73
297
24
326
508
272
270
400
437
377
110
12
303
391
454
48
24
372
515
83
209
447
457
457
453
45
416
167
6
145
330
284
205
37
198
363
490
249
509
355
20
303
358
177
253
37
462
89
190
14
375
445
238
98
396
332
302
156
310
39
453
67
192
478
508
324
313
419
96
333
455
452
404
249
309
37
77
440
85
256
392
208
115
408
302
205
49
382
467
200
210
434
480
136
495
33
317
278
40
390
267
368
190
309
302
45
336
345
108
283
208
404
110
395
84
185
262
368
262
375
478
414
263
240
352
129
50
174
49
152
440
295
171
394
59
406
21
294
351
139
313
233
283
307
136
500
319
142
18
49
479
56
289
294
236
141
106
351
465
44
368
448
272
256
219
156
276
311
75
123
193
507
418
139
174
155
114
289
137
90
373
224
404
299
166
307
395
188
124
78
453
89
149
167
324
126
1
301
50
238
134
125
477
311
30
283
462
323
491
187
50
139
288
375
140
73
6
104
255
111
132
345
35
256
421
369
79
231
37
302
50
303
327
501
45
490
506
248
20
421
159
13
372
296
97
384
349
408
457
489
470
220
9
26
237
208
256
462
263
302
385
72
269
505
10
435
484
371
10
205
465
7
356
422
435
248
54
140
44
349
233
98
236
432
322
258
462
236
212
367
447
227
406
87
98
478
379
492
409
130
302
287
415
505
21
499
338
171
277
285
165
371
381
369
431
141
429
49
79
451
501
55
398
93
110
227
3
332
33
359
493
209
476
384
295
286
144
27
384
1
373
270
31
476
338
458
432
299
104
149
223
405
54
259
222
70
440
55
419
4
286
390
171
376
87
55
241
351
119
337
234
139
135
399
188
234
279
494
476
199
478
476
254
395
414
399
343
66
296
108
367
251
37
376
462
311
344
475
357
388
36
148
157
55
244
17
513
19
244
149
399
259
243
484
382
296
255
369
229
460
66
183
146
33
143
0
354
280
362
53
189
122
50
38
98
388
447
488
50
323
216
346
53
64
124
329
284
109
420
169
493
138
130
110
191
337
313
250
435
66
375
102
456
232
175
493
189
69
257
51
385
499
445
78
492
419
435
465
177
310
239
77
102
348
420
337
394
265
138
237
66
416
383
384
487
223
248
442
157
131
171
486
146
7
226
447
307
220
221
270
82
471
353
1
353
445
305
454
205
75
299
347
133
269
161
4
481
260
358
282
69
369
7
355
263
374
493
185
192
393
308
103
455
343
444
450
141
73
240
200
87
336
165
445
188
21
318
250
393
209
447
490
130
510
190
400
141
77
236
118
440
81
363
400
446
79
47
186
240
362
456
237
225
240
13
244
121
95
420
458
220
92
88
113
328
131
155
74
310
3
58
223
143
506
302
376
489
261
216
304
320
288
228
370
376
150
27
26
416
291
475
467
14
88
148
184
510
75
101
293
268
296
342
66
226
157
121
407
59
482
217
18
274
47
394
251
230
142
336
156
480
227
331
14
203
311
301
29
1
406
386
110
31
299
474
458
149
345
308
5
285
423
497
1
429
226
365
202
332
51
444
370
39
412
74
176
463
307
358
395
189
222
358
402
442
330
1
141
411
98
225
109
18
66
237
291
216
330
141
263
117
315
211
197
164
8
305
350
88
251
490
165
504
260
17
255
464
117
100
84
161
273
231
302
244
285
115
60
189
80
480
407
109
101
56
142
4
291
466
319
448
372
382
43
409
157
17
114
425
248
16
313
156
327
141
386
34
52
122
235
472
183
23
444
489
62
496
84
506
248
494
9
303
210
252
460
495
459
383
263
382
314
228
430
306
212
398
88
289
345
32
495
38
43
157
138
0
435
33
13
56
455
374
258
237
56
397
419
66
150
393
48
462
460
508
225
149
107
418
103
454
311
335
343
458
459
118
234
274
21
313
306
459
216
402
244
156
354
39
307
508
383
303
41
90
36
317
330
260
508
446
463
180
3
125
427
474
309
2
470
454
317
182
85
506
328
257
396
101
256
489
230
347
153
248
276
416
322
484
39
66
270
417
305
257
307
243
358
256
236
26
74
481
447
345
373
219
176
476
157
66
432
260
145
443
99
384
320
269
233
486
378
387
191
307
224
224
420
124
79
480
341
207
55
148
458
331
285
138
315
446
18
153
9
341
214
360
189
442
274
243
54
454
286
209
37
321
262
126
177
270
437
324
214
418
455
145
157
166
401
333
189
227
244
420
145
153
329
329
97
272
12
89
397
425
99
127
272
224
171
433
27
64
504
457
145
28
204
377
305
173
7
490
154
245
310
94
470
399
341
397
356
81
110
89
151
85
51
253
62
119
156
440
484
18
262
422
386
188
33
283
487
105
103
15
111
148
391
232
188
147
342
278
64
240
404
343
110
475
89
45
219
58
259
205
143
216
255
7
432
354
372
385
403
287
341
272
367
402
95
97
41
277
241
146
360
313
422
193
87
116
440
283
478
349
89
459
465
238
47
446
124
39
295
209
358
423
387
54
214
181
278
431
118
458
312
388
42
12
234
514
512
223
204
193
24
12
275
150
427
175
204
172
426
56
389
509
391
59
356
458
4
429
312
209
514
347
113
372
508
121
419
93
84
346
385
489
294
369
386
423
370
63
439
71
280
267
92
149
185
489
41
376
457
460
404
436
453
37
483
141
71
434
513
378
199
121
180
256
180
467
393
217
43
307
386
326
108
177
333
179
161
231
28
90
265
31
478
475
0
170
228
119
260
28
144
288
396
301
7
207
352
68
457
177
512
390
330
92
180
228
410
367
515
126
515
462
502
65
14
289
496
481
415
218
89
409
277
106
230
241
502
70
149
502
138
439
366
79
109
429
415
37
60
298
54
417
47
393
97
231
148
380
189
4
438
287
324
416
320
212
229
293
340
466
374
249
401
497
71
9
126
190
374
344
455
148
514
189
373
76
241
475
56
355
270
76
475
449
49
122
24
511
339
153
148
481
254
508
449
249
225
282
177
36
134
397
189
454
49
503
390
466
484
490
440
486
491
41
315
311
188
360
194
57
287
425
119
512
150
440
86
212
325
430
500
467
207
385
94
457
63
11
159
19
425
281
111
109
100
212
235
111
428
65
221
170
174
212
390
515
31
238
55
49
431
225
36
321
11
439
94
206
161
14
323
407
86
140
31
21
166
30
478
55
11
249
134
385
100
156
271
436
391
16
113
359
391
104
399
213
270
511
366
457
136
454
506
101
307
0
511
49
336
308
129
240
374
174
225
272
91
358
367
352
69
444
23
184
9
242
174
261
225
1
218
358
9
486
462
25
53
74
16
421
203
75
372
420
377
183
12
55
237
273
201
100
309
34
21
64
177
22
149
316
141
474
27
442
127
457
167
357
17
294
500
228
80
262
456
508
150
62
225
268
332
456
226
334
378
383
25
437
283
370
91
74
135
431
294
449
114
441
414
190
321
136
343
9
441
272
8
443
356
81
180
119
276
32
70
138
456
222
265
440
154
483
93
127
66
336
437
404
111
335
402
287
378
300
373
192
472
165
49
486
213
378
104
33
477
74
417
367
168
134
508
136
290
368
366
125
87
51
221
109
148
210
356
430
46
400
496
179
93
438
64
330
422
218
502
508
407
69
26
464
189
387
305
362
201
228
294
377
405
241
429
211
212
36
235
455
213
189
60
339
3
383
438
406
320
76
491
1
325
196
303
481
41
390
450
214
214
328
459
420
275
405
196
329
422
463
356
226
437
360
119
420
148
76
497
125
507
210
282
267
51
277
162
485
279
473
196
256
322
255
351
367
390
277
96
475
349
394
254
298
489
191
225
290
29
368
205
33
217
126
330
63
177
129
77
409
330
512
181
441
74
48
503
267
16
90
434
142
268
515
287
331
468
378
405
221
152
353
424
381
38
413
465
319
143
15
379
169
339
454
191
245
154
413
1
450
512
285
279
445
125
101
402
450
427
151
103
21
472
277
433
151
106
195
132
228
503
264
373
96
80
132
67
392
91
486
323
131
499
331
225
182
303
48
221
170
166
268
227
339
32
214
19
99
32
255
1
0
366
162
52
434
108
201
489
29
344
489
452
410
45
259
326
12
231
197
0
129
217
244
117
23
259
280
376
282
505
323
406
0
282
249
365
72
278
486
382
208
407
136
452
115
229
166
321
236
136
473
445
106
171
508
142
444
166
433
470
81
189
475
121
358
85
204
376
209
200
443
182
417
459
296
408
131
179
175
110
436
249
108
157
21
323
28
180
363
60
184
416
112
43
7
367
43
367
392
291
180
416
245
444
395
243
392
167
399
368
393
111
77
354
359
389
259
321
515
323
305
235
228
506
71
89
43
143
459
62
436
286
210
462
364
125
469
63
129
220
173
94
205
74
470
123
497
371
398
394
244
462
361
501
161
355
462
302
73
67
336
503
244
265
285
240
446
509
361
37
72
346
438
253
279
364
298
313
7
340
343
465
498
209
122
197
265
221
423
200
75
459
225
91
300
363
158
305
317
447
499
466
166
228
39
202
348
120
403
35
210
58
277
324
177
252
26
493
302
217
473
360
311
264
397
245
513
162
173
514
57
409
225
153
471
300
99
136
311
99
221
469
171
97
313
447
428
434
174
252
417
433
58
4
98
393
339
319
53
421
101
297
145
101
383
141
17
319
155
157
7
341
110
279
92
376
476
240
61
459
292
443
379
109
226
335
399
226
173
365
394
140
156
368
104
284
507
209
159
271
73
443
434
335
11
7
123
17
175
275
155
51
74
5
284
269
277
415
85
336
173
68
92
172
81
469
434
448
0
447
335
315
290
421
307
270
435
237
92
191
297
407
322
352
148
324
282
29
441
350
482
101
129
114
422
273
453
69
205
349
515
427
453
392
258
410
29
491
145
284
359
175
113
332
364
111
191
346
112
268
243
240
90
126
14
280
210
115
173
312
503
338
313
56
35
435
113
476
116
464
256
103
396
102
258
71
503
7
199
40
159
315
419
79
59
71
90
296
329
90
292
458
451
422
14
286
177
46
515
4
187
395
483
60
252
459
480
212
421
296
228
180
96
231
362
388
445
444
139
446
237
434
408
208
267
224
359
360
147
143
372
5
290
274
474
135
507
343
349
172
180
326
213
370
36
109
379
217
46
484
63
72
123
349
244
240
27
312
80
351
6
310
163
196
284
216
450
484
112
272
173
257
155
4
422
162
84
462
446
265
339
346
211
75
67
384
78
513
316
73
253
478
483
223
91
143
464
355
173
166
267
454
83
436
68
364
471
157
156
396
349
466
67
324
269
296
290
462
253
319
166
353
234
101
27
367
181
343
223
69
314
125
73
498
96
305
141
443
6
293
310
288
113
337
215
8
262
471
64
241
171
244
77
205
110
158
146
108
288
447
191
58
225
235
137
49
109
132
349
190
284
241
504
101
209
56
161
414
231
251
326
280
308
161
498
414
224
201
172
233
288
314
54
128
217
422
377
302
118
496
205
214
371
498
184
20
322
445
154
507
56
433
196
268
130
139
244
287
159
154
301
28
251
355
364
274
433
327
332
154
140
157
436
350
172
184
162
265
327
378
41
301
431
58
397
267
84
224
84
15
275
497
313
464
491
253
92
38
281
151
137
298
452
438
197
232
456
514
172
21
113
72
353
264
406
443
30
58
269
161
15
373
83
261
338
370
301
440
401
434
259
396
364
445
226
381
120
497
510
284
199
324
216
56
262
364
173
25
230
256
129
313
11
280
181
185
414
65
393
230
15
15
121
138
53
345
245
27
294
399
202
418
334
130
209
421
355
306
10
2
203
216
221
376
150
185
121
322
299
254
177
388
355
372
161
291
330
359
117
511
350
157
101
203
206
46
193
7
187
79
329
68
226
443
233
141
149
210
400
101
414
447
407
264
93
450
442
317
192
277
392
284
285
115
322
341
9
45
55
68
53
355
138
275
243
133
14
42
359
458
80
367
327
376
297
351
435
128
322
79
21
410
307
492
509
120
435
296
510
368
209
319
55
98
115
460
477
45
243
265
370
106
443
279
443
396
50
256
461
105
259
5
315
419
509
96
161
27
458
295
202
437
189
119
218
259
257
245
107
506
287
289
308
169
345
412
172
135
166
89
162
27
162
471
19
348
338
157
79
138
55
157
233
471
286
243
53
194
263
247
230
372
104
396
390
373
221
146
491
88
257
77
351
196
17
497
45
96
450
216
161
30
260
388
117
380
110
108
83
46
286
482
363
368
263
252
178
493
257
137
439
486
279
22
11
30
275
12
72
351
484
332
459
161
115
495
435
135
182
359
179
137
17
182
11
108
442
509
437
393
44
28
399
360
317
369
186
39
114
343
88
344
209
217
204
191
177
377
194
412
112
103
218
404
437
425
515
247
496
149
80
234
262
162
435
39
296
282
42
508
69
270
433
474
454
422
279
72
93
243
175
218
408
176
164
435
275
261
93
464
103
92
267
325
454
284
434
427
178
25
371
454
13
25
257
161
348
468
438
198
368
437
141
440
191
91
494
340
41
28
130
264
435
427
277
193
43
93
102
72
25
194
482
168
282
161
173
102
365
298
475
509
304
352
287
254
153
63
371
1
461
23
457
21
209
61
324
503
153
278
337
195
46
460
222
195
462
496
326
496
382
375
278
464
436
198
375
496
284
452
363
459
358
401
262
512
257
178
131
111
284
13
62
493
357
304
394
275
389
395
135
254
60
368
371
393
208
484
190
88
225
168
245
157
52
82
340
347
222
460
408
139
34
152
504
173
432
139
278
67
109
481
326
392
253
288
89
512
495
447
442
493
22
328
266
20
214
258
214
33
455
246
323
444
380
493
201
356
33
60
217
20
43
503
394
112
300
35
232
293
165
231
424
179
351
285
414
397
487
180
71
97
191
234
96
418
106
46
375
505
436
89
287
464
260
280
346
341
204
203
120
269
13
62
149
94
474
268
177
87
219
333
459
208
114
9
170
126
47
256
443
30
264
119
20
377
105
142
423
385
178
35
228
83
414
175
79
262
397
158
127
187
368
168
73
171
119
253
435
167
141
179
373
479
170
465
440
421
402
393
16
85
434
40
142
214
125
277
470
170
444
96
410
28
228
312
122
246
21
257
87
266
432
469
183
71
310
253
106
142
187
94
247
503
504
392
375
418
407
86
361
62
294
514
435
160
91
219
132
465
46
258
345
167
46
229
89
401
170
62
504
346
323
460
240
481
154
355
131
266
312
390
112
270
505
30
470
476
446
98
165
455
378
119
435
58
140
167
98
319
182
33
203
341
102
193
410
255
449
395
203
449
234
365
439
93
303
378
511
288
370
515
307
378
470
17
116
171
351
152
234
291
330
62
116
132
7
239
239
478
515
5
197
1
392
342
393
317
148
259
19
280
210
196
312
341
458
127
160
437
38
127
61
58
30
78
250
248
392
306
167
234
492
185
269
282
102
383
199
13
303
230
255
361
409
453
38
427
216
151
457
109
477
201
297
78
116
236
58
413
509
290
210
170
89
443
316
155
390
75
333
423
371
136
72
476
74
392
357
93
180
75
139
49
138
257
187
481
3
3
180
348
402
347
135
197
188
228
416
35
490
243
443
368
50
34
326
337
64
304
512
439
240
224
153
179
393
311
394
94
389
277
86
373
312
60
510
319
148
125
163
266
170
77
423
509
115
448
78
443
162
270
258
33
332
421
137
45
179
204
432
406
116
396
167
501
513
319
58
238
340
221
454
280
158
221
244
263
288
433
71
295
153
220
193
340
94
142
94
479
445
86
292
118
499
271
284
420
53
113
513
247
421
188
90
87
229
228
195
458
478
460
389
358
171
119
219
398
19
29
158
95
245
379
356
85
92
370
138
15
3
186
292
20
478
386
5
428
163
328
75
275
216
421
53
425
33
499
22
421
97
256
306
470
323
193
352
45
351
292
480
309
11
432
22
417
507
362
136
288
288
410
300
282
472
148
460
421
121
244
148
26
362
50
162
155
362
367
158
435
475
240
1
500
266
223
264
305
235
195
261
301
28
279
514
223
343
274
165
513
272
72
438
81
191
289
52
417
427
460
471
235
98
171
40
213
5
363
348
223
183
84
102
138
293
41
438
170
292
10
130
1
2
213
236
46
40
58
492
56
325
419
418
279
33
418
92
171
255
475
41
339
408
274
80
88
490
318
467
380
275
134
333
474
17
342
117
357
452
115
460
74
404
236
83
419
171
511
179
341
291
109
251
349
356
180
143
397
256
266
277
38
435
55
471
282
510
138
345
81
39
228
14
481
227
368
417
116
489
142
485
12
179
158
54
440
63
247
60
123
329
176
136
297
323
508
136
125
320
364
513
431
10
498
220
320
364
321
334
63
475
129
440
417
135
364
209
263
164
169
240
130
48
50
345
43
417
287
63
485
91
374
436
344
90
250
453
122
329
383
492
116
257
289
203
204
285
296
250
220
139
410
207
184
328
164
445
176
132
349
404
94
38
199
133
484
485
409
292
116
91
76
492
161
514
453
395
244
76
408
209
382
169
130
44
197
302
105
16
251
223
131
38
463
79
287
368
69
282
467
2
154
478
136
21
105
251
333
441
203
313
439
117
232
425
411
327
88
28
403
49
101
158
396
21
394
406
101
302
50
146
88
76
0
514
101
134
4
428
382
412
230
345
327
334
514
3
200
180
390
137
290
481
92
380
38
275
161
4
25
221
4
90
207
192
44
236
187
47
181
182
427
180
149
83
417
4
37
390
370
304
220
125
404
416
176
62
349
168
147
318
500
342
27
215
248
12
185
266
404
489
302
327
235
370
439
416
249
417
400
298
182
410
57
130
204
474
436
27
404
53
103
150
322
130
267
234
324
196
20
311
169
405
333
261
110
34
402
436
52
2
173
88
479
428
434
130
398
182
128
328
441
18
183
148
332
333
5
178
329
389
486
377
107
38
463
81
385
174
66
358
11
196
99
377
372
45
298
421
436
472
338
266
470
375
481
474
481
237
275
389
275
327
403
363
35
294
30
254
439
110
194
408
345
290
31
471
138
344
420
359
400
45
431
137
81
178
55
22
325
101
42
427
349
238
46
439
445
127
463
181
220
138
105
61
216
431
170
232
349
158
413
13
385
251
60
282
434
219
361
228
215
207
227
349
455
478
349
312
285
146
489
173
174
174
3
201
25
5
369
354
43
40
296
214
86
309
500
332
507
151
174
298
331
270
217
343
232
63
206
142
158
408
408
352
459
203
479
245
409
327
194
359
97
297
454
341
254
342
256
379
294
278
193
345
413
256
107
146
452
257
244
263
7
390
72
412
439
109
139
459
224
142
414
92
149
369
152
159
232
382
275
105
99
11
213
85
183
163
225
441
166
62
401
168
198
69
172
177
494
349
253
120
218
502
389
385
20
392
461
122
391
105
413
287
208
383
251
359
393
225
178
37
458
95
392
65
417
172
500
439
338
477
370
461
439
170
298
317
188
256
316
210
438
370
105
208
342
490
308
280
319
500
342
109
428
236
56
84
414
245
263
285
381
95
115
310
287
149
189
117
371
56
163
493
114
510
381
401
316
166
108
287
496
75
195
352
88
431
474
208
367
314
259
475
403
211
196
169
485
225
197
14
182
435
43
426
408
477
321
242
312
449
142
366
327
222
438
285
424
235
249
149
74
259
28
388
14
99
20
246
178
176
447
418
431
393
440
195
150
510
245
381
16
72
491
20
344
120
285
494
393
398
404
423
117
446
43
105
308
40
177
318
410
204
118
374
302
86
493
332
222
80
3
172
193
408
352
20
124
417
371
193
159
281
200
492
223
338
409
115
444
15
438
188
232
495
408
320
415
92
437
349
357
97
503
125
414
503
391
503
387
507
227
375
152
109
135
284
433
413
369
347
128
487
303
287
39
231
394
123
165
383
280
486
286
455
313
123
79
5
128
273
488
472
472
118
281
393
20
38
316
20
196
429
259
336
447
316
205
281
57
379
375
417
316
260
277
452
405
407
455
274
88
324
288
396
184
507
56
495
510
343
39
483
290
80
377
287
186
21
213
495
69
118
120
282
88
408
109
31
456
63
92
425
223
198
182
426
322
61
263
492
284
272
448
184
284
297
162
434
333
286
288
231
88
181
117
377
88
452
290
48
189
288
179
503
103
201
327
270
229
49
205
345
433
1
216
84
449
426
434
432
305
1
84
360
419
268
345
356
511
371
67
60
210
137
303
89
129
303
351
323
515
472
367
285
280
272
487
167
228
364
105
483
3
357
514
180
25
249
71
287
401
308
249
295
250
122
26
263
498
169
374
140
425
502
294
193
5
204
62
77
37
144
141
80
396
243
64
347
510
347
426
140
337
81
483
47
432
195
396
108
362
315
133
401
338
64
277
68
292
36
134
470
347
34
74
250
379
207
370
502
194
134
226
181
183
34
41
427
47
10
390
408
370
305
356
36
369
73
252
167
378
496
38
155
377
390
194
223
288
323
183
431
416
20
322
59
459
176
131
229
283
154
154
328
225
412
198
222
7
441
422
195
129
171
153
299
174
194
288
14
282
333
234
64
401
228
29
42
365
50
285
456
251
195
409
452
2
267
195
352
304
322
46
130
308
378
107
396
387
245
142
497
19
372
333
120
311
107
130
254
489
497
221
229
102
505
114
323
470
47
47
69
69
273
59
57
330
469
162
231
510
49
124
323
398
136
255
225
398
89
194
171
400
232
76
311
16
513
378
201
213
114
340
47
338
69
443
252
353
65
480
275
143
260
71
388
372
286
61
6
93
283
45
204
89
501
456
109
309
404
508
91
497
502
167
262
332
477
155
80
307
307
310
84
423
498
431
318
163
424
304
220
71
206
236
450
6
180
386
255
412
159
40
223
502
83
512
439
30
192
398
75
327
370
347
120
109
6
174
449
253
243
299
373
372
318
142
407
432
299
228
356
15
431
389
68
159
252
432
436
470
378
27
307
402
415
481
310
114
243
342
395
511
253
425
284
514
390
455
324
301
299
233
432
245
307
191
273
424
504
127
171
499
512
360
91
55
379
119
218
237
114
159
395
386
35
449
128
209
413
424
511
165
252
341
333
170
200
132
45
104
502
464
415
471
384
182
155
342
270
158
501
35
464
273
298
128
56
166
110
350
157
56
52
4
475
383
400
120
347
3
435
399
386
499
218
327
340
141
514
372
290
385
234
257
49
254
287
307
375
217
2
266
433
303
269
234
1
448
237
200
101
98
472
18
421
33
96
168
145
311
56
39
422
394
452
165
105
410
352
357
76
219
142
464
457
313
430
213
12
403
105
207
506
248
145
32
34
248
276
119
156
143
421
142
93
118
411
498
70
287
246
347
380
79
12
404
9
289
171
115
140
465
352
327
36
141
299
356
233
171
514
471
410
242
415
179
379
111
417
59
303
307
246
511
404
245
356
94
227
139
409
115
64
307
353
107
305
160
95
434
203
70
79
453
474
198
231
399
372
287
247
395
227
313
153
438
78
367
132
46
417
413
6
41
161
310
229
241
350
181
17
179
500
113
356
463
210
472
312
109
488
393
159
472
180
393
222
64
495
179
512
390
218
310
17
390
92
372
21
355
123
340
506
383
111
312
412
465
169
202
81
40
433
229
189
177
407
61
393
161
177
179
154
378
466
107
473
393
18
390
373
433
164
405
87
140
117
506
238
35
309
482
197
298
360
490
136
68
494
366
229
164
417
97
179
108
92
411
4
452
395
227
345
509
57
414
317
239
182
159
130
61
142
315
315
189
7
1
135
281
275
417
131
490
130
276
252
433
377
76
40
433
40
5
246
270
373
210
83
133
420
91
494
161
317
139
113
114
224
447
307
102
466
172
48
475
227
419
97
489
45
183
455
256
420
402
444
415
307
61
479
82
447
94
396
104
395
161
334
21
274
137
404
473
296
137
207
381
363
16
420
340
101
493
442
123
57
341
51
452
307
459
377
363
307
202
1
104
61
180
350
304
475
149
269
170
488
370
336
255
366
428
168
509
472
168
244
72
371
9
297
277
475
503
438
497
394
59
150
387
427
390
362
56
437
484
347
485
483
101
420
170
476
45
265
433
59
16
269
285
314
434
67
38
45
433
174
79
201
150
235
358
4
165
72
110
102
76
444
445
433
386
72
515
37
194
300
403
503
126
390
16
197
493
457
137
174
386
378
231
154
154
388
299
120
427
149
96
210
99
266
476
59
69
474
329
368
465
448
458
493
174
146
392
436
294
120
458
215
256
383
250
395
155
508
10
2
448
327
62
125
512
428
363
196
257
70
479
260
513
116
388
238
449
261
514
186
265
281
107
410
43
203
345
92
294
321
104
121
23
448
284
235
76
437
163
39
181
147
34
188
320
473
338
358
398
432
174
66
423
343
469
310
468
35
215
210
149
43
450
306
69
410
32
432
108
17
345
432
66
306
281
289
328
410
470
98
65
21
79
468
370
148
363
39
215
270
427
165
401
424
265
108
326
326
136
158
68
1
412
458
97
165
108
413
188
191
121
356
33
514
104
314
179
491
206
11
105
110
147
364
373
103
501
379
116
215
392
135
409
108
154
352
8
224
309
354
259
442
180
492
432
177
396
390
314
273
234
329
268
165
75
391
114
116
247
501
115
461
277
260
389
343
210
271
59
285
90
279
133
472
515
394
118
315
327
375
424
411
51
88
136
14
327
413
356
391
224
146
411
226
7
377
443
24
135
103
68
312
14
76
316
423
332
82
320
256
289
473
23
157
45
82
159
329
256
254
133
356
186
211
260
150
121
249
431
251
362
188
173
409
120
411
132
423
23
89
138
390
372
97
137
206
230
235
457
270
166
250
43
393
238
401
169
463
433
419
28
434
447
138
473
81
431
247
254
128
448
348
424
508
146
133
390
472
211
468
290
320
363
11
393
298
142
308
67
276
163
441
59
226
267
402
303
296
23
70
74
66
412
340
384
23
281
16
397
186
401
126
11
261
74
172
480
319
404
124
93
105
235
509
360
105
366
176
367
465
71
353
200
221
28
369
462
342
118
213
266
135
37
91
176
136
24
422
93
330
389
296
161
298
416
73
467
86
161
368
239
122
404
124
382
371
371
503
160
404
369
419
277
126
463
286
274
95
200
464
194
182
312
431
147
32
173
288
463
321
59
328
350
94
460
511
234
231
431
138
241
509
79
493
211
80
347
339
408
107
510
194
447
430
349
181
71
440
97
239
388
509
290
307
147
468
188
213
453
229
384
187
204
153
483
38
421
508
28
51
138
136
123
158
415
304
287
312
150
408
428
250
33
238
52
205
185
513
60
467
38
200
28
115
64
80
117
263
391
17
123
109
264
85
234
384
128
128
267
416
403
7
412
30
366
399
372
103
209
367
468
244
473
366
250
319
378
356
259
203
343
338
305
230
278
159
270
94
248
179
497
429
220
63
480
103
86
240
278
28
6
179
316
361
9
399
270
354
154
232
368
496
384
251
514
472
277
422
199
247
505
362
270
352
356
362
172
71
160
514
362
422
439
463
208
260
287
114
58
138
408
347
438
257
160
384
291
236
127
510
348
413
115
462
55
465
316
216
255
197
319
440
439
87
247
512
338
58
496
193
496
310
385
296
252
146
102
225
179
316
328
114
280
414
112
210
24
316
320
362
126
515
318
282
119
143
280
22
201
422
375
303
398
361
276
251
120
123
450
368
158
314
247
366
335
431
298
375
91
467
84
338
297
37
141
285
318
210
328
193
24
197
452
452
189
150
298
63
432
76
64
459
515
409
123
69
125
247
239
377
474
224
142
472
238
32
192
294
184
333
210
252
460
66
372
285
141
147
198
172
449
364
25
271
390
65
158
165
345
257
171
219
82
60
315
14
348
16
480
318
234
44
31
143
66
325
409
312
152
273
405
274
69
368
347
315
428
59
23
19
446
379
495
450
73
512
428
476
465
350
18
190
104
209
260
369
217
446
294
476
13
266
401
384
298
406
95
341
513
78
22
513
496
417
509
248
138
190
321
396
315
104
309
284
417
260
74
219
160
138
156
358
429
423
164
203
149
460
360
410
78
316
332
308
361
298
423
212
285
116
380
361
262
465
135
316
477
187
423
142
301
210
219
267
131
43
168
250
135
8
279
294
512
42
100
257
413
145
164
102
135
457
145
91
308
147
21
158
476
461
310
362
35
64
71
271
301
352
60
91
263
321
183
406
14
297
489
201
230
477
109
455
381
84
208
276
33
481
268
45
423
462
352
259
248
227
127
417
169
319
60
149
1
408
432
100
275
483
386
347
489
248
59
257
91
48
102
442
182
442
122
59
468
100
362
263
310
413
406
271
471
243
71
61
149
140
267
169
15
462
276
337
382
135
248
496
259
135
176
211
466
187
476
399
37
510
501
279
231
412
264
308
374
419
93
442
66
380
211
93
356
240
496
151
8
261
362
210
389
404
48
226
463
183
193
293
414
504
358
89
168
362
487
509
30
91
267
441
26
247
296
315
168
283
203
10
114
376
369
101
176
382
296
336
361
500
417
428
455
357
129
251
193
164
44
14
312
489
367
271
476
129
13
455
480
456
359
116
294
185
0
492
160
138
444
124
48
428
68
471
378
134
211
464
151
351
413
376
353
342
492
31
128
391
338
69
51
208
116
192
146
297
276
504
45
467
266
431
120
55
367
451
120
325
255
370
342
179
407
371
181
16
127
468
242
198
410
182
212
264
29
402
481
113
429
407
113
391
127
86
439
390
35
48
353
240
227
343
182
84
508
484
141
359
434
44
290
433
332
175
316
124
385
238
439
229
325
412
233
76
129
129
464
185
238
273
290
432
89
223
71
254
374
76
506
18
197
478
53
31
229
163
307
312
177
358
247
465
129
110
328
133
97
34
402
367
235
257
199
180
504
238
102
6
107
298
496
393
489
18
196
334
127
62
210
165
305
270
106
508
2
154
39
472
504
340
494
500
154
471
36
163
254
15
459
290
488
162
16
121
402
439
305
62
163
401
305
118
70
81
388
25
66
232
148
254
200
363
95
507
362
356
242
23
27
134
29
378
197
399
15
216
270
256
313
415
35
174
84
246
436
66
27
130
254
109
106
451
444
273
180
378
258
262
215
13
175
378
42
455
377
64
290
2
343
197
72
231
505
354
134
267
118
62
179
260
133
54
415
17
391
400
173
129
287
515
194
398
322
482
254
34
182
514
20
8
269
334
482
12
171
8
455
308
392
328
410
118
410
321
220
264
231
452
72
120
514
205
328
217
347
243
249
27
172
120
291
219
289
71
96
434
167
59
264
65
469
168
217
422
287
196
189
485
302
47
67
308
260
499
302
321
162
34
306
400
422
372
503
143
230
452
500
352
307
41
126
385
441
72
415
219
439
178
134
36
439
166
206
447
283
506
389
145
401
354
386
86
85
86
448
107
241
36
187
178
184
136
379
493
251
218
184
269
385
482
198
238
339
265
249
251
143
249
361
62
194
372
99
119
41
248
228
372
377
492
262
74
507
88
394
487
401
327
178
120
356
451
98
319
298
327
422
134
456
507
327
278
437
343
278
151
495
510
23
492
256
260
267
378
456
116
262
53
193
309
108
212
93
178
32
322
303
146
101
76
11
190
407
194
391
288
216
104
352
262
386
300
8
78
88
270
184
1
47
43
11
394
472
283
20
298
78
415
124
98
32
94
123
399
217
149
162
216
176
487
232
408
248
300
372
11
24
241
235
487
352
298
343
44
85
415
106
10
36
416
48
286
23
506
75
409
413
507
360
120
448
108
327
126
410
459
135
14
143
164
455
112
228
330
502
57
488
216
192
270
485
470
85
246
47
429
227
300
412
425
225
163
135
319
124
65
357
228
479
88
350
398
105
5
348
262
334
33
512
85
173
471
165
512
456
47
167
306
213
444
219
308
62
436
102
476
99
285
14
161
256
24
266
341
307
166
145
449
195
399
251
365
329
295
108
235
458
38
253
1
356
120
253
378
191
360
127
265
424
413
124
19
122
202
4
266
262
217
55
444
235
319
365
319
306
3
397
308
344
365
512
4
447
472
99
344
460
436
203
314
215
363
127
144
445
515
446
14
492
471
213
115
266
284
43
321
394
369
173
329
175
169
183
106
169
386
43
38
448
504
87
146
80
439
398
169
191
394
307
127
133
350
377
351
439
73
408
51
447
255
400
227
211
343
390
415
133
9
170
400
364
162
85
472
439
479
69
446
145
503
408
492
508
418
512
194
10
180
9
357
408
397
284
496
149
246
228
216
184
456
93
413
425
92
376
222
175
357
51
376
70
505
33
147
149
175
378
398
40
344
419
12
440
58
339
103
135
444
336
264
315
106
215
362
439
193
461
455
122
178
228
19
70
284
185
131
134
295
181
32
54
508
157
268
363
105
334
49
504
302
72
469
187
366
378
399
308
505
497
110
105
483
119
343
179
87
31
32
497
407
9
470
5
84
44
219
89
290
125
23
349
396
422
235
281
236
447
456
500
506
28
299
101
181
364
49
381
67
498
155
159
444
144
474
260
63
503
416
55
285
407
151
271
151
122
70
511
263
103
151
444
3
366
97
110
21
359
484
410
172
484
190
191
405
452
227
60
471
251
131
171
254
369
259
475
134
63
58
94
125
199
288
406
211
166
470
63
45
16
254
117
45
96
107
409
216
441
488
26
495
88
356
150
69
255
479
330
294
64
158
184
456
192
294
32
466
302
280
202
158
383
149
305
261
369
170
125
393
481
323
328
162
186
361
500
462
444
149
406
436
158
393
511
267
372
504
218
295
246
135
470
290
162
89
357
432
291
161
26
296
454
107
511
2
379
212
484
146
29
169
454
113
275
81
492
449
397
329
419
260
401
20
170
446
416
175
89
436
68
223
379
479
361
452
24
72
461
451
94
160
298
501
371
186
510
386
307
399
199
191
449
105
265
307
64
23
134
170
57
134
433
414
168
408
501
321
15
424
19
273
197
455
500
492
498
237
205
429
52
65
107
153
337
468
81
187
301
456
487
63
54
29
159
456
90
385
471
344
388
435
483
300
16
510
446
465
71
500
468
359
20
163
491
508
62
97
226
482
14
115
125
406
87
328
328
26
159
221
32
65
62
104
41
2
64
300
92
23
71
92
483
75
288
10
213
460
503
251
303
344
288
282
160
41
373
296
115
81
468
141
223
381
360
252
444
234
456
65
120
69
182
308
37
397
413
477
354
429
202
67
313
255
451
477
91
261
149
356
175
237
165
436
110
259
82
511
140
6
67
268
333
155
155
237
287
356
395
361
146
366
499
489
91
206
81
149
123
487
323
198
491
183
135
264
183
378
283
395
428
451
86
101
339
248
376
492
433
411
476
122
172
371
49
259
313
88
452
101
354
359
441
260
477
22
361
475
269
293
249
476
195
100
512
457
64
138
395
296
165
267
158
166
500
155
378
36
298
239
384
79
512
239
259
31
233
62
184
42
433
489
506
67
66
91
418
169
490
292
441
436
252
150
96
385
413
291
179
167
276
342
393
455
51
318
10
249
434
465
205
81
29
170
119
182
398
409
88
422
123
158
48
135
461
496
378
422
386
344
380
511
255
492
9
26
384
12
97
438
303
77
219
512
498
478
259
34
145
508
337
22
233
81
398
40
160
184
362
77
105
64
466
107
396
490
398
500
81
273
501
265
120
383
95
388
204
402
354
246
473
302
139
298
130
298
115
397
456
7
453
100
259
325
228
376
195
200
151
50
461
468
187
38
55
426
384
466
228
410
486
156
443
48
303
42
18
45
29
498
4
384
394
196
130
443
254
448
455
15
398
256
35
372
239
63
104
446
197
383
102
245
490
329
511
213
97
266
40
306
421
337
489
431
159
136
323
323
337
256
194
508
20
477
72
507
303
382
166
213
462
341
376
423
466
380
376
440
407
178
5
5
324
335
194
140
141
197
479
266
286
94
219
158
434
376
180
177
395
386
310
455
62
396
12
498
168
502
377
154
231
182
352
380
100
338
375
396
71
72
457
356
434
11
1
461
500
131
356
4
455
42
251
271
53
443
196
276
420
386
291
9
276
271
430
10
360
83
246
168
375
20
444
24
285
182
196
335
488
276
224
483
224
182
425
413
18
240
12
177
243
435
197
221
139
289
336
120
68
487
421
19
491
56
231
325
443
27
377
243
448
427
128
385
0
54
148
500
426
32
280
443
491
80
116
196
329
286
79
326
197
385
251
9
507
132
352
298
120
194
80
398
4
404
4
26
77
286
455
486
384
341
115
375
256
26
342
257
403
22
37
53
323
66
155
104
57
160
130
18
354
439
169
455
52
512
491
425
438
419
491
75
144
342
167
46
155
404
334
8
434
322
138
384
371
9
161
79
344
228
250
426
435
356
426
65
439
117
104
251
93
123
27
395
408
229
220
152
422
55
434
163
70
9
5
375
151
456
333
461
315
235
291
4
9
485
184
143
10
18
79
70
391
461
315
49
296
86
13
257
430
264
159
174
93
88
83
74
88
46
51
318
55
93
362
423
123
470
380
64
392
169
143
200
168
61
148
395
185
310
261
361
426
282
207
201
243
121
214
115
161
152
366
237
388
306
394
51
497
457
394
80
466
464
443
261
208
490
300
251
442
284
93
267
16
187
145
326
435
190
53
290
174
19
259
250
509
188
424
293
395
121
209
488
478
453
42
200
183
483
284
305
310
356
338
45
348
81
60
452
464
408
10
293
428
114
393
81
374
221
34
319
502
282
203
208
261
402
253
258
31
93
374
272
155
265
324
204
466
345
341
140
480
260
384
78
426
435
89
71
117
411
135
193
510
9
387
277
217
460
480
367
179
4
341
159
359
54
445
19
128
277
404
141
256
367
148
235
203
168
58
324
216
146
447
515
345
62
382
53
346
461
312
145
192
39
359
404
146
99
357
500
309
194
427
39
364
93
328
364
338
383
51
173
403
39
226
491
504
192
195
293
228
446
409
353
119
18
286
14
473
45
390
506
90
324
235
273
361
491
487
487
409
464
38
307
336
500
452
96
66
496
332
434
348
243
214
185
307
146
38
108
10
218
99
327
256
320
500
130
142
7
216
465
267
108
144
163
240
430
452
249
467
173
115
47
328
69
49
273
26
161
107
42
481
267
20
198
363
152
141
282
69
461
13
442
62
216
166
282
60
410
438
113
449
184
178
494
228
515
445
463
314
51
236
308
161
335
167
199
22
212
510
365
353
29
166
202
102
39
13
243
92
250
32
45
428
258
18
80
272
68
82
151
514
408
173
122
117
495
433
435
489
101
242
20
16
130
397
222
447
346
76
392
147
382
32
264
175
32
456
484
18
331
333
33
280
145
372
60
385
160
101
387
304
255
41
495
352
237
77
374
351
171
250
296
212
510
145
270
19
503
115
304
308
38
12
269
16
54
342
393
319
58
365
76
171
401
412
49
481
302
70
68
397
239
157
225
382
335
25
41
391
183
393
333
333
377
377
345
461
302
366
487
268
412
247
25
46
372
3
133
212
98
400
502
293
278
40
355
280
265
147
210
504
349
442
441
101
332
150
70
332
141
503
364
64
72
235
106
461
99
157
59
15
25
124
211
170
178
366
152
359
254
374
119
255
170
469
260
240
22
69
277
308
413
263
98
212
514
155
4
187
265
263
71
108
283
314
196
238
322
175
94
376
269
255
399
416
233
146
143
302
474
504
230
0
62
186
194
379
124
93
201
31
192
441
47
107
265
172
382
396
87
265
167
72
392
76
143
302
68
481
183
209
141
9
372
176
510
331
371
133
487
71
259
178
399
377
328
143
211
496
148
349
469
412
29
343
177
488
412
98
33
59
406
210
169
435
240
336
506
61
385
178
478
178
42
258
456
107
375
7
63
452
495
78
38
360
246
478
331
206
85
42
23
491
458
101
48
85
250
485
34
228
197
120
356
92
251
29
48
342
150
263
271
503
103
261
110
458
78
487
103
447
30
33
443
230
143
353
253
297
455
110
253
350
31
350
506
363
68
109
390
385
353
371
48
85
355
82
252
290
274
252
296
412
221
138
488
470
221
21
194
51
430
186
114
485
336
16
380
378
168
504
114
402
252
333
317
15
89
130
323
84
459
506
136
426
152
267
110
360
12
296
460
290
141
120
103
98
83
293
506
225
41
6
326
455
321
111
293
39
45
97
346
331
194
421
386
478
186
482
204
389
276
469
78
456
358
33
132
470
65
68
16
24
362
453
430
159
210
54
193
121
328
436
511
278
69
115
195
36
44
315
14923
