1 0.791072 0.475069
2 0.294218 0.165622
3 0.227861 0.0681806
4 0.29758 0.0977074
5 0.558668 0.249742
6 0.489503 0.194867
7 0.401588 0.102805
8 1.22123 0.631002
9 2.93891 2.37194
10 0.868499 0.237314
11 4.56644 3.54996
12 1.95956 1.1927
13 1.16089 0.267073
14 0.816694 0.105144
15 0.990879 0.136881
16 0.970735 0.111242
17 0.936479 0.0665936
18 0.979032 0.070533
19 1 0
20 1.08498 0.0587049
21 1.0481 0.0830602
22 0.972119 0.0920704
23 1.08127 0.197299
24 0.850038 0.101902
25 0.843713 0.126537
26 0.940393 0.152128
27 0.587336 0.0886846
28 0.629135 0.137423
29 0.437713 0.102074
30 0.465233 0.100574
31 0.219659 0.0356824
32 0.231371 0.0681426
33 0.182828 0.055755
34 0.184058 0.0521639
35 0.0944314 0.0202113
36 0.0740245 0.0176653
37 0.0788545 0.0218936
38 0.0709249 0.0204731
39 0.0968107 0.0372432
