332
153
368
116
209
121
41
370
171
251
205
298
360
331
404
390
142
46
406
92
77
58
226
56
424
383
208
263
122
486
94
324
334
72
5
490
16
359
360
101
354
479
436
90
65
94
574
305
27
469
324
135
404
34
46
251
129
251
543
152
416
108
103
71
200
518
165
261
238
183
411
146
399
86
232
222
186
433
126
348
119
231
322
485
244
464
314
136
304
541
508
227
36
209
204
135
555
471
386
52
341
135
137
521
122
17
384
156
2
286
346
370
194
271
251
458
42
97
133
13
315
166
326
335
257
16
282
110
139
316
229
358
244
348
13
443
68
12
352
550
545
451
350
515
173
153
495
222
230
402
231
478
163
388
559
70
50
107
495
402
328
364
6
367
191
90
70
194
286
394
187
124
9
335
55
442
126
17
105
431
164
387
505
105
316
375
55
114
536
94
318
335
512
7
147
349
205
329
181
62
90
260
357
365
478
207
69
384
225
267
7
335
38
196
335
568
377
363
94
191
173
541
308
0
106
483
529
391
51
157
82
445
137
493
325
163
31
215
108
524
436
29
308
38
9
22
387
495
392
477
141
348
271
554
256
38
23
303
215
199
88
63
390
59
257
394
465
205
344
348
242
451
56
323
223
554
569
250
341
163
313
490
416
292
318
316
378
227
302
497
205
241
136
390
58
231
111
258
541
227
325
131
248
360
246
228
552
430
403
223
230
272
300
552
541
238
559
21
565
236
111
337
281
380
258
173
569
499
216
192
25
162
316
433
355
0
5
388
372
483
73
74
166
203
226
428
527
562
391
192
337
299
187
499
200
0
207
270
446
236
453
85
35
385
292
161
231
428
542
418
104
558
205
158
378
319
225
2
62
387
496
513
497
36
346
262
212
196
237
445
459
10
358
196
264
335
415
227
363
367
205
123
109
132
415
397
314
324
424
49
339
248
242
225
504
141
500
221
257
353
363
175
509
398
195
433
481
555
403
290
233
250
223
134
259
548
456
232
193
158
258
47
233
280
452
117
437
4
491
288
113
16
331
105
252
424
242
267
270
446
281
314
208
273
74
294
551
16
273
128
320
221
418
118
558
199
394
390
456
483
59
196
496
47
322
447
29
506
77
486
348
488
339
566
302
528
142
455
204
453
62
548
233
143
487
197
305
542
331
76
532
169
551
430
540
517
186
487
351
99
453
62
420
328
177
40
16
443
21
567
543
46
146
83
519
452
302
312
207
572
498
203
193
365
19
312
107
211
296
520
566
451
324
434
76
572
94
329
547
205
328
267
359
292
29
549
227
359
319
385
200
159
123
271
522
111
164
397
221
297
492
387
270
399
251
311
571
169
358
285
507
176
35
256
301
353
90
160
219
298
159
489
215
409
127
85
165
308
475
572
534
294
464
382
536
243
456
237
208
551
195
518
341
209
219
153
78
175
258
113
393
385
416
557
370
164
237
508
116
565
336
336
558
390
170
487
388
480
464
93
557
555
522
299
319
282
130
248
362
341
144
329
339
206
207
358
217
105
155
430
315
203
14
319
190
276
356
139
342
87
71
248
303
423
66
18
170
15
428
233
204
15
115
230
149
188
315
428
244
402
146
256
75
557
308
105
163
431
208
548
522
53
139
356
176
141
238
383
484
445
452
348
220
37
174
518
406
33
315
235
512
94
246
259
488
121
159
121
394
62
498
526
535
219
206
441
219
412
15
40
465
572
116
410
379
559
390
562
396
412
532
198
378
443
111
314
292
153
105
410
115
215
69
375
206
401
475
75
283
537
261
14
150
19
412
369
550
279
23
499
255
297
541
171
550
211
428
448
221
472
246
447
160
247
448
452
313
369
390
105
89
352
109
524
172
199
43
104
541
472
50
361
524
428
274
190
388
249
447
411
136
323
563
321
476
536
431
326
29
133
319
450
103
540
2
541
171
489
54
236
382
402
556
470
562
293
238
409
570
42
170
248
312
4
29
183
154
451
345
16
155
193
121
436
154
321
193
514
63
331
107
230
375
355
245
342
307
361
63
235
350
419
95
59
196
438
200
355
541
301
462
425
234
536
385
507
130
75
224
241
347
478
446
391
575
119
526
152
557
526
301
347
526
14
566
200
391
480
351
14
494
500
502
566
266
96
319
282
198
444
100
243
387
255
394
480
246
396
100
391
385
266
556
281
561
388
532
405
376
243
237
119
95
508
536
291
389
174
348
545
237
512
575
348
272
351
161
508
521
420
201
82
235
566
348
87
11
553
478
438
369
421
343
7
200
356
283
478
71
115
114
132
515
216
423
378
532
202
438
201
30
501
320
31
66
203
209
423
172
378
7
349
169
438
25
248
482
125
49
554
423
559
31
476
285
438
228
122
63
27
167
208
82
552
299
354
156
37
81
108
229
381
326
63
114
540
316
345
307
6
486
102
88
551
403
305
479
342
87
479
517
488
11
176
173
63
303
517
157
162
400
399
413
245
235
194
18
153
559
538
97
455
307
10
200
242
441
488
181
570
199
300
403
291
476
418
90
94
203
325
70
516
317
285
518
300
528
227
121
459
285
165
124
557
206
457
197
185
364
127
25
316
450
17
189
57
441
65
446
280
551
52
362
468
268
540
164
469
220
389
78
563
160
359
342
465
326
114
371
184
479
285
69
535
526
268
464
431
88
408
381
49
342
127
195
254
208
33
202
228
427
32
362
184
4
135
16
12
100
25
510
112
166
41
563
342
270
376
254
149
444
474
93
564
165
203
227
350
513
219
399
56
299
434
289
465
184
148
206
6
247
8
168
394
131
26
473
237
359
277
96
203
524
293
133
427
405
461
453
124
303
524
157
333
165
551
87
303
33
136
90
469
262
246
525
359
456
525
265
14
192
127
126
395
542
365
149
494
58
457
46
362
209
242
281
213
491
76
246
428
75
564
357
485
557
92
85
160
501
484
101
101
542
555
49
153
341
262
156
98
193
58
120
476
45
553
56
271
325
537
294
105
224
27
208
312
216
519
471
86
247
510
135
284
161
128
288
68
284
85
126
344
153
510
58
218
74
130
337
51
313
390
44
72
447
247
485
108
465
250
424
121
101
488
236
449
199
227
548
46
434
383
472
545
347
22
499
9
54
405
261
523
332
428
543
513
353
432
94
428
492
67
566
229
527
461
280
121
435
193
159
145
46
205
77
411
261
481
523
219
380
313
145
124
466
263
137
331
104
228
563
395
1
561
333
41
130
143
536
166
65
310
348
378
332
210
481
442
480
181
197
272
534
257
289
313
175
79
276
426
143
250
126
504
527
447
121
139
338
221
284
547
35
364
567
161
312
68
35
270
88
217
44
9
447
458
488
284
527
15
316
42
3
184
451
462
33
236
252
166
226
174
101
338
213
49
365
115
547
195
548
454
325
397
93
42
195
509
575
144
157
555
457
96
464
15
432
78
490
156
366
509
117
283
349
393
180
159
295
133
562
567
499
244
422
388
93
184
507
179
115
507
62
9
206
427
367
378
528
366
556
159
107
386
87
305
214
292
521
562
345
474
544
301
240
169
332
432
321
45
504
340
403
442
240
279
428
228
17
221
93
297
146
197
311
87
394
395
347
509
128
280
168
24
266
192
484
25
248
116
489
467
180
494
158
269
399
514
404
37
74
292
303
229
303
187
416
464
302
527
565
248
474
59
253
107
19
432
354
442
205
159
60
354
119
494
44
221
544
30
408
217
28
293
249
66
372
50
298
473
32
248
207
19
400
289
329
446
156
467
202
59
423
407
212
107
202
210
116
519
144
3
400
519
14
193
70
183
393
80
141
69
504
34
403
552
517
125
369
286
541
368
26
131
94
336
544
473
3
508
25
368
237
503
515
483
72
464
125
9
400
136
258
429
438
409
199
168
125
469
184
119
307
177
474
194
331
422
69
541
565
43
527
236
101
468
136
201
266
174
175
88
3
31
353
495
418
51
293
309
220
92
205
575
424
94
96
244
49
405
15
267
154
31
465
110
321
75
542
156
487
179
5
168
21
86
247
541
19
342
49
564
248
360
116
478
352
96
393
31
341
16
411
201
304
424
3
551
25
87
483
232
68
129
305
464
519
179
165
340
11
139
539
212
385
6
139
429
62
94
422
201
216
527
75
424
408
31
113
559
129
53
21
39
490
480
519
369
241
272
80
266
154
334
320
273
509
118
146
284
406
475
0
9
249
136
88
551
380
38
420
185
495
64
64
422
126
499
285
17
88
78
63
480
110
41
117
117
47
0
351
149
168
520
557
393
428
416
348
130
251
58
17
309
541
183
325
58
19
468
393
342
284
449
176
492
231
298
347
361
504
300
379
556
489
210
116
503
145
86
333
505
457
478
118
28
358
229
388
246
505
372
78
31
438
53
151
12
61
574
104
339
521
210
297
171
363
221
422
53
25
54
180
450
393
334
339
575
56
66
404
185
86
494
20
550
178
463
264
244
78
386
325
363
458
24
550
461
416
396
571
500
52
495
56
39
31
97
322
295
69
190
405
154
486
488
204
97
418
258
61
186
407
354
303
435
129
399
548
398
497
7
60
49
435
477
374
440
327
548
70
250
520
529
327
488
542
550
264
194
255
185
516
145
557
209
278
203
45
12
445
280
141
348
223
390
235
203
430
446
532
497
189
475
444
127
550
269
33
566
269
522
210
104
152
66
563
403
97
562
225
396
336
47
252
397
332
222
231
358
573
449
75
484
203
398
532
49
297
186
552
509
489
365
487
310
470
371
54
528
39
26
97
174
77
569
347
458
520
488
106
58
181
351
476
378
203
322
9
552
518
434
40
186
533
446
533
69
189
276
220
285
366
36
278
40
93
189
521
23
10
191
13
100
325
64
150
72
132
575
500
365
563
218
528
196
118
418
412
1
523
62
80
58
569
54
437
408
28
178
432
367
378
503
84
21
89
33
410
142
160
103
41
255
252
110
283
17
33
82
41
156
65
242
475
477
130
226
144
272
418
58
46
297
307
458
389
148
400
205
347
149
145
445
458
389
69
232
574
492
431
279
487
41
34
39
13
34
525
173
223
213
374
13
473
517
440
106
446
446
406
108
357
360
420
221
508
386
315
389
304
307
242
54
265
542
414
439
100
353
482
377
401
456
499
240
3
35
502
181
65
173
65
426
552
215
456
520
24
412
182
287
108
140
156
137
399
336
298
271
181
530
108
217
210
55
437
314
85
173
206
358
87
156
374
247
128
94
92
43
2
386
297
121
106
389
307
476
488
227
298
424
354
556
485
239
350
235
90
573
496
364
426
84
310
172
407
350
389
363
25
436
565
190
180
334
405
99
257
476
74
436
128
144
304
180
337
110
62
436
94
90
189
214
264
39
19
542
436
393
353
309
567
332
173
452
75
214
245
367
538
146
325
289
314
31
342
96
352
508
522
302
227
286
94
18
502
183
72
145
300
7
496
18
566
437
523
445
505
523
2
148
563
219
533
308
79
51
310
322
396
473
515
205
12
37
111
523
234
314
354
362
211
305
272
163
243
414
353
536
470
485
352
206
260
161
327
238
513
226
35
521
22
326
414
245
357
287
437
55
251
183
364
404
377
230
263
10
316
1
133
311
167
206
537
551
158
48
471
460
43
359
257
342
322
329
430
186
320
430
359
400
257
65
223
59
539
490
298
35
139
550
481
298
19
47
313
226
138
12
70
257
467
547
485
251
287
253
195
47
168
194
463
311
225
320
424
85
45
56
521
552
358
318
370
540
367
302
310
504
85
555
565
200
547
65
414
39
439
156
221
235
82
27
18
456
58
368
18
463
295
211
556
197
85
18
493
114
423
335
40
290
144
325
67
302
282
364
571
258
130
333
563
425
246
271
5
534
521
377
354
63
290
13
76
132
537
210
432
509
459
440
131
299
256
247
182
325
332
496
458
132
564
475
532
457
263
485
354
247
564
211
265
65
243
29
148
308
209
414
50
476
443
49
516
10
309
460
56
494
171
394
520
5
12
570
34
175
373
86
76
185
386
127
477
259
59
140
209
213
464
434
69
245
439
348
472
456
113
461
415
555
566
149
20
389
13
95
246
476
110
163
189
196
31
276
368
260
225
262
398
316
160
263
364
39
219
140
410
162
219
559
368
402
406
393
291
140
76
186
319
238
392
56
174
179
438
115
488
361
434
492
370
281
416
70
291
364
492
258
402
235
263
439
88
219
533
219
431
89
2
388
503
405
165
165
168
397
262
567
64
397
120
105
259
378
44
421
329
89
198
434
441
242
151
392
129
438
167
172
431
212
95
360
510
563
143
292
374
56
83
185
342
540
69
59
34
195
70
331
407
271
57
413
402
332
448
246
422
239
202
334
15
423
355
31
2
513
322
469
210
152
135
162
316
63
261
524
313
223
57
418
338
413
139
106
59
31
555
285
149
338
485
540
256
558
364
564
273
410
569
339
320
343
186
479
22
59
516
180
147
127
22
70
181
61
229
181
383
513
478
98
539
72
364
228
500
121
199
407
293
16
408
171
43
474
247
529
480
408
314
447
0
129
171
365
120
437
153
354
351
291
304
339
66
3
532
47
483
8
184
174
205
221
19
160
78
423
161
170
228
392
108
572
95
524
166
356
499
233
205
223
40
92
182
51
12
164
479
133
285
485
537
214
252
350
574
564
362
359
23
42
86
377
0
347
172
460
242
461
271
154
161
172
63
450
11
524
108
282
230
214
139
303
403
239
15
238
527
168
110
292
32
366
433
347
290
143
537
302
23
44
358
140
32
116
557
375
508
52
96
368
559
265
282
525
30
31
206
403
189
172
48
320
95
563
301
403
328
114
456
297
191
303
131
272
504
568
550
377
575
106
555
537
95
135
403
529
423
369
32
156
25
446
106
416
13
227
437
244
473
419
437
152
542
271
35
395
133
407
397
292
230
397
524
468
60
516
467
296
320
138
346
411
427
334
186
442
256
388
435
1
411
137
69
441
72
4
493
490
537
157
157
254
391
24
223
12
161
79
129
170
489
388
278
229
371
308
494
327
332
347
269
34
423
1
129
336
307
71
469
399
236
241
206
562
169
374
72
87
409
371
275
447
341
55
108
535
521
363
341
240
11
18
187
103
129
311
568
66
73
256
197
414
503
502
430
450
494
224
58
149
165
84
292
443
425
165
20
88
458
188
54
193
385
99
316
137
392
153
136
540
501
34
368
311
3
422
128
414
195
198
457
492
200
289
273
108
503
481
104
203
120
169
185
279
236
334
469
135
297
221
94
193
57
472
130
298
472
357
380
423
305
200
454
383
58
524
4
242
274
575
342
336
387
424
88
213
5
138
485
231
547
157
170
452
371
312
188
488
139
127
418
568
392
324
498
87
319
371
77
480
302
452
314
38
289
9
236
474
452
15
265
447
204
414
190
81
572
280
63
568
12
202
367
280
307
236
186
258
280
325
405
399
554
308
34
147
151
195
358
95
99
128
544
39
301
300
442
167
223
99
573
555
228
215
338
568
529
377
330
29
454
132
13
324
103
427
258
315
568
533
557
73
459
300
241
274
29
174
72
377
467
341
204
563
118
533
155
197
529
330
306
431
95
205
6
282
77
254
241
194
354
298
572
495
39
540
418
382
134
508
300
426
190
193
74
118
31
85
253
341
13
244
280
259
122
36
232
104
279
36
196
10
536
528
210
348
4
459
557
210
520
417
166
194
184
82
110
422
297
396
296
212
154
502
143
64
341
384
366
365
465
17
551
329
208
194
218
253
49
365
572
270
307
107
100
97
339
41
193
85
521
166
561
417
571
285
522
426
350
97
349
238
385
480
141
121
293
56
289
339
349
295
437
178
68
393
82
502
18
14
490
12
339
325
170
312
8
551
94
544
63
436
284
284
200
414
263
193
57
12
306
554
549
407
367
333
178
370
101
74
262
18
114
568
267
86
349
329
327
517
464
290
14
240
540
217
251
401
549
201
490
271
367
368
269
271
485
239
502
314
295
521
477
77
159
76
319
172
386
312
407
285
248
287
231
97
189
194
32
481
358
320
456
547
460
190
316
118
237
33
271
490
385
490
393
334
517
38
452
549
175
340
119
373
318
44
325
506
548
429
88
77
183
161
483
41
290
104
60
466
549
540
340
289
517
174
504
267
246
338
75
520
151
222
471
115
225
326
487
241
99
215
553
367
206
146
148
12
143
21
393
189
557
230
429
522
78
270
222
22
334
20
471
499
387
294
426
393
167
202
147
168
156
13
545
202
393
414
266
548
406
542
33
158
172
148
326
283
545
233
436
90
177
442
417
205
520
233
127
476
401
521
188
292
167
323
98
470
178
273
374
227
332
304
469
515
93
480
350
147
277
148
524
134
16
514
26
378
80
347
119
143
364
75
452
90
313
248
287
481
26
298
401
469
169
468
441
472
382
396
103
91
32
471
304
563
56
205
69
296
324
56
292
17
445
515
108
184
222
539
202
127
338
521
320
382
148
51
41
574
331
123
294
442
64
250
294
481
378
26
64
364
168
319
275
293
66
0
2
89
542
412
117
131
77
284
266
121
115
545
522
102
119
5
545
383
169
268
91
544
394
351
242
200
226
205
225
365
164
4
345
111
550
292
541
374
217
452
63
39
411
546
111
328
311
547
374
420
376
317
311
279
272
394
347
192
39
408
514
77
144
307
300
507
470
69
91
161
118
439
41
153
489
23
513
451
313
383
273
501
465
559
396
527
211
242
559
153
335
209
191
488
405
151
201
242
395
14
342
325
384
392
192
430
390
146
105
526
22
10
276
394
530
33
307
439
326
341
107
542
120
380
358
202
473
325
277
454
451
272
527
379
150
297
538
523
105
499
155
481
532
511
304
189
305
486
297
330
206
307
214
87
357
97
162
450
481
472
96
165
432
556
257
432
226
197
387
458
273
253
62
29
516
42
408
115
14
339
28
549
180
272
41
544
91
234
309
91
306
223
380
382
568
420
237
193
273
408
377
541
349
225
252
289
300
543
341
19
1
107
551
418
491
440
268
364
490
380
83
501
325
247
162
460
571
107
418
229
166
328
19
517
216
107
127
26
480
62
235
305
571
339
520
217
562
387
35
168
146
323
321
144
224
39
336
121
376
401
343
494
235
475
169
185
243
221
57
178
366
325
33
64
159
292
333
274
496
552
522
182
45
257
15
179
113
8
344
455
66
23
179
80
497
399
371
376
323
322
429
487
289
289
551
436
189
179
300
120
487
136
124
102
367
444
335
82
117
130
192
250
84
536
568
514
17
321
151
414
188
568
45
306
515
536
521
457
462
82
78
6
73
277
342
168
234
20
560
405
339
472
214
144
179
560
338
144
277
545
544
469
478
497
1
502
541
84
387
232
431
171
549
452
193
137
457
154
86
57
166
330
397
366
354
307
433
466
51
347
304
356
402
547
131
514
57
541
17
39
276
248
140
73
131
229
2
39
504
132
275
94
48
86
273
574
35
189
64
464
239
228
304
145
19
573
102
304
155
86
439
497
113
197
307
279
249
553
500
439
526
381
145
61
501
21
90
423
465
566
273
15
544
151
440
20
470
15
370
367
89
281
566
16
213
344
281
219
236
456
370
132
541
290
411
321
563
20
456
155
331
86
331
93
407
428
465
14
264
78
168
117
513
78
290
147
478
533
521
377
77
212
146
550
223
41
404
556
59
75
311
349
244
562
385
367
234
93
528
290
240
182
296
460
298
122
350
216
133
356
493
345
23
575
491
173
563
486
33
467
479
504
33
182
564
276
23
412
354
258
169
135
75
469
506
235
410
35
133
208
566
100
127
428
4
86
293
145
304
296
179
57
264
53
83
161
101
159
513
64
478
492
71
64
484
515
387
411
347
549
407
12
166
122
420
540
419
145
49
169
111
384
291
464
367
71
417
222
0
245
263
12
48
492
301
356
126
133
224
420
382
181
147
245
184
339
147
121
267
453
48
533
138
108
129
51
227
107
463
575
353
39
293
65
564
263
202
443
540
248
101
418
169
102
457
394
449
236
479
406
376
316
558
315
431
311
51
188
276
127
161
412
470
296
199
58
422
33
411
135
397
93
473
186
245
357
339
20
347
6
387
47
285
250
248
375
312
196
407
489
434
225
276
4
350
513
466
120
422
432
245
215
222
513
458
30
232
394
58
26
324
530
360
359
513
428
482
131
317
223
512
229
140
315
81
299
26
64
343
92
426
430
326
115
176
82
378
176
215
260
483
281
424
16
350
219
8
359
288
17
442
348
295
260
127
356
142
376
271
249
400
277
82
291
202
218
412
248
18
478
105
481
286
370
131
201
19
65
64
418
68
126
232
191
322
471
329
102
117
55
384
289
42
464
529
533
471
308
117
514
503
157
17
175
426
342
6
210
263
201
70
516
179
26
19
195
336
408
202
527
135
473
493
362
307
431
530
224
161
561
174
276
225
276
546
360
401
128
323
441
431
322
295
454
527
282
309
439
454
456
1
302
396
260
480
468
380
506
252
278
436
436
61
454
518
339
152
271
120
218
428
479
86
490
48
192
428
389
437
402
344
166
71
140
520
128
61
39
269
219
421
375
224
505
74
467
402
151
60
186
120
151
112
334
304
497
311
51
85
342
547
375
461
521
419
292
92
58
325
451
346
178
506
30
366
521
197
128
508
544
232
117
29
395
11
131
312
267
464
268
137
252
45
157
180
102
444
513
456
365
151
54
529
176
237
554
302
376
565
39
225
148
2
225
174
143
257
472
503
26
172
365
466
562
362
94
400
559
298
370
410
389
326
512
410
227
172
531
101
324
225
463
344
425
559
151
91
346
271
114
438
154
564
272
509
30
315
180
386
297
379
36
272
83
346
325
13
286
142
256
382
548
337
309
61
211
320
512
451
139
263
238
26
570
61
336
447
54
233
2
460
193
235
357
244
364
41
442
289
104
393
315
256
85
12
411
499
315
530
217
510
265
175
469
60
241
433
197
49
289
505
563
569
107
108
341
469
187
2
184
137
147
203
144
567
542
7
93
222
135
354
400
410
562
135
274
191
142
140
188
397
1
429
273
322
364
530
51
377
313
273
147
186
52
187
162
525
240
574
530
227
27
440
126
342
452
535
566
237
349
66
183
279
346
370
108
170
104
4
391
561
569
552
292
64
417
48
569
329
76
469
308
397
406
141
455
291
163
249
101
6
505
34
236
7
395
318
485
92
375
282
196
373
354
301
406
80
321
340
201
348
210
120
533
235
248
1
73
82
167
485
240
388
345
378
145
518
452
377
255
385
566
267
533
382
136
394
49
424
44
252
111
377
528
226
320
410
427
452
405
32
375
461
84
48
521
171
311
112
34
396
551
497
52
119
134
241
80
14
339
370
550
203
141
546
552
109
496
478
566
44
69
398
396
416
402
111
273
105
165
78
129
71
490
82
397
450
254
232
11
536
143
54
48
434
74
127
116
5
505
370
557
568
537
529
309
574
461
298
465
465
136
398
48
450
48
291
477
82
566
557
309
369
341
342
553
219
102
568
479
129
63
505
319
358
251
105
527
327
6
436
575
175
155
63
5
66
502
177
68
371
455
56
179
424
78
76
207
569
486
474
312
234
84
151
515
119
543
174
437
453
465
278
372
480
461
301
474
437
36
338
345
413
421
349
225
17
343
55
453
331
488
393
195
394
442
84
226
460
26
30
525
489
10
423
43
52
62
486
90
127
567
57
403
433
114
410
181
21
362
359
129
158
325
48
163
503
62
15
289
102
353
107
474
56
479
84
367
82
431
304
142
281
242
90
394
504
400
369
5
337
2
410
83
428
2
62
345
301
447
482
253
218
490
310
532
90
299
286
367
41
459
241
526
178
253
445
452
270
64
448
376
390
225
498
433
230
119
84
513
444
20
331
566
150
297
218
329
378
419
435
114
101
268
10
105
566
224
62
329
444
97
276
124
105
428
112
96
427
218
476
418
334
181
84
146
349
121
389
219
259
489
560
63
106
312
331
48
527
515
223
269
558
303
314
355
498
117
267
296
100
77
503
271
123
64
306
406
160
56
93
559
254
252
415
302
163
153
367
104
208
369
319
528
151
86
412
285
277
34
314
541
463
277
272
317
302
548
51
102
72
491
376
126
426
346
433
517
388
335
555
203
481
93
197
546
160
41
102
523
219
73
479
425
175
67
285
288
154
219
515
35
340
170
374
443
572
276
210
364
310
320
215
309
85
527
344
400
154
474
480
337
325
163
406
410
208
327
97
477
155
477
283
394
406
457
186
255
73
290
571
121
210
26
395
489
391
190
144
525
236
294
162
486
290
383
474
567
278
417
367
437
139
201
338
520
4
126
415
128
283
141
56
71
340
18
129
93
567
294
136
561
520
406
85
409
399
487
24
112
49
183
71
346
112
317
526
228
349
96
264
91
338
130
357
240
137
525
451
402
316
153
265
331
232
298
121
253
565
269
568
24
94
189
13
142
95
340
38
367
393
18
526
425
5
91
119
327
164
190
174
208
124
369
524
150
506
319
85
146
22
108
52
219
470
279
84
205
286
154
571
330
546
146
458
530
396
391
4
76
549
119
440
106
195
241
205
89
455
367
292
329
73
553
369
174
155
225
115
291
421
322
450
300
470
523
89
226
526
208
226
327
218
495
395
112
428
8
566
523
409
363
406
8
345
207
196
339
561
366
109
445
128
150
39
37
385
56
105
343
318
205
355
478
380
568
208
13
28
196
22
164
544
565
408
395
163
425
49
172
124
474
241
161
179
214
130
137
162
396
123
243
355
456
142
112
161
278
127
239
81
278
83
205
405
424
277
80
59
432
409
301
351
389
409
250
45
23
468
4
517
15
95
524
336
454
508
468
498
4
516
525
327
228
284
117
295
81
416
139
252
350
261
497
389
362
430
394
398
156
448
447
303
211
146
362
479
367
295
422
506
204
299
430
349
518
556
563
487
258
376
338
262
330
568
130
517
81
285
35
200
362
456
527
308
406
314
232
400
139
516
113
518
393
227
111
183
23
43
495
59
105
178
429
380
44
242
410
302
422
418
563
516
405
87
449
497
567
412
307
187
488
396
382
46
204
341
51
477
356
414
469
70
565
465
551
344
403
199
565
61
420
510
336
89
82
405
476
36
255
496
453
48
184
124
483
134
195
413
401
417
11
189
361
484
384
562
105
488
130
293
117
314
238
420
107
421
309
495
211
151
317
49
460
466
141
196
471
35
407
99
487
423
307
91
499
380
500
73
344
403
499
15
82
65
151
258
165
72
254
558
242
485
129
13
171
282
561
413
62
85
242
139
62
223
35
176
567
302
146
567
575
398
194
442
18
259
141
291
567
305
299
234
122
449
216
197
543
466
405
393
76
51
316
327
388
104
274
91
497
509
536
402
183
86
275
413
367
388
82
206
251
124
472
513
8
281
457
370
395
98
564
118
284
408
457
311
554
367
192
412
92
77
500
438
138
439
93
169
148
442
19
138
216
203
271
155
432
196
404
274
487
408
329
58
183
157
50
488
513
143
452
231
158
185
480
482
321
82
540
537
231
263
540
234
510
382
434
295
44
378
495
146
51
415
102
567
156
236
325
6
536
525
57
556
51
121
498
334
289
449
284
119
487
364
464
261
230
76
410
392
60
452
425
201
396
549
177
209
540
74
442
201
526
368
331
480
359
69
256
360
371
76
96
456
25
136
66
84
284
311
206
304
284
315
502
118
334
482
197
325
313
113
146
539
515
176
375
94
357
312
76
321
235
397
128
482
119
502
140
536
164
300
383
295
453
476
563
258
424
562
507
507
230
485
183
69
474
549
304
99
37
95
398
462
197
553
16
68
546
124
26
152
481
17
7
400
507
553
36
183
327
58
569
292
111
519
543
387
310
279
231
379
431
389
142
474
117
166
474
281
246
448
562
485
465
382
563
172
268
515
573
93
486
157
355
449
514
25
277
41
175
366
320
265
565
447
240
568
333
63
527
171
216
118
206
446
497
21
381
465
360
545
84
240
168
118
453
232
565
242
61
175
49
514
328
74
553
350
77
175
546
297
295
399
238
412
290
108
41
180
303
182
506
224
530
529
171
130
410
1
384
453
396
83
25
308
382
261
219
355
515
410
167
102
545
95
569
391
36
400
295
279
110
18
544
142
70
315
559
496
534
561
339
18
67
283
305
378
378
308
285
181
284
105
29
7
17
158
46
510
89
551
143
30
220
78
220
117
12
133
303
372
308
492
27
181
170
6
170
388
290
479
172
488
371
422
271
78
259
513
97
173
46
537
163
56
277
77
159
41
92
291
388
438
438
227
347
155
50
23
89
526
539
332
137
280
481
164
225
528
188
555
325
246
350
544
508
476
157
368
70
483
77
288
558
117
127
556
73
401
369
73
208
437
132
260
419
374
30
274
251
225
155
546
267
150
464
326
328
56
295
221
23
340
230
292
123
251
273
234
184
129
436
292
69
408
312
539
58
112
182
419
503
117
332
226
278
75
340
139
19
5
546
0
419
73
194
221
117
78
260
391
76
104
128
218
173
319
494
301
141
312
530
483
62
140
515
359
448
191
409
468
405
210
166
500
96
441
230
67
230
482
415
387
430
379
5
267
198
572
198
123
250
318
405
559
415
142
327
204
269
557
312
64
319
517
13
170
134
391
23
334
389
62
388
506
288
75
415
286
436
329
461
424
19
530
28
235
382
319
419
147
9
518
554
523
351
231
480
482
382
478
423
313
572
294
123
258
115
439
504
514
311
177
340
538
45
572
127
464
140
123
338
531
487
61
260
159
170
213
26
428
63
280
280
195
518
502
376
531
439
126
523
554
415
545
245
50
359
214
518
381
334
123
461
152
117
426
495
480
11
101
519
123
26
302
572
506
522
344
133
18
233
100
331
519
495
144
455
422
502
477
484
214
130
165
343
23
260
315
237
506
128
350
35
322
355
261
541
409
421
466
150
443
424
410
28
179
214
495
291
37
110
17
353
56
319
420
133
338
79
438
110
63
149
340
459
88
367
241
362
112
169
161
433
116
422
430
114
192
292
86
544
84
442
371
287
164
184
94
237
448
477
455
416
213
125
486
78
287
337
279
448
340
125
541
375
549
141
279
267
425
278
296
470
422
96
300
305
221
276
97
286
490
83
231
227
213
296
440
331
71
393
31
461
223
359
159
543
452
136
318
66
5
124
16
378
376
560
358
459
258
134
231
361
415
112
91
168
552
518
311
113
218
237
530
237
291
44
393
296
359
312
518
210
56
324
118
415
319
319
462
217
399
314
493
296
305
529
376
27
9
433
266
314
247
117
566
491
34
489
340
213
383
94
56
486
25
186
152
184
446
392
371
239
277
223
242
272
80
266
144
550
396
210
340
285
399
561
163
47
405
91
47
430
266
426
341
134
223
499
567
149
71
29
78
221
539
542
29
520
50
224
474
159
47
304
83
158
159
494
9
130
184
3
58
542
137
71
56
569
201
432
510
255
410
102
82
566
361
145
53
90
111
63
424
158
237
514
123
278
302
90
499
424
217
410
522
213
109
80
80
574
215
327
373
466
414
266
556
380
200
40
402
135
381
119
312
135
305
132
256
89
230
315
488
429
261
61
335
457
286
65
404
335
535
237
392
44
362
489
177
331
241
30
517
168
58
519
292
109
540
53
371
129
177
228
428
25
533
370
222
82
544
75
460
508
40
414
405
555
228
299
535
131
203
448
420
355
80
459
384
16
544
568
185
340
132
415
509
199
132
230
167
332
457
310
537
484
58
507
437
242
26
166
496
367
558
489
535
329
506
96
273
169
430
48
555
286
544
279
493
283
540
423
368
221
561
403
428
433
393
80
520
89
296
388
53
111
467
204
493
335
166
30
140
415
18
525
10
300
407
42
347
71
235
493
384
334
460
364
345
568
160
157
126
79
131
293
53
105
324
46
370
174
291
69
534
245
76
266
191
55
143
143
362
302
132
488
272
525
174
360
262
364
449
399
435
556
212
546
292
420
340
450
127
348
290
359
440
477
12
574
176
23
194
212
131
545
476
42
108
168
232
237
78
523
296
567
353
532
350
325
85
11
427
122
190
424
281
407
500
205
56
273
340
357
432
121
176
162
536
296
0
101
341
84
334
417
390
281
483
516
537
548
347
322
408
336
176
287
59
329
2
101
336
347
377
205
111
403
80
9
315
307
209
237
82
542
277
59
76
10
78
288
524
127
113
491
415
84
43
294
562
525
415
260
124
176
168
563
11
341
128
50
555
230
542
231
107
564
489
175
151
48
555
141
509
186
39
73
477
278
23
349
178
449
50
73
125
148
538
278
57
507
390
295
295
424
509
457
477
522
81
496
509
507
20
107
574
528
23
143
259
278
392
574
66
92
63
566
418
357
95
376
364
267
287
449
382
359
364
566
440
105
204
450
360
178
526
320
19
174
240
191
322
73
382
349
460
173
330
290
43
310
334
474
26
511
81
571
5
542
116
280
460
491
241
483
167
408
87
427
230
180
395
75
420
389
199
124
399
475
378
47
546
395
518
152
524
403
336
69
346
359
278
328
395
1
161
290
27
541
530
564
162
526
432
43
85
501
488
487
156
368
244
476
400
0
535
217
563
511
117
358
345
27
307
487
23
437
464
513
386
182
53
334
32
90
27
445
364
64
458
259
540
328
374
2
48
265
8
179
564
354
245
470
267
517
494
374
467
506
113
191
561
498
32
5
181
553
48
186
403
417
241
547
51
384
573
274
547
412
157
304
279
393
175
461
413
411
553
24
446
481
136
393
220
179
51
264
4
507
430
349
298
414
374
513
386
386
279
102
467
160
239
357
428
104
89
308
345
201
19
555
457
91
441
70
393
244
59
381
327
191
361
402
198
575
304
223
504
525
493
47
533
438
361
73
282
224
244
246
357
246
264
24
359
438
387
178
202
145
47
11
223
538
514
2
57
534
304
286
223
177
87
276
16
147
532
104
478
399
119
563
134
575
563
183
103
87
120
360
560
219
531
270
313
171
556
59
223
277
38
402
428
522
432
364
76
304
25
22
195
314
380
367
571
510
81
223
1
449
290
41
180
510
462
299
445
504
460
519
111
519
178
399
317
289
144
276
476
484
222
223
479
212
287
426
392
24
50
391
28
138
352
27
322
27
20
469
117
556
526
449
319
354
96
485
89
522
250
432
359
24
467
12
123
481
308
4
488
454
155
437
564
230
425
212
264
11
178
148
344
263
203
472
145
308
309
209
201
559
160
522
56
452
250
452
103
59
484
278
487
251
310
148
87
18
5
209
258
351
197
429
399
293
353
59
387
301
27
550
63
144
19
89
369
291
85
265
324
394
119
455
291
344
559
452
76
496
81
526
427
306
184
464
218
367
293
185
439
53
96
402
19
24
110
287
398
164
110
400
297
439
145
262
172
101
102
232
68
535
563
472
506
228
299
272
231
557
69
472
187
295
312
495
357
547
545
10
52
385
488
472
153
532
412
575
565
369
96
144
286
370
514
275
15
279
7
197
299
397
243
264
340
509
398
362
353
80
410
5
421
250
97
505
423
78
30
331
233
426
457
277
178
370
350
356
505
353
37
280
454
243
461
403
568
248
501
126
212
416
316
354
267
243
387
262
290
215
142
361
453
546
156
55
545
249
257
69
529
266
208
37
171
427
212
250
418
248
508
405
74
231
288
161
467
418
398
133
171
464
557
323
92
19
501
248
288
173
455
98
170
396
427
288
122
110
85
118
146
67
572
372
7
33
569
39
96
287
235
543
418
560
173
115
501
503
365
50
152
209
328
455
61
517
82
76
287
115
152
414
244
101
495
244
407
48
346
284
539
283
240
211
402
8
120
331
116
1
197
276
492
329
510
195
257
573
201
350
388
517
530
128
39
161
420
290
283
175
183
272
24
232
111
172
92
311
188
134
342
344
499
368
238
55
364
416
368
400
374
300
51
173
181
224
250
262
267
56
269
76
333
500
513
569
271
209
476
124
343
204
518
466
8
530
40
395
124
522
572
297
249
43
513
226
291
575
350
465
345
52
466
311
424
67
447
479
49
171
144
283
333
416
365
103
143
463
1
210
206
397
446
247
210
335
33
36
346
28
502
227
212
243
468
289
190
281
513
279
203
7
175
181
83
488
426
291
548
261
55
227
21
318
400
321
458
245
327
326
143
55
304
1
40
512
404
186
522
203
336
469
514
344
298
143
538
557
158
512
161
247
268
167
303
154
452
73
481
167
502
326
89
427
21
537
339
503
371
421
487
190
538
494
300
532
216
526
44
86
365
347
2
243
332
60
226
271
575
227
310
352
10
463
211
24
377
434
152
243
488
540
405
558
363
139
557
243
562
220
484
160
369
369
567
231
271
264
522
12
326
457
235
163
90
236
173
299
130
518
12
6
431
483
572
357
92
297
300
393
42
247
476
480
526
469
514
297
379
162
453
303
484
242
290
410
367
297
239
390
202
337
259
2
274
425
500
4
108
53
380
58
488
99
309
99
64
547
355
136
64
486
491
480
58
463
249
169
320
509
275
80
497
411
307
140
4
65
216
145
326
37
567
531
227
67
388
71
160
501
451
10
70
259
112
75
520
570
143
289
296
455
529
551
532
265
369
542
249
217
526
437
83
544
196
383
278
40
112
389
75
498
448
18
152
180
110
242
185
185
199
456
179
50
489
259
337
8
107
362
231
447
382
203
213
375
187
411
202
95
76
118
36
41
411
53
309
9
363
490
369
470
181
492
481
255
213
559
27
12
381
312
257
567
103
366
572
53
468
463
202
317
477
399
95
507
371
107
299
566
269
256
214
126
317
473
151
431
567
16
137
250
269
500
79
359
36
299
526
288
332
269
306
457
167
181
320
105
255
205
518
499
509
280
512
166
500
155
91
456
20
506
152
242
440
33
535
308
278
443
438
409
230
511
489
473
103
391
278
31
543
13
410
50
442
166
520
177
556
321
438
306
61
492
206
317
304
202
6
113
126
80
562
31
450
454
369
42
115
84
8
217
308
405
2
309
411
321
319
3
223
214
340
326
345
31
373
268
542
79
173
60
371
152
336
235
129
140
311
504
261
88
126
207
161
528
349
230
42
391
363
461
531
474
410
143
496
526
319
48
431
523
247
251
247
135
6
312
84
390
533
233
386
535
318
63
42
131
48
322
551
23
23
448
291
481
153
110
291
217
52
480
57
207
161
362
353
515
574
239
161
208
318
388
182
135
215
266
241
288
472
421
372
439
287
474
410
224
174
293
352
399
74
326
440
275
171
363
499
421
216
438
215
57
548
171
205
211
391
205
374
574
293
403
214
293
425
316
292
80
518
439
218
76
162
561
35
80
434
28
504
559
235
168
476
568
235
67
61
492
164
492
402
413
504
131
445
367
128
318
15
420
44
19
366
260
0
562
399
44
149
557
386
203
356
187
513
431
76
101
23
419
284
435
351
393
282
481
66
63
558
198
131
146
263
3
394
203
80
333
440
179
126
93
491
456
22
325
174
247
305
108
465
314
315
340
345
46
286
16
316
46
417
394
270
329
207
230
345
566
261
448
299
285
564
239
541
570
231
551
61
322
24
261
32
399
487
382
376
172
474
421
174
532
333
356
197
328
459
217
48
55
569
554
435
26
290
28
322
445
12
458
456
179
0
303
13
167
499
23
75
364
361
58
159
167
308
437
119
164
198
32
346
541
200
241
358
422
152
401
280
402
399
405
186
316
517
509
267
382
422
536
296
563
41
511
6
189
205
487
34
210
70
49
324
424
103
571
429
167
122
325
227
422
38
292
223
263
483
510
305
0
290
448
564
294
334
316
99
215
267
361
98
280
382
366
395
510
167
209
516
434
9
156
226
571
162
277
487
409
134
331
150
110
286
339
546
536
468
234
379
470
243
509
403
382
5
259
344
319
401
399
451
347
77
274
209
154
294
147
50
343
194
38
562
58
110
145
448
173
549
230
268
459
386
186
227
252
438
213
90
59
77
511
20
103
227
219
342
163
156
71
311
493
240
452
394
269
426
116
297
270
509
528
251
476
179
558
245
222
546
426
135
333
541
471
90
571
351
34
410
565
425
532
215
58
32
461
36
340
331
20
344
538
565
365
80
269
446
50
43
20
81
203
188
459
466
574
386
252
223
50
382
187
386
399
458
13
277
366
269
243
25
425
533
100
93
143
171
483
364
127
269
53
45
309
566
46
416
506
64
389
116
38
288
459
506
203
524
55
250
393
478
13
31
497
429
388
466
206
177
434
220
535
532
328
321
501
225
291
31
18
512
471
225
532
284
219
251
332
81
512
325
270
142
516
175
535
237
69
75
166
227
5
355
521
27
116
127
564
68
478
331
435
165
417
284
471
27
321
107
491
180
77
101
392
149
180
451
311
471
36
469
470
362
24
251
114
190
241
536
518
391
567
489
325
356
342
303
493
269
114
546
103
551
235
486
198
126
440
510
269
267
507
453
548
473
178
491
532
79
167
263
551
181
473
0
285
79
129
230
145
79
255
453
466
446
133
399
459
112
566
238
179
369
553
483
126
554
81
47
171
200
425
556
205
420
48
553
156
499
465
20
203
175
298
80
436
461
336
137
84
92
366
477
284
484
283
133
295
483
491
63
377
377
379
303
343
213
134
18
356
336
158
338
413
195
263
92
213
562
3
395
150
34
219
148
41
16
40
157
471
204
416
8
445
217
15
150
303
332
42
156
200
252
176
170
254
352
255
435
413
329
61
250
509
343
445
98
358
42
22
252
110
329
30
63
39
485
382
445
280
388
523
15
283
470
338
107
158
195
484
284
321
116
542
537
148
149
372
471
3
63
284
407
179
403
505
126
74
151
206
408
171
133
312
501
8
508
88
111
343
132
142
71
523
443
286
438
373
17
324
266
383
500
63
508
484
468
371
432
431
367
379
169
430
330
401
141
419
13
365
363
61
384
67
92
79
318
436
435
519
77
268
379
150
539
365
244
67
145
5
297
262
96
130
90
84
332
177
472
306
569
79
344
283
266
103
155
185
411
438
295
325
209
190
97
255
74
544
136
495
389
443
404
566
57
305
127
36
34
159
185
40
481
79
305
371
563
454
91
460
461
417
563
504
424
458
397
272
485
178
265
508
359
536
51
74
422
431
534
144
424
57
51
329
379
408
413
403
162
151
239
319
150
25
272
485
74
405
46
174
107
537
197
438
79
168
7
79
236
134
204
432
226
150
505
462
253
573
296
284
432
33
418
207
18
30
473
377
340
176
231
8
264
176
30
215
24
119
367
37
22
49
533
191
155
32
486
236
400
71
282
216
475
218
518
169
475
343
431
468
61
523
136
511
119
355
267
308
10
257
557
389
478
449
485
153
168
439
535
94
35
4
490
529
97
537
92
261
247
215
225
92
234
34
556
392
506
343
502
319
280
305
179
139
157
433
484
422
350
477
262
539
511
197
473
500
245
171
220
497
204
247
519
30
119
191
111
527
5
461
33
524
488
244
85
172
198
306
473
325
279
32
136
236
557
463
57
63
202
244
496
209
420
432
552
363
360
549
251
330
268
366
350
189
357
532
532
105
408
251
159
283
424
548
290
362
529
474
414
246
132
85
429
346
159
103
96
565
470
280
62
253
131
352
130
473
389
219
542
145
130
520
138
377
249
279
67
418
68
123
119
343
293
241
33
57
532
173
36
283
304
243
398
519
283
311
574
416
520
232
533
250
349
536
437
191
474
383
1
336
349
300
231
433
308
191
49
63
283
365
286
60
323
405
343
342
112
382
1
91
131
266
298
243
123
381
343
170
222
469
255
208
414
114
376
371
534
206
35
537
20
36
47
299
231
357
381
61
358
153
34
372
249
381
350
154
212
572
194
555
208
125
60
130
460
20
335
201
93
64
335
49
125
460
570
50
42
358
31
197
66
444
364
505
252
558
44
184
215
553
415
473
361
266
393
321
256
102
166
174
410
391
278
106
403
282
395
118
305
575
412
391
477
112
23
21
299
290
125
324
44
575
128
455
459
278
382
100
187
64
62
325
403
47
44
367
261
193
312
52
376
372
1
62
76
10
153
212
219
498
30
8
38
368
282
36
558
354
296
12
254
48
212
27
23
453
494
64
256
308
561
99
368
532
539
126
101
106
272
181
479
124
124
8
515
280
188
234
519
29
66
398
248
58
472
478
61
78
333
36
348
176
308
47
182
290
103
14
173
272
207
3
56
191
78
290
330
503
280
3
258
357
16
460
237
67
175
549
324
404
383
470
311
50
479
246
565
9
205
327
187
507
355
490
354
572
234
206
10
343
282
339
410
492
526
257
0
505
245
186
84
452
83
548
269
210
80
383
211
198
150
418
495
42
528
272
523
269
60
508
556
224
213
108
68
525
404
254
261
250
46
68
529
478
117
32
205
68
510
446
16
336
389
201
81
565
258
173
397
312
9
493
415
63
378
302
60
35
10
270
526
215
6
521
279
55
520
262
355
50
266
491
94
352
255
271
153
213
100
294
477
67
71
456
379
556
215
537
58
46
232
81
217
559
507
425
187
479
103
444
269
299
300
501
482
511
60
213
257
368
27
61
19
314
379
256
177
57
32
334
540
388
196
234
416
327
524
156
366
387
108
0
28
499
525
408
193
502
465
440
412
347
92
224
170
519
482
546
535
97
272
294
298
157
535
470
381
225
510
555
412
217
368
61
150
46
27
282
200
369
5
363
352
449
540
449
388
180
324
192
403
164
255
391
77
76
375
265
57
526
200
63
294
127
511
422
452
456
382
412
53
468
55
68
569
213
84
35
27
570
347
355
470
410
496
97
524
214
364
172
477
366
275
108
217
261
502
334
311
557
212
59
77
207
92
5
299
524
152
441
240
200
537
154
524
275
410
190
49
154
85
144
342
123
5
414
172
336
528
375
112
351
262
58
212
7
152
397
271
386
240
544
108
475
219
20
572
112
154
153
215
354
460
407
442
112
411
220
380
361
214
554
103
3
85
508
44
158
258
44
280
570
315
299
437
65
540
240
358
362
505
566
423
323
175
540
19
477
349
310
424
306
205
159
219
154
329
199
250
517
209
199
518
199
170
150
281
11
348
294
248
242
344
219
165
66
217
559
145
554
85
392
379
251
455
293
342
192
326
232
352
26
223
510
46
423
573
178
493
51
300
450
110
205
541
379
169
340
145
564
84
205
280
332
541
482
365
183
284
383
371
346
118
186
283
79
69
554
290
399
494
141
381
519
486
458
451
450
281
83
118
223
91
530
451
472
355
319
284
82
104
158
212
79
372
572
250
121
339
365
81
549
129
339
553
292
228
183
297
124
80
166
408
212
270
182
229
491
539
358
200
559
5
362
476
391
17
137
74
379
177
418
284
344
205
274
465
519
357
162
123
478
8
82
240
301
188
70
71
137
343
477
86
376
219
268
127
58
516
287
222
97
52
46
189
536
350
423
531
549
232
250
363
571
91
8
420
309
434
99
142
352
136
332
557
305
501
2
292
323
346
305
423
2
390
142
306
485
221
270
268
253
52
485
219
565
454
429
283
143
420
236
66
118
322
529
355
555
25
294
213
296
409
560
555
291
283
141
518
571
474
516
377
106
395
33
411
501
72
320
259
120
538
447
518
434
72
237
509
2
501
327
289
288
75
398
423
13
574
57
529
556
556
518
549
147
233
281
502
95
351
324
324
375
327
288
241
281
527
505
224
13
30
145
189
184
9
191
280
224
485
355
136
196
400
339
539
112
454
498
44
122
372
391
348
461
324
216
484
445
212
60
236
106
420
60
177
289
505
196
6
527
69
213
266
391
207
186
257
108
432
335
149
205
186
434
432
162
193
124
347
557
317
287
518
142
87
176
534
534
399
278
270
112
498
380
159
292
229
252
13
116
495
28
522
339
497
467
212
189
322
497
237
332
227
527
452
31
543
385
55
492
374
312
490
192
276
220
131
355
497
94
191
387
36
450
192
326
96
59
209
291
96
572
152
396
477
70
500
528
371
137
19
571
452
222
94
137
444
557
238
332
538
211
121
547
447
146
284
237
284
226
87
75
447
296
17
98
79
393
368
367
378
230
223
223
418
569
125
520
168
166
548
6
126
267
514
504
188
490
391
341
484
347
536
187
412
59
467
265
368
490
355
122
83
478
327
49
513
405
105
526
373
187
518
572
572
447
332
526
60
481
385
488
332
72
427
574
83
359
442
417
479
10
295
222
48
404
223
320
564
26
23
412
224
488
13
254
320
546
75
375
216
286
239
167
220
103
48
104
528
242
390
30
421
199
126
254
197
275
19
23
156
184
267
116
98
305
281
98
481
520
103
525
395
340
517
425
238
344
435
48
197
121
206
483
11
11
429
488
312
445
518
285
445
270
267
536
118
452
167
398
286
379
312
217
520
489
284
480
421
33
65
122
116
555
202
393
197
125
130
421
525
352
344
206
40
224
379
340
271
392
349
421
44
540
54
142
461
430
268
341
118
461
60
456
130
48
93
403
51
517
311
111
504
239
433
468
433
300
255
327
152
263
66
385
138
526
435
430
18
563
500
219
239
412
89
242
431
409
76
452
469
311
319
234
421
389
259
485
258
217
234
535
573
21
198
333
332
168
86
218
393
483
128
71
25
328
13
381
125
60
544
32
406
20
165
491
519
507
559
25
99
421
25
173
406
42
50
227
126
564
546
258
165
343
107
409
518
323
310
44
379
255
273
166
314
420
323
60
135
291
172
307
568
259
429
173
427
447
516
301
273
239
114
292
529
561
438
319
59
399
541
190
538
71
196
284
404
542
255
371
376
71
25
495
53
173
501
170
191
310
483
464
228
416
121
213
93
551
317
34
127
519
131
154
60
59
53
528
182
311
572
114
292
414
477
38
469
151
516
546
140
279
45
459
165
24
74
538
142
429
500
25
476
230
540
416
177
112
252
265
288
473
548
219
296
292
473
333
299
65
109
36
502
431
44
362
79
362
324
186
411
204
226
516
387
438
239
28
522
507
435
85
142
303
460
167
112
343
546
447
395
552
413
99
287
81
402
481
357
9
369
57
129
85
347
11
127
206
198
448
388
263
364
13
537
448
347
181
464
240
120
12
359
479
158
249
229
44
439
236
106
247
450
504
413
491
404
412
132
13
272
138
562
37
3
259
17
282
483
462
536
517
450
464
502
562
132
492
337
435
125
286
118
301
22
87
203
374
263
551
310
347
363
220
539
77
328
76
468
90
165
469
537
165
186
534
487
555
375
436
97
544
287
152
457
336
492
155
31
190
324
359
2
226
426
211
503
480
477
479
145
107
244
126
239
177
563
498
424
385
472
484
479
225
30
52
330
511
27
36
203
175
375
304
227
71
231
186
136
452
500
204
398
530
522
442
346
573
391
404
44
1
448
430
332
295
403
298
197
249
1
376
465
280
560
376
191
497
513
150
346
363
405
532
493
533
419
247
81
387
479
139
343
351
343
272
165
192
181
97
2
317
374
506
137
262
556
288
27
546
178
22
62
400
274
497
159
296
382
546
456
275
528
231
373
301
158
239
258
531
476
112
260
520
207
317
2
11
104
244
201
91
30
207
557
250
399
447
257
193
22
520
369
340
557
51
403
439
251
331
328
460
160
30
306
15
26
553
355
563
351
388
53
298
283
139
309
101
493
572
204
236
324
75
126
238
379
269
287
274
76
524
261
145
143
457
97
235
512
269
560
92
18
184
258
179
345
256
366
26
521
394
102
137
145
492
312
186
15
137
44
320
264
51
480
338
155
447
112
381
235
382
236
301
274
545
45
543
156
107
194
64
219
345
340
271
43
393
261
513
206
16
347
260
426
401
442
212
2
375
69
481
521
279
137
28
462
318
54
285
256
262
334
453
318
101
225
84
557
68
189
449
141
38
343
248
557
377
215
496
143
450
350
347
179
543
316
381
37
407
391
328
143
350
126
480
220
311
340
467
84
227
62
137
571
544
130
541
345
190
393
471
491
492
89
467
123
9
264
430
31
510
383
247
58
266
539
158
68
455
544
420
358
246
555
481
12
479
513
214
511
521
50
463
41
273
267
553
343
2
168
338
425
189
512
41
153
378
194
325
214
76
449
522
338
339
14
130
472
471
393
469
125
204
69
131
101
136
66
246
385
198
427
255
557
107
276
145
341
475
280
156
218
339
572
88
438
233
267
103
452
131
474
427
405
8
39
368
487
367
460
104
177
314
510
120
418
273
437
324
141
52
563
22
422
53
421
483
131
523
31
478
45
219
52
164
390
235
147
458
415
351
432
76
458
520
271
33
375
405
67
529
390
240
501
96
125
41
441
531
356
323
236
540
442
463
438
341
27
534
356
468
294
141
412
188
519
272
168
261
292
417
202
277
436
275
5
96
427
537
98
328
449
523
505
290
154
67
403
202
300
386
493
230
375
464
139
139
223
254
185
277
420
161
169
96
410
123
127
434
538
113
158
201
504
420
363
329
503
209
445
243
157
400
20
273
136
32
490
141
157
396
310
21
412
451
188
470
126
28
37
255
409
107
415
372
146
89
475
358
81
268
194
425
143
458
52
231
474
397
205
334
467
32
172
176
89
221
201
278
343
331
158
400
221
462
519
372
358
297
162
373
117
62
247
162
157
308
111
389
176
362
39
469
458
366
455
546
522
40
484
247
442
526
221
52
312
247
100
242
428
17
277
104
562
141
157
294
33
569
141
100
147
331
31
426
509
86
311
355
376
431
366
511
304
81
266
88
60
117
373
459
72
47
487
463
15
308
454
439
525
148
10
469
361
395
182
470
299
102
324
236
56
210
219
491
106
555
425
489
369
393
560
181
503
548
530
259
335
325
439
507
100
100
489
29
223
80
199
169
244
302
259
207
555
465
142
490
16
136
233
381
461
111
84
519
421
299
159
246
542
5
159
503
268
451
560
306
491
179
530
48
431
30
293
352
479
443
523
401
258
254
78
326
44
372
284
235
177
102
495
78
338
202
571
68
353
78
452
562
381
469
360
240
185
367
188
556
144
457
374
339
388
493
147
391
23
394
27
530
408
236
454
481
31
134
396
341
554
539
213
71
303
389
451
441
43
546
455
449
547
400
37
207
348
246
234
403
374
77
477
22
360
509
255
273
261
237
559
263
314
438
555
425
514
223
104
474
43
375
558
179
115
236
361
364
423
439
379
429
300
464
439
142
104
165
518
529
470
547
245
8
574
8
183
181
144
92
542
288
23
429
320
366
194
184
220
258
495
346
74
111
306
21
539
136
139
495
318
153
43
259
353
302
205
125
0
498
550
511
153
151
184
193
493
339
235
435
33
384
518
259
91
71
220
223
25
23
352
23
239
387
436
205
562
171
45
160
128
244
10
66
373
19
145
49
139
227
296
567
438
34
553
510
255
250
497
104
63
261
284
375
96
512
429
11
291
403
505
425
306
254
15
94
312
306
426
374
36
306
19
319
327
5
59
315
411
566
431
74
459
55
381
288
134
142
75
4
13
284
38
351
126
231
559
333
143
555
306
257
221
448
165
198
562
342
113
93
153
239
460
236
260
561
5
45
288
133
10
304
188
455
462
538
61
472
511
250
1
223
483
304
165
165
575
312
497
382
250
210
136
113
45
484
325
556
530
445
485
54
421
507
42
399
125
232
324
63
267
492
418
393
123
59
170
86
156
343
28
470
394
426
483
558
387
92
397
530
415
248
517
426
66
412
496
429
273
357
54
239
174
406
111
193
440
467
277
481
84
152
146
178
458
397
157
123
181
221
403
256
393
279
571
156
267
482
212
547
109
166
345
248
242
231
215
92
282
570
170
258
302
517
481
360
63
449
14
406
339
561
167
174
344
563
52
387
565
343
357
165
118
183
270
364
127
561
413
16
350
520
93
74
571
568
400
191
468
459
195
131
497
462
461
572
233
258
507
521
439
176
322
396
106
8
84
10
36
212
221
64
10
80
398
460
397
326
290
347
312
447
162
560
354
315
64
70
195
127
188
402
290
433
384
468
382
108
559
79
87
153
139
36
9
203
294
120
308
32
27
559
264
287
541
213
541
508
414
419
227
460
384
575
484
189
273
74
552
344
65
389
568
17
193
377
475
27
12
104
414
100
306
210
46
196
347
88
1
81
143
249
496
360
490
385
96
571
495
572
439
38
241
39
459
20
318
176
122
161
459
176
12
257
456
572
387
66
180
58
257
405
508
132
430
139
438
273
551
81
372
373
509
134
69
166
140
336
288
262
334
378
146
553
132
230
337
413
389
339
245
53
214
556
382
3
400
25
66
79
215
562
127
108
140
74
133
391
95
207
55
446
187
303
135
150
317
83
473
326
523
434
464
151
117
479
367
180
291
104
131
520
120
269
13
439
66
490
270
495
529
552
446
192
54
325
341
541
74
391
32
531
483
56
462
126
122
27
572
492
183
432
55
41
426
191
413
490
64
177
295
332
335
142
285
404
312
423
37
187
98
305
423
230
164
90
15
8
241
48
494
15
253
436
218
210
424
370
27
331
540
542
249
302
497
13
341
475
155
406
541
98
150
302
129
493
473
295
259
555
387
319
510
519
19
131
415
454
250
568
409
555
29
81
337
121
432
453
520
143
135
274
190
513
252
17
325
210
214
142
173
144
145
247
417
32
428
82
386
435
423
489
361
467
315
556
70
313
320
240
552
159
342
462
526
238
420
546
342
185
290
196
393
346
501
466
523
308
140
491
242
415
154
525
361
382
343
375
448
156
221
308
65
93
40
185
95
488
428
312
467
458
133
257
18
191
548
180
534
172
293
240
183
437
138
9
126
143
298
246
59
3
514
421
164
322
372
547
361
48
440
324
514
258
342
312
397
48
464
491
302
477
328
179
259
480
444
528
61
388
552
505
382
75
397
477
16
466
37
219
419
356
549
294
112
556
163
305
556
297
179
328
548
213
575
321
421
143
15
467
327
166
210
163
79
431
254
540
67
191
262
112
380
321
431
429
32
134
555
140
51
59
369
244
325
295
402
540
9
523
525
536
369
496
193
338
118
71
227
96
278
25
481
239
500
350
227
191
74
81
5
295
548
202
30
497
470
56
492
384
15
467
422
8
506
480
277
276
395
535
419
279
124
353
106
287
445
435
161
221
548
302
530
489
16
231
55
432
179
220
278
150
39
181
277
39
243
25
153
79
266
26
116
269
44
127
505
474
475
236
47
145
525
478
87
440
495
61
554
243
105
517
429
516
345
547
143
65
462
354
23
530
416
255
322
277
18
395
292
357
21
91
357
280
351
521
419
206
56
74
469
256
555
217
558
427
393
547
316
87
265
482
453
335
482
205
365
336
376
384
254
85
437
228
305
558
210
538
447
64
507
396
258
322
374
243
279
568
63
1
115
192
462
221
99
288
216
176
445
252
315
10
252
525
456
420
49
47
418
15
91
517
100
566
168
488
72
127
228
70
220
266
561
150
487
488
247
207
552
530
396
23
130
461
339
221
299
127
543
260
156
567
336
351
96
220
51
181
121
360
251
495
375
400
413
72
575
575
268
541
431
255
388
458
87
63
245
382
301
284
29
416
509
552
175
14
545
401
493
325
565
543
514
111
567
565
366
48
382
100
250
45
431
57
271
81
275
446
254
462
319
514
271
131
560
67
500
3
373
251
567
204
21
34
318
299
161
81
313
362
263
209
457
378
30
437
569
88
355
49
349
464
110
78
230
301
87
200
86
290
228
161
184
415
499
369
446
196
17
332
342
421
531
29
262
439
521
3
167
344
94
465
335
339
72
94
326
342
78
142
524
110
326
531
417
430
407
264
392
153
564
187
122
2
373
234
361
389
83
468
289
346
430
195
503
53
496
36
541
436
30
360
35
290
212
280
458
398
427
365
267
345
339
150
528
264
212
444
144
148
273
335
7
15
13
372
112
520
323
157
244
144
97
244
247
405
514
401
22
151
150
422
445
515
328
206
151
415
340
515
551
518
33
6
373
133
353
513
340
204
232
127
465
59
211
383
421
183
405
271
13
150
239
555
102
365
335
545
303
392
419
377
312
187
196
267
55
342
430
326
261
97
494
247
569
176
135
439
124
195
155
517
336
427
322
568
350
118
353
446
55
156
514
533
53
478
461
19
364
8
169
104
499
327
455
279
386
404
151
441
83
452
526
398
20
264
360
520
338
352
509
215
498
369
199
533
419
358
367
130
21
226
325
179
77
235
227
5
516
533
109
327
163
441
521
169
418
479
27
59
568
176
148
544
538
306
39
323
490
61
412
564
145
525
556
493
563
502
27
167
29
75
46
471
236
261
147
222
238
309
29
21
26
179
524
75
21
486
508
179
234
210
152
81
300
260
110
575
409
406
325
182
95
196
454
549
324
389
147
510
348
348
209
430
219
477
376
252
303
359
195
274
82
472
255
102
279
312
319
290
180
410
303
379
474
385
524
79
125
570
141
570
237
52
52
179
129
485
392
351
204
146
145
524
104
454
401
85
403
338
323
474
80
113
49
150
61
508
318
43
33
356
85
21
316
324
193
570
284
292
169
418
386
143
11
152
516
537
12
277
372
421
342
283
401
194
571
570
185
86
513
377
255
226
504
519
211
567
200
452
303
454
337
1
10
331
457
556
392
230
187
264
393
70
570
507
152
539
86
96
100
219
524
205
118
77
237
176
273
549
534
573
8
301
322
184
534
393
28
394
347
460
290
318
453
124
201
170
296
407
95
460
231
9
305
462
366
96
412
165
471
18
148
53
180
458
542
346
41
377
386
549
226
547
450
373
1
17
420
333
204
573
159
373
214
486
343
313
292
438
386
491
153
483
468
173
218
342
296
286
104
287
331
296
33
448
91
567
337
540
200
461
365
420
445
479
114
417
290
483
200
318
392
378
509
389
527
310
84
19
519
362
300
241
391
156
324
474
524
443
509
228
4
450
409
478
92
91
149
430
96
234
126
175
542
47
392
63
104
319
282
495
102
280
183
413
213
158
482
8
454
501
199
63
201
387
285
73
124
56
421
236
147
540
347
59
341
405
392
107
120
196
560
534
323
378
11
10
217
363
189
288
147
453
260
291
381
484
241
437
419
343
512
126
45
397
510
58
519
394
112
416
403
144
489
226
237
458
368
32
151
234
491
62
565
315
368
139
280
463
426
302
333
560
237
392
273
194
188
387
417
341
147
409
456
271
175
515
425
363
560
413
214
135
481
406
318
79
47
509
73
406
379
467
510
524
464
555
176
407
458
172
135
457
175
489
202
290
509
523
311
271
116
91
317
288
111
333
312
491
483
188
231
33
262
187
100
13
367
209
267
389
390
116
265
327
494
398
554
67
574
300
283
225
567
147
564
109
474
213
38
464
51
427
141
558
54
263
464
343
474
350
183
411
299
451
455
66
12
254
112
461
223
148
461
493
468
265
387
100
141
491
204
452
233
327
483
558
453
514
467
394
211
194
51
558
129
19
140
245
453
493
74
30
268
499
414
54
52
501
82
244
430
130
565
146
264
213
351
360
101
366
354
49
491
294
299
244
211
189
565
524
567
302
570
20
434
321
336
321
444
211
255
235
187
64
37
333
412
238
514
575
199
394
194
215
478
37
274
141
97
287
461
418
134
403
205
360
414
416
214
225
390
190
508
527
126
142
272
492
37
552
79
288
478
94
122
409
506
504
147
218
215
513
326
478
167
333
106
187
147
324
371
225
40
184
133
130
228
318
81
461
277
171
167
472
498
429
390
381
179
114
484
394
563
297
389
284
381
396
148
575
135
229
398
522
466
404
107
157
138
113
355
513
297
18
47
390
524
339
129
233
14
151
390
566
194
59
349
43
59
128
494
20
203
44
264
567
107
449
204
428
281
228
365
505
377
489
128
14
110
62
125
264
243
371
4
394
25
401
343
266
456
516
339
162
24
213
108
400
120
506
172
245
35
102
233
574
460
566
387
69
307
521
18
331
355
138
89
140
18
248
344
69
503
139
546
437
286
561
485
63
392
246
472
236
51
89
556
51
535
395
271
191
332
174
125
558
216
60
494
390
251
170
334
473
18
167
508
41
514
51
51
175
24
22
127
449
568
240
445
392
283
555
437
297
228
15
565
282
289
339
229
345
346
333
241
490
67
333
278
9
76
366
75
490
351
14
65
502
325
378
170
429
16
467
311
241
311
124
219
313
390
565
122
198
573
22
395
122
108
33
191
465
549
139
378
88
472
194
34
265
566
186
66
20
291
186
541
51
202
70
329
126
22
270
327
215
399
308
53
228
209
46
2
398
514
47
442
481
544
572
106
547
471
51
431
33
134
423
394
185
444
346
234
571
59
90
299
461
155
398
18
158
216
449
44
302
512
351
134
387
329
483
176
32
120
332
233
285
414
270
121
136
221
221
71
140
461
44
569
148
404
168
12
368
490
438
355
212
394
143
134
22
489
302
416
141
521
82
12
215
163
510
41
274
325
186
409
503
265
231
423
151
570
511
534
453
211
394
431
567
341
131
251
571
81
149
567
484
511
279
492
243
53
60
427
544
256
64
378
202
398
153
303
492
307
345
464
83
66
175
52
325
179
279
6
179
393
351
124
165
505
193
56
297
418
503
316
182
244
510
515
261
412
351
50
436
269
153
510
315
62
327
554
527
449
540
214
56
318
295
550
264
556
322
11
315
435
404
345
301
364
575
163
303
185
240
364
251
158
245
224
544
179
491
128
435
260
421
473
479
97
421
421
538
60
280
438
74
515
210
143
328
158
402
317
550
393
103
394
24
59
183
285
465
232
269
190
213
254
375
39
440
78
510
2
433
94
248
264
143
294
157
349
190
284
257
8
547
342
216
214
0
168
436
340
49
336
501
371
518
328
421
457
275
3
379
95
56
164
270
388
363
555
395
399
310
270
391
257
119
321
357
255
96
119
325
192
290
139
37
357
375
155
562
1
340
120
312
70
418
193
276
203
75
232
410
443
545
442
468
159
448
381
122
146
465
21
381
231
377
50
371
281
548
373
557
139
260
104
20
386
347
60
23
139
117
454
431
375
556
46
416
340
279
360
114
281
343
414
552
196
562
146
278
538
8
364
479
124
210
355
562
437
222
293
440
104
59
131
75
425
155
342
362
328
384
193
403
163
108
247
572
538
520
440
20
190
553
37
143
450
13
271
156
107
491
567
515
13
185
34
16
477
548
346
224
301
97
313
408
243
67
398
389
493
8
206
532
65
326
169
96
494
169
50
248
260
168
393
345
77
13
429
50
195
9
269
361
431
492
66
359
292
348
524
471
381
95
449
353
13
312
241
355
368
563
132
559
504
292
179
380
207
486
155
281
58
436
296
501
313
412
319
71
296
364
445
222
149
47
450
207
388
204
366
378
343
292
183
47
128
383
205
261
410
551
63
537
409
459
431
397
194
229
282
119
500
572
322
459
455
517
292
460
261
188
175
421
73
468
360
3
555
281
169
555
128
97
20
551
336
150
436
125
62
278
94
294
7
132
391
406
45
279
524
47
370
252
512
186
77
317
220
38
517
397
404
111
292
409
486
460
348
195
313
279
359
46
154
201
311
279
169
391
114
392
325
399
155
393
442
357
438
243
295
245
223
341
459
455
445
329
499
445
408
450
523
38
507
351
530
331
125
114
58
77
160
385
409
279
303
11
325
388
97
327
479
233
88
534
42
280
382
172
262
376
432
348
406
542
359
467
519
391
4
555
562
242
304
349
457
448
261
17
17
212
516
302
505
307
276
170
328
487
171
319
289
474
219
81
46
563
49
204
122
189
118
192
292
515
460
248
94
289
147
50
268
491
541
479
32
379
224
568
77
540
375
91
292
195
51
515
147
351
245
531
381
222
392
305
304
193
42
417
271
108
403
145
243
235
29
289
208
234
298
512
224
64
70
144
408
346
454
444
552
449
476
395
114
370
44
207
519
488
493
406
404
1
27
212
50
296
575
242
77
347
444
201
451
432
369
13
504
279
309
208
435
546
154
242
227
249
490
25
374
316
402
242
381
534
314
73
223
185
445
308
417
173
238
445
551
56
318
197
25
442
102
486
167
278
500
33
452
388
462
199
407
546
15
524
167
135
65
391
413
352
31
495
541
339
399
145
258
566
273
94
167
141
218
52
462
339
258
323
42
76
520
213
372
425
234
145
574
295
385
307
333
398
90
189
427
474
121
241
156
291
304
135
429
384
519
300
152
43
399
216
143
216
474
25
452
62
89
105
272
401
241
204
161
440
530
146
384
37
163
427
440
310
163
266
31
456
6
222
246
70
553
479
367
319
515
261
180
552
486
427
311
430
552
346
165
440
212
204
566
441
31
29
19
350
204
411
157
213
472
260
17
477
68
490
289
461
202
493
563
58
140
157
565
422
498
430
238
167
287
521
334
39
183
365
346
363
273
313
473
119
58
549
229
14
228
313
506
403
514
358
341
275
125
310
523
478
457
173
175
304
56
76
195
458
78
170
432
10
256
204
395
461
481
268
291
452
110
476
523
482
108
63
491
183
328
324
180
227
115
26
45
0
57
84
565
321
298
510
363
94
458
302
227
168
252
64
276
177
416
502
25
78
491
428
20
350
493
361
261
104
276
80
356
381
289
300
67
300
271
271
196
257
496
150
307
135
401
189
212
287
491
156
151
522
388
244
517
399
298
74
234
408
567
333
372
98
18
273
30
555
565
143
437
2
260
111
523
147
524
98
142
265
556
111
361
25
302
520
76
314
330
225
442
419
268
86
25
289
459
12
555
231
157
341
180
442
485
350
382
57
368
140
125
235
409
156
555
32
315
335
281
535
224
354
40
265
396
38
2
154
261
111
296
335
233
52
324
79
245
324
189
346
79
252
206
57
399
510
111
253
479
106
300
189
556
406
193
34
406
384
372
536
549
568
106
311
547
556
372
81
384
504
523
444
517
381
546
486
549
241
557
291
312
141
265
472
30
372
95
336
358
383
520
135
573
169
140
362
146
299
462
185
153
115
512
381
349
306
249
477
300
280
14
118
101
356
433
397
177
476
566
84
107
141
409
556
184
241
387
514
275
47
303
231
437
9
241
101
125
213
92
283
194
415
174
112
248
549
229
371
95
187
100
27
196
418
530
357
154
326
27
118
58
331
568
571
371
45
464
98
13
371
558
399
300
142
330
533
118
64
125
309
326
409
79
20
448
466
457
69
462
571
273
422
210
385
266
315
224
409
194
59
248
511
5
304
239
549
198
390
406
405
265
557
264
360
156
426
140
339
307
486
558
69
546
431
409
305
517
220
224
488
20
244
557
123
324
34
208
370
164
405
273
187
323
71
180
254
314
419
81
462
175
181
275
69
238
416
377
442
380
276
352
248
472
207
207
186
257
548
447
157
331
181
553
66
193
498
340
181
232
181
150
437
237
305
407
378
282
556
48
471
376
437
440
215
321
540
90
114
439
7
61
107
382
498
563
154
150
60
443
225
426
565
549
123
5
431
195
477
439
238
325
107
442
330
552
412
175
245
385
257
225
512
462
477
540
145
252
111
60
293
440
375
213
477
522
432
71
2
74
261
238
118
429
221
340
15
474
86
367
13
484
312
13
248
479
466
249
295
213
48
259
103
388
32
421
118
401
225
122
348
71
536
400
378
497
243
353
301
447
1
509
176
21
275
370
426
48
69
277
450
59
364
426
15
259
65
510
64
396
508
538
111
319
415
277
528
277
125
27
177
212
74
208
152
250
298
317
485
165
573
275
317
419
73
430
498
243
204
467
354
246
520
412
415
520
452
433
183
540
210
387
34
222
545
197
169
558
414
492
322
360
387
301
245
90
70
347
145
414
464
14
269
388
107
8
322
301
413
575
255
511
531
133
8
253
570
275
7
296
2
511
362
281
271
360
230
534
381
104
227
462
463
84
82
463
235
404
29
488
119
341
101
524
80
520
275
445
253
421
67
552
334
462
537
456
488
421
76
475
536
431
428
426
508
0
396
535
108
129
329
566
486
527
481
33
509
402
317
573
446
369
473
507
575
79
533
403
393
273
235
38
131
442
91
2
397
14
539
38
127
37
450
412
445
169
524
162
455
520
231
156
2
535
36
283
56
381
199
556
542
155
543
573
233
485
248
56
501
73
143
210
408
224
479
204
497
389
547
363
82
121
535
357
242
464
212
234
494
73
468
357
216
38
371
20
496
480
189
294
382
555
256
336
13
456
197
232
21
521
437
46
118
415
61
483
339
522
418
233
495
294
481
52
84
360
573
209
486
514
205
428
267
214
308
78
280
423
204
24
224
215
251
574
539
76
475
527
221
387
268
273
403
344
496
372
189
567
42
463
433
412
330
266
546
374
353
499
562
11
118
493
433
343
78
493
314
46
283
376
279
164
22
101
346
180
376
290
137
295
296
266
181
266
309
133
346
131
16
426
211
298
314
570
249
563
567
53
13
173
345
77
59
131
418
210
567
166
224
298
434
347
20
164
290
495
46
339
525
536
248
444
364
505
275
408
187
198
404
499
535
124
418
27
550
489
491
413
268
30
423
244
2
442
314
474
109
510
561
250
415
53
335
365
512
306
281
212
138
212
14
0
466
328
526
380
320
481
134
269
319
418
397
249
402
30
202
253
142
363
306
228
438
361
522
264
362
161
349
194
474
368
529
137
55
467
511
188
541
259
310
177
213
219
362
126
119
415
188
198
134
520
362
156
192
314
8
483
459
287
162
492
318
81
142
284
170
345
532
445
74
99
393
45
115
442
101
32
215
6
182
119
420
575
65
368
326
495
529
380
364
41
350
32
261
511
522
163
57
287
149
127
201
443
308
492
491
232
344
349
117
472
536
59
115
58
168
367
538
19
410
223
358
343
46
211
354
258
430
539
37
458
400
235
311
374
119
53
265
75
239
306
201
379
130
318
29
495
177
468
430
77
474
484
332
209
427
37
203
152
568
490
133
6
205
386
339
24
227
122
518
395
124
364
400
534
302
455
547
138
313
44
222
45
147
266
113
360
234
422
187
261
200
189
569
348
242
311
459
100
525
326
442
348
362
328
70
223
110
474
572
126
337
339
177
415
261
2
313
223
323
426
156
455
413
400
242
291
558
166
402
384
323
57
35
415
327
186
397
307
166
391
284
531
454
198
266
61
196
320
510
491
406
247
311
529
232
152
151
485
210
481
410
529
83
278
1
23
495
296
116
8
16
268
272
459
158
151
196
359
426
227
416
250
464
173
456
401
28
354
274
213
288
567
529
305
210
96
324
246
510
437
118
76
206
242
504
379
570
392
196
440
70
179
110
485
25
294
213
294
135
354
305
232
570
169
446
277
306
294
389
116
333
336
224
94
422
172
163
265
116
104
48
434
32
413
139
72
220
443
355
88
281
493
400
11
305
249
59
135
188
263
408
222
351
292
552
269
529
479
398
161
379
400
487
100
40
331
416
199
447
264
74
415
574
374
264
269
244
477
298
556
123
477
255
157
341
257
115
337
472
247
472
318
321
193
119
319
7
435
463
280
265
26
545
402
356
310
471
386
39
410
246
500
158
569
521
128
389
180
119
508
296
269
151
94
115
297
103
409
173
416
321
567
382
284
294
328
33
425
374
100
151
479
570
559
106
508
169
42
350
462
381
101
567
383
511
225
287
314
115
220
135
471
552
526
495
1
9
486
188
214
402
434
38
545
161
187
547
434
223
353
454
502
375
568
54
370
365
173
78
521
556
115
103
503
162
133
219
568
30
392
518
494
94
439
1
338
512
101
346
269
504
206
415
162
370
274
206
191
45
441
490
415
367
213
3
8
337
106
324
366
173
23
353
30
467
139
401
160
199
434
506
575
364
540
276
543
442
521
243
360
53
350
163
545
410
553
327
287
470
190
122
53
195
151
553
410
521
65
378
356
138
481
69
29
135
297
421
558
327
428
480
486
545
364
385
391
375
65
350
571
563
135
360
287
73
33
78
427
339
491
518
344
214
316
393
190
558
349
305
551
339
175
85
525
497
76
27
532
103
493
100
59
286
226
413
280
382
1
448
573
290
287
496
37
208
138
142
174
77
191
174
446
249
228
208
122
100
54
348
246
448
81
0
23
23
189
479
228
322
18
241
293
259
351
458
377
42
306
172
458
425
416
141
0
447
340
496
422
356
78
102
54
461
42
109
568
29
555
111
115
421
448
349
292
65
206
14
87
141
117
84
52
34
330
244
562
396
8
453
46
227
227
453
59
121
554
399
249
446
52
255
385
544
11
281
204
346
78
233
293
467
34
492
113
225
104
148
327
519
273
439
60
490
457
573
315
171
203
368
441
559
407
59
37
176
82
55
3
69
448
281
92
328
546
309
300
191
104
387
67
60
44
128
270
396
288
568
376
122
14
293
90
78
281
144
73
568
223
69
42
454
59
296
492
9
330
572
253
559
162
147
326
438
311
141
134
471
368
69
189
250
86
387
323
442
531
269
253
534
542
389
102
461
245
450
60
216
14
468
8
110
9
296
83
557
537
516
535
436
0
234
43
20
478
303
508
124
373
489
269
257
566
21
250
16
484
161
317
39
430
382
138
278
459
38
277
92
150
89
546
476
150
163
167
253
437
367
408
543
59
570
288
183
257
295
375
380
270
93
133
234
2
81
43
81
105
408
305
451
384
291
84
342
457
305
418
454
258
90
137
146
437
511
346
508
40
410
394
296
436
360
352
280
22
458
64
535
36
60
165
127
537
342
478
79
125
189
433
139
424
342
317
113
461
444
423
477
119
12
436
393
23
414
398
228
342
189
336
156
195
509
85
78
414
469
363
51
481
527
492
162
514
245
313
31
279
34
452
248
48
309
469
524
408
127
17
492
485
141
202
259
276
253
185
46
197
301
554
356
372
237
281
142
514
398
68
457
574
511
113
238
421
207
56
401
386
183
155
369
457
523
250
333
267
25
230
47
3
389
146
175
538
301
41
66
263
142
33
326
527
429
535
194
333
30
377
200
8
42
374
373
259
220
423
558
469
33
52
375
265
316
51
367
133
485
418
535
529
195
238
459
369
10
206
117
57
529
25
186
246
92
183
10
328
525
317
101
426
459
194
9
499
560
100
412
483
110
445
380
380
93
110
50
320
276
379
183
443
187
143
289
196
385
27
260
162
258
309
246
87
247
552
444
438
130
307
568
238
42
490
135
485
484
453
222
391
426
235
137
355
104
483
537
544
112
436
555
316
4
366
95
476
145
496
414
377
220
169
234
334
478
509
59
366
208
110
122
517
326
278
301
517
156
85
414
8
187
544
153
40
242
167
418
231
465
221
566
49
168
436
140
1
6
118
557
506
72
240
222
245
296
270
41
488
90
220
218
222
270
439
277
206
258
108
170
214
148
442
4
557
88
241
258
256
533
357
7
358
233
158
169
314
342
473
30
183
307
229
209
537
87
509
382
544
480
487
471
568
535
242
242
289
511
464
277
504
245
567
10
445
448
154
535
399
344
442
70
361
311
179
166
283
555
363
243
219
210
133
210
345
452
156
90
207
527
430
508
218
119
542
483
421
262
229
7
438
181
48
487
189
521
316
11
411
340
317
545
408
183
273
404
70
85
330
426
346
59
121
5
183
528
360
78
516
567
290
251
309
448
296
43
111
445
169
400
212
113
448
42
532
170
457
42
262
167
153
518
5
547
319
550
153
273
78
322
428
439
153
322
553
432
184
370
532
199
473
44
171
351
416
254
482
80
309
72
279
184
544
110
404
208
243
245
202
4
179
505
471
245
479
177
536
366
114
271
233
240
185
386
318
123
109
328
330
561
22
514
435
528
245
174
90
33
415
507
271
175
133
217
257
443
535
319
113
519
12
130
109
556
179
492
232
331
257
383
207
218
398
193
130
276
398
128
382
563
136
561
297
226
333
112
231
192
249
567
160
24
458
322
357
133
426
8
362
91
287
554
296
337
184
2
343
362
12
263
205
556
237
500
473
340
207
466
291
404
68
139
319
376
47
127
326
241
276
549
105
565
152
401
68
465
527
115
436
46
140
491
109
143
554
502
457
294
526
62
6
340
400
149
121
399
108
261
517
65
429
242
180
518
473
482
59
12
559
305
205
481
231
267
404
473
545
268
548
510
492
329
369
431
14
176
24
197
279
116
15
77
395
13
457
6
437
13
520
7
546
408
433
112
512
16
254
517
350
144
484
80
98
502
563
302
484
525
521
563
162
336
62
161
550
573
173
220
139
254
274
220
316
548
538
64
202
139
390
336
202
22
9
39
505
126
65
33
153
21
237
557
274
492
100
33
186
294
417
357
321
169
442
57
482
429
274
554
476
44
190
427
338
379
22
108
102
139
554
554
288
354
54
506
357
49
342
339
309
310
305
175
498
237
338
114
32
338
525
428
15
521
132
491
72
272
395
498
487
110
16
316
439
409
242
0
213
406
456
496
371
218
85
420
160
572
73
556
68
215
63
492
181
207
23
52
563
535
149
257
102
465
158
296
20
43
185
168
321
16
229
467
61
257
108
535
429
381
105
76
279
63
54
192
33
162
57
429
81
240
95
266
198
163
402
230
42
558
150
352
512
421
315
478
115
425
514
183
61
363
411
27
457
365
457
373
353
349
214
5
147
148
25
408
190
476
421
60
489
122
530
541
375
173
510
401
125
87
517
500
91
180
122
439
513
513
365
536
334
531
569
469
2
453
187
255
502
500
279
330
552
469
412
435
307
389
115
96
243
219
145
185
115
454
464
469
2
451
104
541
5
43
29
165
44
32
116
180
90
340
574
48
289
60
532
73
392
195
454
490
121
335
197
56
363
299
444
79
329
23
37
89
295
514
37
163
335
327
356
264
116
248
456
37
391
223
522
152
433
558
205
565
110
474
102
56
399
492
366
381
415
41
19
552
38
382
80
63
134
264
181
359
68
7
41
249
133
432
30
338
121
104
5
414
207
195
205
575
272
177
1
381
453
214
466
96
275
139
46
62
286
480
409
390
402
201
514
115
465
251
235
76
338
221
311
404
428
27
236
10
445
350
359
47
204
555
362
324
264
408
6
516
327
373
376
0
119
344
541
412
481
335
26
375
193
49
183
499
42
452
72
296
302
129
210
532
410
253
53
354
87
519
182
164
380
564
298
492
69
198
191
90
35
362
412
236
83
449
432
221
448
290
279
530
143
312
322
558
195
237
467
157
421
55
408
392
257
341
3
205
254
60
398
69
432
42
543
507
55
78
555
363
6
408
502
215
69
25
373
391
481
235
290
442
149
445
29
259
317
278
278
442
324
381
173
262
331
101
309
401
202
51
165
178
401
198
161
190
282
183
7
113
159
238
300
131
94
215
480
182
457
254
440
443
458
440
269
373
325
359
273
541
331
126
534
80
436
255
440
173
69
504
321
89
538
554
531
543
499
445
423
112
448
32
221
168
127
323
400
248
553
490
391
172
542
511
239
317
101
49
190
274
138
203
229
203
478
479
340
109
149
274
149
146
310
90
502
159
219
382
101
445
413
84
342
453
191
328
508
397
308
224
334
190
50
363
268
66
458
188
264
87
473
174
49
457
444
135
356
427
121
68
4
84
151
29
163
338
263
397
17
413
61
49
287
548
242
446
57
515
249
442
331
3
233
141
385
279
377
337
349
70
571
84
533
535
162
442
367
17
370
308
348
504
73
553
431
307
513
244
193
548
98
45
55
39
76
98
399
514
560
536
260
161
335
275
498
556
414
98
292
210
26
526
48
181
365
494
198
93
218
431
335
379
408
115
13
117
122
82
35
513
86
350
513
142
168
436
353
527
15
99
276
360
100
185
436
563
437
222
365
531
549
3
219
264
219
270
512
445
235
443
362
147
407
56
557
133
80
151
236
315
205
462
143
97
420
75
324
325
541
321
11
514
57
297
145
469
423
0
152
381
102
128
233
543
1
335
367
408
287
468
35
548
205
462
485
389
367
354
520
91
129
34
509
349
275
521
411
102
286
127
519
40
360
30
1
504
182
151
28
520
124
311
250
169
57
408
488
287
368
275
214
250
514
24
398
203
184
198
127
327
473
473
534
75
561
479
224
173
290
14
3
290
56
432
41
357
233
514
157
359
135
160
374
116
320
317
329
0
270
529
4
31
13
48
400
62
439
320
398
48
109
208
208
265
365
329
303
466
570
46
133
439
226
311
138
217
158
441
4
209
250
316
394
563
395
379
31
388
229
473
357
339
197
300
550
411
135
115
233
27
141
42
535
97
73
465
161
37
141
314
549
339
0
30
495
496
560
316
224
155
473
371
473
187
93
119
217
221
559
276
286
254
388
339
57
195
370
162
79
13
485
573
535
495
319
55
433
130
73
575
405
334
121
65
173
493
142
24
346
184
49
465
554
473
470
75
222
471
252
196
547
502
188
443
97
145
547
172
482
473
513
280
35
331
3
562
505
167
491
101
188
229
273
525
411
130
334
316
343
451
513
180
371
167
97
136
205
460
131
65
405
427
460
228
569
471
474
365
420
325
157
33
162
509
380
66
173
320
497
539
86
403
338
379
60
292
480
421
157
289
541
106
37
525
95
287
369
205
133
49
267
116
104
33
283
366
473
533
145
462
16
277
81
385
346
433
522
183
169
25
168
386
11
368
76
323
461
173
496
35
384
258
362
101
379
240
183
145
353
254
564
475
300
405
530
503
118
261
339
474
442
14
524
562
563
343
2
165
483
564
37
73
260
521
183
61
383
245
314
285
256
473
383
536
403
407
388
494
555
11
166
491
407
503
141
386
20
325
370
111
95
260
121
470
11
469
79
152
327
307
94
207
167
226
185
305
56
327
177
413
105
42
452
413
473
31
159
261
185
74
573
566
323
226
502
357
564
89
198
382
566
487
468
453
441
561
53
518
33
107
73
386
89
44
42
274
210
320
152
69
553
424
489
384
16
553
516
394
54
268
575
212
525
197
516
418
217
44
16
518
368
76
127
118
234
379
403
494
536
471
561
360
535
412
259
267
338
90
190
370
400
440
94
569
8
280
269
565
292
87
432
405
223
454
42
127
157
433
190
396
517
553
552
552
461
394
49
113
325
311
97
152
254
476
177
385
552
401
319
140
387
453
455
432
28
392
106
268
277
488
505
78
432
438
244
491
228
27
403
223
54
102
553
485
179
389
540
526
37
560
192
434
91
153
238
175
130
105
136
193
457
197
292
107
358
450
171
553
275
31
264
59
265
471
368
251
51
76
485
218
101
91
31
262
385
15
140
326
20
220
209
194
265
358
548
153
184
394
223
148
412
276
20
375
247
247
476
59
160
39
99
412
464
130
465
405
323
385
502
175
266
412
431
197
179
199
466
485
557
168
389
480
438
297
457
210
67
488
80
339
509
262
570
411
27
130
200
78
273
352
560
180
450
562
562
87
190
175
395
339
198
220
366
562
397
475
444
457
149
392
201
178
418
403
294
390
62
172
386
22
350
446
179
485
418
338
311
20
73
53
575
464
61
67
101
541
158
378
172
540
265
375
19
454
261
126
560
63
485
570
390
231
184
377
86
246
237
490
183
51
446
91
49
130
100
283
116
293
8
327
528
159
149
26
249
80
503
100
37
574
254
0
228
254
161
169
545
220
288
137
101
359
298
231
295
331
412
521
266
521
508
140
85
373
43
378
473
553
3
247
545
432
134
85
62
345
461
3
400
437
86
275
504
136
131
83
237
560
420
472
326
432
570
118
296
389
88
183
355
531
561
387
412
97
0
472
152
365
377
166
463
515
250
54
420
485
132
558
551
29
72
286
467
77
550
445
79
548
157
114
177
480
186
490
547
11
428
472
159
79
553
133
108
280
548
262
269
321
84
99
295
94
428
100
347
79
166
91
339
347
549
83
433
520
427
348
98
57
202
528
515
430
221
320
522
573
126
339
467
157
343
175
306
435
450
363
111
316
353
247
517
320
19
472
363
117
46
522
267
310
493
215
444
326
341
392
423
336
246
309
86
439
454
299
199
521
91
146
154
434
234
250
428
282
240
277
48
114
154
123
357
326
416
440
435
371
266
216
275
82
25
29
10
287
461
371
5
487
225
40
168
270
224
448
375
538
267
509
470
377
464
275
375
226
241
304
65
538
508
338
439
214
46
108
572
5
523
44
328
294
414
275
484
27
492
563
286
447
501
168
505
420
293
441
446
347
42
321
231
503
162
559
397
299
90
474
559
270
343
404
96
556
306
82
43
199
439
266
277
232
564
249
495
462
420
555
299
0
412
135
508
89
138
294
287
324
287
68
164
339
281
476
338
449
294
179
523
542
392
397
102
8
481
66
27
178
446
150
85
457
569
261
477
567
316
431
488
537
548
530
557
514
227
179
114
103
240
383
421
106
211
54
197
192
282
182
554
119
108
292
539
456
547
94
287
270
549
537
397
512
38
500
558
442
249
60
106
324
546
175
424
31
227
47
456
503
21
292
25
549
98
322
125
125
88
488
233
324
5
282
165
381
168
433
138
154
430
236
225
62
100
206
500
479
210
411
233
40
459
192
223
570
262
427
529
286
41
52
538
459
483
561
478
34
388
300
457
17
377
345
147
154
5
236
63
206
25
356
532
114
340
47
30
146
41
187
482
402
570
472
380
427
432
179
435
233
206
387
1
373
231
63
373
318
310
78
95
191
387
236
318
336
123
285
221
217
537
530
286
261
383
457
548
513
528
482
219
570
529
371
151
224
431
306
355
539
471
109
294
113
388
9
52
188
209
306
19
130
494
128
249
220
446
429
442
13
211
259
190
25
3
343
294
72
545
435
147
13
21
228
429
230
435
417
227
128
126
435
277
361
232
568
24
2
457
215
24
90
263
222
379
136
105
119
447
289
226
498
277
5
463
17
206
471
362
97
468
326
17
347
475
522
162
40
475
468
223
344
12
391
324
230
344
546
122
303
463
83
476
18
454
554
575
272
462
506
509
7
484
40
537
94
120
38
315
269
564
192
367
68
135
270
411
209
36
513
183
350
401
196
148
363
298
269
571
377
60
417
455
219
177
494
520
9
11
52
435
272
262
228
437
166
48
48
83
552
316
436
143
226
277
328
398
236
545
40
234
65
455
33
200
29
386
477
213
513
326
310
550
130
326
370
484
209
18
557
161
71
572
148
376
3
219
457
328
393
122
72
18
412
545
358
131
86
435
217
160
436
407
297
532
111
335
10
106
50
175
307
9
559
234
288
474
237
394
466
121
306
354
205
549
552
158
82
500
334
323
568
75
309
13
171
127
64
179
433
164
462
208
123
160
565
86
501
431
434
93
442
58
363
18
437
395
213
358
159
537
139
111
387
104
102
482
62
159
299
227
52
546
561
367
479
213
325
223
467
52
347
45
105
109
277
106
131
49
96
149
445
542
164
450
102
560
545
289
116
424
29
118
33
144
208
339
370
30
549
559
474
225
490
233
167
277
174
3
224
244
520
105
553
501
331
31
177
479
520
387
273
390
416
353
319
49
161
81
123
133
105
36
126
511
570
233
402
133
460
36
358
3
441
518
550
87
233
444
194
380
455
163
521
82
177
472
181
503
538
250
29
523
164
328
210
138
342
229
213
499
350
334
93
127
459
499
118
15
304
279
309
23
3
265
69
228
138
319
491
190
359
228
160
130
184
513
549
350
96
539
165
203
225
492
455
364
456
572
474
468
320
509
164
330
198
223
93
550
268
575
92
59
429
12
194
420
382
139
71
48
367
540
411
539
522
107
207
89
570
535
99
423
458
459
149
201
417
570
418
236
156
255
516
77
361
177
327
522
11
448
212
409
365
382
317
476
337
22
188
121
71
287
35
521
557
486
564
205
101
124
17
19
544
93
11
282
441
458
424
110
534
244
18
9
254
322
533
84
95
534
390
326
461
371
486
538
245
445
71
373
151
447
295
533
448
226
128
97
95
297
323
151
279
118
465
77
98
64
354
265
205
355
441
432
60
342
155
23
483
41
16
421
493
154
533
302
228
552
137
129
170
309
31
253
408
335
388
193
138
473
314
120
223
117
564
72
475
531
60
107
301
557
517
124
99
189
377
228
233
23
561
117
443
559
329
505
270
489
208
407
307
444
150
510
63
49
318
104
156
536
189
419
103
350
286
33
182
214
362
57
421
279
79
464
283
47
286
311
174
306
153
409
571
182
243
362
311
338
260
547
208
329
394
222
484
187
79
239
260
220
218
534
54
72
83
156
286
215
458
83
564
504
55
179
160
113
54
180
129
532
144
207
417
31
112
140
144
420
158
417
209
40
7
462
195
229
552
316
13
514
198
287
421
142
183
370
249
318
291
212
96
328
298
180
305
408
512
370
19
281
140
391
163
109
247
484
49
489
551
186
468
442
558
368
204
46
207
257
238
473
459
287
270
532
368
399
129
350
511
6
186
522
211
532
544
310
35
329
1
458
308
47
495
59
61
361
413
342
479
426
570
110
409
403
445
524
35
260
523
456
204
475
401
108
286
533
519
332
430
122
478
34
18
412
355
298
147
376
345
558
323
560
211
265
188
373
533
61
364
517
512
391
312
121
328
208
98
217
7
273
341
31
481
125
96
120
170
53
562
532
265
568
308
398
436
468
370
43
427
469
461
136
3
376
28
329
3
125
117
180
117
271
165
35
459
237
119
190
237
12
436
280
504
420
424
244
542
208
385
186
384
266
336
91
557
350
98
158
542
365
346
226
508
1
467
256
160
115
345
405
276
221
244
160
321
98
239
7
349
511
182
27
217
567
403
61
25
74
59
61
532
230
204
501
214
512
489
396
267
570
234
405
396
367
104
285
213
287
369
468
431
568
188
303
6
228
381
184
326
216
373
285
188
192
306
209
256
169
35
486
287
80
434
96
427
205
391
382
286
522
141
372
264
342
294
138
173
191
276
359
447
336
110
371
257
184
305
137
173
272
114
101
427
549
244
444
78
205
158
480
184
434
532
258
312
6
72
490
339
84
185
58
258
420
168
3
37
340
94
11
369
301
34
288
441
444
369
262
462
392
185
183
289
34
391
293
321
573
414
443
284
230
4
403
420
77
34
112
462
476
457
388
531
109
10
437
187
490
575
193
269
363
567
136
272
329
206
267
162
356
542
500
427
259
297
299
319
245
213
58
544
49
453
258
298
358
532
272
418
475
41
68
560
553
541
410
226
103
378
227
394
15
118
418
449
148
162
439
567
317
498
148
317
180
495
508
502
159
139
500
405
302
329
303
387
124
231
106
516
498
263
432
69
262
296
161
34
82
199
166
563
40
2
210
502
361
68
128
441
451
109
166
94
557
482
20
306
416
168
149
18
283
360
145
384
240
131
514
495
354
428
61
352
326
383
391
329
121
29
480
539
362
152
553
191
432
313
204
31
278
301
305
573
153
387
54
29
42
326
488
183
56
12
189
214
556
210
378
233
390
156
346
98
246
20
240
64
543
109
20
546
537
166
401
159
475
566
406
117
233
482
561
311
210
506
162
252
61
111
300
439
469
485
406
80
440
204
454
569
401
119
387
95
106
284
45
67
343
97
535
468
55
545
135
67
315
138
278
195
348
490
527
115
345
459
106
79
323
56
545
315
281
205
286
360
75
34
546
220
461
352
102
271
106
440
17
469
106
270
55
473
527
206
382
539
175
162
204
148
57
100
167
240
421
164
568
208
465
222
4
239
413
505
195
309
524
358
42
162
42
350
377
545
330
393
250
195
109
367
184
470
481
389
498
323
280
473
84
282
459
280
167
77
553
511
535
191
150
463
408
218
124
35
543
78
350
58
279
239
289
249
173
337
525
364
126
150
104
569
421
483
441
9
10
230
425
234
505
540
364
58
103
271
157
386
278
17
169
279
228
551
140
509
540
88
425
432
443
116
10
154
100
312
344
11
446
277
234
498
426
422
104
298
176
535
175
501
205
489
393
271
330
111
84
107
542
434
436
1
472
78
410
152
134
324
479
178
356
285
526
183
488
55
391
252
172
105
354
282
556
529
121
197
317
47
1
365
333
32
31
352
542
412
519
27
443
336
47
120
318
180
237
33
336
455
477
107
120
369
303
181
452
290
88
403
433
521
374
325
70
479
159
198
19
479
516
262
303
168
84
558
31
443
536
130
388
553
430
352
483
257
110
505
165
271
451
513
479
393
492
120
465
50
312
505
38
103
546
25
422
495
205
110
159
86
32
396
100
509
536
302
317
182
413
16
133
310
56
145
269
465
494
350
127
476
185
290
403
456
482
386
264
235
476
363
215
372
50
193
392
417
170
196
54
388
525
172
249
253
75
554
156
208
331
307
325
456
39
135
239
446
221
468
282
465
285
378
152
62
390
517
41
271
239
513
246
332
182
61
310
85
257
249
550
159
264
310
177
299
416
132
185
341
101
255
19
376
494
165
77
122
101
212
498
73
65
300
288
359
218
341
554
35
337
204
494
509
417
311
216
262
440
21
461
192
418
144
512
436
415
363
218
492
495
424
47
359
376
312
46
317
86
300
127
506
240
508
291
330
493
285
412
19
215
188
517
503
485
274
204
95
214
63
167
370
4
106
498
15
369
319
119
287
429
197
225
269
527
429
574
94
422
350
206
192
451
375
518
288
395
24
111
481
562
165
435
499
526
518
293
315
542
325
432
241
315
95
544
203
101
564
218
343
419
359
204
535
160
62
401
371
369
333
61
100
244
70
66
277
161
243
108
392
401
421
93
339
250
266
372
243
71
454
56
384
102
362
437
478
446
537
65
562
368
501
341
136
544
537
383
382
82
298
66
500
214
85
192
19
511
100
24
552
447
454
555
281
434
126
41
138
31
212
7
520
119
223
350
412
386
240
338
446
331
340
516
4
162
120
470
543
537
504
504
375
412
235
275
281
277
315
514
77
40
63
514
523
463
544
330
522
277
32
117
12
73
332
56
67
246
463
165
120
44
374
388
285
469
475
335
214
393
550
344
459
382
256
44
281
306
512
497
335
232
455
12
335
467
382
75
451
152
488
248
269
31
553
331
447
223
151
232
428
531
115
378
335
471
62
132
369
552
409
199
91
481
153
266
520
455
16
532
222
62
435
192
44
475
75
166
37
381
328
266
62
30
231
489
173
155
243
154
178
361
564
266
523
249
530
533
202
421
432
260
571
519
491
397
103
38
445
209
114
535
155
536
343
554
269
531
165
230
19
97
472
202
513
539
425
450
380
407
575
425
498
460
108
133
287
406
230
445
278
274
385
512
511
134
564
413
216
113
295
139
554
52
13
46
50
397
128
32
214
334
249
560
406
227
181
423
439
13
421
215
126
25
5
114
129
158
151
198
555
96
382
225
573
72
532
178
517
438
294
379
448
472
210
350
530
145
280
189
393
302
435
346
435
502
452
291
404
537
38
213
458
287
398
511
173
50
528
432
533
190
50
455
289
65
281
279
163
574
533
206
100
452
7
347
512
298
560
239
313
555
31
220
455
226
561
233
69
300
279
177
165
561
266
565
1
483
551
97
371
555
535
380
499
110
215
223
440
183
198
129
38
572
228
499
416
207
238
82
40
501
465
536
536
344
154
436
302
281
288
210
380
356
546
313
524
22
464
99
129
208
217
341
189
114
199
377
158
485
64
32
383
499
304
43
524
574
105
445
20
24
39
574
361
281
291
551
422
22
64
101
468
180
516
221
126
228
515
377
159
122
377
232
491
22
551
121
246
154
398
87
44
434
461
63
304
26
44
135
387
368
354
45
464
351
551
304
105
1
40
6
232
207
538
76
256
543
184
152
137
296
330
221
182
296
270
268
446
440
472
537
458
227
369
458
433
488
65
120
381
8
479
141
488
575
160
275
543
387
319
242
300
118
197
91
449
329
249
371
536
488
370
311
241
347
547
58
568
175
180
32
277
429
114
2
366
228
302
536
210
540
199
526
575
399
235
487
18
297
189
48
382
291
347
242
413
198
385
509
426
531
6
149
275
499
413
365
103
548
389
122
223
429
268
233
373
558
447
143
347
436
465
44
125
446
210
531
517
461
122
183
534
544
1
431
353
427
141
503
559
389
419
356
405
345
197
521
353
53
354
454
163
234
401
141
429
4
395
347
264
199
305
416
327
306
187
111
410
557
411
389
159
223
536
402
101
96
184
131
364
94
289
366
72
197
484
270
224
479
236
214
312
486
255
47
524
360
331
143
544
111
465
266
458
62
311
292
482
121
380
170
13
209
165
297
557
231
364
246
465
335
266
3
210
182
516
139
117
94
440
268
68
234
87
57
195
57
491
507
99
189
410
30
446
150
557
536
49
92
251
390
24
77
439
532
197
266
266
35
545
267
397
249
203
165
8
117
556
565
274
46
96
447
80
351
149
55
44
356
517
424
185
519
1
139
548
352
292
517
429
475
81
391
532
275
495
389
352
431
162
527
386
185
154
318
53
71
83
318
312
123
77
335
332
137
386
398
527
553
462
489
303
217
492
496
359
175
309
435
525
274
386
296
377
39
160
224
239
114
364
107
32
325
495
2
101
216
377
400
477
400
280
179
440
549
164
502
170
15
456
477
169
280
256
309
177
171
107
233
49
107
507
20
115
119
347
348
433
552
343
538
491
189
287
554
504
320
565
122
53
194
160
103
313
504
122
394
93
336
507
495
135
224
217
326
512
81
398
286
400
424
243
461
90
258
149
554
166
168
15
46
506
68
402
437
416
113
194
431
305
519
133
127
366
451
146
135
366
208
254
485
10
188
517
369
168
198
304
302
449
98
268
518
525
278
410
406
71
472
137
389
528
261
57
229
216
394
529
103
272
262
115
194
26
397
301
106
342
43
518
216
233
506
79
448
88
379
19
111
512
67
343
286
200
183
422
180
150
554
449
381
8
359
357
25
175
329
562
221
326
471
183
427
519
172
18
130
400
287
406
528
392
71
83
51
400
34
340
536
522
456
470
352
503
91
98
142
180
329
224
13
4
318
262
282
174
83
105
443
152
452
466
413
101
500
194
343
68
510
53
320
369
370
230
44
282
207
528
480
91
78
448
198
11
13
82
250
25
40
40
508
304
127
21
130
164
470
352
191
98
60
258
95
383
142
13
462
129
133
198
84
521
167
82
67
153
247
419
275
499
3
146
45
501
483
344
246
363
209
307
27
177
220
135
142
176
255
466
161
91
254
172
391
176
391
338
275
279
84
128
209
133
101
139
572
94
160
294
6
338
208
360
384
91
188
360
67
107
502
444
497
401
248
265
315
423
330
448
347
510
159
22
249
472
394
265
201
155
477
49
473
164
438
390
547
32
171
413
236
82
563
477
20
359
172
167
279
364
139
495
105
237
82
112
172
269
269
365
13
426
466
50
552
296
487
450
196
134
491
572
99
69
61
220
94
414
167
364
74
448
38
448
414
34
231
297
404
262
523
221
187
470
153
57
12
512
55
467
454
86
394
301
85
221
235
323
63
441
357
3
511
464
113
465
38
233
547
357
200
347
394
146
443
139
503
174
499
104
103
408
95
441
225
128
429
78
343
159
247
247
352
235
569
249
122
16
406
355
521
284
442
535
189
361
521
315
537
269
255
374
490
459
563
556
132
516
426
345
70
504
93
36
477
36
3
524
28
357
370
387
34
140
51
68
423
542
534
43
338
414
363
350
126
272
87
126
506
219
443
318
478
368
108
18
16
414
463
88
17
413
567
261
368
152
307
52
315
145
523
503
96
245
572
396
50
40
568
298
109
95
291
363
195
109
233
342
6
567
282
503
272
211
147
345
403
283
122
198
465
429
504
339
396
258
300
0
431
48
464
22
336
388
371
40
404
382
301
381
407
194
301
404
221
363
150
92
231
504
171
455
315
29
122
314
246
141
425
224
56
341
62
233
198
347
198
145
439
302
10
27
437
527
426
509
332
231
114
491
519
104
148
294
308
409
181
115
98
308
157
301
229
367
246
48
200
529
161
286
490
365
486
54
25
437
169
479
51
479
314
316
100
408
566
253
144
481
298
2
279
488
465
418
322
262
482
412
72
289
512
108
218
573
159
403
95
430
542
459
361
348
202
529
380
330
507
479
355
316
310
96
144
498
161
463
332
353
353
554
202
391
553
107
32
364
551
532
573
385
200
296
258
490
400
572
207
490
96
242
25
467
60
358
367
435
148
21
294
43
387
375
359
423
309
275
463
134
484
145
259
364
282
78
248
280
391
176
303
158
401
78
185
416
46
377
549
56
486
156
540
303
529
538
101
251
332
450
488
463
152
464
101
474
292
451
277
219
293
450
315
535
367
173
137
117
428
2
39
321
479
230
77
230
88
319
34
317
487
327
16023
