518
43
351
72
394
421
307
6
30
384
493
331
418
194
66
86
45
82
400
505
347
502
315
142
448
68
359
244
4
357
481
532
376
393
569
134
126
28
292
349
2
450
307
506
234
278
545
76
519
207
237
19
353
4
359
141
4
567
81
257
114
311
567
467
140
21
154
396
289
173
436
400
234
5
134
382
496
435
391
430
558
260
0
192
196
29
268
427
244
335
159
20
34
234
7
237
237
26
412
236
450
419
510
333
205
466
84
36
245
484
139
62
557
413
542
293
24
102
484
353
338
426
492
445
562
206
380
299
449
344
249
120
390
314
2
276
393
464
36
330
28
562
413
370
452
121
158
209
23
86
500
323
181
36
413
488
218
256
548
94
472
566
191
245
446
74
318
21
372
282
138
169
540
161
263
464
67
317
215
23
297
136
451
453
416
341
0
252
58
394
348
72
258
287
372
319
191
21
256
250
318
138
472
9
533
293
384
541
81
449
533
10
358
42
366
180
415
515
92
24
248
103
275
64
19
310
73
252
26
355
438
387
438
26
52
488
136
199
256
514
245
412
323
130
461
339
20
234
467
242
144
426
483
6
504
307
255
376
563
121
250
523
523
100
252
363
369
38
509
225
75
128
15
200
312
150
424
512
154
197
214
169
63
23
129
209
224
496
209
322
100
25
67
500
155
62
341
340
261
192
530
150
530
37
286
180
93
523
540
541
566
400
555
347
166
121
515
573
169
208
526
196
548
477
254
309
72
218
195
60
150
496
208
429
445
541
331
437
307
522
18
423
326
108
489
381
384
427
154
238
532
311
252
197
348
84
159
537
283
438
335
287
278
38
42
374
92
558
271
88
308
157
235
533
491
59
391
400
20
255
276
20
555
380
444
136
379
252
322
86
184
302
301
250
330
440
516
177
509
54
493
4
372
67
213
412
501
132
215
332
260
79
215
168
305
143
569
317
371
339
532
140
153
555
2
61
339
122
215
507
359
454
419
305
318
244
129
501
115
58
566
157
218
319
322
530
260
303
385
521
422
32
512
491
84
133
104
85
278
231
469
574
278
439
144
362
383
172
449
103
334
139
60
213
349
358
38
202
373
115
390
24
438
2
431
354
157
466
30
70
271
340
250
329
365
61
504
190
371
52
283
38
89
424
82
218
210
204
567
417
545
437
73
518
319
49
53
84
194
543
17
523
7
300
67
411
405
404
274
215
10
122
7
366
531
68
39
510
447
432
405
218
229
486
353
444
347
242
302
574
222
554
148
429
107
147
103
540
153
482
4
88
133
274
554
326
328
540
210
499
127
55
154
55
570
34
307
334
245
362
247
82
415
406
242
77
40
381
257
122
326
193
356
260
362
430
417
437
400
19
506
136
230
137
190
555
301
271
390
388
249
231
146
327
408
234
483
444
458
178
340
123
260
137
268
232
23
413
275
20
376
438
385
153
116
467
82
276
423
317
249
190
530
544
573
145
437
15
555
206
328
53
317
351
236
48
148
271
250
28
118
467
459
224
179
80
539
123
453
290
232
483
53
490
148
83
296
67
412
430
129
30
216
359
247
17
467
427
529
187
493
198
163
455
180
457
91
334
253
270
96
433
95
438
420
476
485
184
177
91
313
207
179
66
283
440
481
438
203
69
82
546
405
257
343
194
58
528
496
91
0
280
489
245
288
344
116
181
133
485
123
307
96
21
510
571
336
388
432
399
453
261
122
267
280
367
544
57
275
23
464
261
36
10
162
182
213
420
24
557
302
33
442
365
359
399
418
205
243
356
56
65
445
436
243
121
210
118
418
270
232
451
91
337
399
559
414
528
395
555
472
252
522
545
229
440
407
422
409
284
99
328
311
136
490
94
432
392
295
136
156
176
527
467
96
198
457
541
473
541
276
77
33
351
546
308
455
381
472
274
257
0
281
542
350
300
413
4
524
400
343
61
89
332
344
48
331
389
252
403
224
565
194
100
142
274
308
219
60
528
28
367
236
396
132
557
445
346
337
346
82
482
76
407
71
326
302
560
122
346
284
378
224
451
290
87
279
556
396
60
194
564
297
143
492
187
241
346
486
166
463
376
344
272
37
497
65
254
39
347
183
202
279
333
536
536
312
565
555
383
329
98
24
116
294
249
22
544
290
402
70
204
544
57
252
361
362
289
195
537
311
317
65
24
167
445
394
204
270
141
346
100
426
36
365
12
98
10
102
251
15
317
115
162
273
446
162
10
218
112
197
20
435
182
61
18
412
379
102
311
476
181
167
203
252
207
80
520
445
209
209
197
80
9
367
119
118
190
2
95
273
356
413
14
151
220
408
349
129
73
98
299
111
347
283
200
462
61
324
170
293
446
4
62
194
460
204
409
89
336
147
130
279
113
311
413
127
13
85
201
365
82
149
296
425
236
482
490
334
463
16
295
358
426
159
240
469
369
406
418
447
366
519
88
161
177
130
504
94
256
186
508
70
526
33
226
301
103
197
313
558
113
406
251
509
450
450
355
196
498
41
110
537
338
281
161
125
99
280
477
229
226
143
95
498
51
68
16
531
158
96
271
58
490
462
250
516
267
236
292
226
229
401
406
251
402
143
104
356
434
488
143
359
536
75
151
29
199
347
413
311
44
149
313
100
529
194
292
380
271
244
425
460
374
97
519
320
528
516
173
447
380
248
125
550
481
281
26
97
501
292
275
307
73
195
205
16
50
314
542
153
512
448
524
186
125
527
569
187
204
465
508
516
95
84
562
409
14
563
68
434
299
140
373
5
377
209
275
126
443
80
336
572
184
541
105
440
530
65
529
95
248
552
196
255
143
246
398
168
322
562
574
387
101
97
399
16
378
224
414
574
525
495
541
393
568
175
46
500
244
161
270
239
171
348
65
1
508
248
538
383
3
540
298
525
270
392
378
371
497
355
181
518
238
415
272
332
52
204
563
160
368
181
304
187
186
205
376
540
556
432
280
532
319
45
329
179
2
156
125
416
34
540
528
238
410
341
32
511
424
416
47
279
277
279
397
109
209
324
265
518
542
368
518
392
465
550
360
26
464
330
574
14
435
531
221
310
253
233
537
118
69
357
4
186
362
537
226
507
51
426
115
332
237
516
58
122
326
158
488
553
343
62
305
202
55
457
54
527
194
464
42
403
86
360
399
338
0
384
531
503
233
467
341
494
437
43
325
65
238
375
308
465
280
258
2
246
251
467
384
69
413
36
390
221
384
205
512
389
444
38
68
162
355
255
536
32
347
568
348
507
75
300
269
373
502
492
447
84
418
485
75
528
363
49
279
213
237
361
480
425
192
333
245
245
239
117
518
524
382
226
219
235
553
245
35
164
251
183
130
330
304
187
280
159
157
545
93
369
550
235
477
270
80
435
188
280
121
232
337
393
271
537
367
309
273
553
360
334
486
561
89
252
544
518
455
570
541
261
353
454
340
234
65
551
280
101
265
197
307
96
342
555
391
66
294
440
170
206
474
250
457
253
428
308
269
195
147
306
541
256
551
306
20
226
250
128
10
296
178
66
93
196
124
150
158
76
277
13
264
83
551
489
69
93
314
530
286
98
253
131
33
96
38
526
159
428
106
202
286
329
384
160
533
216
141
323
145
488
490
348
58
206
465
532
468
432
104
468
45
179
310
400
267
251
410
354
553
543
546
81
126
500
204
34
137
489
45
506
457
410
341
342
385
323
503
354
336
174
564
413
516
97
73
233
448
33
331
230
99
184
460
62
380
425
511
385
556
52
425
10
440
207
273
536
24
331
503
76
328
281
271
323
68
485
154
245
308
80
94
551
455
376
175
432
276
80
393
435
494
253
135
170
526
485
83
513
491
494
421
92
472
262
217
252
500
174
465
204
335
106
202
269
427
76
83
309
152
11
157
357
489
281
162
153
282
134
94
146
174
556
12
232
272
156
156
249
42
561
235
77
553
568
304
352
47
127
294
551
28
202
293
536
143
410
469
184
497
511
435
458
455
346
0
303
303
20
16
546
272
234
541
551
429
362
480
345
267
523
437
341
539
297
363
153
441
405
292
465
367
342
569
461
299
374
319
251
20
175
365
162
24
112
549
306
77
116
65
399
350
74
545
563
206
256
111
125
356
482
341
166
356
347
204
449
207
31
250
362
252
84
356
146
458
92
362
109
260
11
206
367
200
351
174
225
6
254
461
272
538
482
432
414
160
415
547
345
304
228
406
291
357
406
217
527
139
18
116
284
161
520
216
458
523
395
18
228
275
477
188
471
32
294
424
454
39
165
107
182
380
28
43
540
457
228
496
12
43
440
354
518
441
32
32
284
241
32
86
489
278
125
322
500
90
1
49
113
133
161
62
322
561
415
45
22
480
291
90
478
298
176
304
86
339
214
418
19
43
398
497
286
176
136
509
159
101
62
257
347
490
436
54
486
355
187
537
412
218
24
101
93
481
100
350
15
202
133
550
259
336
1
258
279
522
339
353
97
62
339
134
273
512
112
404
276
116
178
125
470
415
561
310
4
441
285
313
379
323
315
533
36
470
446
252
468
132
182
311
187
284
259
241
290
15
136
401
227
225
268
538
514
560
449
288
69
522
566
368
65
142
383
88
70
522
496
436
126
33
193
373
16
282
70
218
7
272
496
323
206
337
273
124
556
59
297
290
431
84
234
45
568
465
47
140
363
560
138
156
274
540
16
527
229
483
44
87
379
365
309
312
274
409
108
340
333
351
159
63
349
171
244
334
350
10
560
540
553
353
534
492
548
446
336
441
316
200
58
450
351
307
145
185
5
276
300
353
540
235
561
67
19
162
273
525
482
367
336
159
397
43
240
404
190
69
69
230
347
195
507
132
258
5
248
405
9
469
33
159
294
392
340
216
435
321
273
355
132
305
113
510
170
170
273
126
65
381
342
395
19
255
527
124
52
423
131
223
65
282
6
235
302
194
181
524
43
530
532
376
54
138
519
37
480
316
19
436
289
568
428
532
277
231
510
80
334
381
39
424
185
511
109
386
554
299
65
295
531
41
558
541
164
245
145
48
321
38
108
405
445
519
505
549
503
478
275
263
480
326
466
239
28
558
245
269
278
561
42
363
319
45
94
280
220
128
218
56
532
223
225
294
47
507
106
417
538
148
569
226
518
237
558
355
428
159
237
39
226
258
330
153
3
311
342
294
406
409
440
180
114
528
411
54
425
235
427
175
27
496
185
530
481
355
395
235
343
343
472
39
567
430
67
191
311
240
480
73
152
256
402
114
517
438
483
498
209
549
535
383
320
207
300
130
325
508
280
349
567
544
84
67
153
556
566
285
120
375
422
273
216
214
445
564
5
155
182
311
246
545
196
568
223
203
324
248
270
54
311
553
259
61
240
61
445
65
329
360
67
132
248
280
33
51
289
273
510
360
277
426
279
271
533
27
426
238
155
334
477
212
93
434
223
329
217
219
18
557
398
191
554
248
535
249
375
432
145
54
445
362
435
52
294
342
474
311
403
143
274
34
422
89
262
422
436
497
146
242
382
347
138
137
184
477
20
88
311
183
421
352
234
45
405
262
404
314
71
230
504
554
418
353
443
399
382
208
396
59
510
85
43
331
270
59
428
88
253
92
119
249
489
544
347
89
22
188
160
18
455
325
342
230
348
406
62
263
402
48
258
316
528
405
146
343
374
135
20
462
62
309
197
0
462
452
496
463
152
479
292
387
2
388
343
519
126
162
234
153
151
94
559
452
393
117
224
46
556
434
266
328
199
71
301
356
368
557
556
33
209
92
322
4
107
526
121
257
531
428
359
539
320
527
383
274
278
63
434
548
261
93
444
295
84
536
100
347
342
108
454
407
204
186
209
309
175
529
156
270
25
113
135
461
216
299
334
368
426
120
135
371
395
32
516
340
419
59
76
501
81
315
303
60
242
1
185
303
453
251
287
78
46
461
378
5
244
135
320
59
13
123
545
491
500
263
243
545
346
38
362
153
382
228
469
215
90
121
447
439
6
257
497
97
575
290
477
227
138
541
326
231
406
273
469
63
32
558
321
560
392
188
488
200
153
339
533
500
106
558
178
132
392
296
454
52
148
571
125
293
560
548
189
9
252
478
330
13
372
94
273
123
511
107
272
163
237
363
559
487
575
101
307
514
185
360
575
363
266
328
543
555
537
531
386
249
62
20
567
500
207
107
293
285
493
278
512
486
387
423
178
508
160
50
254
433
175
517
321
254
8
559
529
453
141
414
183
488
486
545
516
325
437
5
71
56
161
225
138
189
555
135
426
453
163
253
66
497
29
155
555
215
432
107
310
448
338
335
33
551
432
52
514
252
540
153
567
201
359
11
336
424
136
434
339
34
103
509
364
351
459
256
237
81
201
219
335
203
167
287
54
249
519
46
473
237
133
333
353
211
348
330
23
105
215
188
244
364
164
120
463
125
198
56
175
442
276
174
86
151
459
331
22
111
21
337
11
547
382
526
198
64
436
86
492
385
8
244
59
530
474
107
131
173
92
506
493
27
293
6
212
532
328
208
24
463
246
405
555
459
257
47
474
7
381
392
181
214
434
270
162
557
389
53
99
506
233
462
136
465
435
139
155
562
313
308
370
97
30
555
515
274
515
464
215
366
501
181
454
474
348
347
330
267
345
353
291
369
431
559
214
449
538
30
209
338
164
153
14
20
97
434
221
162
108
444
554
330
402
29
166
245
59
136
314
572
116
237
440
529
64
393
166
167
518
376
352
387
336
555
285
388
318
103
237
433
155
559
302
412
219
450
224
398
441
64
299
177
163
213
2
11
167
327
370
568
203
348
43
39
402
488
47
81
381
257
326
526
32
444
108
202
56
534
287
124
454
46
163
254
572
412
492
228
297
348
203
507
229
191
431
481
387
567
311
516
127
370
98
84
421
329
439
183
214
202
316
42
364
409
299
370
479
188
225
314
205
230
482
478
97
506
325
384
140
507
560
505
463
376
515
154
52
553
311
199
505
213
515
283
308
267
14
189
233
375
282
7
378
362
200
372
446
203
136
202
283
229
291
350
515
393
252
369
441
365
250
49
65
534
446
350
291
375
189
181
346
481
257
247
479
306
230
279
461
211
189
283
259
285
161
39
517
11
344
13
136
451
287
451
103
7
324
553
295
419
305
206
497
88
100
336
526
166
402
555
444
463
412
11
202
375
552
562
97
259
497
237
277
453
346
382
101
293
46
509
343
155
95
393
2
325
433
356
41
240
200
196
299
337
575
201
211
266
345
117
405
192
337
212
483
109
154
512
288
201
529
236
268
411
31
315
141
516
548
283
520
208
106
296
540
483
65
107
47
131
3
402
532
572
513
188
78
459
231
28
485
486
524
353
473
504
315
122
112
568
558
162
302
559
495
492
0
371
258
80
519
63
78
325
386
153
521
574
452
79
31
444
60
282
321
303
330
567
530
312
143
521
556
317
22
270
420
43
501
75
280
155
557
316
42
418
351
277
38
45
325
495
155
277
32
42
343
240
402
312
280
134
106
510
530
82
142
219
430
410
405
318
211
134
399
412
426
208
134
230
141
526
560
528
443
363
80
318
38
0
39
261
414
512
247
352
138
200
149
356
447
136
140
560
80
284
473
24
325
275
305
88
281
44
109
322
13
343
258
528
334
534
316
75
524
309
268
405
95
210
54
492
236
483
473
268
352
174
573
348
141
9
571
272
456
296
550
520
344
468
169
377
124
298
244
191
535
88
480
340
372
348
113
515
219
541
364
181
490
530
563
308
59
384
154
485
473
172
91
373
33
130
423
47
294
505
467
508
327
571
179
249
456
385
392
481
326
274
365
474
333
139
91
290
522
399
8
229
456
59
454
350
413
47
347
212
280
378
33
211
559
243
403
395
6
507
53
262
229
359
322
103
373
555
416
215
208
363
169
451
387
212
10
315
294
68
515
263
497
181
322
98
547
95
255
78
91
388
230
25
39
29
204
227
496
261
155
110
53
153
85
468
525
401
275
468
294
265
563
512
18
11
68
481
96
368
347
223
274
242
11
103
538
442
66
511
344
325
403
568
316
160
569
277
570
270
174
219
171
115
50
263
186
447
507
461
235
314
161
68
507
572
388
66
11
255
223
103
352
259
379
60
447
175
95
555
314
454
141
133
536
567
65
404
537
75
376
219
357
461
40
27
149
304
179
289
258
479
427
106
196
74
563
389
76
106
193
545
537
386
59
42
237
507
294
485
179
120
52
3
531
558
200
481
552
547
5
222
143
145
427
17
204
564
24
20
318
11
201
93
349
515
253
263
520
36
204
100
25
192
204
515
293
181
243
112
554
373
507
47
373
564
144
451
105
180
521
325
528
436
133
204
88
303
376
145
13
0
533
298
364
520
68
446
159
125
538
249
291
454
176
381
69
564
379
451
192
358
377
386
355
538
366
173
219
400
419
243
213
316
96
555
439
493
96
181
75
327
410
488
231
318
470
367
427
323
499
357
23
207
67
394
161
152
63
303
58
74
249
38
393
152
552
162
422
233
466
45
101
370
249
63
232
230
425
18
396
251
205
101
484
230
9
560
159
90
102
147
15
575
357
164
536
25
75
554
51
541
458
108
129
410
258
258
492
219
290
219
180
420
573
369
208
201
293
120
53
323
557
205
473
34
573
410
162
406
99
414
464
256
6
40
244
135
535
0
415
120
239
556
299
117
107
73
385
288
219
271
561
408
66
466
260
135
442
516
226
381
320
380
349
426
90
395
271
491
118
385
409
270
413
261
538
74
554
406
241
215
231
360
177
279
479
327
102
283
6
451
64
333
60
343
19
84
507
378
513
239
6
376
332
218
213
225
287
109
350
34
561
19
106
262
25
51
257
78
315
211
143
370
166
302
562
177
120
385
228
439
115
344
25
232
485
310
222
555
164
223
90
484
411
133
315
492
45
6
448
553
383
331
319
224
265
288
39
282
514
280
48
374
25
214
229
442
494
82
64
470
17
179
388
154
115
160
309
284
382
368
323
165
153
64
201
90
283
302
248
406
71
133
95
222
147
363
493
567
144
258
204
405
545
61
468
296
212
93
95
257
520
319
326
481
22
431
414
383
350
309
286
312
463
144
402
534
236
556
237
401
402
259
37
131
133
508
420
64
402
205
19
101
25
264
215
474
149
70
492
71
493
409
511
481
516
496
82
100
344
143
468
88
286
575
0
344
168
181
555
484
349
482
388
352
162
139
182
152
256
178
114
126
39
572
491
330
149
333
388
278
29
113
564
516
526
450
69
567
392
393
258
194
204
289
212
496
314
229
128
225
440
575
483
247
259
459
496
547
331
550
32
153
374
278
209
333
531
23
343
575
1
81
52
351
277
262
334
536
393
172
216
165
400
201
259
138
240
116
380
240
561
227
84
514
227
203
100
126
154
41
373
69
382
153
563
429
19
324
536
378
264
498
451
129
106
42
393
404
420
397
236
227
397
237
138
180
384
75
566
233
480
384
358
171
154
368
380
142
16
307
510
193
84
120
362
268
457
362
398
74
560
261
4
301
535
492
373
176
413
117
321
441
58
223
114
42
149
518
425
36
91
360
255
103
380
25
178
256
200
231
331
349
187
109
105
442
158
212
165
252
506
100
16
386
219
386
19
161
31
436
365
36
426
486
149
149
178
444
163
413
239
321
92
473
356
82
165
138
273
306
449
151
469
29
439
187
83
239
544
99
323
484
373
447
163
16
199
370
118
422
53
115
307
449
46
407
242
302
500
186
493
70
200
263
58
183
490
461
467
17
219
214
362
324
290
377
38
563
290
106
157
394
422
445
511
65
538
220
340
265
348
300
79
106
572
331
221
289
305
452
186
539
153
247
439
36
131
469
418
290
31
409
95
220
85
23
151
353
480
62
61
407
18
574
235
141
398
307
41
487
454
307
288
103
8
193
53
238
76
378
125
439
70
401
349
570
69
384
566
438
560
507
261
264
366
52
138
520
162
163
239
368
235
129
165
407
103
402
297
243
552
549
67
357
55
323
228
323
318
456
476
542
174
530
106
238
565
176
330
149
264
122
338
495
133
353
518
495
541
394
528
445
294
238
334
97
356
314
537
168
46
17
431
343
389
219
345
167
530
155
321
66
106
552
248
509
371
306
296
364
165
500
136
444
330
36
549
9
513
273
433
287
228
552
537
541
462
307
419
135
299
186
56
230
158
165
570
345
63
206
143
43
120
409
82
6
371
418
395
403
453
19
54
339
574
370
101
437
465
33
19
385
438
232
549
216
27
232
214
537
403
375
530
305
264
477
433
280
345
130
552
33
428
311
185
110
427
9
52
114
396
365
248
322
127
111
144
186
537
211
561
247
169
177
457
290
147
118
574
276
489
546
119
256
35
429
537
251
168
214
353
41
271
470
122
160
443
230
407
86
237
333
162
114
330
178
19
389
377
316
488
450
392
190
105
550
297
41
443
511
409
486
381
280
507
158
486
36
45
208
573
138
375
145
297
340
410
336
9
418
81
376
436
555
36
16
405
244
220
302
186
100
536
296
29
204
138
194
349
306
338
418
554
327
552
216
365
247
249
120
510
254
413
479
476
80
462
246
199
35
159
352
510
0
432
223
94
292
574
428
25
386
414
401
30
407
179
531
428
517
349
0
272
251
124
179
196
176
71
145
495
135
57
168
229
246
445
94
73
80
286
293
243
383
90
222
330
173
529
476
259
250
465
101
462
339
115
102
97
159
87
172
311
360
11
63
546
62
257
242
246
222
151
192
175
392
352
374
463
345
352
1
397
444
252
287
523
572
299
519
434
491
72
337
556
457
423
176
158
386
7
342
457
5
552
399
116
424
430
512
197
156
244
190
90
337
551
13
322
374
435
223
97
127
202
527
211
453
490
184
421
3
381
548
233
323
297
90
401
551
204
171
7
515
316
67
480
53
203
334
296
248
199
475
70
453
223
301
333
31
444
353
11
498
467
224
213
220
210
347
458
370
564
439
203
44
353
310
424
64
284
250
474
114
411
289
505
38
438
134
22
40
267
438
387
9
458
415
7
413
308
158
506
87
101
194
76
239
62
334
131
98
239
321
449
343
391
337
46
124
296
504
296
128
460
282
168
292
9
341
264
558
251
430
106
326
132
218
123
327
5
309
222
113
485
158
42
121
9
494
151
381
272
476
424
320
268
439
531
98
312
537
261
58
16
510
270
310
563
522
262
203
40
121
252
453
145
110
552
172
453
230
215
90
556
218
327
570
358
303
552
11
195
507
467
366
202
74
273
332
99
262
281
189
467
575
549
557
457
442
9
299
35
32
190
410
570
482
542
116
415
302
472
3
146
57
169
18
259
105
239
84
462
218
178
2
70
124
563
42
198
366
428
481
349
68
8
229
556
460
466
48
48
88
16
421
522
540
395
507
511
58
82
47
447
487
453
543
335
260
209
574
482
82
175
182
487
218
452
68
549
172
66
274
265
305
275
56
22
27
462
229
209
182
570
20
255
291
169
109
32
311
479
70
156
3
252
426
316
429
299
100
175
543
330
311
358
326
124
390
565
140
100
302
22
66
85
251
561
214
504
381
175
100
143
105
270
404
5
11
85
212
281
81
173
423
468
124
132
140
32
431
539
415
466
146
214
327
438
320
415
263
551
56
332
431
69
274
280
219
34
56
114
372
422
150
562
468
82
124
488
526
556
320
279
503
99
531
137
349
108
166
223
378
75
574
264
397
49
340
241
452
479
412
390
376
281
513
474
75
370
199
449
566
47
119
13
211
0
117
445
63
273
189
447
359
411
307
112
445
466
52
373
27
349
130
182
565
310
426
507
110
211
130
82
495
71
447
393
501
378
0
71
574
72
227
138
466
466
18
531
125
129
146
279
244
215
299
339
77
359
166
148
34
142
146
385
266
239
123
73
276
189
194
280
166
448
564
38
320
554
276
87
207
561
43
432
11
90
200
117
35
339
19
168
210
440
249
40
347
540
87
251
63
350
145
560
376
401
212
155
277
520
74
434
264
535
566
8
202
552
157
202
531
59
316
107
92
315
360
107
199
566
84
77
235
497
469
12
127
348
250
183
347
237
47
462
260
63
511
207
96
62
97
512
258
569
468
414
216
149
158
452
79
571
120
339
501
545
162
153
97
401
288
457
568
162
269
50
534
74
82
355
515
483
263
173
76
387
44
49
487
62
506
501
3
326
531
315
276
110
399
502
285
249
531
264
568
303
552
63
314
347
338
401
133
364
246
521
24
77
250
214
367
261
477
252
393
297
170
74
70
367
275
170
164
257
350
511
307
140
246
466
514
252
479
57
368
557
76
111
129
309
28
332
314
337
466
281
227
548
174
473
388
278
224
286
15
13
150
401
221
280
274
337
509
163
74
257
80
28
488
290
364
140
469
341
359
90
301
343
52
401
125
44
425
133
69
481
191
378
12
227
145
482
252
22
561
280
378
217
474
40
84
12
114
474
237
431
486
545
43
262
486
367
320
54
217
29
545
541
216
70
64
238
116
93
379
405
153
85
19
197
217
359
205
203
309
270
58
280
489
303
290
390
147
111
159
45
246
335
205
96
44
193
27
399
379
269
558
490
293
358
203
193
261
567
487
326
297
387
216
297
369
210
541
294
233
490
73
483
346
313
170
114
572
424
135
536
206
165
341
374
431
561
405
134
10
217
129
528
250
64
90
238
9
11
435
470
434
402
559
202
188
24
426
105
471
473
84
22
265
191
134
303
537
515
7
368
431
81
277
308
44
282
156
314
319
468
517
490
532
483
309
67
94
332
265
323
114
520
564
155
256
379
135
312
110
392
532
570
379
102
544
248
207
502
349
0
572
15
398
476
306
170
391
173
77
367
192
166
49
175
105
9
472
78
404
21
23
418
269
380
124
448
562
418
202
316
94
511
174
215
541
33
61
261
462
527
506
561
399
313
144
176
473
30
490
399
549
568
568
310
409
389
559
77
486
335
386
55
294
490
389
173
484
247
472
244
572
427
244
169
571
132
202
561
537
339
198
416
476
469
201
394
319
2
128
453
404
523
205
15
570
452
23
335
485
404
23
391
469
294
206
36
492
105
355
163
573
558
335
476
466
198
235
8
322
30
429
489
236
571
151
420
11
486
433
509
96
246
328
486
80
280
527
502
208
548
176
184
56
430
328
107
416
315
444
304
78
174
33
348
2
380
245
255
235
304
68
238
268
344
325
373
193
288
344
516
190
100
380
154
220
44
68
547
230
536
84
20
360
356
226
192
347
314
561
480
401
373
309
487
205
230
119
277
439
292
86
66
362
451
128
374
190
82
107
535
486
265
44
312
326
53
61
139
299
199
163
541
496
362
260
328
2
199
177
428
461
572
395
123
100
174
377
119
78
405
201
73
390
546
105
291
256
263
426
130
358
549
142
393
370
49
63
251
424
405
202
286
523
367
477
81
315
176
41
236
487
385
556
273
349
248
327
243
77
198
454
393
278
334
473
461
508
158
120
236
256
476
55
198
147
173
416
565
440
506
164
498
571
27
335
172
164
327
396
483
156
548
446
33
312
498
156
305
463
350
562
247
507
278
119
107
177
137
91
154
375
306
383
374
484
18
246
208
397
303
255
231
312
130
560
179
52
3
75
143
245
478
206
273
461
366
49
317
259
68
269
272
398
422
307
549
317
222
439
326
143
307
506
61
51
480
300
453
379
189
412
110
567
68
356
348
358
303
272
448
561
389
234
300
6
188
225
287
19
514
47
478
552
383
307
204
538
12
23
307
105
232
465
569
389
271
264
108
564
23
53
141
318
13
74
568
273
1
245
12
562
483
566
182
472
243
63
427
398
41
328
246
216
466
201
547
52
542
56
333
374
154
57
330
66
416
469
118
291
160
188
347
269
401
401
41
384
464
173
547
547
484
403
335
554
353
42
548
127
346
151
149
444
118
91
442
533
222
409
497
97
306
378
97
139
380
356
247
543
141
38
273
84
301
239
345
466
42
1
103
450
566
73
571
402
567
45
378
451
292
113
123
235
219
476
102
499
521
371
341
242
396
231
328
158
35
484
305
20
265
79
185
565
20
501
403
538
390
535
542
128
494
73
354
243
139
390
483
392
372
372
556
450
224
35
73
495
452
168
200
436
104
60
145
555
76
413
329
330
454
409
549
452
280
16
546
553
203
252
542
556
418
482
542
59
307
497
495
530
384
365
513
69
557
443
368
549
535
47
205
518
164
162
521
395
400
297
409
246
27
275
165
218
286
385
91
8
476
153
497
479
228
505
305
416
398
260
535
473
437
318
290
482
106
116
123
285
297
38
34
135
370
529
433
187
470
260
563
516
362
519
119
80
140
105
207
566
17
452
557
141
550
92
431
354
123
552
573
41
111
165
127
119
449
525
100
361
99
105
415
180
170
330
235
124
34
397
550
170
163
409
59
141
486
570
487
201
57
391
270
111
512
256
59
202
305
477
398
495
204
256
39
229
6
14
415
514
171
433
411
398
275
575
209
570
187
532
318
379
35
182
396
464
420
575
546
165
532
422
473
170
517
402
364
1
39
162
236
235
131
484
123
505
454
366
358
463
376
165
38
188
73
354
182
156
104
285
504
547
340
25
516
200
498
362
557
112
56
23
104
189
550
339
217
82
454
528
290
297
500
364
42
127
453
359
18
393
209
251
354
465
318
238
534
88
518
355
540
564
19
372
193
437
285
318
76
503
159
64
297
272
372
393
125
208
328
271
304
456
231
149
247
285
392
74
238
149
568
392
148
363
287
274
518
336
374
362
228
496
450
359
223
238
484
413
410
570
515
312
381
439
161
515
263
451
40
498
207
524
539
254
96
515
189
407
382
277
33
340
76
189
482
490
448
431
535
440
309
263
223
152
413
77
379
561
77
319
116
110
566
568
320
7
495
287
1
263
308
440
245
541
507
386
147
23
311
426
206
513
325
39
318
297
478
250
483
354
16
39
371
386
498
88
207
76
343
229
251
318
40
420
105
130
420
542
343
451
296
245
147
72
95
382
524
68
344
358
160
69
94
475
375
237
325
67
7
146
569
229
51
138
539
530
318
33
405
420
236
143
348
410
152
286
124
407
25
524
463
485
187
28
507
347
348
566
322
421
300
144
328
453
381
39
461
400
287
319
495
457
172
195
33
405
490
358
270
222
522
136
85
124
296
559
400
106
116
507
272
470
489
286
148
309
88
5
454
218
67
55
136
435
485
234
322
224
148
29
286
455
8
188
32
394
303
523
561
126
119
521
360
338
369
565
205
364
110
336
217
137
402
405
219
306
72
435
210
344
536
404
354
572
121
126
422
41
293
324
572
282
354
516
260
200
539
191
486
381
324
331
138
497
509
534
305
31
311
260
119
59
212
108
139
67
95
568
465
160
40
80
495
38
93
521
402
332
264
212
413
205
207
100
554
365
94
414
122
248
410
37
381
369
414
270
40
383
175
232
152
447
5
378
142
234
119
272
145
377
227
414
176
565
304
114
102
163
150
443
222
465
236
249
270
350
126
217
237
245
80
462
12
300
513
212
277
367
328
180
450
210
321
356
308
475
523
487
310
565
365
266
369
369
508
276
124
252
183
468
316
88
106
430
421
440
77
513
100
111
357
421
3
155
102
124
298
105
565
254
327
440
180
397
293
526
215
154
403
373
493
364
478
485
146
105
100
123
404
23
93
567
145
140
359
468
286
547
536
124
524
396
242
31
54
77
187
253
410
220
252
400
327
32
424
187
233
384
254
470
286
571
203
427
11
209
163
233
447
188
266
98
174
162
411
506
250
185
570
164
58
261
297
192
466
522
526
344
203
184
93
505
402
176
203
194
88
226
158
400
160
129
362
364
403
420
306
285
13
309
166
309
37
98
125
518
473
470
188
320
291
470
98
411
299
99
13
376
43
366
288
97
162
235
488
82
429
223
573
326
143
117
371
142
279
372
362
32
13
510
13
316
103
402
301
52
365
403
3
516
128
489
242
407
73
366
320
461
77
296
546
139
394
332
114
5
498
310
335
253
93
203
500
139
519
252
198
518
493
113
126
385
516
71
49
452
385
476
57
110
11
326
371
486
528
119
198
71
540
146
140
292
334
377
401
321
508
49
339
26
144
276
295
488
104
287
87
565
94
183
206
153
37
99
360
156
317
41
128
49
381
521
306
575
130
294
516
166
20
49
228
486
109
219
454
125
342
546
173
454
266
349
360
156
326
518
183
500
157
81
222
432
186
158
79
228
575
204
556
445
368
422
448
3
266
184
351
280
168
64
496
287
10
92
433
334
406
87
20
501
394
544
258
276
144
33
207
563
485
190
334
437
206
191
114
562
423
397
130
560
102
81
526
297
145
542
504
130
470
241
486
6
312
270
565
340
85
501
308
294
414
519
130
298
461
0
303
235
22
428
23
1
62
421
283
191
23
102
114
121
245
43
401
266
540
73
104
495
408
260
110
519
492
416
424
405
253
259
531
460
286
99
470
518
239
409
142
38
29
55
304
299
438
25
267
247
534
261
110
531
525
445
543
326
43
437
57
312
62
535
130
258
519
307
519
10
83
176
41
1
18
4
267
345
374
268
12
207
568
394
492
294
179
394
408
167
357
247
325
575
3
113
367
195
402
102
216
81
387
117
71
300
511
287
507
285
501
411
201
157
191
487
396
139
318
458
473
425
81
280
191
224
235
230
285
39
254
208
503
241
103
50
337
55
510
193
482
30
400
50
308
55
514
199
538
551
500
279
99
91
167
533
362
195
349
562
419
140
279
552
349
3
270
522
493
234
99
143
476
259
179
139
421
461
67
265
494
430
78
96
426
238
209
541
190
13
557
197
572
92
182
544
423
119
304
410
163
99
518
550
462
126
551
160
66
211
354
153
74
423
83
374
100
213
4
184
265
426
342
536
312
167
14
388
163
145
449
21
518
213
436
389
409
124
87
4
129
460
416
141
259
88
36
394
16
21
545
91
415
10
291
184
358
555
476
104
572
575
385
519
397
160
436
159
238
48
385
567
208
181
206
382
80
511
430
145
238
149
271
291
487
327
346
521
403
437
383
348
141
278
409
539
326
222
310
356
553
397
193
96
421
84
179
527
567
70
160
477
190
433
337
519
345
240
105
141
38
86
531
392
117
482
494
386
454
529
278
360
261
456
549
269
34
332
223
562
518
345
148
171
542
108
269
444
9
91
75
141
262
515
359
411
301
57
181
485
358
197
215
251
89
522
55
74
303
548
72
279
30
141
131
546
567
522
433
425
81
261
519
395
221
559
232
557
26
527
425
272
96
35
503
455
295
189
455
474
392
63
288
180
363
529
502
249
472
294
475
195
340
362
272
71
74
158
133
505
494
12
333
542
219
482
130
522
442
574
486
387
160
544
263
197
535
189
151
338
503
100
64
450
358
148
351
36
358
219
64
303
465
28
342
28
339
250
494
159
508
539
29
393
252
89
381
285
130
151
527
432
181
323
2
454
457
245
424
142
31
171
405
71
431
57
357
270
192
291
567
304
203
494
37
38
263
257
133
38
261
156
135
457
137
66
142
156
568
327
52
262
537
187
203
527
466
417
470
66
418
414
165
193
247
70
290
425
511
532
267
296
138
410
351
522
473
371
218
217
143
104
148
187
144
392
162
142
201
477
17
345
391
24
520
465
292
308
97
454
545
482
177
215
168
433
296
390
470
400
519
400
151
511
186
542
206
391
360
115
254
189
391
513
140
22
125
0
390
81
217
363
60
494
436
243
27
245
90
425
274
467
20
439
308
474
52
523
168
337
414
131
173
129
427
226
465
200
362
283
494
23
121
474
511
193
357
162
266
190
22
50
275
254
46
293
489
180
128
86
233
405
254
337
363
303
324
124
208
354
53
310
352
427
566
553
137
502
431
519
457
338
238
473
385
549
183
40
11
121
540
346
393
473
414
296
473
507
530
283
455
150
125
221
257
334
68
287
354
79
156
179
299
302
574
346
524
542
555
31
463
121
540
67
537
121
323
177
86
8
470
26
365
152
542
201
547
566
4
451
403
571
217
375
36
522
15
355
451
2
66
407
282
83
477
249
493
410
298
554
431
304
261
346
431
544
265
462
249
272
514
543
2
414
68
317
78
152
475
355
189
529
317
41
12
286
409
422
116
366
312
43
24
178
87
233
48
360
307
77
294
571
364
475
464
479
477
201
165
57
529
532
383
133
145
332
507
173
465
345
354
110
161
36
474
413
370
469
325
163
204
219
444
527
307
265
188
548
334
466
343
568
298
300
86
369
329
191
339
324
57
251
71
546
90
251
165
295
215
261
39
379
532
210
516
17
289
335
140
519
150
556
68
228
83
43
522
405
477
519
251
442
470
51
214
10
109
206
215
86
34
207
204
390
463
172
502
137
39
556
556
132
519
167
410
459
88
524
51
487
419
330
83
438
52
405
443
204
511
382
277
344
256
216
550
223
214
417
321
33
361
281
470
92
92
39
561
162
438
275
226
145
43
32
461
438
242
340
212
360
289
150
207
328
367
475
545
300
467
19
569
312
282
514
189
173
345
32
153
333
559
111
394
529
486
96
64
532
501
311
109
550
134
162
197
300
333
39
537
79
120
199
468
60
98
104
249
379
283
158
209
12
251
353
346
39
401
250
295
413
373
378
16
75
124
275
268
28
361
484
551
278
99
312
366
92
64
121
286
325
38
480
366
60
340
23
92
33
449
337
180
153
69
467
134
51
483
121
573
258
64
194
288
439
401
404
451
569
356
209
31
406
358
317
361
446
124
124
253
524
373
374
163
325
451
475
184
481
470
143
522
423
179
312
536
25
442
302
1
546
137
557
211
18
259
25
275
349
337
534
229
505
55
34
360
348
556
470
291
289
522
90
320
230
259
368
542
384
530
377
57
32
6
111
120
297
106
79
32
192
462
137
293
22
140
4
102
559
557
559
358
193
229
68
476
419
225
512
3
226
237
169
449
102
3
276
548
36
529
28
51
560
531
495
433
172
335
293
349
301
283
122
254
425
392
193
140
343
254
66
392
309
483
169
172
214
505
340
389
473
396
165
403
358
106
192
312
134
375
9
255
557
199
188
304
242
204
403
34
120
80
527
62
466
513
357
250
450
346
91
218
523
91
423
51
351
462
8
211
214
142
481
527
149
454
320
12
339
37
354
245
6
452
431
65
384
369
304
170
339
159
16
235
440
287
135
254
345
257
118
362
418
128
274
128
289
25
249
38
16
549
71
413
549
310
575
77
144
95
392
511
8
341
520
413
460
307
226
182
347
68
47
372
282
539
314
535
245
325
475
46
28
356
517
13
31
503
369
454
207
242
36
9
457
10
416
438
140
47
310
159
349
307
22
116
309
53
433
346
247
325
316
1
222
247
118
119
230
30
402
307
268
131
511
105
95
234
481
251
476
402
128
121
236
191
217
435
88
241
348
468
72
38
403
47
131
56
295
357
482
331
412
280
473
258
453
208
243
238
468
69
520
171
230
384
545
17
569
493
265
89
575
174
372
371
205
56
181
1
392
493
397
66
305
492
343
72
343
326
528
392
570
575
65
186
320
112
143
368
326
195
487
303
73
273
265
25
202
365
534
191
514
461
181
251
13
181
464
284
403
136
111
270
435
461
130
310
392
130
95
466
559
305
409
372
243
122
55
67
399
26
503
470
418
98
372
435
473
468
406
333
201
116
108
549
417
533
107
233
220
81
521
544
238
514
276
181
423
59
230
394
496
40
498
459
410
154
328
202
241
149
559
401
55
159
426
28
117
344
277
81
356
126
108
346
288
20
30
67
505
68
201
423
396
45
206
442
192
11
561
414
195
350
356
206
75
419
343
466
3
228
516
180
372
201
223
107
17
300
167
211
528
566
333
20
180
263
176
176
489
49
248
545
552
238
154
114
233
108
266
19
171
331
154
254
61
374
303
528
97
166
315
364
343
571
515
409
409
391
373
52
300
123
481
165
169
496
115
88
413
466
216
84
44
573
512
297
299
145
368
211
544
253
573
168
165
297
77
446
121
547
411
418
409
110
260
373
114
170
325
536
526
457
319
368
7
253
114
448
329
368
276
440
428
209
253
288
74
339
47
21
481
505
275
411
551
104
77
54
156
316
450
412
46
53
257
412
168
28
215
104
453
188
274
296
143
214
543
291
96
231
304
505
454
185
465
337
96
176
247
300
360
137
94
499
464
453
266
92
23
168
435
273
118
57
528
143
93
362
446
445
125
11
117
332
288
19
412
168
273
368
362
89
547
92
327
29
250
177
346
418
521
186
313
113
495
529
559
237
123
144
274
23
494
89
572
206
243
162
427
344
145
435
197
161
560
50
291
467
210
435
92
220
29
161
129
265
273
172
286
61
86
575
361
362
262
46
337
79
177
570
472
501
238
147
483
539
442
560
386
463
284
279
164
137
526
562
458
246
429
518
233
517
253
442
548
436
432
552
161
350
533
516
544
562
244
321
282
21
97
237
284
329
347
21
479
241
261
488
451
393
156
540
473
338
326
50
428
472
250
17
79
192
207
163
111
250
110
244
510
313
415
157
154
279
311
194
6
270
135
197
549
385
56
176
233
502
284
488
462
171
284
311
365
261
35
143
197
500
425
252
235
86
173
397
462
415
339
514
4
29
192
403
162
178
157
290
556
146
203
322
18
425
449
448
317
120
498
175
562
62
432
5
280
33
248
432
526
368
302
235
41
44
340
193
457
522
544
115
28
147
263
464
332
243
455
494
139
210
120
428
120
46
61
516
325
62
78
406
501
519
488
85
544
100
262
56
443
132
43
302
228
387
443
406
313
338
441
114
192
333
505
385
10
41
399
169
417
17
17
31
253
556
276
7
91
274
529
556
13
108
517
272
374
28
308
573
521
75
62
311
70
62
139
294
231
513
128
274
18
297
452
74
131
313
423
333
480
393
404
260
367
455
203
360
512
163
474
395
10
383
499
326
256
439
476
151
397
135
550
238
240
435
459
231
367
448
178
42
54
171
82
462
336
441
329
82
91
562
248
133
507
382
21
242
540
219
31
40
459
388
367
109
103
126
501
139
442
447
508
479
491
157
554
139
70
326
508
90
514
211
192
23
447
98
520
116
459
524
373
412
144
85
226
570
407
273
319
448
450
385
552
89
143
222
425
476
322
127
487
483
349
28
570
502
408
448
226
408
402
92
98
461
556
536
98
287
379
443
224
559
563
570
166
70
412
120
567
240
572
133
442
372
348
246
423
475
408
152
44
24
203
475
510
418
263
150
67
102
216
461
373
226
287
203
439
26
137
466
376
134
166
559
139
412
35
17
462
226
152
569
205
134
82
80
243
24
366
41
430
332
202
553
398
346
232
467
43
93
135
447
224
548
194
421
23
67
173
200
112
66
336
573
417
62
378
205
339
49
46
173
98
391
92
566
154
449
279
81
548
210
314
366
398
530
244
58
533
19
313
282
470
95
133
379
76
30
313
526
409
365
401
449
173
194
102
534
58
127
290
83
352
419
71
575
458
108
378
504
166
486
359
539
403
151
339
144
507
257
403
284
25
440
555
474
555
467
46
476
189
30
342
490
57
285
178
282
45
394
521
122
465
101
507
290
136
123
127
423
271
63
349
69
284
422
171
221
256
367
95
192
70
326
75
242
285
389
367
110
328
259
153
349
19
292
570
65
338
243
173
538
456
393
347
162
475
328
187
270
103
171
92
222
166
68
301
57
525
92
387
320
135
338
38
25
534
332
373
574
485
259
474
419
153
407
443
562
282
485
443
64
509
385
152
245
111
289
259
376
426
377
132
15
490
445
127
158
197
326
211
134
173
330
336
173
77
232
44
38
378
336
473
233
195
157
440
329
514
255
109
17
171
529
554
177
353
430
255
195
418
470
352
408
221
128
440
495
439
443
301
32
387
50
193
72
500
272
476
511
479
523
447
430
172
307
122
144
128
211
549
475
253
111
2
574
492
491
49
65
510
522
420
209
441
563
313
408
308
308
527
519
172
415
134
172
352
287
461
224
36
222
241
482
17
321
214
427
387
303
400
561
216
248
479
257
418
326
1
3
549
72
143
63
409
61
531
415
424
498
46
259
49
180
204
17
229
211
297
57
254
224
324
553
63
128
528
94
456
46
267
426
572
5
377
103
311
275
426
30
68
543
460
506
443
258
452
248
484
530
153
373
328
158
328
68
346
276
27
157
560
153
86
477
81
126
21
32
344
209
100
253
539
39
299
163
314
335
303
454
431
281
349
284
475
302
46
506
257
230
294
193
281
522
397
434
461
30
74
264
343
21
246
58
370
21
302
36
81
257
287
223
85
352
193
448
284
98
116
326
534
551
173
185
498
280
217
161
232
379
380
529
63
163
75
370
322
301
550
92
40
332
12
326
424
566
176
212
249
301
336
157
218
418
452
444
460
66
1
148
192
278
173
550
220
228
233
102
569
58
0
206
3
218
446
267
458
324
92
209
459
349
257
72
191
257
221
18
266
290
446
137
447
546
238
138
530
554
132
45
323
193
261
529
62
140
87
562
554
363
495
345
562
104
93
478
554
445
193
50
366
383
384
102
73
512
127
319
38
543
319
121
474
257
314
342
133
239
326
234
253
338
280
519
74
35
519
533
415
346
445
294
482
308
468
545
146
221
420
393
426
276
63
280
341
268
55
2
308
304
502
449
169
242
223
429
399
401
167
85
91
303
344
477
571
415
561
387
112
198
22
119
573
494
290
218
220
217
247
141
334
413
445
115
537
569
36
125
109
63
445
133
67
457
76
88
290
383
27
458
343
506
328
115
445
84
225
304
30
162
350
463
384
287
499
254
182
410
397
189
62
420
141
29
339
569
26
63
362
574
72
97
61
476
54
297
487
351
109
15
276
225
241
150
318
387
489
493
14
447
286
201
30
421
93
304
507
232
83
476
434
411
536
129
457
117
489
150
520
97
6
190
216
485
174
455
454
569
437
326
15
195
137
458
488
440
0
530
200
12
395
294
18
178
277
494
439
50
5
167
412
300
430
192
380
55
378
300
448
399
334
8
455
211
244
323
456
421
325
561
507
275
407
353
333
418
295
316
261
165
107
449
127
209
0
45
39
499
211
293
50
235
230
513
262
388
495
85
334
232
572
392
557
225
243
327
479
354
572
364
529
142
382
167
149
312
74
38
129
74
543
491
199
551
493
80
481
4
6
352
566
317
340
221
35
472
395
559
396
219
246
251
158
372
115
367
516
92
190
327
57
164
478
188
385
183
234
10
247
187
334
176
64
488
134
380
352
338
441
573
215
214
388
360
300
549
247
435
186
272
516
139
251
452
551
319
159
63
111
403
274
199
502
372
59
193
81
14
234
468
312
247
4
471
21
139
116
382
365
400
295
567
316
286
118
45
243
134
392
382
412
194
461
251
148
236
100
500
493
55
128
195
164
240
200
303
135
572
400
349
445
223
304
17
481
324
89
77
255
128
350
120
357
133
489
299
0
19
139
175
373
5
90
167
489
456
491
134
468
55
544
188
298
409
446
124
453
439
509
240
489
20
526
7
276
154
191
214
294
212
388
559
280
549
401
526
149
139
477
492
385
124
566
22
174
151
137
297
276
222
149
139
387
426
174
173
118
318
532
227
451
184
366
325
122
162
149
252
309
211
435
546
498
299
77
293
138
436
371
559
2
206
541
298
286
181
331
401
149
429
56
272
134
203
253
566
292
534
487
81
77
198
388
100
70
409
338
542
281
105
68
531
465
70
508
371
469
329
193
289
279
84
368
568
217
470
154
38
511
311
344
432
80
445
198
76
210
163
334
152
345
464
537
570
570
377
481
2
20
183
189
264
434
271
128
209
157
230
486
230
243
172
529
345
81
79
241
393
322
409
566
121
209
397
255
326
302
338
465
384
223
207
210
512
154
567
140
259
240
34
381
109
457
567
326
357
469
482
20
281
61
70
401
28
16
357
537
409
209
549
370
366
432
348
351
271
241
25
74
209
124
162
346
254
384
370
61
73
181
568
304
174
205
409
471
237
517
218
214
259
279
444
128
141
554
51
86
398
302
367
264
566
322
395
191
419
551
281
253
477
474
309
205
179
554
517
376
339
235
163
253
179
112
364
15
186
423
253
22
364
474
122
397
485
113
343
477
162
130
396
494
47
364
434
47
485
165
130
26
44
392
12
329
263
405
401
93
440
497
474
162
304
93
248
97
561
15
500
26
186
365
327
87
207
70
560
340
25
128
139
569
281
330
361
2
527
551
491
105
19
275
327
174
365
123
407
100
182
437
54
177
316
308
498
79
325
320
503
385
112
165
110
522
105
429
304
178
254
136
441
313
370
323
509
296
135
94
36
267
385
482
574
219
533
342
51
7
545
465
47
495
369
445
298
496
136
68
51
173
279
353
187
132
433
293
529
82
100
456
463
120
467
360
97
81
342
79
568
372
547
508
258
170
282
55
63
567
557
42
499
212
571
89
441
48
279
253
257
530
235
376
440
533
184
456
505
518
281
373
364
17
70
460
427
26
237
398
66
300
173
240
304
179
536
130
543
432
177
94
197
267
250
516
204
317
460
289
308
37
548
344
398
15
505
75
41
94
512
139
230
182
492
41
544
200
359
340
62
296
527
42
146
275
210
535
222
306
148
257
500
87
52
462
470
472
35
544
239
282
397
487
332
234
446
102
331
342
521
127
168
259
366
496
417
177
357
21
485
127
161
280
544
154
274
126
479
309
336
125
502
4
228
136
98
126
427
495
541
119
298
431
163
395
462
139
113
384
392
346
133
492
465
135
53
215
136
519
111
448
63
231
69
50
162
112
14
197
126
350
145
443
77
330
187
431
530
405
155
400
430
466
201
319
57
517
274
329
552
411
289
366
291
505
10
405
250
307
538
440
528
20
517
268
231
26
474
357
168
224
406
347
505
427
523
398
381
511
119
300
541
451
540
253
465
157
141
74
465
406
102
142
184
92
307
170
323
479
262
245
465
505
451
212
229
175
526
325
229
510
94
14
387
352
127
199
60
232
115
7
332
113
68
20
532
252
194
555
184
148
263
492
197
77
539
534
384
480
245
568
517
406
172
196
125
289
432
347
99
18
450
532
214
457
460
237
408
485
543
41
215
564
255
250
11
154
130
469
297
401
147
472
223
532
525
465
543
225
83
546
179
166
316
511
548
485
199
535
343
68
384
292
489
543
383
323
540
41
456
418
165
406
28
370
182
571
187
424
310
216
151
183
165
470
238
107
35
431
248
558
527
211
248
510
36
250
537
297
316
488
239
307
370
35
151
18
135
183
47
461
181
347
474
277
280
443
211
490
55
361
151
188
2
213
74
400
462
188
423
548
436
482
178
470
137
33
437
61
2
269
424
72
490
238
294
539
116
127
16
280
450
27
424
501
462
421
541
368
141
137
251
197
92
19
184
503
338
448
74
420
542
87
130
288
291
377
36
58
311
366
188
366
453
190
275
22
448
390
458
325
377
417
47
178
20
565
541
460
388
458
348
175
408
365
505
46
441
324
75
430
520
41
204
209
228
36
325
214
420
293
162
514
446
109
489
320
112
33
81
214
404
526
212
454
148
60
52
278
251
423
514
213
428
208
279
443
134
294
115
115
546
495
410
252
277
573
171
171
14
357
22
400
571
186
134
162
52
421
339
432
365
567
389
162
25
198
394
568
490
41
87
135
278
505
238
221
541
338
565
202
341
12
504
121
465
216
109
135
569
477
2
394
48
573
274
566
231
228
211
217
213
472
347
306
519
377
168
505
161
234
61
573
24
373
350
453
388
89
476
329
131
14
169
298
353
504
88
49
234
408
328
483
453
330
387
295
73
384
502
67
384
74
408
155
155
295
303
79
417
477
28
352
494
370
72
79
367
156
544
523
402
199
154
125
178
145
267
128
11
319
328
348
119
432
75
248
317
434
345
18
121
502
398
384
147
121
385
322
250
17
29
71
199
248
62
241
476
181
53
216
202
361
195
167
417
359
86
426
201
92
563
77
250
539
18
460
46
332
114
549
260
47
114
312
435
519
502
363
406
366
247
286
79
423
335
463
504
327
287
87
184
88
202
466
338
294
413
570
352
323
270
202
53
465
220
474
324
125
154
168
526
405
1
443
247
166
11
247
287
20
190
216
202
126
388
449
112
465
364
366
320
105
154
396
105
18
289
73
165
162
477
30
454
466
159
173
239
466
334
75
14
291
28
477
112
330
366
442
178
494
122
31
327
524
266
41
570
552
68
330
345
519
361
114
408
500
180
442
438
324
399
230
115
200
320
573
173
376
238
249
342
520
258
55
523
33
207
453
475
172
101
182
351
43
519
167
326
258
376
407
150
216
572
522
508
60
373
214
351
278
442
250
44
207
163
518
0
522
451
330
173
569
385
415
221
98
39
39
206
507
292
339
87
545
417
241
1
115
332
163
457
324
81
345
147
182
385
398
450
550
344
3
374
90
481
258
13
540
84
318
309
548
16
6
395
563
187
401
263
187
203
206
556
501
321
464
448
362
339
77
180
355
208
543
210
344
434
147
232
571
230
98
480
563
555
66
267
176
206
508
68
44
63
399
365
131
266
313
24
539
140
312
104
332
370
538
67
388
382
352
13
266
193
232
428
564
492
371
536
362
24
317
477
152
298
61
554
121
560
183
344
374
290
296
333
81
478
321
351
134
0
388
47
22
69
124
115
365
43
316
180
10
539
424
277
10
442
17
341
372
382
444
60
37
138
70
551
133
321
168
288
531
321
220
191
548
178
296
31
269
234
502
76
174
446
253
205
65
470
387
86
365
438
277
74
399
284
249
52
239
237
136
57
132
559
294
125
555
345
438
133
411
174
124
279
309
348
430
272
340
155
446
17
536
61
432
85
253
124
251
74
124
379
25
162
276
543
172
9
2
144
254
77
419
289
354
404
551
318
227
263
498
100
512
463
53
169
315
280
515
50
267
12
424
112
104
61
429
84
136
482
356
176
390
396
429
450
186
86
267
339
146
321
411
413
305
297
142
111
179
260
174
272
161
569
181
279
560
534
465
223
313
432
444
567
364
1
278
213
269
151
251
190
514
523
218
417
24
543
124
276
408
15
433
283
66
524
150
549
125
251
417
423
536
522
418
105
492
320
57
158
514
445
314
244
517
556
245
556
220
496
149
163
524
277
161
460
211
462
304
192
397
228
303
292
197
143
524
387
438
309
416
441
145
89
136
158
61
93
462
540
279
66
61
506
528
223
246
29
149
349
309
167
416
111
372
296
318
21
334
352
302
384
433
310
104
554
388
372
101
315
213
311
257
243
482
324
95
114
386
485
379
89
187
254
507
90
318
39
203
445
75
540
450
284
384
388
45
86
563
57
380
115
268
21
345
114
61
386
17
223
547
218
339
364
93
427
194
368
314
161
401
455
530
222
107
339
275
541
74
13
68
512
139
384
32
43
38
93
171
370
40
68
332
233
86
224
101
393
482
537
153
480
268
43
296
195
570
462
187
159
14
40
144
102
471
472
266
541
227
259
533
366
170
387
106
349
75
528
219
238
33
177
491
207
347
236
304
200
159
125
311
200
487
402
388
369
400
521
330
37
98
370
520
238
212
408
25
419
527
304
66
366
57
87
506
90
148
176
30
575
42
182
487
109
289
130
333
455
98
64
164
34
72
65
327
177
121
246
534
251
560
145
227
124
313
422
383
251
177
301
302
571
238
234
491
455
545
370
330
548
117
388
329
53
70
366
7
284
238
239
492
27
486
31
47
422
125
415
77
54
560
398
380
571
46
571
87
356
419
528
360
402
161
249
40
480
400
496
379
107
53
234
502
394
284
238
274
567
402
218
560
289
59
298
232
205
462
152
103
487
480
151
357
540
7
442
436
65
237
308
4
13
536
385
234
284
39
413
484
289
177
308
470
385
383
200
501
354
89
218
164
308
450
194
216
221
356
443
34
123
210
243
298
548
417
319
390
143
379
164
324
187
453
412
297
220
227
315
275
149
103
264
276
4
463
234
100
145
234
408
287
458
547
462
439
305
207
328
370
75
565
3
491
413
514
40
13
362
143
7
463
288
164
353
436
521
173
188
334
519
468
497
224
290
536
542
497
321
160
78
449
400
532
23
40
329
396
203
67
479
518
462
164
429
114
326
568
105
355
10
542
274
200
226
206
236
250
351
429
276
74
78
86
315
273
251
413
331
232
99
527
42
323
518
478
567
114
290
22
549
133
460
465
309
513
145
404
144
367
150
360
567
480
25
362
252
360
74
211
124
252
417
439
389
313
22
67
485
360
447
200
140
287
99
485
38
70
354
198
288
26
553
74
463
85
212
261
95
8
227
73
304
354
467
261
340
259
486
327
483
361
174
562
91
458
375
106
449
109
170
323
22
112
85
387
329
42
241
553
173
217
402
327
126
392
377
562
526
547
136
445
240
528
518
458
229
474
202
320
287
410
303
55
25
212
222
482
524
373
517
73
314
458
133
28
203
38
411
56
450
253
126
28
483
436
363
2
423
553
290
96
557
230
108
463
227
42
521
359
172
40
417
408
248
132
319
330
273
83
325
73
373
561
316
18
102
379
371
321
569
364
450
15
528
449
263
532
122
126
367
292
251
397
460
274
198
131
271
330
306
301
336
173
396
212
398
319
175
285
533
325
79
449
438
99
327
477
207
84
209
328
217
548
476
260
301
125
129
478
99
296
437
543
302
30
76
96
422
263
144
238
94
317
528
537
348
230
351
322
438
161
284
139
243
405
468
241
435
145
482
122
524
226
467
9
217
265
556
247
62
413
518
342
181
38
251
469
263
469
197
152
203
499
78
518
464
15
498
455
431
438
500
451
535
543
495
67
96
318
100
225
226
201
192
209
217
135
128
466
152
379
452
121
218
223
156
431
463
548
250
321
35
132
261
372
460
263
55
89
51
64
144
241
49
449
198
259
521
487
270
41
413
416
574
202
491
570
251
83
371
226
27
345
65
296
521
321
558
53
396
79
424
416
434
364
411
125
486
152
541
10
499
15
20
536
128
321
452
246
108
115
184
88
287
477
298
305
55
465
120
203
204
217
157
35
287
553
509
4
343
535
424
14
543
162
85
381
191
194
574
335
51
115
337
198
19
435
538
326
213
366
480
540
373
381
383
337
14
364
198
300
518
44
275
473
533
243
202
310
184
243
345
306
3
460
548
110
193
228
114
399
492
487
363
138
391
558
157
220
482
114
213
408
492
351
295
183
182
10
241
363
553
378
85
145
492
557
300
281
278
221
497
208
244
392
61
410
233
369
354
285
194
387
160
172
24
269
379
155
406
542
445
555
128
317
186
294
32
445
466
77
320
428
217
54
248
407
234
174
346
3
379
129
208
554
135
457
261
237
233
292
324
452
92
61
427
157
263
555
476
40
158
317
110
304
271
566
63
386
218
451
112
97
282
98
325
531
570
19
526
504
512
18
47
42
56
310
470
488
428
274
23
48
151
456
246
381
369
473
112
212
409
62
211
391
531
478
443
176
263
130
193
506
559
29
391
156
135
110
249
50
371
330
508
302
235
77
13
77
148
526
180
431
481
365
442
114
281
399
84
294
51
530
334
294
75
192
214
78
340
187
44
191
324
357
387
168
199
47
343
552
339
21
379
159
46
518
168
471
281
16
77
188
371
350
76
472
564
203
177
363
1
19
471
450
185
55
145
57
2
406
117
335
355
184
265
484
326
70
265
377
2
358
38
541
37
224
216
485
36
193
27
294
250
41
555
159
277
144
475
96
214
298
93
464
242
541
552
539
192
91
428
411
522
504
542
62
53
110
540
418
511
445
22
368
270
418
544
509
41
218
227
368
427
560
53
168
473
38
294
276
404
53
530
315
457
44
495
136
91
348
82
485
43
508
439
359
198
350
175
200
163
251
481
120
348
387
557
355
93
552
276
570
451
172
136
214
362
358
125
571
130
472
274
362
219
276
326
216
481
191
506
235
298
565
380
175
98
395
358
309
320
230
430
465
176
568
435
310
2
450
261
40
346
292
149
366
177
541
458
62
425
104
192
295
360
288
541
14
102
537
308
1
347
552
218
80
312
540
87
62
118
461
211
401
124
310
490
316
82
544
215
25
46
256
266
84
560
62
384
322
519
48
547
508
28
304
221
363
156
473
547
228
54
101
163
512
425
108
101
510
36
140
473
336
475
120
375
79
377
556
222
150
277
457
131
316
149
320
120
504
119
79
407
28
413
74
543
315
0
79
148
390
27
461
70
405
542
223
264
257
324
416
375
346
289
461
566
351
137
363
100
224
227
415
352
99
118
127
142
59
317
59
41
218
542
140
230
114
528
16
327
145
59
81
447
427
58
558
545
495
222
517
130
310
558
118
396
92
180
153
62
273
95
204
268
260
242
318
517
46
397
179
546
317
64
402
436
60
220
563
281
102
434
501
324
444
65
234
144
462
304
170
168
330
221
1
549
494
332
1
407
223
423
302
61
274
548
462
350
184
456
143
221
523
65
216
358
289
20
225
68
110
512
177
288
26
546
565
381
386
152
37
369
568
566
392
395
221
385
514
201
169
108
201
444
177
240
463
92
177
512
6
66
232
63
559
538
53
224
546
464
273
503
107
541
214
261
336
276
511
276
269
194
506
327
369
271
187
414
524
137
559
197
234
398
342
428
422
382
390
270
424
210
484
286
305
223
318
566
449
63
363
112
430
233
176
446
566
61
9
53
546
538
506
409
123
468
486
492
504
178
199
506
556
520
315
531
315
210
541
295
412
52
337
401
349
179
274
3
132
16
42
132
347
225
1
270
2
543
544
149
232
508
52
493
394
552
317
423
559
461
567
502
179
281
499
62
344
108
294
225
160
74
446
468
172
426
393
469
107
62
407
55
101
131
8
38
205
107
242
574
384
482
199
288
532
383
566
523
140
277
194
192
19
415
485
177
49
319
222
108
471
424
532
93
441
325
567
338
283
549
523
509
416
262
143
54
179
196
176
401
27
390
409
398
127
389
463
434
391
115
201
520
87
485
346
502
28
10
330
47
389
226
37
332
378
19
15
559
3
266
249
549
188
126
74
86
239
282
574
321
161
227
137
134
20
259
168
142
86
18
483
193
288
158
86
554
129
103
469
244
438
213
53
144
118
271
437
574
545
406
308
248
129
337
193
336
280
65
40
227
76
352
539
146
415
93
556
67
504
24
432
15
553
250
524
377
340
24
175
136
265
313
269
488
151
365
543
214
271
210
323
86
188
341
248
174
118
150
453
512
373
320
41
312
53
431
240
405
550
559
280
188
46
48
503
218
113
573
177
500
211
116
28
80
403
145
240
35
249
390
209
486
562
3
319
416
201
188
325
158
346
440
64
409
387
176
81
156
531
84
463
423
219
370
53
276
6
155
197
134
378
455
386
300
483
499
533
432
437
239
199
490
58
31
22
280
35
440
443
538
248
543
227
249
408
211
569
303
113
350
22
346
249
361
543
216
351
248
549
123
184
437
461
538
453
17
35
149
240
71
503
225
389
235
9
358
205
129
508
412
508
574
351
321
303
490
440
198
562
12
92
227
562
294
220
245
0
317
101
226
105
439
372
113
104
27
324
185
281
368
436
185
446
508
559
406
408
139
350
295
466
94
158
229
188
262
426
386
467
134
393
342
370
378
352
56
518
559
172
467
98
175
106
338
293
128
114
422
156
280
21
447
242
269
222
432
41
461
41
212
298
133
206
219
233
526
432
237
529
555
305
346
450
380
281
142
116
373
256
432
414
249
441
292
343
250
5
398
466
355
380
345
243
500
243
270
473
316
463
540
289
421
256
19
121
369
285
150
188
104
262
176
535
48
113
416
84
398
349
291
449
446
473
323
374
517
87
324
332
204
254
190
128
339
114
369
310
97
486
555
521
434
116
65
209
141
270
432
201
306
558
328
14
386
355
472
438
457
264
323
541
345
513
322
349
57
209
186
235
254
446
201
137
534
273
374
401
256
143
255
253
188
15
352
508
121
247
5
560
150
163
546
513
441
376
83
504
58
145
46
341
324
324
370
462
1
261
489
281
103
389
140
158
257
75
114
154
437
412
557
179
156
83
475
60
12
19
408
437
362
163
450
473
206
172
352
244
168
104
48
337
236
558
463
254
464
46
173
466
257
401
401
557
413
89
21
254
359
467
287
250
291
489
517
410
17
264
117
475
65
56
153
7
525
363
114
428
476
409
442
517
529
140
189
532
168
88
571
104
108
158
359
540
72
252
24
337
362
230
389
310
226
162
1
498
64
179
339
464
118
191
325
68
91
390
264
172
44
539
440
155
557
302
161
482
137
530
50
255
7
268
492
91
513
422
537
291
290
390
204
317
422
255
381
1
219
329
122
163
290
326
300
222
422
179
73
530
414
390
575
300
113
378
372
176
199
107
432
441
51
421
282
75
537
509
92
481
511
236
297
53
396
386
544
150
389
382
362
133
457
293
160
90
130
114
145
520
194
39
244
511
245
280
224
59
345
179
472
282
390
533
361
286
57
471
358
480
456
139
536
543
73
273
496
481
361
487
228
410
512
35
355
225
21
46
521
253
53
328
53
132
485
534
526
457
385
90
141
524
136
179
262
378
445
129
48
499
244
225
250
8
524
454
398
419
339
323
300
463
297
463
123
165
139
393
287
157
328
255
481
83
498
130
309
26
336
155
237
414
313
510
416
305
223
225
443
465
85
43
250
269
546
423
455
355
3
255
389
62
399
355
541
408
254
558
375
313
45
70
270
410
494
536
421
450
94
208
106
145
309
468
306
131
334
240
471
262
319
379
309
441
399
326
139
573
347
10
56
486
102
171
166
51
75
322
573
320
309
149
349
431
456
291
496
316
489
404
86
509
77
8
448
516
533
255
69
497
280
35
132
471
33
100
293
379
431
224
514
320
132
486
481
224
55
499
90
180
8
105
232
562
140
39
380
260
292
407
90
406
277
162
14
466
213
356
192
39
512
565
390
354
105
311
273
396
396
363
227
434
129
562
185
211
40
49
565
479
248
414
133
503
137
429
488
177
243
159
209
124
468
191
3
275
376
105
383
58
98
255
438
67
572
53
188
207
498
410
170
354
248
550
382
143
352
503
338
162
512
57
90
421
489
529
469
322
556
437
338
35
479
293
63
406
488
468
259
350
361
315
487
39
31
497
481
339
65
39
361
466
100
192
57
567
527
484
270
142
402
380
564
184
255
494
562
402
307
388
284
528
6
346
4
315
362
158
526
475
516
342
1
174
123
306
336
385
536
526
256
420
412
448
180
371
112
151
470
438
563
196
441
178
188
383
81
59
492
179
572
183
529
137
258
356
283
294
462
0
438
293
167
567
296
11
126
498
298
315
111
108
116
386
203
218
326
171
111
464
459
402
85
530
81
225
299
515
300
123
490
56
476
197
61
137
302
515
127
259
269
228
310
383
74
234
274
50
393
410
183
414
9
74
16
105
59
250
502
169
21
183
551
466
416
59
339
82
387
504
298
208
18
330
132
381
235
187
379
294
179
56
124
354
381
308
510
30
227
151
220
30
82
454
85
78
474
544
343
37
35
211
559
229
308
33
515
306
551
223
181
76
343
56
344
557
158
45
390
125
127
251
158
511
111
1
515
103
270
92
441
95
151
511
157
549
53
450
532
258
145
491
325
476
159
136
137
9
179
347
190
520
41
41
300
402
316
249
365
464
393
67
453
120
440
204
32
491
568
339
402
239
164
489
412
377
301
32
568
515
449
80
436
287
393
530
560
11
258
556
284
67
380
98
359
326
104
519
322
224
301
413
253
80
298
144
351
274
530
441
92
56
289
289
560
116
177
510
253
9
411
158
504
453
519
515
394
6
442
529
464
105
178
56
556
536
76
284
248
480
402
503
526
170
126
65
299
512
18
194
237
173
195
337
89
462
73
276
232
345
453
334
477
299
232
394
272
65
227
512
375
2
82
393
372
176
130
279
20
324
475
488
556
542
342
473
172
260
326
353
318
181
174
383
388
330
239
253
271
395
153
498
361
98
177
495
542
31
373
567
143
199
28
232
286
47
80
492
67
137
211
89
80
289
322
71
90
166
313
445
357
130
444
445
544
545
30
512
4
287
48
452
221
379
71
556
211
110
558
207
437
339
300
18
96
461
389
494
89
326
92
299
357
1
77
240
381
71
429
243
255
357
399
155
217
299
244
273
268
166
4
261
340
246
342
256
178
559
422
39
217
341
121
57
449
429
437
169
143
67
508
292
520
458
492
217
261
204
69
111
219
109
515
190
257
67
2
451
6
533
549
105
168
357
396
180
4
211
118
488
12
412
413
400
30
254
188
324
220
155
554
33
212
8
86
8
401
469
297
151
342
232
476
159
557
518
92
50
132
341
139
327
430
138
39
300
418
166
25
380
225
363
298
527
191
199
452
527
393
459
360
202
106
2
67
518
560
461
416
520
120
509
194
571
469
494
47
421
166
181
367
152
139
172
424
200
426
24
456
179
30
51
531
492
40
327
529
53
149
452
287
375
369
175
460
469
341
575
482
40
402
117
123
139
308
305
274
255
67
440
268
48
285
354
13
353
100
357
271
544
343
346
367
315
350
468
433
24
558
410
160
249
101
573
549
426
256
540
503
225
311
104
402
208
426
461
184
298
83
68
272
3
447
72
139
44
208
549
56
223
574
187
131
354
482
412
401
457
43
75
493
339
57
278
331
529
171
315
532
491
67
153
437
497
65
45
553
477
412
346
395
516
395
567
495
293
384
2
106
291
75
288
37
97
483
343
112
223
337
443
451
181
71
443
220
187
477
153
104
87
163
385
207
56
125
156
340
478
87
45
306
452
168
424
162
10
463
89
442
347
27
224
297
445
125
165
285
541
210
270
167
125
83
231
285
298
478
363
403
392
39
448
567
543
164
41
407
461
49
415
442
475
488
312
269
388
0
96
282
268
41
168
462
435
87
211
331
254
421
462
316
414
41
2
245
7
178
20
139
195
476
297
278
157
5
167
537
48
540
71
298
239
399
123
568
259
141
395
203
567
147
338
378
555
253
114
160
517
283
73
425
265
61
208
518
142
165
215
37
236
555
346
338
393
395
417
506
315
458
442
205
536
26
562
514
462
517
504
10
96
169
113
219
314
4
17
222
202
461
212
482
382
361
127
327
3
144
565
140
102
479
352
499
41
344
123
86
37
13
50
475
342
109
427
81
513
351
507
56
314
28
314
476
234
121
136
298
442
283
279
454
437
202
63
212
99
515
3
227
295
121
368
109
48
346
9
537
542
247
26
65
7
205
177
521
422
88
439
358
31
222
281
47
544
241
108
75
394
494
65
149
177
306
17
492
76
124
544
36
102
111
251
255
490
312
119
412
279
94
87
73
568
553
553
139
151
182
393
358
457
466
456
72
21
258
204
117
345
330
300
470
344
550
236
303
91
420
351
565
321
234
404
540
521
568
117
29
293
400
264
295
184
477
15
121
358
395
222
449
296
291
306
314
242
153
102
59
254
499
246
247
98
286
482
556
185
184
374
404
551
322
235
242
328
565
348
50
235
388
52
374
162
127
559
574
416
93
426
562
293
306
288
207
299
111
501
314
12
16
544
267
236
352
574
442
69
382
227
40
470
82
162
402
244
140
172
148
226
493
256
306
425
561
371
370
2
381
46
414
383
537
431
274
493
223
12
342
253
546
18
148
533
281
381
370
2
447
166
358
21
398
74
177
200
401
234
200
285
545
338
416
481
276
522
494
231
461
513
164
315
232
62
284
462
408
487
28
575
231
313
553
375
478
418
28
54
494
110
128
533
421
231
104
480
387
285
360
387
121
458
14
306
501
349
164
344
421
148
447
418
414
174
265
190
317
254
259
498
470
483
59
176
167
450
18
540
392
570
359
323
384
244
93
215
435
236
285
247
248
299
131
359
83
341
59
239
262
40
368
208
553
10
100
565
117
404
188
453
210
425
32
189
298
451
260
21
123
575
431
350
93
473
387
437
150
201
349
363
303
160
489
452
318
294
275
476
200
265
503
363
10
548
297
460
396
262
50
101
86
67
262
369
441
69
476
109
103
471
478
368
72
349
76
391
453
280
340
483
478
412
150
275
225
317
164
128
363
139
443
540
128
477
247
357
79
276
366
545
101
118
562
545
552
494
431
135
91
474
82
451
513
393
149
440
28
81
370
248
533
563
544
28
91
151
44
393
556
432
61
284
81
424
6
155
460
16
552
130
500
180
74
204
197
264
29
216
411
229
220
407
567
53
135
190
162
2
79
521
7
304
10
97
188
564
256
175
291
65
330
2
70
275
226
138
552
521
109
154
278
138
487
542
392
35
542
470
435
440
495
159
212
100
566
493
127
13
161
560
250
144
327
198
25
491
403
457
175
550
404
12
250
279
152
361
450
433
201
79
218
152
330
48
56
422
62
256
388
61
346
130
304
207
100
387
264
218
320
538
379
46
296
51
260
262
252
533
70
262
260
432
376
188
191
174
565
330
479
452
219
279
111
44
51
195
82
448
402
163
15
275
403
170
137
166
363
503
307
264
352
379
252
504
2
475
531
445
436
98
287
216
124
253
341
67
278
84
552
157
285
494
4
266
297
324
404
159
300
163
149
2
153
163
124
419
419
404
262
251
235
411
166
528
124
44
558
38
540
513
325
330
280
403
361
202
313
219
447
90
517
421
415
555
91
231
320
5
29
79
36
191
88
36
547
166
548
403
174
491
481
245
320
87
238
223
29
515
507
553
559
38
379
501
381
15
204
12
103
385
379
509
386
134
555
435
59
83
182
216
521
492
296
575
325
494
211
424
0
532
149
479
355
216
276
98
149
555
27
259
433
410
55
206
452
182
464
239
273
120
523
15
443
300
66
346
526
33
540
537
51
574
198
409
55
569
509
305
415
64
161
361
144
184
144
196
275
257
424
22
328
325
0
451
416
260
220
184
518
196
106
191
270
521
366
228
471
575
37
411
306
114
260
361
63
37
353
306
355
268
273
417
224
341
343
37
471
492
68
142
566
274
310
183
237
341
237
257
558
108
564
233
405
342
468
311
272
266
151
7
566
70
562
445
102
564
361
564
209
108
33
370
70
101
331
383
272
472
548
90
395
216
349
429
95
27
251
37
405
366
257
94
57
536
525
469
111
376
305
106
295
357
342
357
575
501
347
440
317
529
467
1
96
22
218
194
220
27
33
380
397
194
536
353
6
459
186
490
382
246
323
66
407
533
264
307
9
300
96
268
507
538
443
495
324
484
260
327
92
348
355
494
442
171
380
382
156
491
371
54
77
218
155
231
267
336
267
271
56
218
419
424
222
66
451
279
208
541
40
7
47
37
73
493
503
221
39
380
205
393
311
149
141
137
537
43
120
89
332
364
558
60
307
88
525
88
226
554
172
308
117
497
350
243
555
472
200
570
236
410
190
394
176
445
31
3
1
133
509
254
400
522
464
106
353
72
124
102
427
0
217
342
233
248
475
197
86
130
229
204
149
404
212
84
308
38
406
130
162
369
21
204
218
347
402
124
370
468
397
240
571
82
328
74
210
86
269
347
98
50
234
221
74
335
380
511
518
520
250
162
253
98
27
220
114
38
24
349
55
132
477
131
178
21
24
482
119
384
8
18
108
21
86
335
185
56
469
444
306
260
35
162
275
218
341
300
281
413
142
203
400
492
212
294
142
464
436
99
268
350
353
56
78
118
472
567
363
210
159
50
443
369
372
412
3
504
169
220
35
169
402
363
87
408
458
96
34
336
380
198
239
98
566
21
180
419
176
421
178
261
89
190
305
471
294
431
346
22
4
567
2
386
46
39
35
361
543
349
46
23
340
277
541
358
4
468
347
522
221
389
349
560
35
345
334
436
157
561
433
467
268
28
477
543
396
7
458
353
224
266
526
81
85
438
530
438
562
268
500
164
393
183
281
382
113
127
362
279
402
422
183
381
358
435
489
468
72
294
242
323
249
530
87
345
162
194
39
406
217
241
0
469
408
253
200
258
261
463
159
345
267
2
293
527
280
65
488
391
413
188
240
148
199
195
108
40
473
200
303
223
9
202
439
229
279
448
431
279
68
68
303
126
413
302
455
39
62
182
128
68
342
529
132
115
412
88
435
125
467
565
244
21
565
279
86
257
287
354
112
365
7
183
361
262
270
479
382
315
29
417
418
480
294
426
359
402
11
485
416
189
469
159
169
517
435
460
19
111
23
133
185
161
178
57
277
537
264
208
438
336
24
472
416
82
264
142
510
355
235
88
92
216
174
13
247
7
17
300
528
453
338
45
537
11
305
469
387
359
410
270
468
208
414
9
68
16
526
422
19
56
425
242
278
359
270
422
243
348
75
554
468
103
67
286
391
127
574
550
304
292
261
490
16
367
418
358
199
232
554
199
560
422
284
258
153
555
178
430
169
447
235
400
103
331
499
258
152
500
123
437
170
465
62
74
467
317
566
260
409
296
565
396
426
135
90
232
188
222
558
58
81
526
358
62
444
556
159
150
439
465
354
379
443
284
235
240
49
208
185
277
402
194
559
360
533
380
384
523
65
485
209
52
245
186
307
573
28
463
403
417
213
280
138
363
400
280
51
100
213
119
73
380
444
83
516
509
292
472
364
270
140
267
127
116
462
548
535
44
315
384
198
499
231
461
554
546
552
235
276
435
231
169
433
391
527
110
52
0
371
243
262
258
437
337
414
62
141
484
53
49
534
347
270
43
67
566
195
112
530
346
239
218
71
210
19
120
514
520
174
176
340
564
71
197
533
286
104
443
291
102
277
491
509
236
221
152
447
28
78
347
521
157
491
339
306
420
542
570
570
345
163
92
294
451
435
481
233
358
403
346
546
380
531
331
375
167
24
63
530
477
472
0
104
261
333
517
503
45
27
499
532
523
424
194
149
535
538
152
144
489
124
533
437
122
67
530
292
193
7
193
64
31
475
111
232
297
195
260
423
49
322
403
459
279
141
505
437
494
540
284
120
270
481
274
19
61
270
569
49
473
345
418
228
550
88
321
339
436
539
89
61
444
202
99
10
482
567
342
50
226
448
565
30
559
135
128
519
328
182
327
55
42
120
250
565
329
514
421
540
30
51
9
502
378
322
255
325
147
43
42
303
574
422
53
323
44
483
427
148
379
392
456
520
342
574
561
382
303
260
79
335
472
89
348
503
247
44
519
242
491
43
101
184
101
572
292
478
43
392
5
146
457
288
530
363
401
550
362
171
373
320
130
498
77
49
545
148
197
516
413
314
30
446
572
475
277
40
510
271
62
457
197
255
413
261
339
78
434
332
246
406
233
311
212
496
449
5
17
138
181
159
471
321
247
505
170
372
30
564
170
333
356
221
128
504
267
444
370
393
325
434
312
149
268
212
465
494
67
162
503
327
115
560
271
450
22
538
68
399
428
491
115
376
220
479
97
105
190
461
76
433
233
425
362
270
309
239
492
459
222
161
98
382
218
398
134
37
3
254
536
257
345
418
554
193
85
38
450
56
472
393
255
347
365
432
188
311
452
434
422
303
267
3
181
40
420
270
537
328
246
298
52
551
52
472
346
412
400
287
188
493
345
258
177
414
451
379
309
345
546
134
77
388
554
52
163
238
347
92
494
177
333
546
337
448
314
257
83
322
301
111
204
28
164
1
2
372
192
297
272
552
183
267
225
77
172
234
10
434
462
281
281
153
301
391
98
182
284
281
324
123
361
548
167
448
537
379
333
347
402
189
307
129
327
252
320
297
290
141
352
213
522
281
109
488
452
473
156
182
422
474
388
204
195
99
379
129
53
133
70
496
552
437
531
146
158
140
137
573
75
348
433
61
306
448
129
22
21
78
463
435
71
574
117
433
139
548
47
250
440
115
340
393
369
452
96
361
226
569
109
422
391
301
426
238
78
376
402
512
262
448
199
520
543
60
15
452
119
506
537
546
41
354
556
186
3
5
407
383
120
254
570
321
528
146
142
78
260
61
38
138
499
99
273
334
44
425
471
106
271
575
41
343
571
136
47
1
527
53
209
456
319
12
553
306
352
257
443
379
383
169
131
408
115
51
541
119
57
44
517
424
570
435
492
186
47
79
259
401
151
117
540
530
10
424
352
77
150
365
482
350
224
377
244
357
548
499
385
438
34
136
5
516
327
325
6
295
268
509
215
44
420
399
155
83
468
351
313
572
521
461
67
262
125
146
165
3
357
460
511
24
334
473
105
378
396
452
539
182
201
340
23
452
47
41
126
67
425
364
60
268
194
479
380
283
29
552
334
175
245
462
95
443
93
11
464
11
357
4
554
289
430
336
88
122
96
508
29
444
236
343
569
421
543
438
283
96
530
435
317
569
302
285
533
561
384
183
511
476
453
507
354
471
370
318
21
77
256
547
92
181
56
293
556
155
66
303
469
89
241
158
487
481
172
446
155
571
535
376
408
205
476
300
303
146
549
451
542
130
364
361
364
211
230
340
280
78
278
140
122
162
299
18
378
218
167
247
146
17
24
381
460
429
349
421
203
295
259
198
256
293
227
517
228
280
462
376
23
287
220
381
517
54
326
385
123
243
302
60
468
425
367
175
482
279
62
247
29
338
102
216
171
431
319
203
460
228
349
105
306
425
235
0
289
56
275
490
210
211
340
56
438
482
79
134
432
431
246
363
276
484
392
342
555
489
388
497
482
392
202
338
139
192
506
183
479
538
243
543
367
161
174
276
548
539
409
552
278
343
480
297
23
518
60
280
49
225
423
253
421
184
215
222
574
338
42
234
186
374
297
31
342
348
280
427
360
354
293
119
185
22
349
271
112
449
481
186
112
343
79
446
71
575
7
516
353
326
409
322
470
314
9
500
34
370
195
72
33
537
562
497
466
442
46
285
539
409
346
150
474
540
123
508
278
346
553
450
314
151
398
514
181
374
20
172
337
518
102
38
186
19
523
571
442
107
572
480
435
206
490
336
478
292
235
365
570
525
261
74
202
220
570
308
407
150
478
124
191
381
14
61
561
419
500
263
128
442
292
466
139
331
463
284
142
384
0
575
540
470
120
107
0
128
81
152
384
519
429
419
284
27
368
117
211
142
247
528
64
568
507
280
229
112
403
21
305
402
500
469
554
459
519
21
464
151
66
113
298
113
249
421
175
376
286
50
374
262
290
541
241
429
134
308
369
510
140
225
111
61
22
398
203
106
44
542
338
141
297
38
282
489
511
351
308
159
193
541
450
268
34
540
388
575
353
511
418
467
136
159
302
227
108
346
87
399
48
74
301
427
44
315
29
161
531
8
53
316
31
231
426
249
20
423
13
364
396
345
179
111
285
506
373
130
104
494
380
222
542
282
122
171
198
38
381
354
562
324
102
522
102
549
70
276
177
160
371
374
324
357
248
307
262
122
149
353
553
158
401
123
535
144
17
535
333
178
555
378
553
490
136
345
302
166
479
164
59
117
369
297
265
394
257
40
213
548
308
333
460
558
162
41
473
558
227
512
225
338
404
11
109
156
369
222
397
286
164
20
347
253
97
473
55
227
517
544
330
535
497
232
512
398
302
43
430
321
541
506
196
477
142
59
337
57
437
75
144
150
121
72
163
70
42
26
519
132
518
413
349
515
212
58
311
506
127
111
49
154
563
517
462
238
267
418
421
217
207
484
399
28
426
510
50
321
130
564
286
428
253
115
548
387
81
382
468
362
273
313
110
532
551
284
31
376
163
524
450
451
437
341
53
136
47
130
555
545
488
248
313
75
60
133
502
11
457
211
545
500
503
337
66
321
408
187
567
532
187
190
321
274
234
93
14
147
217
44
275
117
366
149
152
473
315
354
78
54
395
31
13
153
421
455
75
156
114
564
2
400
50
300
473
382
188
470
74
318
178
474
288
83
432
381
22
100
143
164
564
129
331
22
391
114
558
394
49
528
328
248
484
538
109
81
60
33
437
370
376
303
283
10
437
26
354
318
539
523
301
369
470
39
239
116
160
365
221
163
347
204
164
404
54
538
53
92
291
551
377
285
328
74
315
517
517
108
422
273
78
286
425
132
552
127
569
214
254
65
329
81
505
174
561
72
512
332
348
174
328
505
195
176
45
445
484
320
373
528
435
396
182
229
188
334
465
211
477
51
206
367
359
447
501
459
459
400
265
55
543
265
384
275
362
398
286
7
164
164
132
427
350
565
531
484
171
380
396
195
403
179
353
212
43
114
278
47
6
59
190
403
203
207
281
65
25
411
417
550
267
296
283
154
502
270
299
175
142
416
97
245
360
528
403
197
10
155
255
565
60
503
548
244
414
536
284
160
59
410
14
236
236
340
352
344
37
319
276
224
537
331
25
548
171
345
506
332
537
449
120
467
551
548
289
527
528
276
499
238
92
249
307
207
214
524
117
28
524
208
28
387
106
29
343
227
43
348
76
11
106
393
225
558
199
203
37
287
533
281
190
551
527
481
115
332
289
370
428
69
400
208
464
293
423
210
300
210
181
128
367
159
215
543
410
377
152
254
66
112
70
439
252
413
549
270
13
47
90
358
38
88
283
196
322
118
550
520
63
228
29
433
348
463
275
344
422
418
454
533
184
473
533
174
449
105
256
161
569
112
300
562
95
556
160
380
57
13
272
474
499
571
325
229
263
166
459
285
572
54
471
218
320
304
367
480
345
284
320
526
76
421
487
153
210
25
60
416
182
87
445
502
0
340
339
81
557
312
123
154
356
511
191
473
382
473
300
450
377
11
373
184
386
309
69
167
383
451
473
421
394
178
51
370
495
493
508
283
332
327
433
572
556
508
345
200
127
549
492
300
230
394
452
87
535
129
179
370
87
43
402
456
536
253
542
332
187
213
382
362
229
373
29
385
163
558
163
187
408
325
493
481
381
33
245
48
304
243
412
87
40
245
225
449
342
46
121
385
135
490
115
203
526
549
497
47
71
336
569
425
59
106
449
143
389
188
115
225
64
204
365
400
76
308
196
11
201
127
27
302
63
349
117
468
232
260
329
359
539
500
164
293
123
451
8
392
353
376
303
418
422
502
127
485
391
309
265
202
496
213
115
416
347
280
527
546
150
17
136
497
526
225
405
29
284
55
91
193
21
222
100
420
77
256
354
232
284
369
124
219
121
309
399
56
444
112
186
275
255
37
569
569
569
215
250
551
516
440
342
86
139
68
505
121
102
68
95
380
495
489
377
195
334
429
40
519
340
102
366
375
298
489
165
407
57
218
219
303
76
357
323
323
219
538
572
486
34
537
320
89
44
439
184
537
396
202
281
368
412
316
139
437
403
392
35
20
133
502
228
522
396
400
490
372
172
169
451
289
388
82
185
488
202
241
342
200
489
308
89
75
428
5
391
569
88
557
3
449
327
333
431
265
69
200
88
129
467
195
459
272
210
161
473
30
153
201
500
377
485
114
191
282
400
434
379
201
470
252
331
74
339
536
298
197
338
42
401
452
391
66
486
437
479
71
68
424
188
264
96
71
333
381
431
50
125
153
148
119
48
240
415
172
153
233
219
296
235
423
508
24
96
300
544
420
505
526
73
349
368
82
385
489
53
372
460
121
70
113
120
55
228
6
386
366
233
571
569
399
30
303
353
567
166
539
192
418
481
22
47
288
435
450
487
317
481
77
460
556
240
79
48
248
310
386
452
195
306
252
543
352
564
312
255
70
38
489
449
377
38
312
174
79
525
10
341
15
427
131
263
508
441
148
416
30
143
440
38
250
15
130
364
79
539
79
306
372
501
410
346
234
130
557
282
113
422
267
556
467
379
225
83
288
47
570
531
306
147
381
87
125
438
64
62
289
522
146
140
174
359
457
199
495
431
497
372
456
236
93
272
522
337
279
403
442
393
40
422
107
66
135
212
207
312
418
305
192
19
26
497
75
357
428
355
318
443
415
394
246
417
246
209
467
395
224
20
459
281
388
172
272
563
178
285
487
282
433
398
119
269
133
296
534
371
271
504
7
93
212
247
344
515
62
155
147
560
214
310
269
559
214
74
515
207
33
146
398
184
523
486
181
174
444
397
79
153
556
421
233
411
375
64
116
129
281
400
133
22
87
319
571
333
310
163
116
431
302
553
351
93
443
232
492
85
94
534
345
364
191
457
191
153
42
219
173
187
365
101
154
333
473
447
22
236
571
168
64
126
342
533
454
143
329
185
3
554
3
94
59
64
444
472
105
362
29
69
206
171
56
282
382
229
55
118
533
358
443
4
301
432
472
215
154
270
293
362
2
163
527
72
191
138
7
529
368
202
460
569
527
491
101
252
366
5
522
255
341
219
191
95
397
212
549
153
461
119
403
135
84
447
160
574
79
487
516
169
568
337
85
166
8
5
291
359
20
39
352
152
417
447
307
392
80
201
275
569
88
321
171
554
461
271
163
259
221
417
447
159
194
480
454
539
19
429
258
357
337
61
218
487
476
538
570
2
458
548
444
393
270
99
515
234
332
150
412
447
64
315
167
335
99
478
287
163
340
240
168
431
287
294
166
150
517
443
553
203
33
375
283
15
471
114
162
435
513
487
26
33
171
488
52
131
0
218
107
179
18
417
371
389
13
192
489
135
415
549
39
244
260
515
310
65
141
232
475
275
249
417
556
415
458
238
428
288
429
194
99
293
355
17
488
2
466
172
218
457
266
93
264
257
488
302
274
6
343
389
376
534
269
132
156
118
215
235
67
500
221
466
339
247
244
401
342
6
87
428
446
520
219
571
346
174
194
536
36
21
275
212
443
393
240
438
70
324
354
446
319
419
447
33
115
521
95
21
282
310
8
493
536
18
259
419
49
299
118
395
165
356
395
80
568
386
22
146
337
152
160
271
540
201
108
266
509
523
36
465
331
171
239
29
78
342
420
423
353
239
60
420
523
463
491
201
509
64
54
171
500
62
118
57
227
290
331
17
486
92
254
258
91
389
442
513
411
536
400
398
1
530
99
43
263
390
253
208
184
220
135
196
484
18
92
395
61
360
376
251
178
352
337
447
302
379
48
259
282
575
99
411
461
214
214
242
310
239
254
148
526
102
554
245
510
123
546
6
546
29
367
416
110
441
494
461
335
107
374
37
293
493
367
61
132
342
1
570
320
220
551
229
117
531
277
262
29
47
168
272
467
72
533
546
10
47
447
117
313
548
282
482
277
270
143
484
515
418
204
194
461
283
16
426
143
348
418
440
456
344
19
301
17
39
458
359
90
549
503
108
215
171
73
505
549
310
379
127
310
314
331
12
366
558
238
89
307
31
106
574
393
547
387
507
558
367
447
7
310
155
354
388
372
124
487
385
356
147
482
220
477
79
31
177
178
444
37
515
429
502
500
350
422
314
491
74
40
255
214
502
141
439
370
12
417
173
480
424
391
387
239
243
330
118
491
82
421
570
431
51
552
75
155
558
561
568
51
484
543
17
310
106
216
566
547
27
259
275
425
212
521
59
144
223
540
383
206
432
503
48
470
491
473
432
312
156
154
253
239
571
134
299
310
387
501
73
38
115
72
364
223
229
351
359
323
423
60
283
416
385
413
206
410
161
329
394
238
504
174
163
34
396
330
56
206
229
370
453
467
422
391
423
520
61
539
184
516
327
92
147
164
284
66
347
191
137
520
566
38
124
400
462
528
258
50
307
429
408
532
549
19
50
399
57
432
119
349
84
521
173
121
330
562
482
251
172
437
251
526
87
72
495
209
362
491
35
470
115
396
172
302
533
310
514
14
286
240
396
495
265
347
4
231
52
403
444
425
139
63
264
384
60
327
373
361
526
406
400
254
115
519
408
448
527
293
246
29
399
361
142
91
286
161
128
214
458
353
226
82
406
1
264
507
34
444
146
82
400
524
398
327
425
522
416
440
156
144
470
78
537
89
78
352
394
214
299
162
290
5
307
59
472
124
348
250
428
381
448
32
251
528
379
60
527
256
289
251
549
296
90
385
230
109
388
150
150
433
188
412
260
231
238
19
454
121
470
522
66
515
35
534
433
167
535
136
219
299
470
470
113
63
471
317
11
9
364
401
367
358
162
148
532
128
530
444
416
53
409
207
570
338
119
494
271
412
244
534
25
418
421
575
4
122
348
532
287
134
334
166
422
547
311
414
347
268
463
396
222
296
109
182
127
137
553
367
289
482
574
284
134
100
26
335
317
568
235
545
482
530
229
573
354
60
544
166
137
5
296
120
495
222
319
339
14
315
384
390
378
133
379
516
309
510
311
205
204
280
241
180
72
414
242
130
224
495
45
73
456
72
275
241
209
232
362
553
218
181
378
405
50
505
157
236
214
132
309
390
96
318
405
35
456
347
168
274
547
347
457
466
212
550
474
147
181
514
4
513
336
164
14
57
374
167
51
152
428
120
95
132
222
387
412
288
362
8
141
431
68
76
446
467
552
486
167
484
107
455
94
76
425
439
347
336
19
219
116
274
95
515
87
207
369
470
325
255
295
295
156
147
471
309
173
253
453
73
314
96
486
82
491
553
457
0
153
506
474
460
209
441
378
482
119
141
9
284
299
245
0
120
478
62
244
447
379
155
306
390
123
561
529
199
120
168
560
240
504
295
568
391
557
140
26
87
365
48
278
95
459
460
218
404
387
264
213
335
419
385
532
348
39
26
369
513
512
162
528
484
570
308
275
336
484
334
546
59
323
244
508
87
57
474
439
513
458
197
537
60
295
240
475
196
9
534
80
438
165
66
556
450
210
208
497
334
315
223
132
549
150
273
394
37
33
568
95
309
379
33
17
391
502
561
512
358
315
560
284
272
499
498
298
20
448
468
16
50
399
162
0
488
169
124
341
134
149
253
62
179
240
536
481
429
409
42
52
255
198
439
406
4
256
381
321
287
162
499
186
557
529
56
388
228
82
304
79
92
226
488
124
85
325
146
89
165
554
353
364
44
266
394
131
158
486
256
68
441
353
121
288
274
464
470
318
304
313
414
111
381
326
125
111
562
374
224
442
329
418
567
363
45
304
481
129
100
356
57
19
34
225
456
341
199
443
343
308
3
391
520
282
7
366
540
482
107
281
413
420
229
319
226
288
261
229
116
526
208
49
514
491
288
237
284
308
505
526
116
87
491
509
363
543
44
375
457
229
192
457
440
535
314
403
554
334
293
281
532
177
566
483
477
416
81
242
430
73
499
319
203
237
428
6
468
359
468
190
407
13
192
55
9
223
117
40
484
126
129
383
128
528
438
353
357
555
309
378
242
539
125
456
369
311
384
255
86
369
76
406
517
49
428
565
468
194
128
526
501
570
492
463
205
155
130
369
403
484
161
119
106
256
166
194
479
482
37
86
113
170
460
119
454
271
22
428
241
414
568
58
544
7
178
30
206
227
5
412
408
255
121
316
69
302
287
259
141
13
412
293
317
145
302
71
477
84
375
509
139
217
558
525
191
190
14
82
571
7
37
533
87
193
185
461
174
113
141
236
447
185
54
39
128
104
222
227
335
179
289
196
326
560
229
125
48
38
325
20
107
359
72
374
200
169
266
73
150
189
162
558
230
316
324
417
405
316
469
27
314
230
384
154
179
275
341
517
359
546
501
141
160
371
536
114
297
88
462
442
263
500
172
245
109
205
214
333
21
205
306
153
226
274
83
574
559
333
153
128
128
220
51
252
174
385
81
430
218
461
563
51
454
279
295
252
497
544
470
53
332
502
553
154
271
152
74
420
434
71
152
560
243
459
349
191
132
252
211
425
296
89
319
1
242
494
325
419
222
433
120
238
536
475
209
69
411
348
115
530
47
346
509
319
341
423
168
282
187
514
108
409
63
189
391
27
338
407
174
276
427
317
324
285
376
237
210
496
470
353
142
501
375
75
492
8
214
322
399
87
104
496
107
528
17
424
535
375
488
181
244
529
423
95
415
370
321
355
504
209
335
397
43
275
91
2
518
365
224
242
172
304
143
105
375
245
389
429
114
98
170
267
436
383
331
239
195
421
321
224
562
200
437
344
507
240
211
333
0
56
364
443
176
179
267
150
398
372
128
442
189
415
105
54
48
98
307
45
77
50
277
331
307
445
512
47
398
80
148
148
238
316
283
54
223
485
489
531
113
249
399
283
570
482
399
90
493
553
20
530
482
427
402
501
359
356
327
3
40
156
86
284
129
140
315
356
352
151
433
316
361
225
368
174
20
455
40
43
143
511
572
376
183
343
302
421
368
110
263
11
472
387
257
19
13
325
11
156
302
174
51
2
402
510
77
129
331
109
313
40
72
451
356
555
346
506
115
315
257
448
251
526
39
153
440
445
425
469
419
108
239
547
275
196
547
356
378
0
5
192
140
275
325
148
146
523
316
165
493
395
205
438
553
128
388
472
495
360
220
156
209
90
241
520
542
13
157
167
244
158
429
306
117
465
536
378
252
554
123
366
429
121
272
382
459
69
176
34
315
20
132
410
402
531
421
83
519
163
422
73
240
107
486
345
299
240
560
556
219
454
560
85
45
87
449
219
334
65
154
65
390
102
351
179
337
246
73
432
246
499
378
568
290
1
17
267
182
270
189
521
239
547
271
570
211
204
497
169
50
574
241
464
356
428
324
45
111
335
376
170
192
544
19
6
250
563
12
289
109
519
140
187
568
536
370
408
327
312
76
553
553
138
145
542
23
68
246
210
568
543
241
318
100
535
144
54
252
500
367
477
526
501
338
410
274
149
105
112
442
492
129
90
373
324
331
395
46
314
239
341
110
552
207
352
274
403
567
378
326
507
420
256
403
442
136
202
15
535
553
496
420
463
328
110
50
51
418
202
366
567
210
138
4
133
164
199
440
478
125
53
400
62
56
83
94
311
139
395
208
376
121
515
371
179
364
250
168
544
418
244
379
369
180
73
338
179
462
561
116
121
187
205
498
548
157
373
486
122
145
237
351
389
402
365
565
528
342
161
79
370
164
57
42
525
40
84
407
170
439
478
321
288
338
377
409
547
283
528
174
432
386
505
260
360
301
455
553
415
534
387
290
65
66
62
40
233
507
317
329
228
226
218
171
65
28
112
362
323
132
4
530
360
229
505
314
33
9
214
233
87
59
437
53
354
175
238
414
454
398
90
7
489
538
191
383
377
83
178
136
240
437
179
155
440
57
64
274
534
514
4
155
565
522
236
228
534
29
569
66
440
280
554
251
413
501
188
506
380
138
301
362
467
58
254
134
526
183
14
312
312
499
287
443
470
486
472
244
292
102
568
441
232
436
242
43
468
273
105
465
533
152
1
24
237
208
531
403
257
327
333
83
105
484
1
530
6
11
242
72
410
41
566
118
99
183
261
493
490
463
475
293
343
118
349
105
215
64
467
48
179
149
130
98
469
308
362
203
394
126
320
123
377
473
302
134
365
25
223
123
426
120
29
486
529
150
300
557
136
151
42
290
559
232
436
457
65
451
194
543
293
121
5
357
111
243
222
181
456
157
310
460
471
470
487
471
34
379
30
567
368
163
391
538
1
61
106
427
305
210
266
111
14
495
236
473
219
520
542
471
410
308
247
273
30
315
542
490
472
152
272
448
239
567
197
413
38
516
157
171
328
241
227
318
111
304
315
36
126
157
197
103
30
482
304
513
520
197
429
126
373
507
314
482
559
89
317
119
122
441
254
322
105
522
39
360
89
166
570
248
413
18
385
416
159
45
412
178
566
98
226
405
408
180
226
5
467
376
377
134
24
127
161
484
59
319
545
445
14
573
369
311
434
295
361
555
391
332
271
506
570
360
416
423
471
460
256
183
506
413
366
323
284
17
505
444
327
8
494
496
542
203
255
180
308
74
15
180
550
560
385
8
23
125
198
112
448
225
262
373
360
137
252
403
22
318
109
25
140
260
287
180
437
109
570
288
46
97
95
275
156
104
406
398
70
385
417
47
275
55
114
468
233
408
396
47
233
46
180
415
2
301
381
128
91
417
163
239
419
124
330
153
292
230
336
6
549
56
169
492
327
555
502
409
282
238
379
282
48
492
337
318
446
187
120
249
83
168
554
228
200
252
43
419
320
352
347
373
205
292
419
330
574
248
334
416
288
259
372
167
52
24
492
320
533
302
202
529
62
332
314
55
307
393
478
83
28
24
508
319
498
257
287
274
310
259
139
78
243
315
366
516
165
530
93
54
368
45
335
544
289
312
228
247
529
95
82
64
185
249
397
95
249
193
119
144
492
325
4
1
178
181
124
330
191
310
199
565
227
556
416
259
245
150
239
341
521
20
556
206
7
550
471
271
8
33
522
342
543
13
210
323
470
514
315
460
460
142
25
25
317
494
172
215
87
107
521
252
305
142
305
274
171
452
277
342
228
70
158
59
512
558
372
195
409
364
572
308
182
36
328
96
575
14
381
270
16
433
3
196
513
122
246
566
408
454
319
543
20
533
330
68
93
30
316
18
186
529
575
566
483
39
329
386
229
472
319
134
113
247
237
87
307
143
341
136
548
236
92
197
183
135
334
165
228
18
339
161
258
511
463
394
134
265
432
91
401
504
43
536
310
350
536
131
195
302
176
91
70
61
241
401
477
247
270
566
352
192
298
100
30
314
133
8
561
413
116
450
470
357
270
455
547
128
544
4
153
286
20
448
80
366
421
348
421
344
455
107
475
327
126
302
162
500
204
241
18
554
36
355
89
211
180
205
526
390
574
33
516
357
497
238
245
110
398
521
569
136
66
298
357
40
72
395
559
246
318
304
380
292
166
179
134
477
102
298
420
456
554
171
137
389
229
483
95
44
216
201
172
389
194
80
81
167
493
413
130
366
427
171
493
291
243
324
552
86
515
559
460
291
14
453
361
245
554
64
245
341
390
553
434
410
570
182
544
171
261
560
136
66
552
300
52
375
258
283
128
506
235
299
396
1
320
545
484
288
355
89
223
528
532
139
508
18
527
439
38
261
536
172
185
235
192
257
365
411
217
66
243
29
413
198
466
296
311
193
163
164
412
224
89
561
297
31
177
427
61
257
365
210
99
333
450
134
252
6
163
568
221
245
354
200
130
431
506
429
183
544
308
488
574
190
505
13
407
437
535
449
455
220
99
226
365
392
204
392
254
491
484
465
92
392
380
440
243
75
271
217
346
467
539
237
516
183
122
360
160
3
285
156
527
274
390
531
277
204
56
70
447
433
407
335
240
122
265
85
55
41
456
119
74
445
119
84
401
378
203
162
38
55
247
203
407
455
562
377
94
160
467
41
12
164
74
80
527
380
497
440
530
231
352
410
256
369
1
38
12
111
400
176
436
265
526
458
544
252
519
146
246
87
436
296
169
338
0
112
414
26
245
35
203
90
3
282
485
281
398
318
414
433
327
136
263
35
408
117
256
477
40
3
472
227
317
291
348
382
37
136
160
423
532
431
401
141
491
28
519
153
321
339
392
161
454
457
46
433
321
212
520
51
409
538
259
470
33
169
467
256
88
88
268
251
266
402
414
94
46
402
254
217
401
146
428
457
411
225
162
178
3
380
356
127
472
296
410
533
567
532
520
417
51
147
517
12
258
115
203
195
409
476
426
504
217
484
239
24
500
446
171
358
346
134
345
385
547
481
261
332
12
439
24
184
531
306
529
94
547
491
138
519
328
377
134
458
65
199
543
439
123
506
74
171
369
247
554
366
383
136
468
472
468
157
505
466
517
118
483
352
232
260
302
322
121
69
409
356
428
131
385
126
192
69
521
200
338
134
82
291
485
177
146
133
378
282
535
417
512
292
500
491
424
421
268
502
476
306
365
125
568
554
431
261
543
265
421
277
267
358
180
136
501
501
170
452
151
397
291
201
74
139
267
554
339
307
349
312
281
317
117
287
486
125
91
498
466
80
463
372
429
506
338
455
123
467
483
346
449
479
117
222
500
566
102
454
102
479
361
549
231
105
162
185
45
397
387
417
442
521
170
454
264
331
490
195
183
246
444
233
122
175
369
400
335
250
60
303
486
201
372
402
385
24
232
169
97
167
263
180
228
72
179
115
293
344
402
263
132
475
212
23
520
202
454
356
177
120
283
404
147
46
124
440
372
228
15
126
169
469
262
518
380
425
73
532
56
112
24
359
74
360
560
97
297
89
477
477
538
137
572
73
230
350
26
54
523
319
131
262
374
49
317
360
82
99
93
284
260
572
549
572
356
75
466
402
418
295
110
373
207
522
295
295
152
370
310
310
78
122
310
481
426
75
56
325
53
268
492
232
510
442
467
162
315
134
538
176
514
282
267
0
