-3002.866665
-1748.213167
-1634.983173
-1704.938775
-910.9413243
-1347.135891
-1239.127242
-1699.223582
-2214.874648
-6330.056672
-790.7602988
-1139.785236
-4149.379466
-1275.205849
-1036.871581
-869.2246692
-2096.686061
-3557.722796
-859.1396908
-4058.937417
-1044.862753
-2063.374385
-2052.79154
-793.923442
-1408.523893
-1717.534858
-919.629844
-1371.061523
-4107.758111
-6844.592606
-1681.513711
-1382.971463
-7409.432435
-8454.831081
-1073.666756
-1578.012562
-980.5475766
-1077.804695
-1908.075076
-1413.280572
-3296.44729
-2366.276446
-610.9535041
-2884.237358
-844.9433888
-1621.996932
-1301.728501
-719.5138824
-1473.385947
-2358.97265
-811.0042043
-5505.696428
-1254.646
-698.3452077
-215.3385304
-1633.096463
-941.0505348
-2452.277037
-769.1865106
-863.3323268
-2410.529395
-615.8587585
-3030.994339
-1752.669717
-2215.793305
-1227.350387
-1090.553966
-4934.611392
-2178.427694
-494.6714274
-2634.213898
-1723.380507
-553.6152148
-1063.63066
-765.1641663
-729.1238565
-2151.924068
-1360.274132
-1995.930206
-1627.768435
-613.1188722
-6921.439217
-2959.308455
-2997.457443
-4486.386216
-1046.613048
-2306.207978
-759.2087059
-707.9431493
-498.8281825
-1008.154492
-1640.049455
-1000.969458
-3075.36048
-1982.563178
-1603.805757
-2707.422997
-680.7791039
-414.6418082
-1630.96125
-1000.929286
-2630.711336
-789.5496334
-2217.88535
-676.0046101
-877.9808334
-2285.228698
-417.3012666
-500.2811591
-643.2335213
-1405.223815
-2152.060073
-1588.268374
-1972.070372
-512.0074908
-1275.419875
-5484.459588
-1098.62862
-1278.822105
-788.3576385
-1550.277341
-1079.7447
-1563.258099
-336.0781494
-1940.661314
-579.6896673
-830.9695738
-1202.10628
-2498.768801
-482.5543215
-622.6851487
-1016.918361
-846.8507466
-722.9370344
-359.079647
-1776.628664
-2375.827279
-3388.144604
-2765.096544
-2065.304362
-2040.820007
-334.8735796
-846.6978184
-3864.611878
-1089.195539
-959.9313211
-969.8979433
-1800.108926
-936.1324396
-1343.894527
-545.9020678
-812.4579294
-3347.872324
-3726.886907
-3810.295982
-773.9591354
-4465.99091
-635.7788445
-574.6769748
-841.7788095
-1324.216135
-774.2637397
-1251.513263
-3086.582929
-3126.298663
-1527.332974
-2377.808124
-3006.44503
-790.679812
-875.1848053
-3804.811034
-600.7242486
-1124.375418
-231.7593385
-1965.896906
-6200.708935
-718.8012118
-1855.627135
-2020.215739
-2421.17797
-6279.581235
-1967.473597
-453.3192316
-1373.700182
-3108.212439
-842.2147901
-472.7013622
-776.0060981
-916.9556291
-2005.951272
-5045.453189
-1647.891102
-2177.824508
-793.4879139
-1382.086902
-964.194592
-427.4616784
-816.6030388
-1631.943571
-851.397221
-594.0696
-836.2933382
-2667.043594
-1322.940288
-1696.27648
-894.4740732
-1340.556368
-668.3509694
-2082.931547
-1458.896868
-1147.85411
-1153.938223
-827.247639
-1944.041725
-1783.248356
-672.6555867
-6905.14203
-1642.23013
-937.8059738
-769.1616199
-1021.445003
-1887.598479
-2146.001638
-3157.958856
-807.890754
-679.0126903
-2662.522487
-1308.013998
-337.5725574
-517.9485319
-1396.957132
-2184.154383
-703.9251746
-1178.664062
-1870.128058
-1197.597168
-942.9289756
-523.9203989
-1694.272056
-2345.575937
-4080.175119
-929.630729
-835.3327206
-734.9815499
-918.8628985
-423.0692069
-11316.71742
-507.6078925
-2979.715058
-734.6220249
-1458.79399
-1560.6235
-909.0236105
-1802.294449
-935.5149659
-528.0671071
-3896.43133
-1921.607027
-2167.649806
-1209.132466
-2256.455281
-2577.14126
-469.9162054
-1369.687704
-646.5556877
-614.078373
-1270.457632
-1206.132635
-1969.229727
-511.6116127
-1444.418967
-1691.997673
-2537.035295
-1854.085089
-585.9104441
-4212.841927
-2894.39511
-1780.145565
-2181.052059
-913.2960204
-911.2282521
-1314.506331
-558.2707417
-1893.065784
-2389.728345
-1189.87847
-1574.039713
-2507.393399
-873.8086178
-905.1604037
-1076.561177
-43301.40839
-507.7642308
-875.2479668
-3003.129968
-471.1742022
-1168.362924
-560.5776939
-1246.070667
-3776.364401
-381.5921419
-193.5247344
-556.7661944
-863.7027773
-2971.87083
-3758.963309
-1434.657272
-496.8333922
-1160.727695
-1870.92102
-4370.647953
-1560.60038
-1288.263202
-3246.803998
-3162.971366
-2515.843217
-2047.504563
-704.0311488
-976.6992854
-970.9283782
-1343.806172
-1305.894031
-908.9667577
-3154.077866
-5348.314383
-1884.853198
-1300.832105
-369.3430155
-789.0942737
-1259.922614
-1063.240975
-1732.022869
-1285.024877
-580.6625789
-1237.346394
-1738.218461
-1568.015924
-3846.024255
-2803.402869
-1578.078283
-405.4245384
-590.3253184
-1789.662298
-2142.124329
-1146.275007
-581.8803827
-3008.957104
-1818.824916
-1688.08979
-994.1105378
-2135.117948
-1155.939862
-4005.587363
-1608.681146
-3746.144863
-502.1511214
-1254.141745
-1883.87575
-6103.105367
-438.5133039
-1037.971572
-1047.175315
-1638.231227
-698.5267304
-1841.558989
-915.2892827
-364.0179227
-593.3335582
-8887.099189
-1892.100633
-3477.091169
-1227.148223
-6682.203564
-1131.023394
-1025.374587
-549.5507992
-627.0436545
-997.2049775
-4969.949579
-2402.166942
-979.0859894
-554.1546067
-4798.080969
-2309.398522
-392.4995415
-852.3909626
-1448.357307
-2487.782216
-1126.741763
-363.932478
-653.6181997
-504.2851939
-1508.070699
-794.9355392
-1287.593515
-1518.388117
-847.9081294
-1367.027713
-2474.106038
-531.6715018
-1179.475714
-1440.64531
-1781.360009
-2636.326459
-1043.521926
-1128.011205
-975.1289692
-800.5752641
-10713.82626
-2087.076723
-1219.665582
-1905.687756
-1313.696211
-9187.26585
-1569.619154
-353.2219326
-3438.187547
-2761.22026
-2765.986145
-1335.2248
-770.7603943
-887.4078961
-2628.618533
-888.7751452
-1088.919066
-602.2040327
-772.4208435
-523.8874708
-2510.709813
-1760.548539
-2651.903442
-617.072186
-838.2881452
-1219.081654
-4080.320836
-1019.438802
-669.9758278
-2389.441784
-957.4100639
-1904.473789
-596.3181371
-2235.20354
-962.6088737
-3122.736422
-787.0672122
-1792.038564
-451.9523594
-594.4036912
-413.9338783
-1064.147273
-812.0505576
-4174.848743
-698.8909366
-1324.707407
-1260.450425
-10485.7349
-339.1821841
-1416.801959
-807.2367164
-5738.99273
-1051.946829
-840.7235926
-8315.334127
-407.7521546
-802.4767439
-2243.616124
-2505.917162
-1028.089827
-1939.263558
-297.4897675
-753.4136819
-848.2829134
-1155.385962
-133.0255594
-890.6705205
-1832.432848
-908.0953084
-1739.258073
-4194.495976
-1104.692267
-333.9132071
-243.3431337
-1847.87872
-470.7445118
-393.1637448
-799.3795524
-414.5895932
-794.0027366
-848.136466
-2018.418045
-7274.713686
-4699.377569
-1867.735191
-1950.282555
-2515.595178
-757.1726147
-4054.212673
-1767.92918
-817.542334
-1218.075656
-583.8285799
-3088.41104
-453.3828636
-1381.137132
-4811.023209
-915.6896158
-2755.755625
-2213.029654
-956.7935961
-572.6753262
-1113.779132
-972.0699046
-1648.984085
-1033.820972
-1092.113025
-1562.461965
-1235.873209
-1784.959096
-2924.437439
-1478.367564
-540.9548965
-1462.553442
-4209.900891
-1763.512171
-908.0096751
-1332.924845
-1125.7623
-2950.44387
-1268.00535
-2888.21873
-465.0018502
-2454.016794
-2045.047627
-730.6218406
-1260.790938
-1900.722133
-796.0422544
-2925.155694
-1359.833866
-865.5210277
-2491.97659
-823.9244407
-5108.550231
-604.6695529
-580.0846515
-741.5653495
-7666.457661
-1338.585806
-263.6519095
-899.3145589
-9678.313646
-4003.049552
-2165.342768
-2124.321625
-3253.188395
-536.8231257
-2502.015909
-423.8020148
-784.3901104
-1113.664547
-3498.875648
-3053.772317
-1874.329641
-832.7276032
-2854.849191
-2516.604153
-1341.19684
-1915.29395
-435.0900876
-2607.404618
-1449.431323
-1265.566673
-2003.975305
-7478.76491
-856.8332118
-3526.428469
-208.9956147
-831.0679216
-1849.953314
-6956.718453
-860.7697373
-2269.112698
-786.4021842
-2749.459233
-2698.027139
-884.1765394
-682.7615393
-354.631788
-7038.439692
-2556.602098
-2652.220313
-732.4141132
-2199.848793
-1308.136714
-1842.404924
-3796.601835
-2190.778296
-708.8633086
-2642.100182
-525.8851014
-2308.517597
-520.1994311
-821.0221978
-1040.52403
-1796.817232
-960.1011004
-3609.388701
-682.3681159
-990.847839
-1794.990748
-9530.901083
-8587.383377
-1859.967569
-4113.65056
-1271.479056
-2084.506218
-286.2992474
-2768.757525
-1586.209088
-1197.023559
-797.6547707
-1278.964084
-498.1835124
-1743.679656
-1469.005805
-5231.321813
-1512.990979
-694.6389456
-1147.070463
-408.6263115
-472.4949383
-612.2307475
-2084.823544
-1354.827296
-1280.771761
-3513.635256
-2830.062932
-3229.773681
-928.1772889
-4537.658606
-1279.513882
-1249.576287
-4108.372464
-489.0302105
-821.0913698
-726.9627197
-1549.118102
-682.5881804
-307.2417749
-4861.787911
-2201.366618
-13305.94893
-716.0481886
-1026.740296
-1110.2228
-1756.756668
-5585.168955
-975.6649659
-4887.667495
-8059.804826
-1036.792953
-1262.601845
-1122.080696
-2646.694363
-1607.328475
-1513.542498
-3832.214234
-1883.912326
-2608.746805
-308.4977791
-874.8447181
-520.2899479
-1557.902577
-978.8078047
-1002.915396
-1443.460719
-601.6881323
-1280.58242
-4418.999967
-731.8187697
-706.7144606
-224.2273522
-870.189768
