2
264
337
154
116
195
143
154
86
168
205
115
136
245
157
311
289
180
76
68
258
105
76
143
316
293
279
239
269
61
9
5
257
241
236
117
309
284
281
15
339
6
10
57
207
97
261
217
97
31
60
148
162
157
70
224
37
95
305
169
229
254
115
308
173
298
262
254
39
53
105
238
246
256
226
40
93
53
160
164
205
221
207
210
240
301
167
47
215
241
173
50
301
248
27
339
310
218
289
160
18
37
225
94
254
82
92
255
91
70
319
91
193
154
129
289
18
307
151
157
64
301
315
269
154
203
331
340
299
188
200
265
287
239
4
338
106
253
82
204
140
29
312
296
134
327
37
92
144
309
37
340
282
210
74
307
229
336
57
280
49
322
303
335
334
162
182
1
282
27
283
187
121
188
64
181
277
57
201
78
129
297
142
67
273
203
96
251
337
21
129
251
153
95
259
13
126
137
4
283
311
188
147
196
212
115
144
122
205
68
347
268
313
196
8
258
176
307
72
328
168
187
98
173
47
198
309
201
289
47
300
301
105
176
280
191
102
3
183
145
337
259
284
194
235
54
29
323
266
203
50
167
176
135
248
225
311
227
338
144
112
287
224
187
74
82
84
144
339
265
86
227
198
292
56
79
18
184
107
68
54
72
112
39
45
56
249
173
229
176
123
19
172
42
324
265
152
158
277
173
303
278
290
53
287
280
296
232
101
51
321
53
152
191
216
170
184
24
168
72
51
142
124
341
158
164
237
90
299
172
239
338
194
128
191
269
201
131
124
268
105
273
168
281
13
34
11
301
212
309
81
303
5
126
102
126
283
16
168
291
346
142
309
202
184
301
55
272
239
59
135
92
4
165
72
284
349
257
244
115
321
56
66
294
343
53
330
108
253
300
187
180
330
203
347
260
15
34
205
62
53
121
135
337
66
187
128
330
319
11
51
22
102
145
137
84
168
291
303
157
108
135
71
81
125
220
18
121
63
313
271
94
85
190
183
36
242
312
197
282
98
184
59
137
72
182
246
71
10
109
315
340
270
338
156
40
193
344
204
328
32
309
151
215
204
180
170
35
88
132
89
1
270
98
275
331
182
12
189
59
331
157
8
321
347
215
171
59
231
164
213
47
344
248
294
299
33
4
163
254
33
338
315
312
215
281
298
83
60
213
249
112
266
312
44
163
58
242
73
91
301
269
158
260
331
4
199
70
278
208
10
31
252
64
275
337
301
337
170
75
238
235
121
287
267
97
248
96
207
242
166
235
229
339
275
190
97
262
128
234
244
51
196
91
258
1
262
1
11
55
259
293
112
287
263
170
91
13
239
252
339
58
166
49
344
123
183
165
99
217
302
43
319
8
125
137
19
11
196
147
270
46
83
286
288
115
64
242
61
43
158
64
89
313
47
127
126
235
343
244
121
181
207
135
127
120
68
158
230
53
230
329
260
310
337
238
268
145
28
120
45
324
307
33
120
150
309
89
239
344
303
4
336
155
109
325
258
75
172
96
42
161
106
308
282
155
126
61
305
277
56
179
85
24
172
28
31
347
42
308
110
163
155
132
91
290
206
195
4
60
129
58
186
266
121
279
290
111
23
183
24
205
70
313
207
174
6
314
146
114
147
184
29
204
105
324
210
185
137
14
132
38
320
51
300
68
167
108
286
323
173
327
154
90
236
278
310
39
158
302
14
290
193
2
100
187
275
301
335
94
29
313
109
212
77
28
280
122
181
328
14
189
67
346
197
332
106
232
289
25
340
216
21
95
84
167
168
339
145
39
141
228
160
110
86
110
109
150
343
321
186
117
304
57
212
12
174
139
167
276
154
313
38
181
236
220
204
251
110
142
221
168
152
329
32
272
110
60
169
332
341
328
25
288
347
273
14
200
41
277
233
155
288
38
96
214
208
157
175
155
59
322
160
212
329
14
272
258
175
316
13
41
158
129
292
341
195
346
339
184
214
172
214
18
273
198
48
42
214
293
98
86
254
195
103
87
273
52
163
123
179
270
334
85
135
124
57
281
21
300
262
165
262
103
222
328
280
97
338
230
195
233
265
253
289
55
221
336
106
274
309
27
282
235
131
28
88
180
18
324
169
308
338
226
159
154
209
88
310
320
283
172
119
300
333
69
86
57
81
113
27
37
14
206
158
340
27
272
124
306
310
88
255
282
0
91
239
88
295
334
73
163
53
260
307
169
124
40
131
282
163
314
57
106
94
325
235
92
56
218
348
214
230
254
214
259
333
269
233
95
254
84
147
211
80
226
274
341
55
341
346
258
125
254
62
177
17
166
141
175
114
206
69
103
32
9
234
148
305
147
249
338
54
325
86
230
133
295
321
112
46
244
184
175
161
345
105
191
270
212
267
268
48
243
54
325
192
264
146
49
39
90
341
82
153
251
290
199
158
340
215
183
46
337
209
131
263
117
74
192
237
283
127
125
186
285
97
330
92
126
206
64
86
32
143
93
158
280
107
259
199
220
219
263
264
91
290
62
219
257
151
153
196
200
272
298
332
320
74
151
167
234
179
2
106
283
200
332
116
120
73
32
7
43
64
341
129
155
279
90
95
284
188
40
218
215
115
24
127
179
311
55
333
331
311
140
95
277
264
95
117
188
269
288
127
44
262
323
292
215
293
25
332
111
92
329
159
170
93
112
84
138
102
237
271
100
344
73
122
262
264
306
122
315
145
205
187
175
152
187
6
61
27
52
210
2
102
222
22
260
159
254
325
263
237
4
57
131
128
206
261
151
168
141
198
175
181
239
11
4
278
20
304
291
159
69
323
155
168
284
31
91
193
327
23
114
327
186
218
207
218
181
126
254
207
193
140
263
35
309
115
92
172
262
229
24
213
18
46
260
284
19
17
163
203
195
143
58
150
36
199
317
214
84
206
13
88
17
122
268
331
30
224
235
8
74
331
255
348
301
331
347
223
268
287
4
202
44
195
13
282
262
23
129
328
74
228
41
152
256
71
95
197
144
285
308
175
43
142
183
159
26
197
214
251
120
94
44
69
39
326
152
151
328
279
100
35
216
180
202
151
87
170
30
142
160
264
191
170
259
196
3
75
94
182
206
127
42
254
178
118
323
227
252
252
263
147
20
173
29
119
0
0
305
100
132
197
341
285
77
277
133
314
53
258
278
239
140
120
120
343
211
216
172
193
63
340
53
276
29
302
226
36
167
187
274
87
192
33
342
299
221
285
22
186
249
64
257
124
88
273
174
272
62
20
47
36
266
105
93
133
130
144
71
99
137
0
134
343
134
282
140
17
244
230
22
322
203
69
329
243
77
73
2
58
43
47
47
289
106
172
53
96
129
148
86
216
203
62
143
243
280
214
266
136
337
12
2
223
272
332
36
60
242
53
24
30
180
282
231
116
71
160
22
165
307
29
332
205
93
224
77
27
80
289
97
60
304
128
260
344
231
33
85
16
344
64
160
77
83
147
93
24
62
308
294
46
327
140
293
242
20
307
334
22
254
141
153
27
82
337
115
8
57
246
227
232
4
105
170
33
215
318
330
229
41
262
232
186
270
159
293
272
304
2
75
240
80
272
285
239
248
183
23
84
97
215
239
107
14
250
4
182
272
298
137
154
245
55
248
107
118
326
133
180
75
128
287
64
241
42
326
268
83
195
238
330
348
64
34
272
67
92
115
121
248
238
226
99
301
2
41
2
173
269
150
207
183
176
99
243
347
134
255
51
216
17
74
298
139
142
71
238
6
270
119
118
220
226
226
239
243
210
151
56
328
227
4
243
323
0
207
266
250
27
300
210
72
75
283
180
301
80
284
129
41
279
339
84
43
240
280
272
119
335
252
39
1
17
100
268
308
340
256
288
187
206
298
101
279
6
134
88
82
268
101
61
311
8
239
99
323
27
113
79
314
300
221
216
242
340
274
113
180
77
125
5
269
290
75
69
53
13
61
33
243
209
30
73
12
100
27
311
137
28
102
269
254
112
170
75
86
32
124
255
42
11
163
84
283
326
313
90
86
125
164
222
88
144
123
215
101
84
191
322
274
287
255
23
136
182
68
83
272
199
136
171
1
349
292
153
106
191
163
70
2
208
6
21
237
332
191
91
20
43
328
251
287
182
297
270
48
189
10
137
119
137
50
45
175
187
6
121
225
41
178
239
344
105
199
221
17
274
291
255
92
312
181
84
253
253
64
108
29
176
108
271
263
43
256
291
133
79
194
150
259
256
55
231
179
248
216
278
57
348
265
320
191
199
22
84
274
103
274
152
188
53
59
138
342
234
238
29
308
49
183
29
121
267
142
175
6
210
301
140
30
6
320
155
221
120
169
99
57
348
286
231
43
311
315
291
42
205
170
135
140
274
92
231
316
141
292
258
61
259
247
121
29
243
2
256
187
267
230
349
196
287
312
36
239
23
172
304
325
18
13
70
202
145
81
331
23
316
150
292
227
317
216
179
24
75
123
345
141
32
11
24
28
321
163
118
112
186
243
139
198
227
75
50
342
95
127
249
325
230
21
175
98
24
218
252
258
58
137
325
243
342
346
82
255
17
67
337
346
206
8
223
39
269
207
67
276
282
238
298
222
180
325
46
227
306
155
55
129
326
295
146
258
75
13
193
130
58
81
143
60
98
123
207
80
304
309
118
155
50
217
259
145
297
301
182
119
234
135
104
256
257
120
346
222
223
235
257
338
167
21
203
162
150
46
279
127
82
299
34
312
165
95
21
299
160
318
126
265
301
61
296
50
65
211
67
308
212
55
241
257
212
133
8
326
184
297
245
311
67
118
111
167
158
95
88
120
110
282
8
203
3
345
53
75
146
29
8
105
309
314
73
44
296
139
346
120
75
100
267
134
247
73
236
229
276
79
161
232
71
313
160
182
258
61
339
115
118
154
334
42
274
312
144
176
112
249
211
179
293
149
53
170
148
190
228
100
332
202
46
292
306
26
278
203
171
240
127
101
34
101
265
251
294
282
113
336
262
304
52
266
23
140
131
207
266
50
328
5
218
48
139
95
215
266
108
334
228
13
33
144
238
229
127
342
153
25
234
223
340
277
336
265
232
288
70
48
156
265
318
251
232
192
16
180
294
348
295
214
326
139
122
50
322
324
298
239
196
82
273
345
3
107
209
203
107
272
38
198
162
288
45
314
202
335
154
230
215
226
101
59
206
290
197
349
7
213
84
323
82
34
164
215
225
289
338
321
231
209
88
180
25
48
300
61
19
14
38
342
275
39
50
328
324
174
106
69
143
173
236
318
248
63
281
333
56
212
330
69
225
330
266
126
330
149
27
225
202
126
297
231
164
47
287
346
176
52
16
76
83
140
269
3
143
159
47
113
212
20
23
85
36
296
330
240
0
78
140
95
218
5
298
272
237
200
7
297
135
217
120
153
77
158
8
199
4
115
16
292
39
180
166
148
13
349
159
183
222
163
56
233
59
120
290
340
141
56
298
258
248
151
176
24
78
271
45
165
5
238
168
135
296
343
149
186
327
28
165
119
346
82
4
58
345
244
263
202
274
117
247
323
268
45
147
4
64
66
151
9
229
229
298
7
286
75
176
292
300
158
44
26
272
170
231
239
304
197
283
300
268
161
225
216
324
333
346
23
86
20
61
324
113
3
159
333
152
60
25
295
146
81
172
28
168
300
193
105
76
86
322
146
194
59
247
183
54
116
61
50
93
99
347
268
49
229
185
222
32
206
25
86
64
6
250
217
240
317
338
283
119
308
251
255
327
290
108
9
6
145
114
308
150
292
320
31
0
70
326
14
25
168
16
258
80
174
284
30
210
234
49
180
185
195
295
296
2
186
314
255
312
250
280
251
81
194
151
63
103
222
322
99
295
286
47
136
28
122
345
339
81
328
337
25
286
10
315
28
176
312
308
153
267
58
252
258
244
166
197
25
158
51
304
76
191
339
54
181
110
230
13
168
88
21
3
234
230
25
348
95
183
100
155
232
181
252
12
316
169
228
196
102
43
296
280
148
286
13
45
90
32
28
144
246
143
48
94
68
80
303
107
334
304
226
344
176
116
72
331
124
46
307
244
49
155
249
295
277
84
94
176
109
249
248
153
37
186
312
3
340
49
94
253
129
115
151
183
168
84
146
315
69
296
272
12
183
327
175
83
186
277
44
121
68
24
154
143
51
163
330
327
300
112
295
215
72
196
327
55
251
79
80
201
226
226
49
156
245
207
267
139
44
4
4
278
207
196
66
68
166
228
124
64
101
141
335
64
342
205
335
241
247
216
96
292
235
203
95
36
36
182
323
185
242
153
218
35
40
63
175
235
68
98
74
287
113
180
317
83
16
211
139
179
105
345
182
244
324
317
344
221
253
189
247
121
306
94
223
191
224
102
207
132
50
316
10
218
300
188
303
51
248
103
303
331
287
80
55
244
312
323
326
133
242
286
51
102
109
330
1
60
264
72
339
61
349
271
86
167
239
329
241
289
5
136
285
67
151
214
323
270
141
329
336
71
39
149
3
100
112
305
155
133
57
113
179
329
168
120
310
32
287
165
166
185
296
50
323
332
22
183
271
50
279
292
273
312
23
40
19
31
212
110
318
34
299
174
126
63
222
109
32
214
60
232
63
103
210
65
48
263
118
205
80
75
142
12
340
244
232
137
22
307
285
341
78
220
104
207
45
134
51
254
202
29
226
97
251
63
37
297
164
147
12
180
39
207
243
10
287
216
97
311
166
341
309
216
250
67
78
142
1
324
10
35
263
320
51
170
48
200
125
286
80
55
166
23
284
307
44
297
280
97
241
300
214
130
283
166
286
39
153
308
325
198
121
294
155
270
29
115
97
146
340
65
30
3
194
79
48
192
348
79
344
115
204
192
325
267
304
121
120
148
170
286
188
124
131
231
188
257
12
252
335
54
178
323
257
198
340
176
304
108
190
96
179
130
344
120
196
341
123
149
268
51
127
22
321
136
239
141
194
244
97
200
121
297
347
97
85
327
222
163
76
22
285
44
297
177
92
303
91
79
6
134
92
96
93
14
173
10
65
167
194
176
114
116
226
212
9
85
165
277
44
234
0
30
232
243
51
321
64
322
14
345
1
347
270
265
251
29
194
258
46
321
199
183
150
214
123
231
293
152
178
197
58
335
113
260
194
20
224
35
296
239
173
31
127
146
296
215
292
53
88
153
66
238
206
299
63
312
139
102
98
87
76
286
295
182
80
310
234
194
257
21
13
61
236
21
244
162
298
183
321
112
235
200
248
71
25
165
94
55
123
194
222
181
53
238
174
80
314
72
241
277
183
212
28
269
230
88
59
237
159
72
320
331
343
106
8
181
203
234
138
70
87
238
106
188
65
253
33
181
14
320
124
145
214
162
195
188
259
206
136
33
32
47
242
345
200
158
339
325
233
51
99
341
252
319
145
212
105
97
341
137
196
160
35
116
235
99
79
197
346
349
51
173
288
80
46
239
231
130
226
176
57
346
292
10
317
333
136
46
3
342
107
59
6
147
31
28
63
302
231
58
74
63
80
236
67
269
184
87
87
171
14
8
162
263
174
176
122
204
23
259
59
158
118
162
52
174
37
49
22
169
205
22
190
165
63
51
93
127
91
97
273
200
49
118
179
298
270
67
182
86
197
260
165
112
2
330
177
35
161
255
147
136
5
94
115
331
5
184
31
96
331
252
88
205
12
12
30
258
223
198
67
237
28
197
32
200
47
76
284
158
36
276
214
152
166
55
149
201
324
285
223
105
248
315
240
159
348
90
188
37
229
240
340
331
273
212
35
190
205
32
162
193
172
141
252
222
28
221
75
105
252
6
280
136
321
317
331
173
68
65
345
9
300
276
34
315
49
275
338
281
258
117
187
89
158
85
146
65
1
43
223
280
117
255
93
77
326
261
283
338
120
276
122
240
344
35
290
226
291
190
308
279
283
308
283
212
182
182
177
48
124
344
209
64
231
279
123
246
210
37
115
298
60
190
242
93
248
77
244
336
316
250
15
325
166
206
309
178
276
320
312
242
183
229
37
69
126
326
347
77
308
41
242
7
316
282
7
170
250
210
303
119
138
126
230
205
82
96
147
243
60
203
216
266
206
2
85
180
73
245
133
12
98
258
314
336
238
152
215
308
188
250
327
152
95
187
293
157
13
247
118
305
258
193
320
203
49
133
82
118
167
270
206
194
128
27
291
182
157
258
298
183
97
147
287
82
307
98
203
325
85
148
268
172
259
238
90
314
155
329
84
259
82
340
240
335
164
217
280
309
296
89
297
45
203
254
219
169
290
252
67
61
164
228
89
236
300
219
61
71
12
349
342
168
300
311
151
100
177
50
0
228
139
249
69
290
1
223
306
118
114
22
4
301
148
279
276
242
30
277
169
222
26
30
72
348
9
238
33
89
263
152
74
290
111
150
232
160
282
264
213
21
194
197
289
147
299
25
90
191
246
40
226
63
43
127
306
307
48
6
312
52
314
209
289
148
172
7
260
177
202
69
138
14
118
263
216
202
202
5
151
161
33
202
198
264
280
218
38
225
161
79
3
328
109
87
180
25
94
99
322
63
89
329
116
250
276
294
208
255
85
255
349
328
270
87
32
290
94
250
267
166
4
199
184
29
21
221
101
48
150
118
184
198
29
270
115
321
183
111
277
259
42
263
322
247
222
168
210
183
215
115
251
82
173
180
160
86
194
204
124
276
52
85
22
225
161
177
247
222
243
194
63
309
2
147
96
287
101
145
276
332
242
342
150
172
140
344
115
193
259
62
172
246
266
177
283
208
329
144
83
259
3
22
348
208
116
94
29
251
19
26
38
23
176
4
293
143
315
143
115
201
147
21
135
89
129
96
76
219
26
201
3
27
68
169
150
181
25
131
119
163
29
197
44
113
0
274
316
125
119
4
64
342
296
322
100
346
148
44
213
259
64
203
87
266
332
191
3
79
270
30
249
19
181
328
58
79
175
236
65
216
161
213
270
42
295
219
322
4
25
24
133
240
270
207
297
309
195
224
15
118
64
267
265
4
210
24
239
2
273
177
160
86
241
296
83
95
189
33
316
241
329
114
183
93
201
222
306
238
235
297
278
3
61
142
255
40
110
61
26
109
218
81
85
36
215
176
217
165
65
167
91
58
169
313
194
235
78
63
167
92
265
21
109
19
174
210
194
217
81
71
85
175
104
267
332
250
181
322
24
190
209
141
110
316
228
57
270
91
175
197
175
83
82
174
140
206
179
168
284
288
93
110
217
164
164
234
208
126
311
237
221
106
299
108
175
122
285
172
93
36
102
177
122
214
303
269
271
223
195
223
284
259
288
132
313
163
286
229
148
2
60
106
208
220
15
220
269
194
199
66
104
276
68
328
133
99
313
90
300
159
21
139
250
8
218
203
2
92
27
61
66
30
122
183
110
205
205
225
266
210
119
288
239
2
250
260
284
238
44
42
206
300
1
102
243
158
210
235
144
255
79
229
38
184
299
38
182
118
177
207
323
336
61
150
328
244
161
222
61
161
233
48
214
111
246
21
199
323
83
57
145
315
108
216
124
10
197
158
243
234
25
305
185
30
24
112
297
155
124
100
304
307
240
76
253
232
3
148
155
214
38
270
146
159
143
173
202
135
160
139
63
208
189
9
1
202
145
316
284
251
334
89
237
57
306
161
28
125
153
134
17
323
21
68
201
127
23
344
253
10
36
135
94
235
149
177
240
209
134
38
5
343
52
220
28
232
175
41
26
47
233
95
5
191
107
31
269
137
161
3
214
102
227
322
240
330
340
205
128
319
120
205
135
8
213
349
287
241
80
237
95
80
203
158
78
63
188
263
30
131
305
67
316
134
264
266
107
100
209
330
211
296
297
230
60
94
92
14
88
21
142
218
290
331
99
157
276
266
12
195
209
49
285
115
346
76
222
273
101
325
109
78
284
346
276
253
224
299
11
144
284
331
129
91
206
328
329
260
71
296
16
65
330
313
335
206
329
240
330
1
67
256
204
199
251
175
183
14
24
345
267
179
153
304
284
254
341
296
148
27
182
273
8
286
173
89
273
220
91
335
290
313
201
256
148
318
318
248
311
218
120
63
321
39
222
34
8
328
349
72
151
345
248
349
258
127
219
320
77
282
329
80
172
11
159
13
65
57
92
34
164
230
239
284
161
165
34
226
253
272
185
57
49
25
284
25
253
308
297
170
223
59
115
118
175
255
309
39
329
80
214
109
116
294
198
230
275
50
13
145
77
285
144
318
261
322
274
309
13
176
113
136
114
309
223
318
170
45
297
86
279
341
40
249
303
138
135
245
165
34
21
88
245
297
30
188
293
31
110
342
337
97
47
33
165
226
293
134
243
160
153
75
189
309
276
14
268
196
251
330
201
278
179
168
103
133
28
157
83
2
124
150
268
272
265
214
347
320
288
253
332
176
114
299
236
141
6
124
288
342
17
124
259
279
239
187
242
70
105
51
136
113
256
36
299
320
290
125
136
214
290
89
9
133
251
21
106
84
331
161
72
204
268
287
172
193
157
343
297
117
77
301
301
297
85
229
197
54
105
109
12
1
0
2
108
294
51
242
163
256
2
338
219
259
290
196
187
301
213
67
256
143
44
315
256
177
249
311
160
107
141
2
145
196
93
294
260
95
305
68
114
190
196
187
105
179
124
263
191
107
313
83
33
119
251
190
300
9
341
170
150
181
105
43
153
241
218
305
106
53
170
117
151
291
100
182
85
145
53
66
234
216
81
313
62
291
35
164
178
320
294
211
42
288
318
297
187
223
80
108
17
125
223
149
186
329
152
220
144
227
150
276
324
277
112
86
183
173
22
246
33
211
318
218
170
32
269
218
45
42
155
210
297
134
300
138
84
136
100
172
314
195
291
110
339
269
92
299
179
290
254
318
227
307
155
197
235
197
321
103
216
296
179
258
253
290
281
244
35
340
8
78
42
348
27
136
7
257
141
249
68
154
275
210
307
347
58
155
257
297
212
95
183
81
20
331
134
221
1
136
5
59
32
53
285
183
47
333
340
262
97
9
38
6
247
230
233
261
144
295
287
275
11
254
216
39
174
63
246
32
32
322
251
258
3
194
137
222
150
35
35
53
49
336
346
258
157
303
316
304
78
197
196
145
56
288
238
71
71
143
337
349
220
100
59
168
318
111
125
317
19
261
19
36
246
323
211
142
86
279
157
174
163
41
292
27
339
349
86
151
143
327
216
333
193
80
259
254
263
114
330
277
11
303
9
9
227
330
308
63
199
69
208
116
101
41
114
330
125
336
335
121
101
288
337
239
301
287
232
248
343
163
248
173
217
59
145
241
179
332
87
259
186
131
305
232
177
172
183
144
212
179
339
293
309
126
327
267
53
19
340
237
104
94
146
180
208
324
278
271
278
157
91
147
82
246
278
53
24
273
265
306
74
336
232
158
125
136
65
26
1
63
109
33
71
210
113
138
136
196
189
223
306
288
10
134
10
70
327
199
289
80
222
231
61
275
28
114
179
265
332
34
158
97
347
24
30
144
300
271
284
91
222
274
9
34
313
43
217
214
243
144
339
85
309
190
97
50
85
14
101
107
241
291
223
154
323
257
240
102
23
125
343
297
146
287
171
269
275
305
339
108
46
223
60
67
1
306
23
166
198
316
179
14
291
327
213
146
296
80
195
199
347
205
263
247
147
147
196
199
131
92
161
309
167
226
48
332
275
139
325
315
10
231
269
9
100
290
61
301
98
13
135
320
131
156
203
100
108
68
322
319
46
116
170
166
222
133
139
21
160
305
26
161
36
194
63
139
265
98
332
332
67
186
299
296
199
142
195
78
303
159
303
8
205
213
89
117
19
334
234
98
211
347
28
250
199
160
259
62
278
206
207
340
227
8
228
341
160
336
83
80
12
252
137
53
5
130
80
228
141
12
131
229
341
177
24
131
177
143
131
329
107
197
80
193
179
156
341
17
116
125
147
319
329
154
89
160
206
186
279
279
199
126
195
347
211
193
155
333
206
168
157
245
338
79
2
334
1
237
59
119
136
49
17
92
186
259
230
342
246
176
72
45
66
238
218
211
203
180
225
210
54
190
230
195
348
170
178
305
263
224
62
164
279
249
39
75
305
259
46
173
14
245
27
89
213
137
24
230
23
80
5
104
5
215
313
288
138
176
5
20
45
199
335
158
277
57
1
259
70
321
240
255
95
135
224
240
133
42
289
56
232
144
269
298
18
158
298
168
301
8
163
156
258
22
117
277
89
197
245
313
20
144
201
50
189
246
255
88
144
312
305
234
198
305
59
274
36
319
154
141
265
198
341
271
140
336
52
216
343
16
180
76
72
241
305
334
152
11
241
345
345
34
209
311
155
124
38
312
209
26
334
187
292
74
256
228
211
312
147
128
56
340
241
28
257
137
30
211
201
252
46
102
262
244
303
346
289
237
76
305
219
338
56
341
330
136
24
318
69
40
69
25
140
172
187
136
193
236
135
240
117
98
223
228
221
162
198
317
191
148
191
158
116
338
249
46
219
15
139
227
154
290
76
16
53
126
338
221
31
223
154
45
330
193
220
49
31
336
318
191
275
3
338
297
258
211
315
47
84
139
255
15
249
168
302
201
230
120
17
333
25
82
162
92
301
315
198
322
303
302
106
0
245
279
79
106
291
233
78
144
249
276
245
105
219
283
21
316
334
25
70
63
33
256
346
326
93
245
157
276
14
2
9
226
25
336
84
70
320
259
30
278
332
103
108
344
344
315
158
63
255
306
258
49
97
302
126
148
121
12
262
128
250
68
60
227
201
28
334
127
340
53
114
333
227
71
139
296
46
135
79
197
316
246
15
144
132
38
105
262
315
203
270
128
298
25
305
71
182
96
230
19
349
349
232
286
49
44
246
107
144
165
243
264
327
144
306
90
36
37
112
197
166
294
168
326
349
144
326
200
249
130
45
131
8
307
48
198
129
195
273
333
198
165
47
346
55
196
246
220
38
290
38
149
63
101
93
60
183
56
5
90
256
319
45
42
264
308
198
159
179
121
257
333
150
96
54
252
153
145
313
178
296
45
2
290
1
110
35
45
235
56
219
330
169
85
290
227
196
31
251
169
143
45
153
248
151
215
326
108
247
147
121
186
210
312
132
165
32
129
298
255
111
179
261
117
281
338
0
64
48
88
265
327
275
9
31
247
339
221
193
261
246
235
53
96
36
65
201
15
138
47
254
331
28
57
23
3
182
286
158
258
323
343
266
225
275
152
155
332
182
149
143
266
102
105
9
5
250
216
310
81
63
119
286
273
310
349
41
273
130
192
2
112
79
144
225
17
215
221
158
323
255
191
204
163
333
289
130
349
303
332
289
259
246
33
195
180
114
167
7
231
303
15
127
148
215
307
176
234
273
306
21
148
330
65
197
2
213
247
160
100
305
33
72
183
274
308
41
112
195
187
178
86
70
120
15
231
172
4
273
142
4
213
296
255
271
168
79
114
168
114
317
157
144
319
166
82
184
58
270
315
162
322
303
149
160
55
149
344
97
128
33
152
69
263
142
299
257
65
284
74
227
213
242
299
75
82
185
196
9
346
239
165
213
338
145
81
80
269
7
185
180
213
217
73
242
7
281
174
95
69
33
249
339
317
148
245
133
95
264
90
280
230
317
176
77
91
0
297
307
19
307
305
134
282
235
181
346
60
320
306
279
17
200
211
201
214
212
295
264
65
219
179
26
230
125
251
63
331
39
195
296
219
272
28
234
191
343
307
261
20
146
342
222
241
33
149
170
320
223
271
91
31
223
170
152
219
339
195
342
289
75
0
216
311
28
298
96
23
78
174
145
305
80
276
87
69
270
44
195
209
235
65
72
344
138
313
340
223
235
112
96
283
161
255
96
271
43
212
330
36
111
279
313
330
267
313
121
43
142
138
35
271
193
88
60
78
5
122
269
243
55
108
320
100
181
34
141
210
200
208
261
61
270
308
255
44
202
123
174
42
255
317
189
242
22
38
5
208
261
89
159
227
90
340
190
326
202
161
5
61
327
116
35
71
139
90
318
155
223
37
247
58
323
228
165
68
296
141
180
72
348
6
25
302
163
230
7
119
247
220
25
22
251
139
330
265
265
16
1
20
187
0
255
82
90
279
74
195
204
125
285
86
73
296
92
24
315
39
334
117
224
328
278
105
296
308
291
346
325
305
9
170
336
145
206
42
101
96
333
187
220
308
72
92
180
171
122
28
155
152
159
55
33
76
142
340
297
334
182
56
37
151
334
129
189
166
39
71
145
333
67
277
167
280
78
344
291
345
341
194
230
129
152
182
120
249
249
1
266
333
112
194
173
35
237
152
24
210
96
131
311
26
68
99
73
324
335
5
51
295
85
154
7
239
188
272
100
104
57
52
159
187
267
96
244
118
314
29
173
195
319
100
332
176
191
315
93
325
306
85
315
314
291
6
270
73
87
337
206
244
200
325
197
325
202
19
286
284
47
176
318
296
284
106
347
196
131
171
224
99
231
228
183
307
99
323
271
167
80
203
37
153
188
267
89
22
320
241
277
277
21
336
63
188
47
285
116
241
70
331
90
286
181
186
130
211
275
116
283
38
123
48
107
149
138
45
192
322
196
157
284
304
55
221
237
99
309
40
185
250
25
88
30
319
192
9
173
179
80
192
294
95
72
21
297
323
221
148
317
32
296
343
206
295
55
296
96
212
69
114
25
52
208
30
96
48
277
148
72
75
147
258
216
89
200
16
334
272
164
241
244
230
300
60
302
27
61
347
123
200
28
156
44
339
35
23
52
3
339
333
12
334
293
42
347
7
38
221
55
215
258
72
95
150
241
185
222
135
27
327
336
147
259
61
152
202
223
344
52
178
135
176
248
267
94
63
144
96
139
110
57
220
40
205
344
100
52
177
343
200
314
163
31
164
330
314
229
30
138
305
38
173
283
121
211
328
279
96
97
304
273
169
79
299
208
349
232
200
28
159
29
295
168
79
91
225
149
183
300
133
165
144
135
177
85
58
233
142
283
347
11
90
46
258
61
129
46
193
47
339
321
14
203
327
109
89
199
220
133
329
73
187
7
258
118
45
109
9
73
300
203
226
165
33
326
64
266
328
179
121
343
130
321
331
160
133
182
307
331
181
55
265
236
203
203
52
88
175
130
224
297
117
88
27
164
69
195
24
27
306
320
166
271
135
259
211
44
91
41
289
52
141
327
190
35
239
280
31
146
128
245
51
210
136
181
268
22
37
282
328
174
90
157
347
261
52
61
223
150
225
18
315
255
249
175
24
69
91
157
48
168
34
269
121
69
210
216
108
243
265
33
20
69
64
307
136
168
64
44
272
129
138
292
275
174
59
108
249
117
62
251
15
234
319
89
261
329
104
211
106
137
92
293
121
27
228
176
3
229
165
328
213
271
211
89
213
269
54
179
61
44
222
123
88
150
82
319
179
314
280
162
271
28
174
169
253
98
349
229
233
169
301
225
151
106
267
67
312
170
203
281
217
90
168
269
183
117
333
184
193
319
228
160
181
148
134
12
288
88
230
305
113
184
63
207
278
63
170
279
173
135
137
17
193
252
328
252
243
183
173
173
279
330
333
114
121
148
197
257
289
245
231
118
260
110
179
171
227
69
137
92
280
148
311
241
116
112
257
98
87
199
277
252
98
249
100
204
252
154
236
28
122
69
23
91
186
260
295
227
95
53
138
30
19
27
35
175
289
20
56
191
258
193
210
116
260
227
237
234
28
23
214
36
25
137
223
171
6
170
130
61
347
99
207
305
318
260
173
320
271
107
59
282
211
193
20
128
86
113
329
195
91
260
17
179
8
278
97
209
128
302
8
349
312
200
1
268
207
111
196
280
59
313
238
268
270
66
288
26
233
245
95
314
239
321
339
284
306
56
331
170
149
161
211
189
4
195
139
206
129
3
284
178
136
108
319
147
270
333
150
89
161
320
91
142
180
312
102
340
119
191
334
98
156
347
58
349
177
116
340
35
5
325
95
206
166
89
164
284
185
239
139
153
178
74
340
172
129
305
337
166
260
161
70
120
8
163
309
26
154
160
217
269
185
4
72
56
165
24
122
195
209
56
293
86
38
54
89
54
312
27
83
161
99
145
12
191
41
210
252
144
281
240
72
289
77
55
21
348
99
160
39
145
295
173
153
216
65
21
233
270
47
14
125
41
35
288
128
46
93
56
106
67
174
119
281
46
298
292
195
47
310
46
178
271
55
69
79
211
258
32
307
6
270
218
308
151
1
259
20
201
180
52
271
338
211
340
123
68
289
86
204
321
123
26
289
110
295
184
203
91
20
46
259
341
72
263
58
292
159
289
71
105
270
131
349
108
180
184
46
133
340
260
190
44
191
278
126
125
137
334
221
181
305
151
252
3
128
247
241
309
296
260
51
28
191
196
291
327
163
82
164
39
152
166
130
213
278
132
246
84
267
49
129
132
156
151
162
215
30
299
240
230
220
145
166
178
211
280
36
142
280
51
328
23
339
142
34
86
146
84
181
292
287
224
289
58
330
23
301
1
347
199
247
32
52
88
328
205
26
86
338
336
24
300
51
261
131
261
231
259
187
259
278
52
102
311
110
283
65
74
86
227
43
79
199
189
143
17
276
344
25
254
26
311
238
34
240
128
251
217
290
123
238
30
164
292
140
78
233
278
182
119
88
74
15
186
125
192
14
279
277
179
148
347
182
140
101
170
71
207
309
45
197
253
12
4
313
54
170
80
41
25
222
292
223
24
109
20
338
278
258
61
8
339
330
347
237
227
74
215
257
45
51
43
245
184
172
156
278
272
67
95
203
295
63
104
295
149
175
295
347
55
52
79
63
41
155
243
311
153
251
67
319
8
251
144
315
14
312
122
41
16
338
198
15
53
339
15
107
295
177
98
56
263
288
193
177
283
230
181
60
97
211
166
225
306
241
142
100
58
6
237
65
118
130
115
8
144
301
251
3
325
172
321
288
146
58
268
149
243
0
297
181
56
294
25
143
31
172
28
94
79
12
320
115
36
59
298
345
152
243
134
321
349
56
155
256
0
123
84
108
235
281
344
100
344
122
306
44
320
238
221
89
68
51
260
122
321
330
42
87
205
143
195
79
287
324
34
177
155
66
42
248
126
23
191
245
132
74
349
155
29
152
298
43
73
4
251
111
292
167
34
151
270
241
330
284
19
155
128
199
295
5
19
158
341
105
268
302
31
32
203
185
136
52
36
204
158
223
175
229
338
105
333
73
327
177
295
148
36
296
242
268
88
54
349
345
40
19
79
336
203
22
71
321
233
82
182
325
11
221
280
45
118
8
127
151
156
268
323
172
279
74
182
20
172
32
54
321
299
100
109
208
232
8
83
121
261
284
187
321
178
347
64
225
309
49
349
338
47
11
66
67
114
32
86
22
144
289
49
94
117
33
345
198
79
118
115
180
278
326
15
237
135
308
203
17
169
237
8
19
115
215
59
184
17
178
113
180
140
212
67
126
45
278
201
56
261
75
279
340
150
331
140
63
31
87
304
59
58
162
247
194
244
43
208
191
101
191
252
53
122
195
126
0
181
255
168
27
329
324
228
292
278
146
99
185
18
283
83
324
288
218
162
145
145
237
274
152
247
207
91
235
45
304
100
309
235
62
162
299
289
91
328
87
124
103
305
89
147
298
111
240
88
158
12
181
109
10
308
299
246
107
254
250
343
143
242
172
49
88
274
91
134
174
305
82
345
199
325
271
162
345
137
35
225
174
319
181
10
245
177
315
215
343
68
289
255
223
17
270
276
250
143
289
164
240
301
219
299
94
42
156
254
21
120
42
90
306
100
138
183
128
248
107
197
31
3
123
327
8
334
143
31
57
121
200
109
300
141
172
81
130
236
198
77
149
112
158
245
46
138
306
146
64
94
299
77
156
207
232
176
280
246
187
243
345
287
347
181
111
294
183
163
300
3
77
206
60
284
242
77
218
89
320
220
161
10
100
246
187
109
309
222
193
3
100
243
98
193
23
88
152
241
127
346
30
5
92
270
273
241
48
12
170
176
130
233
70
147
50
186
321
141
167
321
80
283
139
162
165
56
181
82
145
66
75
221
277
111
287
263
92
92
298
278
242
328
207
137
35
206
236
79
313
142
88
274
256
30
330
66
246
223
9
347
109
79
87
214
258
69
257
165
34
261
326
177
153
334
189
199
17
179
314
206
214
142
111
240
280
192
95
71
334
138
215
223
111
111
326
186
254
336
141
63
196
270
247
70
306
8
338
127
245
152
193
145
171
152
50
308
320
211
270
145
194
290
330
337
202
9
212
179
127
82
257
126
98
185
179
334
88
330
105
152
2
308
185
214
231
333
121
276
119
189
325
98
20
237
2
54
186
159
210
70
332
69
48
45
322
84
49
39
247
28
286
28
25
25
53
206
333
17
124
108
26
234
263
308
160
43
318
82
12
31
94
224
230
270
42
196
269
246
79
255
50
68
21
173
72
162
87
20
330
345
311
52
175
310
6
13
130
327
26
324
217
106
337
121
149
61
337
109
324
116
276
149
29
45
176
194
332
168
224
12
272
72
165
116
81
204
314
82
169
146
343
213
268
55
299
94
15
304
36
115
271
36
222
250
33
337
143
337
172
206
275
78
244
61
36
182
343
9
84
130
299
136
172
25
1
305
107
104
111
36
329
36
270
261
79
99
272
170
323
151
14
231
57
255
72
249
169
310
240
308
264
179
43
15
303
15
304
270
33
243
18
165
317
176
104
68
130
92
262
346
251
131
72
307
54
51
246
172
178
235
37
157
235
234
147
31
26
31
35
108
91
147
139
18
184
213
296
254
333
137
68
246
251
338
238
195
78
9
130
48
240
29
282
33
51
179
223
234
91
76
202
47
33
90
1
171
28
101
117
175
1
184
25
152
7
171
27
282
72
227
272
229
117
100
191
111
229
197
246
32
51
235
103
310
51
263
301
340
250
191
296
306
281
300
245
310
234
178
277
67
169
266
193
245
339
35
246
46
261
272
58
278
206
35
6
169
101
318
337
2
43
178
305
318
163
168
102
337
89
98
265
23
79
195
13
312
199
262
341
116
256
247
238
115
52
96
172
279
61
333
326
33
33
284
42
49
195
152
274
115
63
291
71
9
212
252
168
141
228
345
191
320
206
32
103
312
136
117
39
151
290
117
213
179
182
333
32
4
203
114
15
329
34
83
227
271
124
228
57
314
318
99
188
274
0
99
63
11
30
100
85
227
273
333
36
141
344
161
155
230
79
176
181
221
183
63
250
261
138
146
243
185
327
261
0
119
185
314
138
84
32
54
54
320
5
153
93
169
166
221
96
150
220
327
202
170
90
65
174
100
306
62
185
170
297
93
218
269
332
99
267
108
114
265
104
161
9
3
146
17
15
72
90
221
282
263
203
145
267
37
79
46
220
168
299
272
146
177
207
90
269
135
151
240
27
327
175
13
38
183
72
248
5
202
171
79
206
36
67
300
60
221
58
133
142
131
94
17
209
13
23
325
252
95
101
36
125
256
135
283
238
60
28
330
68
345
68
322
248
116
205
332
61
109
111
19
31
222
68
328
188
163
84
80
5
260
20
11
260
53
75
306
272
209
203
270
130
71
59
298
57
38
285
129
76
256
145
33
250
260
219
313
196
90
61
253
50
129
54
6
230
146
326
76
67
225
109
113
189
136
130
135
200
341
198
132
155
161
237
207
97
331
39
174
135
158
296
213
193
348
180
65
13
141
49
202
20
154
272
19
263
2
215
321
288
184
104
135
273
177
148
288
328
341
111
151
172
120
235
187
279
341
33
57
148
343
347
121
244
147
69
92
37
126
335
319
151
258
156
323
204
127
109
154
206
296
55
114
248
186
200
173
187
250
234
19
332
2
296
172
300
91
144
221
311
108
286
129
12
235
183
182
345
177
323
215
191
12
193
134
19
217
142
20
213
347
271
320
76
258
125
177
140
137
259
3
134
12
125
14
231
310
42
67
57
332
153
142
177
57
300
132
338
323
200
329
107
347
228
313
276
211
206
24
255
341
89
183
205
147
124
322
227
276
155
157
69
24
15
182
313
115
7
91
177
250
222
209
159
209
117
110
203
203
249
107
186
205
43
208
282
117
80
111
213
244
253
183
47
157
16
259
277
299
222
201
85
272
326
130
213
70
252
300
130
176
93
186
143
43
57
180
248
190
71
62
178
132
278
197
85
318
23
244
185
326
19
82
225
158
102
313
37
169
159
309
18
119
265
324
94
314
274
85
68
324
344
229
269
233
93
79
294
168
116
74
133
209
174
38
255
290
193
337
142
180
79
70
172
156
23
202
111
148
344
218
227
214
67
89
58
262
70
222
111
45
229
202
57
56
269
130
134
158
165
154
271
216
156
9
169
23
167
130
130
256
102
19
222
235
344
269
165
293
29
7
197
173
330
281
93
318
202
273
155
220
250
158
221
268
321
314
308
315
141
254
18
254
255
262
269
9
182
254
222
80
188
162
262
124
2
57
50
214
96
83
123
144
85
25
81
324
96
324
175
193
93
73
121
289
2
155
224
69
39
41
194
29
169
199
155
66
345
178
119
108
226
172
309
196
290
29
251
43
188
140
311
147
293
58
318
143
6
262
294
69
294
105
62
176
151
84
234
250
29
316
228
140
119
325
322
22
211
138
293
137
139
173
25
109
220
36
66
256
45
280
193
105
78
150
0
66
82
69
96
106
200
59
36
74
57
92
211
41
18
21
46
294
160
339
239
299
36
75
154
302
157
53
107
130
117
89
325
338
219
339
83
101
44
58
49
112
327
97
339
228
97
290
99
253
84
329
347
308
51
268
25
190
222
323
214
305
272
25
83
259
104
163
111
105
114
261
21
61
345
292
145
153
318
167
298
31
235
225
197
46
234
246
78
110
151
25
227
345
36
314
7
8
202
279
323
309
121
218
280
97
109
211
217
18
297
177
94
303
51
147
161
345
339
92
211
232
64
272
345
126
192
267
105
346
64
160
50
343
111
196
257
211
89
0
272
58
222
337
335
294
303
52
329
220
16
50
272
77
333
254
116
220
324
319
339
111
278
161
235
174
159
319
265
115
46
151
264
264
173
111
304
274
20
31
156
143
29
225
27
345
246
249
269
77
273
235
262
245
3
305
15
221
140
216
224
160
339
235
289
210
150
143
110
85
305
247
183
70
339
185
109
54
8
37
185
24
305
109
274
290
128
188
129
61
46
240
61
49
219
46
72
305
186
246
203
278
41
166
98
206
110
258
85
218
80
211
237
186
189
18
72
263
263
265
7
37
328
227
285
11
211
130
294
249
265
216
159
12
41
13
320
252
246
313
348
144
261
247
174
268
274
251
200
82
186
257
288
128
66
86
121
173
180
255
193
212
209
328
344
19
250
198
121
290
81
65
192
25
315
175
233
8
343
142
171
48
322
216
62
87
166
29
220
142
331
126
328
100
138
88
61
191
282
160
272
144
268
319
65
121
315
213
121
158
117
311
251
291
312
215
178
284
182
159
215
180
21
199
217
178
325
191
92
332
284
331
156
207
310
6
178
197
178
311
133
342
228
70
186
52
228
294
209
345
19
294
259
178
333
160
219
105
229
345
251
255
273
157
140
213
348
143
82
214
52
251
14
120
186
238
28
57
166
206
153
105
345
191
83
28
19
93
234
186
286
216
315
28
197
37
227
158
157
39
289
39
334
215
233
66
316
264
52
56
264
266
114
183
187
264
39
66
126
288
58
55
30
18
86
256
42
207
328
86
285
195
174
104
304
86
54
178
1
340
215
348
340
151
313
308
183
25
155
181
4
254
246
255
149
297
170
70
227
40
270
256
308
134
270
126
208
289
20
335
281
2
214
60
233
8
16
58
260
168
87
23
267
117
28
168
213
37
184
269
172
1
181
243
13
241
64
1
45
42
70
38
239
59
322
333
119
47
253
89
223
167
308
239
343
101
29
20
195
193
196
181
280
121
209
290
245
223
12
125
269
86
142
339
11
85
202
148
289
29
62
131
254
156
117
339
327
123
87
312
319
21
44
338
72
288
21
346
45
3
339
337
248
122
174
174
211
233
273
189
155
177
67
105
18
253
230
3
338
52
104
102
191
315
314
34
187
37
66
19
251
313
79
259
339
0
170
34
110
164
52
101
214
220
290
256
302
218
88
273
287
170
38
13
167
165
52
93
41
101
16
66
86
86
148
142
47
54
56
50
206
110
162
177
313
201
186
50
329
57
300
186
337
256
201
25
27
260
186
57
116
136
320
171
58
114
114
228
138
194
109
261
286
271
312
11
193
167
303
247
172
222
136
62
211
109
279
172
294
67
219
327
118
177
46
251
54
211
210
319
262
82
338
165
189
75
344
164
21
40
19
144
19
314
31
320
37
227
274
343
125
156
303
348
184
273
146
35
301
196
22
171
79
41
235
102
289
219
85
7
347
314
19
7
260
1
329
339
108
269
214
34
155
87
163
54
80
220
289
315
19
35
294
275
317
67
308
239
171
118
290
284
122
75
62
199
105
169
247
25
150
227
192
41
319
223
162
338
43
251
30
218
282
220
78
108
280
228
323
65
105
342
15
335
142
207
348
268
144
282
156
172
133
205
144
90
346
203
105
76
78
268
294
188
39
154
302
200
99
211
180
25
134
281
216
177
259
155
128
89
91
223
275
199
29
182
235
79
76
11
68
213
78
81
131
98
170
139
16
250
275
286
217
98
92
47
298
335
67
254
249
211
256
247
69
114
307
160
7
150
126
342
55
282
265
160
182
21
248
83
63
11
27
276
303
29
51
171
337
254
255
119
246
21
321
161
41
75
238
161
252
143
27
304
289
53
142
224
320
335
199
220
21
274
217
190
319
106
48
164
131
62
346
235
181
27
190
86
30
320
80
207
269
316
217
76
30
17
162
58
288
26
252
193
151
100
250
290
4
283
83
132
250
21
199
275
72
17
177
86
251
268
104
122
11
215
299
336
22
246
76
48
188
299
38
305
184
94
121
62
195
326
65
327
10
188
10
181
210
193
199
195
242
293
337
130
331
236
159
331
255
89
197
154
118
341
15
191
56
83
154
232
234
242
154
25
48
323
277
278
143
220
160
279
194
153
59
163
341
299
301
132
312
237
205
161
10
254
303
221
301
327
56
199
8
137
274
148
263
47
40
36
271
44
135
118
100
308
15
289
311
35
20
121
208
158
331
317
289
250
263
110
323
111
341
191
308
344
38
187
331
289
33
227
132
111
349
325
140
104
22
232
277
168
74
257
274
90
142
186
187
335
146
193
201
176
311
294
289
255
132
218
37
270
217
169
59
17
16
174
335
294
274
274
258
160
127
271
20
93
68
201
22
309
20
72
151
25
36
104
189
242
301
259
27
321
193
201
328
205
160
106
215
260
60
283
249
14
265
26
306
339
331
211
295
113
317
132
121
329
46
139
171
302
13
201
341
104
251
292
206
211
302
328
333
20
140
118
207
55
89
50
62
242
181
110
25
62
138
135
273
267
204
110
170
258
103
68
89
323
92
100
232
9
242
275
323
347
267
314
188
275
266
274
127
215
26
70
341
31
158
218
341
230
199
51
227
53
212
123
8
223
78
236
230
125
101
265
289
228
192
228
31
203
266
288
167
78
313
108
278
33
100
227
109
239
306
83
103
168
134
174
122
209
65
199
277
150
285
276
79
59
346
213
108
145
123
145
223
325
242
237
55
13
297
111
212
306
87
237
278
232
29
153
203
275
311
212
226
68
136
161
10
234
160
157
223
326
155
99
275
171
222
30
137
61
259
266
286
26
165
339
198
72
251
180
19
133
146
22
238
325
74
127
203
239
153
10
226
92
218
189
108
212
110
228
322
110
331
188
86
10
109
203
337
76
127
259
120
180
263
168
120
145
15
281
196
18
74
196
157
70
99
11
222
81
198
268
218
249
63
307
161
137
215
173
115
147
231
30
261
79
274
192
326
157
181
280
234
134
143
146
115
233
295
249
145
15
321
79
254
295
72
123
263
228
294
102
200
237
300
334
123
53
143
257
117
83
17
196
73
130
329
34
205
240
83
128
81
106
71
24
241
49
142
78
92
231
193
93
254
30
68
348
226
80
227
27
160
144
217
48
6
148
91
282
56
34
263
192
294
187
81
203
131
278
174
282
223
53
246
212
156
284
63
122
138
162
265
45
77
152
256
202
149
218
307
22
33
106
237
5
152
30
30
221
201
238
290
332
269
115
88
339
210
56
184
17
67
222
168
87
185
244
227
151
197
218
348
107
82
325
21
117
64
248
228
6
124
262
338
48
61
161
139
17
28
12
22
57
266
153
19
216
244
166
170
18
7
219
282
19
178
36
12
233
269
119
224
329
101
155
239
120
95
22
109
202
66
255
168
123
20
341
247
187
40
218
38
94
38
129
112
183
324
71
52
211
95
100
340
109
198
150
267
111
120
257
222
193
50
284
204
253
15
17
269
178
232
269
190
339
301
250
180
148
30
123
99
149
256
265
242
129
333
174
296
61
246
290
337
41
176
102
102
181
280
256
246
139
324
325
290
181
249
173
333
273
345
319
185
233
34
133
80
190
118
346
319
36
275
47
9
332
129
94
79
59
336
296
134
321
145
201
94
158
117
10
30
101
346
304
335
159
84
253
50
279
178
120
310
72
164
61
178
262
91
127
6
279
311
188
161
114
145
154
255
263
118
35
247
227
282
144
9
37
77
138
280
298
212
211
50
281
337
290
11
26
133
59
198
41
78
187
229
42
12
100
57
150
47
42
35
292
7
264
292
72
317
101
71
12
188
28
218
209
71
168
298
344
335
9
42
78
67
202
92
272
253
74
229
2
217
0
337
324
190
311
242
173
140
2
240
256
344
172
3
193
337
87
256
274
260
0
40
43
136
243
39
251
107
112
89
332
276
333
145
55
288
347
87
226
255
186
226
314
339
98
129
307
170
268
319
252
252
33
100
349
12
312
63
198
177
119
110
238
248
55
123
151
341
207
229
77
63
36
280
335
182
268
92
269
341
170
303
332
132
226
215
171
345
213
304
287
200
158
277
159
228
213
238
341
343
110
36
290
27
319
250
98
53
34
52
277
142
305
114
274
269
143
248
321
342
253
8
52
75
301
98
156
325
262
231
334
135
136
329
210
345
178
313
160
131
206
152
314
326
182
113
253
9
138
276
234
152
224
161
216
36
141
325
99
178
156
275
127
329
318
212
167
305
80
58
154
220
171
196
201
145
82
201
46
144
178
180
172
265
279
268
11
50
46
212
130
112
268
335
302
305
324
207
103
302
3
208
156
229
138
137
188
24
164
173
130
273
346
230
1
35
135
60
234
332
61
316
99
27
93
175
282
70
70
65
70
184
187
128
166
246
180
16
70
123
141
206
221
61
59
175
275
348
84
243
54
34
116
219
94
154
103
5
16
202
243
283
239
310
41
213
206
2
284
173
344
332
158
336
192
20
215
76
113
280
200
111
138
145
102
235
107
22
114
155
75
105
286
229
144
79
135
235
133
1
87
22
90
215
153
70
65
67
18
90
6
154
310
32
223
70
326
68
335
119
157
125
84
122
89
262
91
90
300
155
213
326
332
155
166
262
111
254
142
49
347
91
261
304
137
331
197
188
39
4
292
176
98
221
163
29
1
196
134
54
44
136
192
345
172
108
177
73
337
328
238
311
78
332
328
126
326
5
327
17
273
68
1
299
334
259
164
347
235
213
303
13
137
150
325
174
135
66
225
325
157
258
300
20
124
134
71
165
21
303
101
275
171
250
129
193
112
190
144
279
236
317
182
333
119
250
130
211
342
336
103
165
310
78
108
236
81
112
211
334
202
220
346
112
128
126
221
121
311
31
218
54
128
2
36
67
320
297
151
144
155
54
311
97
298
341
2
212
171
298
64
314
65
2
198
255
172
221
227
59
332
33
41
33
121
215
323
130
169
104
205
134
126
345
65
38
47
325
219
3
48
202
67
174
23
48
137
345
3
176
336
44
109
215
295
174
198
269
136
45
215
121
8
286
306
41
207
349
73
38
302
50
89
67
264
238
111
278
274
147
95
35
258
168
188
66
95
81
88
206
208
52
59
187
28
338
126
176
160
37
49
187
141
140
223
192
288
267
302
139
124
40
262
212
45
287
209
72
228
145
226
184
285
163
118
223
144
182
79
156
190
70
325
8
226
305
288
205
26
129
328
289
174
348
15
88
12
249
186
328
346
20
107
142
37
228
40
162
226
316
291
227
172
255
122
20
299
131
2
68
278
342
51
308
122
251
17
6
69
76
145
312
94
26
299
32
2
275
110
279
31
3
271
146
111
328
80
214
324
186
311
152
106
81
328
304
162
140
308
246
84
245
49
261
55
261
236
63
190
289
262
192
251
159
174
221
330
323
152
284
111
140
35
300
314
322
223
279
190
132
173
111
12
348
245
23
250
238
282
228
314
168
60
0
233
253
194
273
314
51
82
122
0
224
240
262
65
308
188
18
314
26
220
217
303
315
31
297
45
45
110
205
250
79
150
21
189
140
233
349
67
210
128
35
48
209
315
144
4
218
336
39
47
282
149
238
94
59
317
17
90
27
79
271
341
44
212
302
221
300
86
68
113
106
298
310
98
22
106
142
84
111
327
32
111
53
242
243
316
219
250
222
236
264
94
158
90
49
68
71
84
290
250
146
298
48
36
344
224
34
130
116
111
84
309
189
257
55
36
284
142
244
211
106
136
18
3
163
207
181
176
166
73
158
264
346
248
3
140
39
209
138
110
18
344
169
301
328
124
83
274
324
223
161
22
276
56
178
301
67
258
312
90
239
161
138
126
160
243
98
178
136
321
89
185
258
165
322
274
311
271
64
275
296
98
207
4
184
253
289
113
178
316
61
92
79
82
343
193
76
191
193
43
99
302
126
207
205
161
109
205
184
154
75
267
127
32
303
323
135
11
239
153
142
264
332
263
323
137
68
188
102
282
302
111
76
236
208
118
340
107
108
256
30
253
61
186
340
191
257
345
336
107
62
11
130
51
244
289
303
222
147
322
341
66
15
206
239
282
195
331
183
26
266
343
325
218
178
0
18
192
289
90
126
80
40
107
94
242
331
192
219
73
290
217
106
192
136
160
83
46
308
274
249
340
153
315
323
319
289
210
128
176
56
345
103
347
140
92
163
54
148
166
0
120
235
93
334
9
71
255
292
110
232
223
274
149
251
219
174
111
61
332
173
152
174
315
345
99
14
298
150
37
304
243
313
157
160
288
325
309
148
310
97
60
280
165
143
38
296
69
128
128
111
239
151
280
300
149
30
236
338
55
202
279
290
28
111
84
215
205
31
243
31
204
219
268
231
108
18
199
299
21
46
152
71
95
64
34
69
308
170
283
349
244
179
39
111
97
335
197
156
112
268
223
54
345
263
232
141
62
311
345
238
33
82
310
244
162
17
84
340
206
16
128
155
294
283
52
284
100
139
329
236
227
278
0
31
37
341
138
180
81
110
112
307
174
308
236
101
307
290
51
144
115
49
112
131
320
111
313
101
255
263
332
91
221
170
255
340
180
339
22
228
100
95
347
46
160
211
128
293
16
186
188
246
128
294
30
99
202
124
8
329
0
66
334
145
230
100
255
5
252
204
340
295
29
180
111
180
205
342
9
215
327
142
214
151
309
175
130
128
341
113
214
253
168
140
289
17
278
30
95
296
106
17
297
195
250
345
237
300
57
146
70
133
77
223
255
137
335
273
37
59
53
109
1
71
321
331
208
234
55
206
106
160
256
77
106
277
30
217
200
123
7
95
246
174
174
14
302
278
178
142
204
6
54
267
11
4
59
309
161
214
317
220
124
68
325
292
15
0
345
139
129
281
280
259
319
148
170
30
284
312
300
64
306
2
291
331
148
33
250
347
35
161
342
239
2
9
213
171
236
289
274
216
235
208
310
26
3
122
59
83
188
323
213
129
188
123
278
50
25
321
256
167
109
12
200
238
67
278
62
92
259
325
277
100
31
338
178
48
89
226
194
212
234
233
314
216
110
283
189
272
0
83
101
344
18
344
344
250
43
130
285
334
62
342
223
200
134
310
95
241
261
82
314
145
242
151
205
264
238
101
78
208
25
275
338
134
305
299
197
22
272
47
310
258
18
96
210
171
202
85
253
58
13
345
142
40
210
151
164
124
288
85
101
110
257
207
179
37
182
108
250
68
334
107
204
259
208
107
263
37
281
112
128
47
112
101
267
67
123
86
187
50
313
93
70
96
42
313
194
5
21
179
152
174
111
272
94
46
253
324
333
193
299
31
218
292
187
44
5
16
204
309
315
332
218
74
324
32
341
143
324
88
264
85
51
149
107
21
221
42
190
253
166
263
268
257
214
0
101
170
31
285
228
285
27
284
28
307
166
330
105
123
298
206
111
225
299
123
255
32
284
208
43
138
12
153
54
235
118
118
130
329
329
171
259
207
160
330
154
194
102
239
17
175
257
239
327
140
129
118
68
312
311
94
84
258
59
298
335
175
281
61
212
204
21
145
314
117
35
39
339
125
179
312
70
298
277
77
200
12
20
206
83
59
53
206
200
327
59
35
178
327
146
311
296
84
123
255
300
321
176
321
180
40
188
250
213
151
64
332
61
236
60
63
178
312
306
313
9
273
124
322
192
310
317
164
263
119
178
29
302
155
268
236
245
257
314
63
336
320
21
247
139
285
130
145
196
31
266
179
191
198
207
236
189
50
314
169
129
317
301
253
105
118
268
92
104
336
12
201
212
162
175
269
273
93
215
26
96
278
301
96
195
345
198
325
226
181
223
43
105
145
11
238
37
347
198
0
179
229
193
15
274
325
53
235
236
236
80
313
196
18
22
245
259
208
322
69
18
155
141
119
244
188
71
145
26
29
321
229
26
151
191
81
135
188
202
340
193
301
89
124
343
15
59
192
137
105
177
77
316
216
221
325
277
67
141
15
236
268
230
40
157
10
324
315
239
280
330
238
63
102
199
109
291
48
159
84
11
192
37
275
266
274
70
40
105
261
285
142
95
82
291
279
123
260
16
31
329
148
145
226
292
338
108
106
308
133
11
119
259
155
300
336
208
10
76
226
117
309
119
134
106
129
7
108
226
295
72
204
220
320
84
26
330
99
144
320
47
333
129
187
218
202
192
233
209
314
196
154
192
285
172
327
140
311
65
128
23
170
106
40
311
140
218
19
252
206
24
84
120
343
86
139
313
162
320
346
260
134
131
309
153
311
106
313
242
93
36
340
109
22
275
250
306
184
212
140
348
291
68
250
319
218
100
154
3
154
34
32
142
292
299
208
169
36
159
3
197
119
102
57
231
95
150
56
182
143
318
61
310
60
340
92
64
96
222
227
32
159
117
249
288
233
32
273
190
193
267
275
129
69
30
286
25
301
335
289
154
314
336
275
38
342
234
82
119
38
235
132
154
169
266
296
68
252
320
172
142
84
316
131
349
307
319
171
114
165
296
24
15
289
115
41
113
193
334
232
287
236
333
308
168
275
271
154
307
272
42
263
131
254
197
232
330
166
347
40
281
320
309
39
39
281
287
63
83
84
59
310
92
274
105
88
94
258
142
102
317
64
252
151
273
3
318
327
100
168
9
4
71
259
140
260
162
162
113
48
280
5
99
166
97
252
4
243
190
82
210
57
126
316
209
284
263
150
126
176
312
289
133
40
12
291
10
285
332
66
221
303
254
124
153
106
14
121
80
304
55
173
12
99
255
232
212
324
22
191
149
212
192
38
196
317
182
188
289
268
106
324
342
122
227
289
174
10
164
172
78
93
248
24
56
145
141
277
19
39
178
11
235
110
210
215
153
326
243
36
250
85
285
304
243
130
76
333
268
182
310
255
280
244
92
102
335
66
228
313
87
274
44
337
127
337
27
23
174
11
78
120
101
197
168
345
77
176
85
211
210
123
335
182
79
40
240
162
116
313
338
67
311
343
101
84
19
42
343
43
298
348
137
200
170
316
249
217
248
35
278
16
154
88
64
206
149
278
94
278
255
173
176
67
334
239
39
134
13
170
32
55
289
94
209
111
101
40
106
239
305
331
305
261
313
99
85
90
199
253
150
38
294
127
1
187
255
17
74
18
4
115
288
77
207
228
180
151
102
243
309
312
75
233
258
28
348
329
58
67
228
211
141
63
270
28
142
167
108
131
94
218
115
167
342
94
65
232
264
200
307
288
317
115
129
18
106
60
209
319
108
140
56
170
138
297
112
199
302
175
309
121
183
299
1
29
148
258
318
58
14
35
118
165
14
342
289
302
197
73
185
276
141
199
46
136
333
34
61
193
30
173
2
299
164
87
101
280
254
18
130
332
204
103
272
131
158
104
343
128
237
110
94
34
42
224
288
125
292
168
72
133
277
151
121
159
225
277
102
144
65
1
88
258
154
131
167
211
158
184
189
264
330
142
243
225
21
72
141
230
197
154
344
143
284
301
56
98
224
27
326
224
43
301
231
189
260
7
286
134
64
139
155
127
246
20
101
273
282
339
273
173
119
274
339
88
260
79
278
225
348
259
186
305
307
18
304
323
17
290
236
65
272
273
92
31
242
246
342
142
334
252
21
307
164
196
42
11
111
337
101
16
146
76
189
142
248
175
348
279
232
341
72
69
290
345
180
119
154
348
35
327
242
243
326
310
154
161
125
308
207
263
1
2
321
256
76
98
337
283
128
281
239
307
187
141
281
70
5
248
268
89
110
126
282
156
332
20
277
97
174
6
177
281
104
54
140
132
145
217
61
230
327
99
349
189
208
147
332
56
85
18
280
89
259
153
64
12
147
316
35
141
48
37
116
110
128
322
329
105
301
316
128
79
224
236
298
65
46
284
155
14
84
95
18
325
275
322
95
229
300
161
100
50
71
257
179
216
341
218
125
312
285
99
246
92
131
171
106
131
90
277
344
52
40
263
230
22
49
32
323
42
33
68
303
148
32
189
220
221
152
219
92
182
225
187
99
162
337
79
53
255
183
70
158
55
183
195
162
172
261
299
19
256
84
325
69
255
49
289
326
57
208
283
71
340
23
201
129
6
292
58
299
200
235
242
336
92
193
316
201
296
1
341
233
349
114
336
144
158
281
86
247
3
319
292
6
49
6
18
74
179
155
306
322
235
305
97
96
3
299
339
315
228
169
144
274
329
152
169
269
40
163
113
295
27
110
167
107
273
247
325
32
109
140
95
193
142
301
11
298
107
90
97
181
32
231
132
193
69
208
37
68
281
205
211
82
171
10
341
326
306
177
116
25
28
315
79
163
131
316
65
182
10
17
87
348
174
172
115
171
335
256
18
43
188
183
238
106
66
143
280
231
152
106
280
180
22
319
211
43
146
137
310
348
338
31
106
48
207
47
288
75
15
98
35
215
293
102
249
131
143
170
220
163
188
123
239
13
67
40
47
10
340
6
186
252
184
163
53
239
215
111
161
299
44
20
22
63
337
125
331
118
319
76
287
0
216
204
339
347
170
18
13
41
280
347
82
182
50
258
186
17
322
118
275
54
136
135
341
139
346
255
252
227
262
323
178
129
346
275
173
217
169
225
253
141
281
109
13
200
203
115
206
295
290
280
10
148
83
117
261
349
170
60
23
296
262
161
62
349
78
150
151
209
299
140
262
0
272
97
226
206
188
150
20
95
78
277
106
167
21
65
76
123
13
261
35
223
282
306
232
270
223
234
319
322
242
249
128
25
292
232
240
305
21
25
280
150
145
149
181
9
1
256
41
19
246
50
70
7
212
264
228
14
276
151
79
14
104
155
52
277
221
132
132
243
53
233
138
54
151
5
148
17
277
117
149
136
121
103
343
233
283
217
133
349
155
125
88
264
259
181
157
125
249
41
306
116
154
150
290
299
325
209
216
327
211
309
8
270
178
72
102
285
172
81
98
73
235
72
181
173
334
48
259
278
87
29
143
349
19
190
168
91
208
230
106
217
92
341
72
259
20
239
273
131
230
242
335
302
237
149
221
145
257
85
85
165
135
30
98
78
139
77
240
47
31
155
308
163
110
342
335
170
102
163
208
100
344
252
203
36
338
34
104
92
151
280
65
91
94
210
62
59
16
123
36
128
104
34
36
165
32
91
252
54
128
323
129
92
298
32
62
320
92
244
274
319
182
31
199
151
49
165
51
134
166
196
16
289
343
269
183
154
223
271
279
56
170
163
159
52
218
169
217
306
8
235
72
275
268
203
280
151
316
345
310
289
76
163
102
86
182
235
298
274
324
287
67
289
245
116
272
170
279
192
101
276
342
178
345
94
182
78
147
47
183
226
120
51
235
281
39
338
66
286
60
75
2
110
68
324
81
183
252
98
9
32
276
51
75
93
32
278
76
185
323
180
97
11
7
216
125
267
183
150
206
252
210
318
302
14
126
276
330
237
190
190
345
280
257
284
82
153
331
327
342
123
71
270
328
318
18
167
341
76
75
191
52
228
202
28
28
318
57
149
311
119
318
266
303
36
74
149
345
63
170
171
257
303
43
78
152
39
218
166
317
24
342
33
205
225
271
349
47
68
51
64
43
44
23
329
267
236
158
182
349
264
276
88
158
99
335
132
167
255
276
237
20
286
233
302
235
82
249
211
175
216
303
148
159
95
309
134
339
59
41
131
73
299
55
81
225
261
30
45
103
330
246
216
307
203
179
140
331
44
120
53
281
331
211
255
309
17
341
125
17
33
307
225
128
126
218
33
299
154
188
235
128
174
30
329
188
70
233
138
238
117
20
176
197
161
170
79
225
280
139
193
345
67
182
234
347
320
183
174
234
337
8
298
49
139
84
243
258
205
168
2
327
78
343
152
26
78
103
24
180
325
209
24
109
207
183
46
202
77
140
9
155
2
70
344
272
196
321
191
187
17
288
317
117
10
346
188
56
86
71
325
147
94
341
326
73
20
271
20
340
33
219
158
298
187
346
89
295
189
113
73
36
180
168
344
259
197
128
138
271
259
341
153
150
71
233
11
20
180
214
326
145
136
162
158
200
104
343
210
183
344
173
218
188
93
103
64
306
172
50
112
267
258
225
297
128
215
189
104
161
124
76
85
257
58
265
124
216
255
151
346
216
184
330
315
15
270
7
180
343
50
229
171
232
135
247
170
197
33
280
251
162
303
203
15
95
35
20
289
201
148
17
64
303
166
295
35
52
202
276
185
346
69
233
111
132
90
223
149
343
229
202
190
289
128
297
28
347
252
112
225
21
82
142
65
284
59
343
238
87
296
241
203
8
70
55
186
23
271
243
3
46
281
87
291
243
30
238
259
36
222
280
271
176
87
162
303
158
92
55
213
4
14
266
63
62
243
311
130
53
331
314
193
1
73
83
231
134
222
297
36
335
213
100
258
278
257
77
232
43
89
321
195
263
171
94
75
59
263
316
206
234
153
229
52
106
33
103
310
345
270
23
236
203
305
315
313
183
105
203
90
268
136
296
165
107
197
322
182
77
128
117
199
329
294
325
248
203
58
31
36
178
89
227
4
28
217
325
255
231
254
337
253
201
295
284
13
119
277
221
13
319
105
3
106
187
108
203
266
269
99
157
198
226
134
28
77
136
266
9
199
234
195
226
82
14
203
50
86
139
305
252
267
217
122
339
106
29
56
169
268
18
225
171
215
303
18
48
248
6
135
76
164
207
323
49
160
260
284
220
303
277
31
295
242
91
261
227
340
135
18
34
293
182
304
134
282
215
269
154
31
44
334
302
180
51
236
171
168
287
49
330
34
303
151
128
27
221
330
74
17
252
188
36
37
247
314
290
108
257
163
277
120
79
58
308
89
157
335
261
128
243
76
26
346
51
251
32
122
261
286
303
161
327
22
193
110
150
87
299
273
44
111
178
311
1
63
150
179
64
261
198
7
0
68
46
4
151
280
63
135
63
231
52
127
62
96
164
331
196
260
331
81
78
141
78
26
266
271
312
273
17
271
302
111
183
135
246
277
78
296
311
111
80
327
207
246
247
243
333
163
157
27
334
42
228
336
310
83
302
258
41
324
167
117
116
23
92
153
341
136
24
94
292
71
164
117
64
83
24
138
42
121
37
148
78
276
312
177
39
117
109
324
131
36
300
134
155
213
198
133
314
292
134
130
296
311
267
116
11
334
127
314
282
174
292
211
74
310
82
323
239
336
213
122
132
293
38
268
113
313
218
99
323
116
213
74
187
52
105
105
194
94
17
84
198
331
203
250
324
267
19
277
35
79
251
297
194
131
239
231
174
214
309
295
68
14
329
81
310
321
78
297
93
99
235
298
312
341
295
311
201
323
320
133
187
310
339
2
12
90
150
291
289
239
71
194
26
73
253
81
17
58
74
82
267
234
313
164
102
279
42
44
67
140
198
49
187
60
147
26
63
34
78
214
38
54
34
305
166
124
213
310
319
30
83
119
41
90
341
229
66
314
322
263
26
242
291
335
204
220
314
242
247
322
90
344
161
63
40
171
38
308
32
274
80
156
140
335
117
80
29
15
218
25
96
87
197
210
279
29
64
204
231
174
190
143
294
83
96
70
224
101
234
102
81
159
127
226
44
16
185
235
261
324
186
86
37
286
252
348
134
200
269
19
111
84
294
124
184
143
225
138
118
240
339
125
118
201
205
211
307
117
265
250
110
268
37
208
5
324
204
305
114
211
320
32
232
155
156
276
52
11
306
2
138
156
142
145
225
146
252
276
102
18
213
104
69
278
142
128
96
114
348
55
236
259
109
222
225
193
192
155
146
176
98
70
177
342
189
252
170
294
233
36
93
133
22
265
239
297
53
245
278
188
336
188
247
229
22
333
2
5
270
147
188
66
41
12
132
136
43
117
170
164
275
43
258
36
278
59
1
139
294
306
89
206
309
168
9
195
80
103
123
308
294
325
286
269
135
333
302
297
347
328
137
170
336
81
260
143
258
282
299
110
121
248
258
31
124
316
287
165
137
184
297
269
345
164
128
115
306
297
86
133
285
304
319
119
98
109
99
268
279
88
248
276
254
334
16
225
50
138
10
213
30
36
11
271
306
51
309
133
240
17
304
37
17
26
177
268
147
141
212
5
271
112
128
131
171
73
86
135
26
93
67
104
166
238
58
27
264
137
195
325
269
109
73
71
256
82
302
105
253
12
82
346
184
30
347
178
5
348
268
236
133
197
86
309
168
319
287
3
302
173
306
54
221
35
338
32
302
71
54
257
349
87
299
278
222
343
346
299
303
267
218
205
177
297
331
236
55
346
346
105
71
223
340
242
261
69
328
249
346
87
235
231
216
18
38
188
51
265
156
57
76
272
23
82
17
135
343
166
157
37
235
247
343
73
225
339
177
96
113
93
71
81
340
83
346
320
71
58
6
112
307
24
222
133
69
133
204
332
26
81
287
112
55
174
206
166
239
156
257
286
67
149
166
90
10
297
159
233
336
79
107
222
99
156
187
267
241
213
208
315
289
349
82
193
116
284
27
308
260
270
36
339
156
277
150
18
119
243
166
286
330
153
179
349
257
232
306
132
159
64
308
121
79
307
19
319
300
232
307
302
228
349
135
134
109
248
205
62
126
111
141
164
185
107
118
277
125
41
204
190
328
258
298
140
182
26
180
191
38
103
136
71
252
209
140
315
93
94
175
122
328
50
337
175
344
135
66
345
154
315
235
42
218
32
135
272
124
11
64
285
299
291
182
175
261
184
255
60
43
28
141
104
196
27
327
81
284
175
285
252
119
345
224
54
54
107
241
11
270
339
15
167
211
135
128
188
44
17
325
201
194
17
102
188
298
333
233
133
38
75
28
243
230
76
81
327
269
105
23
64
173
224
338
236
36
147
215
32
21
211
248
270
14
261
56
257
31
174
349
302
60
195
174
106
261
192
68
48
167
66
35
223
139
299
139
298
339
195
273
176
197
190
111
64
273
7
99
192
44
172
183
84
308
46
155
231
254
338
2
228
141
112
234
90
71
223
93
122
170
142
23
299
157
257
276
183
93
13
227
126
315
137
127
21
299
68
158
11
252
302
133
272
217
261
243
319
47
162
302
4
260
236
230
71
130
316
10
279
130
236
272
310
178
19
69
214
329
170
231
336
117
231
128
85
263
47
48
264
311
201
278
285
270
44
229
11
292
6
314
128
179
48
96
232
46
304
36
248
114
229
324
287
324
111
200
171
343
215
337
153
161
105
4
170
266
176
182
42
179
123
0
