-679.722624
-454.712562
-790.4806712
-433.7941896
-653.3720257
-94.45323197
-445.2843407
-184.9676469
-151.0428069
-189.3926633
-517.786717
-778.1917721
-856.3605427
-835.4865297
-1409.21254
-1055.939932
-664.5577988
-882.3458315
-565.1889404
-166.7976132
-563.2739058
-489.8244207
-566.0783461
-453.8749829
-449.9819907
-2608.090667
-1117.173471
-633.5424612
-6007.124377
-243.3123931
-734.7167
-1046.353944
-300.8574947
-1495.293729
-1724.205928
-483.436977
-689.7829564
-517.5952257
-1018.186625
-47.11328761
-3528.158533
-570.711031
-561.1620602
-830.6739364
-840.4273712
-1447.477884
-1859.143213
-376.8238212
-249.5440704
-1544.342365
-458.2215495
-1916.406647
-119.7221271
-528.9968284
-618.69388
-586.9277169
-111.5106957
-639.5886481
-266.5224582
-2081.157693
-382.7424069
-2927.809435
-268.9702282
-272.5937503
-310.2265502
-482.0547827
-669.7581088
-411.4548969
-370.9346063
-848.0368647
-2032.078582
-1059.591783
-901.4119907
-336.2333852
-87.69375507
-935.7964459
-436.6310017
-1669.731591
-715.4071964
-461.1704616
-519.5228631
-2504.248794
-142.9325604
-706.1885944
-750.4951379
-198.441805
-453.0794486
-300.5299486
-738.4778032
-281.0582362
-256.9436167
-189.9416137
-316.3043926
-301.0328969
-274.3987467
-582.5481194
-248.4540389
-332.4782729
-1038.857736
-1600.960112
-228.7788426
-592.8698971
-124.7016807
-2750.662128
-301.553391
-1416.515565
-166.588521
-167.564404
-122.2867021
-575.3249312
-220.1381244
-366.7697023
-267.2390516
-197.5907112
-964.195658
-1582.189184
-438.0249183
-153.265768
-618.2994527
-906.4959008
-950.2353043
-66.93258798
-133.4836878
-501.1573234
-274.7938401
-431.9578876
-311.0030635
-308.7949033
-984.8372564
-465.2782291
-1082.025118
-213.0741916
-594.0070767
-819.2937033
-799.5593501
-1449.807636
-1210.422625
-204.5716802
-188.454378
-394.7375549
-196.1841447
-2221.825516
-883.9794096
-1268.525013
-251.6433544
-385.1704369
-276.737024
-1360.496855
-528.0434686
-792.1250945
-558.749385
-1900.91926
-355.9810358
-308.2486628
-254.716663
-343.0908418
-207.7621235
-578.8495094
-29.37620081
-606.2786229
-317.6700907
-712.1864998
-239.2333333
-408.4532464
-689.9076082
-442.2019866
-2595.118744
-173.4171079
-811.6607344
-758.9790783
-55.32496374
-274.0758809
-179.4393691
-288.7522022
-834.8738632
-77.52557541
-149.8825827
-277.8716716
-170.4032902
-61.41413963
-224.4169724
-614.3505557
-716.045654
-1044.913102
-357.5406401
-372.2310949
-158.1080182
-2685.995693
-507.7516181
-159.369813
-378.5696923
-162.7777362
-152.3528083
-1718.193449
-164.722737
-383.5385848
-124.0195421
-411.164035
-253.9439356
-744.4742859
-537.9307556
-420.1220196
-6882.798056
-386.0975224
-434.6764672
-266.2297973
-600.3822605
-66.00136557
-603.8863321
-680.1566663
-387.3225589
-411.3184443
-1012.014636
-194.3284302
-478.5335626
-1019.452679
-1613.152104
-870.9664497
-337.1265842
-724.4333599
-985.7756232
-2468.800412
-655.8871142
-903.9854473
-363.3342577
-690.0775369
-231.6635036
-689.1292874
-1030.398944
-405.146799
-289.6687818
-646.0389954
-316.5425427
-467.4351708
-141.2805077
-969.1532632
-120.9655517
-147.8351085
-1581.201528
-171.0030613
-89.03944707
-316.9986447
-843.8812015
-198.9355658
-212.3293153
-341.152253
-301.8114026
-415.1141835
-509.4086502
-117.4236982
-349.6861432
-439.2784813
-661.5009132
-96.44447323
-1191.215955
-404.2642941
-2884.60135
-5436.395614
-375.4334859
-583.9811076
