57
45
20
61
44
117
107
21
12
76
82
26
55
6
124
74
66
93
107
60
26
40
42
71
73
43
52
8
42
104
124
83
10
109
112
90
6
47
46
52
38
50
121
111
104
69
17
83
118
98
98
60
17
34
71
30
86
73
81
27
102
75
0
85
72
22
49
78
47
104
30
73
102
94
61
123
1
20
84
94
99
60
101
126
43
83
97
69
99
121
68
49
107
90
106
83
85
86
96
83
57
71
70
33
83
86
9
42
70
111
13
59
66
68
100
37
91
25
91
80
54
68
37
68
104
62
55
28
20
106
72
115
30
92
0
76
50
3
37
100
2
119
12
85
72
111
109
84
2
92
121
80
52
111
119
1
104
49
96
94
125
53
67
95
123
106
10
101
54
30
7
58
64
3
65
91
8
111
97
69
35
87
38
20
14
17
54
77
51
90
11
125
14
28
80
108
44
70
118
122
38
114
6
49
95
76
8
14
14
71
111
12
44
120
47
92
76
100
14
38
91
78
91
74
102
118
116
59
53
33
100
81
63
45
125
69
38
59
10
38
34
106
101
52
121
78
71
80
62
40
100
86
75
121
20
122
100
63
24
75
3
63
15
57
120
98
67
68
82
23
20
120
85
42
62
72
26
92
114
67
86
49
94
46
72
110
99
113
26
43
43
65
122
59
72
12
64
67
55
120
118
78
115
30
17
111
12
30
11
40
44
52
20
111
38
48
57
100
101
65
7
81
106
125
106
90
91
91
10
55
77
49
2
82
109
95
68
6
105
72
12
65
29
109
85
78
104
16
96
122
71
106
4
24
125
90
124
35
83
8
37
39
87
53
48
111
21
104
50
96
4
10
104
20
89
60
118
88
13
26
93
55
96
118
28
29
124
43
106
107
17
21
118
123
94
17
97
53
43
20
122
124
83
59
78
111
1
44
50
94
116
99
104
37
8
105
81
71
31
72
38
72
103
86
126
111
91
121
125
110
60
83
99
39
33
26
117
38
94
121
45
27
107
124
105
1
29
105
118
104
27
7
88
41
34
27
1
64
29
87
24
15
86
62
21
105
3
123
62
83
35
72
84
7
48
124
24
95
74
106
20
27
93
5
3
75
5
67
11
10
114
75
13
79
37
97
74
88
118
91
119
74
84
93
8
78
1
90
36
106
70
121
18
35
67
67
44
77
121
13
80
70
110
106
19
120
41
18
25
95
93
21
59
107
126
72
86
24
83
48
118
82
105
12
101
103
114
23
102
60
8
32
5
19
78
88
119
90
25
126
62
41
80
110
124
19
97
39
103
62
110
22
72
18
1
26
15
78
0
34
44
0
57
7
56
67
1
114
78
61
48
9
28
67
72
110
82
40
81
100
34
103
62
44
4
53
93
70
72
5
51
62
93
107
93
59
20
9
123
21
45
51
37
15
122
12
66
52
41
105
112
5
73
48
59
55
122
126
40
70
116
121
2
122
42
29
45
9
105
38
30
70
125
2
68
114
87
51
95
44
20
3
85
87
124
38
126
37
24
35
66
36
125
32
20
104
12
26
76
78
125
51
6
87
98
112
95
70
15
63
100
82
115
4
24
53
51
125
11
7
118
84
82
95
5
7
55
99
78
14
55
52
96
23
20
90
99
78
24
61
2
90
29
14
65
32
14
63
32
57
54
107
7
76
37
31
55
5
126
50
42
40
5
126
116
29
75
53
24
55
89
97
35
114
12
107
22
46
92
10
2
125
2
120
35
37
120
114
86
54
75
66
80
112
108
38
44
33
125
104
70
119
87
68
73
81
88
40
89
18
3
103
103
32
25
22
9
122
20
81
49
18
65
109
3
64
65
6
95
94
81
70
93
61
85
93
120
112
82
37
78
44
52
83
97
72
122
23
34
83
80
120
9
84
51
100
124
59
54
113
26
7
20
40
102
28
62
59
53
59
66
72
109
55
100
30
84
102
4
4
78
113
67
94
89
108
75
121
1
84
27
60
65
95
71
81
85
69
83
15
11
84
5
51
100
71
34
60
92
91
7
92
18
54
32
15
3
122
78
85
100
27
3
5
3
122
17
20
27
34
89
44
81
91
23
102
22
77
5
57
29
59
126
49
109
109
84
49
93
112
91
80
102
114
38
37
7
116
109
117
9
57
110
123
83
75
62
2
32
95
20
123
80
40
9
59
38
123
35
34
49
122
62
103
78
34
59
99
56
34
40
54
55
91
82
89
117
113
78
125
115
118
69
29
91
17
121
40
98
54
110
85
83
103
26
49
120
58
30
121
1
8
83
110
47
28
109
124
5
60
39
2
10
85
119
105
37
43
5
2
96
24
105
69
15
60
78
62
36
13
101
28
103
105
47
88
53
36
79
55
107
54
37
79
37
109
22
8
20
101
54
67
126
39
35
20
124
19
44
5
81
76
19
69
56
91
65
29
30
89
58
44
102
31
54
36
35
76
1
114
87
98
63
124
110
7
71
19
39
24
95
24
88
95
69
24
45
77
13
85
83
108
77
6
114
111
81
48
68
24
3
0
124
77
85
125
60
55
15
52
47
61
98
6
102
17
29
81
33
102
41
26
15
11
58
7
119
18
13
15
29
84
60
6
8
43
28
122
65
88
126
51
61
114
76
110
84
8
44
20
114
109
78
3
37
50
8
6
22
51
112
103
82
77
49
71
55
71
12
38
88
77
104
10
120
104
12
122
112
20
80
64
95
71
71
114
48
93
104
16
98
122
0
7
28
76
88
46
44
18
117
82
22
86
38
51
58
90
101
36
119
86
104
45
0
99
55
110
86
95
93
98
118
106
104
102
39
66
55
114
50
42
62
15
55
45
43
28
31
88
67
58
74
99
123
95
119
83
108
102
6
67
37
20
100
61
58
23
15
55
33
69
116
112
91
73
94
24
64
34
47
97
123
72
83
106
106
56
60
112
116
101
82
64
69
0
115
124
45
56
49
42
115
10
58
25
123
48
80
25
36
2
85
31
106
123
47
115
101
109
88
108
117
119
94
28
86
8
19
19
28
34
98
118
94
21
87
78
37
123
77
120
67
19
28
2
82
52
25
69
25
110
91
85
87
21
115
94
115
27
17
33
123
117
7
4
77
58
21
109
90
65
112
94
110
29
94
18
39
30
117
63
63
54
27
126
26
94
126
18
37
91
27
126
93
73
24
95
73
115
123
33
24
43
34
66
76
37
49
83
43
115
51
89
30
43
62
101
16
58
13
126
66
101
45
67
44
60
72
40
115
71
67
58
90
47
20
12
3
96
113
42
60
30
40
32
31
126
117
69
35
81
76
117
93
62
30
111
105
111
33
51
22
99
53
7
62
106
64
66
77
37
38
104
118
76
118
29
80
14
125
37
5
106
86
84
93
98
21
106
53
29
120
85
25
104
90
85
20
64
110
77
19
112
5
23
120
96
14
66
84
71
44
73
97
39
121
10
117
54
59
2
0
29
30
40
112
104
83
87
93
52
112
70
123
2
35
35
83
61
21
39
48
71
99
103
29
82
99
4
12
42
115
31
40
115
35
91
13
78
95
50
82
29
5
19
56
80
46
33
118
82
62
89
8
31
28
87
112
53
2
14
90
48
30
108
52
126
80
54
62
26
103
99
5
59
114
76
26
121
87
99
42
61
45
70
92
5
3
90
35
48
87
59
78
124
39
46
77
106
116
121
58
77
48
75
39
122
60
71
25
77
109
118
14
37
99
106
47
30
38
117
10
52
19
3
29
112
93
70
12
116
100
115
106
25
12
109
10
44
60
28
96
88
27
70
90
120
64
90
106
103
123
108
83
55
93
83
9
108
68
30
37
62
16
110
86
3
59
94
15
73
126
19
92
52
63
68
116
18
125
99
48
26
17
99
114
64
80
52
16
51
111
16
48
2
66
62
92
17
46
116
72
124
39
72
14
103
5
106
44
37
8
115
110
33
113
124
2
27
17
17
60
106
2
109
49
20
115
3
66
89
48
91
20
75
63
55
121
114
75
93
56
55
76
60
86
5
37
105
123
50
86
109
37
4
29
39
54
102
59
126
75
17
32
61
51
17
70
55
119
83
27
79
104
50
100
96
18
66
75
60
0
39
103
96
94
50
83
50
70
1
47
110
42
10
23
124
86
30
9
57
114
3
47
126
119
46
96
83
5
114
31
16
65
91
66
108
84
45
122
83
18
56
34
113
5
79
85
123
53
7
92
47
119
105
120
101
103
17
126
95
1
42
88
103
117
16
87
126
115
90
103
97
124
75
97
25
117
74
47
85
4
51
110
60
114
8
60
85
86
57
113
33
124
126
113
72
58
48
45
79
102
10
34
40
65
44
115
91
91
84
26
46
20
122
112
86
97
50
0
22
39
19
92
56
50
91
60
30
55
20
16
36
115
106
19
40
67
42
20
55
8
26
60
29
109
2
50
126
8
46
10
116
2
23
64
121
103
85
122
0
91
58
95
41
71
29
54
54
49
71
124
41
23
61
59
57
115
102
118
71
105
72
110
3
30
91
67
1
54
114
22
20
79
23
89
70
12
61
1
99
93
126
14
106
12
79
119
64
16
47
57
8
112
11
106
95
124
109
31
72
39
44
11
106
83
30
85
99
38
73
102
106
44
47
85
116
69
109
89
64
117
15
109
17
98
110
54
28
26
89
20
83
122
104
110
74
77
58
74
126
34
17
79
4
57
39
54
97
125
12
104
25
126
28
70
76
53
45
88
72
53
39
3
30
41
70
97
57
55
1
117
61
20
124
28
21
97
50
51
65
37
8
118
71
53
40
51
65
12
46
95
65
64
37
59
12
124
49
71
57
63
0
111
78
117
120
53
105
9
118
48
87
96
78
71
51
66
70
116
69
13
93
39
107
93
64
35
8
13
89
112
26
47
87
21
69
85
15
112
7
103
89
73
40
125
29
64
110
93
51
107
78
73
76
98
46
114
26
123
78
46
53
66
46
104
21
9
83
87
8
0
78
104
55
99
108
52
54
49
101
62
17
87
34
92
69
92
0
21
10
95
13
28
15
49
31
28
46
82
122
30
8
5
121
41
42
36
13
43
59
52
64
51
46
91
4
12
3
126
87
126
38
104
82
118
53
61
20
10
71
102
40
111
72
21
64
100
25
73
32
12
57
20
49
107
26
114
63
104
99
34
121
43
10
43
108
77
125
125
7
77
84
3
7
52
67
5
78
61
26
26
23
44
33
96
97
9
16
39
108
111
73
70
36
67
116
85
73
113
93
88
17
49
30
93
0
82
36
114
63
114
52
120
116
62
105
30
120
99
98
23
61
17
65
38
20
91
49
63
46
26
15
12
1
88
62
42
82
74
102
61
85
24
4
64
38
101
99
21
38
105
29
67
111
32
61
83
100
28
46
120
110
95
50
5
65
107
58
70
84
116
44
80
2
48
38
93
106
55
108
44
92
73
119
115
78
9
73
112
10
51
44
70
100
52
60
51
121
76
15
74
74
42
33
11
65
110
22
53
123
125
74
116
112
108
48
43
112
51
43
40
46
78
28
49
108
20
112
115
90
20
81
81
114
107
43
99
51
65
79
64
95
9
80
6
49
80
98
73
63
14
104
79
71
14
18
14
24
98
55
56
74
117
92
76
64
123
114
20
110
2
49
53
12
28
16
71
97
14
102
36
66
9
95
85
52
53
111
91
119
80
108
97
33
74
87
65
51
55
100
18
62
41
88
104
88
2
71
84
116
34
5
111
14
77
43
13
108
62
106
106
18
10
119
76
18
24
58
58
55
59
31
46
83
37
88
24
13
117
75
99
69
61
95
125
108
106
34
106
67
105
20
83
86
97
41
55
16
126
75
28
99
3
83
109
115
41
62
123
38
114
19
22
111
80
30
53
51
55
111
4
91
61
43
24
59
24
19
99
94
88
78
59
34
19
110
13
63
115
22
55
19
123
73
32
91
117
107
49
91
14
113
83
67
1
57
23
61
51
107
112
109
46
80
2
123
35
11
16
53
74
96
59
46
28
115
114
125
13
125
81
56
49
1
2
91
38
116
16
104
81
59
20
84
47
65
16
43
32
99
15
19
33
10
16
86
2
78
84
6
43
1
67
30
65
86
6
69
41
5
109
61
65
104
26
97
104
80
56
84
112
96
56
83
93
47
53
23
33
37
42
10
78
78
49
112
65
90
50
109
59
111
123
59
49
96
48
92
70
109
28
33
30
112
58
80
116
118
45
65
125
70
0
108
114
62
115
99
55
88
125
80
67
59
28
16
123
19
120
32
42
78
33
97
104
74
73
57
30
34
9
71
30
67
21
9
37
61
111
102
65
48
90
34
79
50
109
21
114
68
112
91
49
53
109
81
53
34
58
105
53
14
70
1
102
9
99
48
112
85
121
107
56
23
9
63
60
45
116
112
32
67
116
104
50
65
78
97
119
21
60
17
18
45
32
17
104
93
14
61
114
123
53
89
59
14
55
57
9
76
80
1
78
65
43
104
85
67
107
61
114
18
76
124
115
112
36
48
59
77
61
117
58
12
121
41
36
32
72
39
58
59
121
16
99
113
77
55
29
33
105
117
121
107
0
33
84
33
5
53
0
24
105
95
97
18
12
96
73
14
119
80
109
115
31
88
121
91
25
113
86
112
4
25
11
69
6
102
121
39
16
31
20
59
29
45
81
55
9
91
20
42
48
105
71
64
69
96
80
44
34
92
103
16
4
121
48
99
77
29
11
9
84
119
115
59
92
28
49
69
51
63
44
108
125
80
28
42
30
22
69
14
2
119
97
73
65
30
46
65
96
111
125
58
11
41
27
4
100
105
23
107
42
119
2
39
20
81
8
94
59
99
8
25
20
78
18
80
20
19
24
71
64
116
27
86
39
109
55
82
55
125
112
110
42
110
118
75
29
31
123
2
121
47
105
82
86
123
19
48
44
121
126
45
124
52
16
119
105
3
29
98
79
50
11
94
102
0
109
9
76
114
93
33
55
8
62
62
71
98
73
92
72
121
52
65
125
125
50
39
107
105
55
48
17
88
67
11
88
9
43
66
21
19
0
105
49
50
31
52
35
98
63
66
50
124
39
91
37
99
117
11
2
14
97
18
105
74
47
4
3
90
17
72
64
17
110
79
105
121
118
55
0
33
104
74
29
11
11
110
3
37
12
14
45
107
110
91
9
39
59
58
21
14
125
107
22
85
36
20
55
14
65
76
93
22
50
96
34
110
54
101
91
73
12
104
95
26
5
93
124
73
1
126
53
101
82
40
120
95
91
123
102
104
40
24
52
57
42
49
20
1
97
27
9
93
88
96
6
18
62
115
48
96
100
75
104
62
24
2
107
100
114
62
48
104
0
120
82
73
91
36
59
3
14
93
27
66
121
64
67
29
94
94
104
122
121
121
27
20
34
73
93
36
110
12
119
7
0
44
19
55
86
14
114
49
70
91
94
20
79
4
124
45
3
99
16
82
14
14
87
52
23
70
111
14
20
9
111
98
124
33
82
94
47
104
94
40
42
26
7
3
67
24
31
79
122
29
94
97
120
2
74
33
53
77
31
67
110
6
105
2
117
24
91
123
111
16
97
74
50
16
93
15
46
82
19
28
9
8
120
64
100
114
57
33
69
24
64
96
42
46
69
22
126
117
74
38
111
87
79
114
113
97
95
38
8
60
111
1
18
60
50
98
95
95
1
123
60
107
22
20
10
1
116
88
88
102
113
98
117
113
72
97
94
4
7
36
77
45
69
109
123
24
30
60
15
93
109
14
39
37
95
45
113
91
97
13
96
99
41
39
119
20
8
92
17
99
109
74
126
43
82
32
92
50
43
95
112
105
57
124
105
7
46
10
79
116
20
82
63
70
112
63
4
120
67
20
10
7
76
22
30
20
78
75
92
8
88
104
21
80
13
54
112
46
29
106
4
39
79
72
78
88
88
48
24
102
117
97
113
8
64
117
111
28
37
11
57
2
69
88
40
63
82
100
66
63
12
62
52
115
37
106
124
37
43
88
68
22
84
76
72
46
80
8
67
41
66
122
104
58
30
124
20
70
76
30
54
95
94
63
58
64
62
125
82
15
18
82
115
13
83
54
41
48
72
54
41
30
43
57
115
111
52
42
58
75
67
54
3
124
101
112
45
47
102
91
78
122
72
10
20
14
67
16
70
37
7
21
115
10
82
50
95
21
89
91
26
36
60
99
49
121
102
59
89
112
97
44
61
20
122
82
32
68
36
111
32
87
4
78
27
42
47
56
20
91
10
82
20
10
88
118
43
43
99
32
95
19
19
123
42
80
0
32
64
106
124
64
56
44
118
120
59
19
12
49
44
89
86
19
87
60
12
30
79
56
74
17
104
36
53
2
122
7
49
28
0
91
32
36
97
49
28
11
91
4
6
25
86
89
76
17
89
59
79
104
78
19
63
118
64
113
53
21
101
32
12
39
1
108
1
122
16
74
10
43
91
36
56
36
89
126
105
111
61
90
47
79
4
12
108
118
64
66
12
102
45
8
68
68
1
121
49
8
118
36
68
109
30
14
110
41
123
56
19
93
20
93
62
115
59
20
10
60
35
35
75
120
85
16
110
0
85
120
123
95
116
115
56
9
22
46
114
78
34
37
115
2
58
94
7
60
115
59
70
49
85
24
32
52
36
121
3
72
121
126
91
76
78
37
12
82
62
22
117
61
39
34
30
21
124
126
11
81
30
71
1730
