1 1 0
2 0.859689 0.0159098
3 0.756975 0.0213989
4 0.679163 0.0224489
5 0.638489 0.0262866
6 0.662782 0.037264
7 0.595841 0.0552185
8 0.559945 0.050182
9 0.53831 0.0474724
10 0.544259 0.0601869
11 0.476651 0.0432402
12 0.469116 0.0548841
13 0.431534 0.0653436
14 0.435341 0.0659427
15 0.527701 0.145983
16 0.483279 0.117397
17 0.62498 0.234353
18 0.435129 0.131325
19 0.58362 0.293684
20 0.642595 0.322035
21 1.45496 1.15627
22 2.72333 2.48791
23 1.98118 1.66813
24 0.907645 0.745673
25 0.368956 0.223434
26 0.572731 0.297938
27 0.427178 0.233348
