-148.344249
-146.0388956
-148.9079798
-145.2387259
-144.8073667
-146.9193791
-145.6474991
-145.4390775
-143.604
-145.9105793
-146.025444
-144.4741519
-146.3453632
-145.5939465
-146.9242061
-144.978123
-143.8664167
-146.9722125
-145.2785194
-144.777492
-145.5906491
-145.2146156
-144.8029024
-145.2052819
-146.4098393
-145.7718139
-145.2066975
-145.4479571
-147.5795722
-145.2887212
-144.341019
-147.061305
-148.3110604
-147.1194922
-147.4613629
-146.5316137
-145.2056272
-145.8490343
-146.1948488
-146.241255
-147.3443423
-145.5285454
-146.9699018
-143.0246044
-145.1814593
-144.3230314
-144.7732747
-144.216633
-146.0900145
-147.3826695
-148.2013496
-145.6007321
-144.1337021
-146.9120407
-146.2038465
-147.014652
-145.4900265
-145.6958108
-145.5660488
-146.1914025
-146.4885319
-146.059083
-144.5163334
-145.613532
-149.5936162
-149.7313699
-146.1959033
-146.3266755
-146.1485003
-144.516732
-146.7970361
-147.0755355
-147.8667206
-146.6096591
-146.134323
-143.8966331
-145.3256254
-143.486904
-145.9134019
-147.1012808
-149.0704373
-146.5344757
-145.4161556
-148.1840415
-146.2780826
-147.0479393
-147.4614157
-145.5577601
-147.8356429
-146.1834112
-146.4619421
-145.4578365
-146.4674246
-145.1905961
-142.9193141
-147.72006
-146.9864366
-147.499827
-145.9372646
-147.0509933
-145.1668005
-145.3869998
-145.1682139
-148.0028089
-145.856484
-146.941806
-142.1671815
-143.5770427
-147.0820939
-147.9510139
-146.6103101
-148.3533221
-147.5667799
-145.3999871
-147.0772429
-147.2821328
-146.5176765
-146.6899256
-146.6023939
