84
227
238
2
276
36
338
303
369
175
339
280
180
216
206
46
298
278
250
174
229
27
368
343
296
240
189
8
52
303
220
194
307
72
16
246
222
20
232
97
263
377
51
355
128
121
329
180
341
187
344
171
130
293
150
222
340
38
48
224
40
270
266
369
174
193
94
200
397
12
344
142
2
12
133
191
355
166
16
293
266
210
27
8
5
48
62
368
298
103
202
370
40
214
68
79
189
356
332
90
115
150
18
10
341
270
14
117
8
180
95
221
398
362
206
288
50
164
187
372
204
74
33
298
391
258
61
396
57
171
269
212
346
130
358
93
352
71
2
265
244
308
72
53
39
358
86
114
72
198
297
232
258
388
337
279
241
284
310
300
292
134
80
108
203
301
0
279
93
22
8
294
209
288
120
243
150
127
16
290
292
175
386
264
316
8
33
1
65
344
225
308
150
139
82
395
199
302
203
96
252
258
40
355
331
1
115
127
243
1
297
317
258
386
18
326
102
215
286
227
36
355
33
88
33
37
213
278
281
377
65
373
339
305
14
165
174
387
338
124
189
328
305
24
362
284
270
346
146
377
322
90
166
76
175
258
252
356
310
60
292
376
301
19
216
57
197
288
39
192
334
53
266
211
122
300
356
239
369
182
93
224
286
194
72
174
195
93
256
128
176
345
108
205
217
57
11
227
335
199
209
388
229
230
128
233
197
165
6
369
242
119
138
229
53
98
56
189
208
264
127
56
371
267
40
374
46
180
119
371
204
281
100
39
303
169
40
345
296
139
35
256
310
110
136
201
345
389
222
98
243
259
284
346
315
139
224
55
41
356
174
82
257
128
55
373
168
127
333
103
133
104
68
398
197
182
377
376
290
61
195
134
338
85
388
242
157
385
395
110
307
270
87
247
281
10
331
62
250
240
200
187
353
355
244
57
361
348
260
245
134
214
104
48
123
152
307
213
58
314
141
281
98
308
143
131
299
266
130
125
90
346
23
250
207
318
240
240
386
237
105
49
53
152
268
235
184
300
299
36
161
167
140
373
311
105
153
114
260
152
275
79
111
254
218
151
151
281
230
340
251
208
193
86
64
324
150
341
29
88
324
151
318
271
398
231
143
222
178
199
291
50
300
133
301
26
319
340
201
89
221
241
316
271
94
118
231
124
164
279
31
371
62
286
300
183
127
205
299
175
229
345
286
82
164
252
379
246
115
282
111
116
186
212
293
277
378
281
39
186
232
69
342
182
348
334
115
363
231
50
270
218
245
361
345
138
192
72
94
11
275
394
49
351
169
229
191
334
268
11
332
189
363
309
286
181
112
298
137
296
290
274
201
65
83
332
193
41
310
22
76
44
226
178
351
123
165
309
317
338
381
43
199
199
267
224
303
315
98
100
330
74
178
65
390
48
211
292
14
78
277
6
45
110
118
397
115
366
144
359
378
127
45
247
141
141
382
297
125
275
195
104
224
324
366
275
111
111
393
106
225
135
231
210
123
212
394
375
308
359
241
115
205
353
104
122
340
126
322
275
228
356
8
301
76
14
340
222
396
374
257
259
200
144
204
153
236
141
270
227
120
1
189
162
272
312
270
143
333
346
6
158
24
26
50
33
255
90
393
214
308
221
16
254
253
336
94
216
14
84
39
290
200
145
38
391
11
373
209
65
308
167
144
374
354
108
394
282
185
267
217
321
144
383
21
231
199
235
269
180
393
374
12
164
149
135
8
173
346
198
121
249
333
74
366
332
206
31
288
272
65
145
374
344
176
242
132
150
126
217
116
70
57
398
230
252
171
149
110
54
28
105
278
172
372
198
174
71
189
56
226
148
242
173
89
287
261
320
391
396
76
76
335
78
392
78
136
94
173
80
153
28
382
286
274
355
278
366
1
371
33
311
371
33
86
162
227
247
282
391
308
183
389
43
247
207
60
197
2
181
317
103
162
241
107
23
302
225
282
92
352
267
60
134
220
230
67
91
26
9
113
22
178
365
113
293
179
99
49
392
78
348
334
65
286
7
209
339
165
293
120
190
292
302
181
16
381
341
352
137
348
348
28
41
164
350
51
56
200
177
160
342
391
354
289
352
323
339
84
371
152
285
214
265
234
156
370
153
19
290
375
78
139
200
160
93
205
142
299
23
126
166
54
344
2
336
337
286
277
130
95
340
89
270
176
388
174
210
343
18
78
89
362
277
26
176
7
18
122
136
260
241
122
160
300
353
264
219
350
290
47
346
16
62
87
356
38
232
218
84
301
101
362
49
16
391
88
14
7
308
95
7
276
17
369
221
156
132
221
302
156
297
388
358
155
262
324
348
93
294
219
93
271
170
46
177
242
210
36
279
220
236
348
387
271
350
62
266
255
212
123
152
111
267
369
95
192
162
66
271
200
372
368
353
165
70
98
25
88
314
153
382
64
137
253
153
147
52
205
371
46
122
2
28
262
285
32
67
198
242
207
297
91
85
63
388
219
300
336
130
90
307
385
290
326
85
148
284
349
227
70
63
200
398
110
72
388
117
12
226
19
112
81
154
138
90
23
183
91
261
128
320
81
233
74
273
266
296
59
203
336
343
205
9
217
371
145
336
382
162
164
81
383
134
254
75
46
324
385
192
32
51
43
245
220
338
97
87
110
251
115
118
94
315
311
251
14
205
383
302
364
320
12
396
284
328
126
396
41
373
33
130
332
43
364
30
45
17
55
66
86
385
331
14
226
315
188
340
12
17
232
245
347
33
240
188
18
322
162
384
279
23
33
302
331
194
170
13
72
264
260
178
264
351
207
379
162
344
243
141
379
62
393
167
220
34
113
264
11
116
287
124
14
311
192
345
272
61
362
172
1
46
66
374
236
209
178
243
87
10
20
128
10
245
72
324
19
193
72
232
288
37
66
88
128
230
129
104
349
203
326
398
80
40
209
29
350
165
324
109
35
81
386
354
182
100
127
110
53
174
95
190
280
84
159
272
231
369
106
53
6
79
48
322
225
15
292
26
226
77
163
159
95
180
312
303
296
376
288
372
276
365
285
358
399
297
279
300
223
266
145
202
269
187
76
112
257
396
123
339
32
46
107
31
80
112
125
295
51
284
361
399
353
288
62
197
155
185
382
88
80
250
291
376
67
223
255
316
345
12
119
357
161
57
217
257
358
277
210
75
85
236
217
58
12
264
216
222
233
296
110
313
225
251
178
105
172
310
240
17
290
24
350
315
194
272
281
304
178
187
266
108
301
330
149
373
315
230
88
46
72
225
358
371
98
228
45
227
44
301
225
334
356
205
249
149
95
217
269
394
285
45
372
231
67
240
45
373
11
356
1
35
71
69
78
146
118
58
259
365
115
95
207
29
321
268
342
372
103
325
205
320
17
377
254
106
394
95
152
395
321
203
258
174
14
356
183
321
296
11
109
290
315
101
22
62
219
214
155
210
210
291
119
329
368
211
290
273
238
98
124
93
266
325
96
296
154
35
205
347
189
178
359
184
166
143
204
174
371
306
334
285
125
125
78
180
384
386
231
323
352
321
315
120
83
377
305
42
224
281
170
270
24
259
351
212
55
239
45
27
356
180
12
95
272
183
95
42
397
133
287
224
100
288
271
365
201
170
132
154
50
84
182
45
29
236
115
387
102
209
310
12
325
27
135
220
221
271
276
317
284
103
72
22
254
175
291
288
31
159
297
78
363
184
150
248
143
18
91
35
248
94
300
71
347
279
60
276
71
291
308
152
310
284
259
150
243
304
283
317
278
382
159
143
276
368
247
340
66
274
74
57
250
276
130
364
353
130
381
267
219
18
194
179
183
326
66
327
10
27
242
155
111
69
95
17
49
382
86
52
1
268
194
91
61
92
237
291
6
379
313
277
344
76
44
14
310
111
151
377
173
378
121
104
171
139
353
173
145
369
379
56
250
61
152
150
356
307
102
43
42
163
206
69
43
291
396
309
259
50
14
0
173
27
389
247
214
29
75
95
71
151
311
31
349
65
76
12
14
127
45
308
285
353
0
291
135
42
62
67
174
120
352
31
69
104
148
117
82
3
277
340
117
69
97
328
153
293
292
167
161
372
257
1
389
300
188
270
276
230
279
327
295
53
254
224
155
271
258
357
210
69
133
289
37
59
387
45
355
211
337
194
276
31
55
313
363
389
116
310
118
65
136
95
107
327
261
110
328
152
107
78
315
66
54
164
376
343
308
327
192
111
337
241
45
1
109
170
371
181
175
263
371
50
311
60
224
284
64
28
235
387
119
94
19
37
339
349
66
246
399
23
253
48
274
226
33
71
147
89
152
71
160
362
160
152
153
302
370
155
181
8
333
352
65
372
154
236
204
29
1
199
121
211
224
134
357
299
380
398
389
45
58
248
332
217
354
235
65
107
368
272
148
311
140
110
237
284
110
359
48
297
8
289
99
205
273
269
153
154
323
319
50
176
279
153
46
15
82
216
326
226
42
212
383
50
121
91
192
9
18
138
362
221
107
46
364
352
191
86
146
111
156
110
25
368
64
121
226
31
274
180
389
55
229
211
3
39
83
99
217
279
173
239
375
193
322
375
103
165
55
107
315
378
240
275
22
388
176
375
353
378
205
246
340
88
226
48
269
315
391
283
12
154
82
10
273
275
232
42
20
208
299
347
211
353
375
200
91
14
269
256
365
239
332
27
78
91
78
109
199
309
200
365
48
94
349
132
42
126
140
203
399
136
351
139
359
177
205
338
389
309
156
41
371
355
332
234
367
353
352
330
165
313
101
53
301
382
366
266
346
321
190
87
187
92
206
183
302
334
386
226
384
217
341
323
123
125
283
366
104
318
365
152
56
190
221
238
78
248
330
20
200
347
391
121
297
167
84
288
96
88
321
43
183
145
302
262
191
175
354
117
29
130
280
153
22
88
323
103
18
272
127
351
281
261
137
12
175
108
295
225
205
15
77
93
145
355
248
32
351
74
98
44
69
109
360
230
323
392
134
14
270
215
170
308
49
91
102
341
285
119
320
37
9
168
261
285
113
184
290
237
19
319
72
29
232
206
184
268
296
198
130
93
42
103
375
279
95
115
339
209
350
264
8
7
117
202
292
231
64
341
94
276
255
13
380
250
188
80
13
236
113
386
151
29
322
53
207
208
363
281
77
50
296
134
235
39
40
178
92
382
209
307
39
343
12
339
123
160
214
63
239
35
312
32
49
354
276
223
324
349
93
215
145
275
233
111
271
82
323
96
194
254
57
399
1
28
69
319
104
125
122
122
63
231
50
284
352
24
337
125
100
344
167
131
389
261
322
1
340
177
178
206
330
28
39
80
179
37
186
76
23
71
63
91
268
386
233
137
39
240
48
306
65
321
322
376
249
104
279
340
53
5
194
15
177
7
112
132
2
209
56
307
64
152
110
334
176
146
337
6
125
133
14
94
2
15
41
51
305
121
2
299
118
383
39
328
325
36
204
215
161
242
271
10
306
7
344
282
1
92
389
57
58
175
143
271
217
225
42
196
283
51
280
304
193
333
166
266
110
323
289
395
176
215
146
295
268
322
186
268
134
298
206
31
42
332
176
283
151
11
271
206
100
255
393
166
284
175
128
80
124
344
114
154
234
276
17
318
296
363
332
378
121
348
321
118
49
245
255
290
396
64
40
134
49
114
126
397
209
179
167
20
142
99
87
50
217
91
366
259
124
374
47
41
171
177
274
122
129
334
45
11
216
164
322
363
86
321
352
245
149
175
235
61
17
31
254
193
237
198
149
189
261
389
348
94
325
56
226
353
124
388
222
195
206
231
398
109
166
47
298
329
235
89
388
209
59
121
352
260
249
220
101
326
377
328
14
122
203
296
111
382
19
195
300
125
143
45
394
276
261
387
111
192
133
196
173
220
367
251
266
293
259
375
210
362
211
290
201
176
390
302
235
284
176
196
45
320
250
394
123
119
75
179
104
308
384
62
337
128
259
322
106
43
373
95
278
188
34
263
373
74
63
28
312
259
242
182
8
76
242
63
203
242
190
250
83
122
82
251
371
129
327
266
167
134
159
339
42
107
212
236
156
107
215
200
189
174
132
368
310
386
370
324
297
99
258
338
195
237
50
322
123
360
3
297
34
340
235
280
11
86
303
80
25
163
96
270
197
37
211
28
173
328
294
387
39
211
4
83
360
254
280
188
1
96
173
384
148
269
49
370
370
174
313
158
239
190
297
244
235
355
368
112
179
121
211
386
294
74
395
373
277
272
12
385
113
395
177
152
33
221
109
240
298
388
3
11
315
316
80
167
251
357
277
69
303
263
298
33
305
53
341
386
91
345
79
298
313
84
247
142
142
294
287
5
185
119
133
308
237
10
41
302
184
359
321
326
282
373
177
305
175
357
344
319
328
301
119
328
301
69
230
319
297
338
128
297
398
364
211
43
390
349
341
150
322
343
98
197
356
183
49
91
182
184
33
371
92
349
362
338
247
24
147
363
5
187
100
197
389
180
131
58
31
247
7
27
183
79
253
300
242
306
95
95
159
339
370
95
306
82
327
222
396
304
249
82
105
82
345
392
219
96
229
372
318
113
16
118
201
287
382
109
85
276
312
205
225
6
194
327
312
201
139
370
295
350
257
194
211
247
126
363
146
219
214
150
345
61
108
364
24
367
34
383
196
72
397
290
78
310
269
42
316
305
299
280
54
78
371
126
320
305
32
145
280
7
317
158
144
105
97
341
194
27
78
345
149
347
184
186
93
163
287
24
233
198
162
310
254
122
256
229
381
387
156
134
70
231
48
1
242
62
157
126
369
284
225
105
229
29
383
93
177
78
185
370
115
387
226
129
19
143
242
75
112
155
343
0
367
59
3
309
214
189
348
185
231
0
284
236
106
375
170
185
311
359
72
396
117
193
12
350
161
320
320
268
388
161
195
75
318
77
10
195
84
213
177
140
225
57
392
104
118
139
312
299
341
168
375
349
194
373
50
50
246
80
380
280
7
168
193
338
131
156
69
225
184
169
279
93
46
69
232
146
155
24
9
159
359
100
7
62
329
382
165
273
60
241
290
65
224
364
209
293
359
131
209
137
158
348
199
171
289
259
108
51
384
170
372
167
149
41
3
234
293
167
167
171
328
200
153
185
380
184
346
233
250
131
386
306
88
373
146
135
228
255
50
64
366
153
80
389
175
148
111
165
390
89
170
224
292
167
276
282
9
381
140
259
206
94
394
259
238
336
109
392
99
392
45
382
255
208
193
149
181
358
64
370
95
220
163
388
45
178
381
229
34
312
385
163
0
58
250
171
32
177
28
89
95
232
167
154
234
260
315
336
360
201
384
171
362
126
165
306
306
154
72
35
215
310
310
50
122
315
179
139
386
163
143
186
186
177
85
97
88
218
190
326
329
57
305
32
12
268
396
42
265
230
245
291
291
314
40
229
204
28
387
24
369
281
58
70
266
314
171
136
128
19
169
345
17
398
234
155
309
171
107
254
382
262
269
205
107
98
267
111
63
374
2
304
210
187
77
5
172
248
105
373
276
41
163
6
315
179
257
304
258
298
322
204
308
7
130
148
166
98
372
82
288
39
291
81
61
102
243
312
18
321
366
322
354
131
218
368
260
280
124
28
168
122
243
140
219
377
190
200
219
366
94
304
216
159
111
231
269
350
85
70
302
213
196
127
51
136
304
142
237
302
93
252
115
347
119
199
102
292
159
127
35
232
376
233
129
67
225
310
84
159
314
156
29
304
300
196
35
199
234
187
62
385
35
93
150
84
117
189
344
248
377
279
102
354
268
181
304
149
77
353
112
214
83
207
129
63
165
51
167
237
225
35
58
262
271
241
183
178
96
102
234
262
51
27
126
63
75
263
249
243
76
96
211
265
307
291
307
211
35
274
255
174
275
181
346
63
162
193
191
256
350
271
360
322
329
382
304
397
243
385
305
163
119
310
392
51
43
200
135
280
246
162
140
247
384
248
85
345
361
331
103
56
317
41
109
31
333
139
382
321
130
280
81
213
348
57
307
209
348
361
189
354
363
301
165
112
275
399
320
367
388
157
362
43
197
397
244
111
330
244
168
165
96
193
210
61
176
152
75
48
354
166
301
271
368
298
46
177
165
259
28
105
99
228
165
193
56
255
48
4
164
275
286
368
26
330
53
97
81
254
59
70
103
189
346
267
140
254
369
387
75
112
43
39
290
289
212
54
171
337
305
9
348
144
167
172
368
331
168
129
335
188
173
135
354
258
258
370
280
369
103
5
271
342
81
298
342
369
122
159
261
200
387
328
198
39
176
397
18
170
28
89
109
354
80
376
103
290
350
52
314
335
65
387
80
360
122
243
376
206
232
99
120
302
71
117
65
169
165
303
124
111
370
263
368
10
178
389
365
325
279
193
80
263
21
104
330
229
81
263
393
148
308
72
182
201
11
130
194
366
281
237
218
357
332
23
264
41
342
124
149
373
228
208
349
223
192
276
304
249
298
337
375
176
124
246
379
224
23
274
315
235
337
263
288
311
75
235
263
169
79
95
254
305
161
325
390
193
195
376
103
191
64
224
319
397
188
59
267
62
141
200
7
142
5
31
160
251
291
366
160
70
377
332
305
66
66
166
114
37
15
50
17
164
89
334
19
72
158
160
30
295
303
69
348
83
30
200
382
321
2
297
353
257
58
328
298
89
344
155
272
77
127
71
331
93
21
375
42
281
230
192
182
153
315
57
257
254
298
116
123
329
240
28
83
255
72
146
233
66
248
328
249
392
69
33
344
313
139
261
360
344
170
365
116
178
324
178
332
243
378
341
136
234
159
34
279
149
382
114
210
182
231
274
320
106
378
257
113
11
390
248
77
127
386
354
349
161
114
131
185
361
116
290
60
236
28
10
159
33
381
392
16
182
140
210
206
342
192
350
39
364
109
360
103
202
284
194
230
138
140
360
217
28
314
80
0
149
306
112
234
111
352
57
164
378
131
194
270
238
152
260
47
316
307
140
188
158
124
174
247
294
115
104
29
285
317
42
135
182
197
111
42
267
382
139
378
79
218
94
288
310
31
87
181
203
263
225
55
203
167
185
131
118
149
123
225
288
329
174
286
390
184
319
5
304
282
56
281
257
382
80
101
329
317
250
132
279
291
33
240
251
368
296
211
279
21
38
24
170
181
336
144
190
206
158
192
337
290
104
42
251
50
141
101
392
170
253
135
213
240
76
247
78
154
266
317
103
352
35
393
229
177
33
266
310
95
177
295
200
181
231
141
192
213
200
297
167
66
37
260
29
331
141
193
98
266
3
194
328
177
130
165
114
362
82
136
104
318
64
80
30
98
345
37
71
380
361
241
148
307
242
91
285
132
288
224
120
200
24
323
121
66
27
102
263
3
56
255
339
79
275
89
197
334
297
210
336
47
31
324
117
281
225
117
304
7
233
215
233
90
375
240
375
61
154
49
53
145
156
395
94
272
365
255
93
9
215
304
23
364
41
64
377
146
169
78
89
312
397
223
146
16
105
312
208
132
146
356
182
34
342
297
196
307
105
145
210
271
50
348
214
87
348
399
331
229
329
235
235
295
30
116
136
331
287
142
399
16
114
4
60
233
322
293
89
111
120
296
377
55
307
263
133
9
181
53
218
204
381
352
238
87
167
22
99
375
135
340
381
141
326
13
297
135
352
303
193
69
145
211
148
112
245
124
71
375
356
44
7
327
12
291
354
255
21
315
382
367
38
6
21
305
189
192
134
181
349
191
294
312
348
285
307
163
294
45
327
147
222
117
125
76
350
24
328
24
271
157
44
327
184
392
392
153
230
348
249
4
55
393
196
23
4
132
22
111
19
321
351
132
258
134
0
249
352
354
76
132
202
165
267
136
296
208
75
285
275
327
91
127
271
79
269
22
319
245
321
285
315
15
351
47
327
295
30
166
316
63
34
337
322
386
67
204
34
371
368
100
296
181
24
100
226
236
291
67
283
311
79
279
165
122
286
12
200
258
134
14
154
3
248
310
248
136
16
368
284
28
310
82
99
260
345
269
90
58
167
317
37
28
144
266
163
269
9
381
30
100
258
311
223
246
98
48
94
129
354
94
340
279
90
317
354
60
307
85
212
79
280
311
360
50
314
53
55
368
196
328
87
141
196
23
247
132
390
61
118
97
328
199
187
55
118
130
254
348
39
356
393
125
128
164
363
352
371
228
219
0
385
337
398
210
348
25
146
293
68
306
328
40
216
163
296
263
231
16
177
211
328
329
83
246
94
122
198
296
390
58
278
368
241
69
217
319
115
266
74
74
185
375
121
247
103
353
252
310
157
132
326
112
320
12
44
166
198
375
375
114
57
31
327
329
60
114
290
75
181
60
169
16
129
341
1
249
290
323
226
395
342
28
365
296
370
71
57
165
160
364
234
351
5
181
59
15
322
97
72
351
351
63
332
355
257
233
270
240
353
190
93
136
119
93
327
183
36
345
145
254
97
177
315
323
0
254
304
34
278
368
167
286
369
231
369
3
235
352
44
20
235
29
9
170
222
281
58
256
306
60
319
31
383
2
217
355
244
15
386
30
45
219
110
261
7
276
388
147
255
395
222
189
327
261
182
160
340
233
1
266
196
239
278
66
238
178
106
255
222
216
56
150
115
169
32
111
189
374
175
202
29
221
304
287
386
84
203
174
48
305
181
347
13
181
297
374
365
289
155
266
373
147
99
84
343
304
189
291
284
134
91
58
208
317
68
310
184
257
59
343
246
77
32
183
28
329
297
32
314
12
187
227
373
343
333
130
285
64
100
333
261
34
321
12
247
186
392
104
255
329
184
290
306
263
184
135
329
165
333
300
385
300
222
7
173
328
251
33
111
360
7
206
120
150
252
270
246
33
273
347
385
370
316
334
101
112
270
266
268
380
94
167
97
109
81
227
329
352
119
282
396
260
167
344
299
135
7
273
373
173
49
278
56
92
178
323
95
248
249
310
249
162
281
123
154
77
14
9
302
199
139
36
94
82
399
298
263
333
228
345
279
164
348
303
56
20
174
65
140
319
137
343
399
361
247
122
108
121
74
175
301
381
168
234
104
216
77
255
42
68
193
327
257
345
111
346
38
203
102
161
239
279
3
344
314
219
307
150
239
367
260
160
175
158
202
129
2
129
321
298
241
115
63
74
153
161
175
194
263
112
373
85
241
374
110
244
50
315
92
284
174
171
361
96
237
120
265
168
218
47
270
144
360
271
166
168
17
390
298
134
219
246
96
299
300
369
198
0
175
319
299
293
202
371
82
140
122
127
0
58
194
135
245
352
244
310
360
57
86
200
292
267
200
203
74
208
217
165
23
373
117
235
311
354
262
80
124
357
224
356
373
237
308
171
12
292
357
246
219
229
161
40
362
19
184
386
211
163
131
50
127
342
60
158
334
393
208
209
158
138
388
259
54
24
194
26
102
43
62
34
299
133
114
51
171
311
179
140
114
377
111
122
25
231
333
279
149
183
167
92
182
291
68
205
172
104
43
183
40
150
238
387
133
201
281
373
161
232
226
322
67
52
263
274
55
112
274
240
348
79
233
398
114
196
101
235
59
330
32
167
390
82
39
315
284
155
163
57
276
154
341
382
114
355
5
133
150
123
390
40
179
129
108
214
169
366
146
360
104
243
290
392
62
371
350
366
166
10
132
350
321
242
299
82
392
52
129
222
281
62
167
90
37
307
299
5
350
194
330
100
320
330
389
7
86
378
66
122
57
40
264
243
268
381
63
7
175
92
183
176
336
68
363
123
233
151
342
4
333
276
20
186
38
229
131
26
290
230
181
73
259
293
369
233
259
399
204
100
361
393
18
114
49
172
264
153
92
268
247
32
256
387
78
78
184
296
43
78
95
85
366
233
47
171
217
212
77
194
15
194
212
112
21
39
21
333
129
355
323
385
174
264
114
240
366
212
298
174
66
114
46
104
88
69
197
178
327
344
32
26
218
79
7
392
169
299
380
276
288
19
171
372
294
185
37
376
96
121
20
259
176
286
332
350
350
253
140
195
156
235
255
81
80
356
391
145
179
32
55
128
153
190
153
178
295
66
68
300
81
60
58
325
145
288
208
335
312
25
339
10
264
394
172
348
39
88
8
283
257
53
315
391
348
172
395
168
298
326
157
257
279
92
43
159
7
271
264
323
218
157
300
170
164
324
69
6
147
209
60
348
171
115
370
135
180
282
386
336
386
365
228
122
121
323
60
134
390
171
24
38
34
257
269
218
171
297
88
318
263
96
90
240
353
43
326
104
161
315
128
194
342
27
356
341
294
84
95
15
31
227
365
341
74
179
144
218
217
96
271
165
171
121
119
91
141
384
90
362
398
368
1
52
194
358
17
360
383
300
79
269
28
378
356
173
325
354
5
122
7
16
153
203
11
315
100
187
125
82
247
88
75
225
214
161
242
168
134
395
281
142
125
108
256
166
154
41
165
346
38
209
59
339
308
97
267
14
185
333
193
44
187
125
175
125
338
309
269
148
49
72
217
189
301
359
51
294
214
122
282
189
356
311
189
289
51
227
362
358
303
193
357
158
252
223
359
251
86
266
391
388
357
385
54
302
332
220
340
301
169
263
333
119
134
217
291
5
254
288
297
262
393
394
121
91
30
49
6
219
371
29
309
258
121
226
369
323
24
16
242
28
155
75
46
279
100
331
310
200
341
64
51
242
207
376
38
50
320
119
50
306
246
227
262
128
115
14
115
6
36
105
38
77
389
355
313
342
242
288
77
140
68
309
299
310
196
36
319
273
369
153
316
368
186
319
128
294
97
372
335
75
368
305
202
50
230
187
64
120
289
215
184
174
227
384
46
308
28
247
136
352
231
80
123
399
98
228
261
305
258
26
3
55
186
6
137
161
320
242
100
80
118
161
363
82
48
158
69
309
64
395
343
174
130
14
160
395
364
335
298
110
320
323
322
389
255
27
186
372
186
82
203
11
273
355
273
149
219
273
331
203
108
174
27
184
322
362
212
158
179
362
124
393
103
9
33
227
125
219
327
118
137
12
85
17
15
207
70
9
196
79
306
200
325
360
109
51
51
90
212
112
90
85
337
390
221
15
90
135
149
188
285
41
362
126
365
296
224
295
186
303
19
131
296
229
91
62
334
273
1
331
104
1
13
14
175
47
47
393
117
392
103
134
103
397
305
102
158
164
2
341
123
201
251
326
251
235
48
364
324
281
218
237
8
281
343
266
198
323
87
196
147
364
83
384
367
110
256
270
77
281
243
251
207
218
302
186
366
27
148
277
22
94
305
2
297
67
102
148
247
306
147
27
332
355
226
142
366
235
36
96
338
366
309
85
125
256
324
6
336
101
171
274
116
300
96
53
365
64
218
274
30
283
32
124
254
233
157
363
173
219
94
274
264
10
2
45
263
94
262
197
91
172
319
302
12
162
176
197
10
322
216
162
322
190
53
158
56
13
390
323
104
180
43
325
339
207
278
143
350
252
115
331
225
315
247
189
22
278
370
116
146
173
338
315
38
353
308
16
186
179
78
325
283
13
268
246
30
152
293
238
107
20
395
348
142
314
27
125
80
345
125
106
332
130
61
324
150
213
9
99
78
22
42
219
231
232
375
308
334
256
244
104
262
393
219
32
258
313
87
363
152
154
173
53
276
240
173
333
284
149
105
330
26
32
303
31
80
111
159
173
354
261
284
159
187
392
68
114
147
36
394
148
62
397
164
377
4
210
275
163
362
176
179
299
330
195
113
274
75
2
179
335
189
27
299
172
263
356
393
92
195
75
108
38
223
145
287
364
144
277
157
135
230
182
261
57
242
34
58
171
388
240
289
337
306
124
179
169
230
278
335
114
63
146
135
172
319
208
325
43
116
180
286
379
286
124
76
31
57
308
102
230
169
43
390
394
204
11
391
120
332
340
143
201
5
373
138
278
19
357
180
375
293
38
249
271
309
203
374
257
377
361
160
292
356
63
184
248
376
230
16
122
125
294
126
259
333
183
125
11
227
186
251
239
216
83
173
63
295
92
149
168
152
87
59
306
253
301
135
170
326
373
293
286
125
97
394
341
366
155
219
163
161
198
33
295
97
120
149
230
376
133
336
26
102
293
0
283
186
15
52
332
39
71
185
375
336
104
229
154
279
343
213
329
280
306
10
157
89
174
143
39
203
323
333
146
321
55
156
106
253
124
1
123
329
106
336
299
354
232
45
28
152
6
377
223
292
83
34
278
35
222
113
362
242
116
392
150
82
225
11
195
325
160
331
258
197
17
140
180
263
140
161
19
211
126
236
74
290
103
262
66
70
5
94
392
359
71
167
369
140
2
153
290
183
74
346
0
11
84
153
65
213
136
242
83
162
52
172
79
74
350
356
178
286
384
227
183
213
105
255
173
210
36
197
202
50
164
366
243
88
280
137
196
369
146
196
243
370
123
259
383
265
392
338
362
196
230
113
198
57
375
166
65
326
152
24
268
74
20
208
123
266
126
270
36
173
300
128
210
186
65
71
391
257
250
233
181
326
99
84
353
322
173
258
384
30
293
83
226
389
247
385
271
226
390
354
262
307
130
142
106
20
347
64
64
292
222
118
199
116
226
139
152
144
163
244
251
290
156
375
31
263
361
341
315
190
22
380
190
151
56
213
356
111
327
305
35
282
330
74
162
267
84
188
263
34
234
135
379
129
347
365
170
161
48
164
77
184
227
197
232
96
170
263
162
319
19
260
355
145
219
107
175
275
113
129
298
364
53
206
24
53
306
113
313
205
170
338
296
112
335
282
272
44
78
249
110
163
161
139
7
295
231
309
206
172
249
292
70
78
18
309
129
3
224
112
133
247
282
318
232
232
185
11
147
307
45
46
56
375
272
154
226
147
202
282
238
300
256
162
263
305
282
398
379
279
318
162
345
250
125
91
211
79
228
353
5
155
93
393
300
66
243
318
103
153
203
355
256
161
201
15
65
39
7
173
138
27
249
6
118
240
238
270
216
168
98
398
151
131
72
40
182
377
78
216
203
152
395
205
153
398
123
184
386
239
265
165
91
199
270
280
3
156
84
334
365
386
13
50
325
377
215
193
188
50
162
22
35
117
159
354
292
273
113
348
163
3
48
233
107
132
51
307
138
89
399
297
41
339
293
44
378
309
159
165
378
280
41
208
93
92
273
259
229
326
224
269
387
125
387
121
113
375
239
312
250
243
208
102
136
343
227
335
309
190
289
297
51
220
179
125
174
144
327
354
356
341
205
279
201
133
319
310
235
262
80
58
136
294
40
77
341
389
286
3
100
161
294
374
158
152
387
77
296
336
259
205
26
309
15
26
205
162
315
336
31
282
222
52
142
243
363
308
278
108
172
162
145
92
79
109
40
110
106
125
68
28
158
267
381
154
93
146
36
268
392
195
39
281
389
101
20
155
154
93
283
85
54
287
147
289
148
343
39
121
109
241
287
97
236
295
391
312
63
281
335
55
26
56
195
31
330
193
4
294
140
9
220
190
354
346
245
179
221
322
119
147
134
367
186
92
205
112
207
96
189
29
222
146
397
230
277
331
388
283
265
215
236
77
74
276
181
301
346
346
72
248
7
225
115
142
66
105
175
363
36
355
130
316
161
360
221
72
264
389
96
94
276
207
175
310
146
173
340
34
366
340
278
105
1
29
229
265
24
295
330
161
247
270
107
389
238
390
348
28
356
338
207
357
298
202
209
176
366
37
208
72
72
117
332
256
144
186
39
25
162
72
75
269
362
134
144
73
257
354
63
340
394
123
208
31
92
129
394
312
56
214
239
231
168
343
93
389
362
262
178
80
136
221
100
152
93
395
355
238
157
354
45
63
80
231
19
385
238
238
328
340
272
372
99
326
166
371
257
104
210
331
273
378
70
234
289
104
235
375
104
251
202
363
328
354
211
34
298
226
257
372
205
399
318
365
3
223
356
235
103
397
163
362
121
333
34
235
167
97
91
267
340
294
164
165
178
369
259
13
98
62
306
42
97
335
215
252
167
51
258
10
106
335
339
365
219
313
21
182
1
332
340
343
63
59
100
212
154
125
192
260
52
59
291
194
365
240
52
75
334
210
43
235
349
395
158
105
9
167
246
174
78
223
107
280
180
231
183
166
275
14
58
11
204
232
392
367
385
106
60
50
19
299
132
228
366
233
10
247
129
282
207
211
183
350
141
389
160
240
0
298
171
239
211
267
220
183
72
384
58
178
179
357
299
96
99
289
329
199
354
288
288
123
32
9
315
323
18
267
227
199
165
196
7
148
290
58
277
207
357
355
175
204
364
81
40
94
250
78
363
174
87
43
245
318
352
167
29
171
373
352
222
122
64
341
175
105
97
309
352
399
306
261
373
363
149
273
389
37
274
296
17
224
171
199
367
135
250
44
243
65
381
259
266
200
64
339
316
387
335
95
121
117
126
310
110
83
119
39
329
214
302
170
89
97
30
240
199
138
305
104
60
104
368
62
234
308
146
249
273
235
306
40
352
255
32
173
151
294
75
313
290
39
146
336
119
260
249
332
255
368
258
304
296
35
362
79
221
273
157
201
352
287
29
4
244
337
332
217
161
278
7
7
176
138
104
212
23
319
76
26
144
207
55
70
333
112
89
79
379
242
200
32
360
346
15
234
362
286
286
173
238
192
221
322
187
301
54
322
51
366
7
301
273
148
357
16
247
134
210
213
74
67
97
128
15
275
173
315
377
75
197
380
75
214
217
369
231
317
7
382
253
290
166
51
382
370
25
301
388
170
145
21
38
300
151
193
272
370
22
105
79
136
191
45
42
200
258
182
112
94
100
23
211
313
93
280
13
381
309
252
362
99
217
170
89
104
100
58
298
155
101
166
69
274
295
250
211
244
77
219
331
374
12
68
168
88
394
263
386
262
258
302
188
205
90
354
139
1
172
39
110
243
71
275
301
372
108
306
397
399
336
91
399
188
39
180
360
333
77
104
204
291
229
174
263
125
271
243
147
91
129
328
347
240
379
343
217
275
39
307
206
124
237
382
355
144
240
135
170
126
61
175
93
128
247
388
54
138
305
217
325
220
50
222
258
7
97
137
389
119
164
61
175
81
182
70
325
17
291
87
31
309
291
50
271
388
82
362
85
329
21
389
269
334
1
122
281
248
320
233
33
82
100
263
85
4
200
157
325
208
17
232
213
282
267
341
111
273
389
381
236
50
331
156
23
71
227
43
208
85
275
50
129
45
253
82
33
176
17
93
385
319
172
40
6
241
104
340
59
52
171
93
40
118
219
18
3
115
147
160
399
208
220
301
27
347
137
282
301
9
45
337
231
152
347
128
2
382
388
208
44
191
313
42
48
142
321
202
248
44
64
333
209
192
205
181
229
116
326
293
190
211
159
347
13
167
248
9
295
112
191
164
16
225
53
1
134
98
378
129
379
24
295
364
378
195
333
63
266
50
333
294
261
359
132
319
63
226
380
154
6
94
190
321
32
278
364
85
46
258
206
22
284
350
365
85
269
397
106
396
285
299
42
398
75
81
297
209
28
261
382
225
31
324
5
81
187
50
8
210
390
174
145
60
292
229
103
248
164
102
314
96
381
36
294
391
352
114
7
257
288
314
101
348
288
55
340
233
71
298
334
389
357
210
13
176
263
238
233
354
29
271
156
215
288
90
28
288
231
84
75
100
377
223
266
103
271
305
390
42
335
136
316
16
292
166
252
344
370
304
8
205
30
65
100
310
32
74
11
363
156
77
266
194
32
280
85
151
9
55
375
283
110
352
337
394
50
310
196
19
154
138
59
165
364
85
100
124
142
205
263
226
184
301
350
194
55
346
288
341
246
60
273
151
337
30
158
335
226
175
85
261
299
28
111
202
324
247
363
273
32
283
369
170
254
112
55
110
134
366
295
62
55
269
291
288
146
89
337
273
295
298
337
133
193
196
394
248
226
100
392
90
142
369
337
373
377
11
265
204
32
398
261
309
77
103
179
295
258
231
58
97
398
398
238
192
238
365
303
394
148
55
51
274
363
345
69
299
155
330
29
393
269
19
269
114
121
316
322
310
202
142
238
73
268
259
156
158
242
196
56
331
196
347
343
318
328
154
116
29
346
194
216
213
207
290
321
362
363
211
278
358
235
23
301
361
331
259
33
48
55
267
125
298
322
59
351
252
190
192
195
182
324
332
135
119
264
73
171
343
273
377
273
26
65
395
316
140
241
318
113
79
331
112
51
332
56
25
161
383
41
153
346
365
97
103
266
177
51
94
261
324
30
89
0
365
210
235
3
102
238
293
291
9
264
238
308
109
368
96
293
27
230
111
16
150
390
249
104
161
284
33
185
173
15
22
138
196
59
25
44
377
1
117
366
90
37
379
72
167
30
153
26
20
25
334
30
263
195
238
90
384
125
312
329
319
171
3
352
329
27
145
62
322
252
74
374
162
87
197
141
376
56
142
13
46
104
16
335
186
109
145
168
389
255
318
64
287
126
292
13
101
380
163
60
364
248
316
69
25
389
272
40
340
143
109
248
328
117
59
30
358
298
39
39
53
221
307
365
83
60
33
261
171
20
371
174
219
259
4
333
316
29
117
100
261
179
36
84
331
101
46
364
329
255
39
198
217
191
24
345
212
263
68
162
255
245
365
56
374
237
283
73
44
337
210
330
42
11
183
286
36
337
301
136
153
241
1
269
275
30
26
131
69
114
33
343
374
299
83
257
62
191
314
92
303
375
372
228
189
279
46
245
356
318
37
120
2
3
349
262
83
98
349
246
171
88
367
190
390
114
21
128
390
365
398
281
190
174
19
190
179
303
36
57
113
117
339
277
295
51
236
390
345
392
386
374
24
302
31
313
29
104
298
35
177
82
138
293
348
67
353
53
40
322
345
68
349
8
154
83
83
40
296
319
8
226
364
325
351
18
27
1
257
12
190
37
396
70
16
210
71
292
352
281
202
333
57
390
137
206
243
281
385
318
218
58
271
271
244
308
223
164
177
21
145
372
345
133
330
302
25
294
25
184
174
133
51
228
66
197
21
207
30
138
330
117
377
108
62
43
173
397
285
252
372
336
287
290
221
132
388
344
396
191
268
370
206
290
304
317
48
262
100
78
174
140
30
357
108
127
279
136
360
78
191
92
258
289
236
310
25
231
255
5
51
20
353
241
382
30
326
373
140
327
251
146
393
393
367
108
285
305
42
353
77
175
337
8
137
25
354
321
104
65
286
172
256
107
240
155
282
67
270
276
12
384
141
333
263
5
2
333
210
79
240
47
346
393
86
267
194
163
175
371
265
249
346
320
58
207
87
329
116
286
191
25
331
132
365
184
237
384
246
19
352
317
273
247
277
180
237
252
280
311
253
122
167
268
172
97
221
298
52
385
62
41
68
218
294
310
74
391
332
75
289
91
280
298
298
274
74
271
11
257
172
228
104
215
191
54
330
293
190
35
232
249
76
299
144
204
4
74
363
124
369
227
58
8
247
385
255
162
307
293
361
79
282
245
2
397
2
113
221
368
397
230
224
249
391
393
113
205
239
156
89
44
379
292
127
118
353
2
391
104
379
81
269
54
158
247
35
284
64
16
308
385
321
31
138
11
34
158
64
113
80
50
333
251
299
249
275
355
350
248
178
287
349
264
7
397
130
106
50
134
300
123
0
381
287
191
278
168
315
332
370
388
183
67
189
112
7
202
11
17
187
70
139
269
384
374
292
303
273
275
210
138
167
26
332
50
370
282
124
7
253
387
333
148
269
128
198
8
350
386
142
313
329
58
195
274
58
351
230
213
172
79
198
218
332
134
78
136
322
92
245
361
322
257
231
284
48
278
108
384
84
194
48
75
97
54
130
222
107
385
34
230
10
278
194
224
22
303
381
361
44
214
219
208
323
199
319
32
70
148
391
308
72
156
166
39
175
333
5
214
396
103
191
246
47
310
379
183
321
284
130
326
165
147
48
263
338
72
158
198
351
374
387
177
238
19
309
381
212
120
137
202
203
8
31
284
175
345
1
70
148
58
205
385
309
65
85
379
307
79
127
97
323
375
385
180
35
185
308
79
274
92
127
226
68
246
393
19
225
308
258
191
14
325
244
269
243
33
164
215
237
183
4
16
327
354
126
135
192
354
190
223
342
202
95
313
274
146
150
5
104
82
205
236
290
276
99
124
208
157
296
103
70
171
137
146
167
167
384
73
241
283
323
254
1
221
148
170
236
212
384
108
74
95
285
301
278
75
47
385
252
190
243
391
48
380
34
34
205
361
78
303
278
60
48
207
30
52
126
207
326
5
252
259
269
319
114
302
195
397
394
22
394
337
340
123
239
274
315
276
329
4
310
186
35
254
77
356
169
167
128
341
262
136
34
329
206
15
186
183
264
137
260
45
254
137
310
268
205
333
55
125
360
342
299
32
348
104
183
88
100
278
225
112
387
259
60
128
201
349
395
155
290
137
48
398
112
276
30
168
31
180
100
228
108
145
274
251
64
59
127
196
230
109
168
15
16
251
399
262
392
303
363
109
363
284
127
346
128
146
111
115
28
356
211
30
239
224
355
76
64
169
349
32
290
42
331
348
223
73
163
124
22
61
267
144
246
391
292
131
158
278
371
341
61
183
259
87
58
102
207
5
204
312
46
324
54
131
350
255
308
9
1
138
52
256
51
323
122
278
236
60
92
70
327
84
341
89
347
280
316
261
48
111
116
280
194
317
98
210
201
348
193
110
146
359
75
118
87
186
191
340
217
377
391
148
64
230
245
230
276
65
268
39
90
6
32
168
118
313
269
46
214
322
239
149
94
359
168
84
349
233
42
372
247
128
172
56
80
108
201
78
326
184
133
16
332
233
157
332
112
369
316
237
205
264
87
142
77
315
51
343
74
191
81
382
299
379
143
374
148
95
109
341
351
148
398
38
349
25
117
337
191
365
299
282
78
258
53
250
326
313
29
281
328
192
391
222
321
328
269
205
338
347
148
7
203
78
191
13
34
342
193
297
94
22
258
278
395
373
369
137
55
13
349
28
28
253
324
29
27
83
281
63
363
50
339
1
25
377
342
386
175
54
82
212
325
5
313
58
13
110
124
36
9
237
342
348
258
48
19
214
235
29
282
310
147
60
363
308
293
100
349
201
117
304
167
348
69
277
192
231
198
388
115
107
205
59
13
364
245
284
296
312
314
121
271
324
306
41
349
5
59
279
4
272
125
111
372
228
18
5
384
7
73
207
264
399
388
109
253
302
38
387
232
2
37
132
216
256
251
224
164
71
328
69
126
310
53
167
175
13
366
45
397
302
228
13
370
313
371
17
284
256
102
237
181
390
363
284
55
185
367
45
17
129
273
17
224
163
0
264
114
382
356
342
279
215
167
385
311
324
89
107
78
264
51
155
264
398
381
26
329
98
163
87
343
281
181
217
364
235
68
124
120
296
281
313
173
103
62
20
290
277
26
61
42
103
302
23
32
311
215
65
312
191
195
277
181
390
39
396
257
58
23
102
349
158
359
257
210
20
364
235
293
92
134
70
115
319
372
200
76
90
200
185
320
287
383
294
180
230
134
45
255
199
36
218
298
53
72
237
278
63
205
84
44
65
243
230
85
166
33
264
5
391
47
15
282
386
182
153
172
278
81
196
264
378
45
253
279
197
324
101
51
7
59
334
139
32
182
25
351
372
23
248
331
194
253
238
288
37
320
17
57
291
365
114
85
25
345
345
112
206
134
363
136
248
296
134
333
399
377
127
138
201
243
264
322
378
284
383
225
251
42
233
325
178
228
360
354
258
149
355
119
276
257
118
354
95
255
216
149
42
380
336
359
270
111
182
149
237
149
327
361
107
182
267
32
295
148
293
186
221
269
325
55
34
66
279
252
176
64
309
4
370
230
201
114
174
61
102
117
355
144
318
171
320
156
229
150
164
390
304
131
29
363
270
119
243
76
62
316
211
383
359
85
32
142
90
364
132
305
262
370
39
92
148
218
276
37
118
48
367
268
233
378
177
44
105
382
34
18
13
64
31
345
62
287
223
379
19
57
84
96
291
319
34
235
265
265
212
182
152
324
217
24
88
101
337
260
229
79
115
180
337
57
265
15
56
368
41
324
343
5
338
321
75
93
268
343
86
43
253
128
57
76
31
137
320
134
364
65
259
31
20
84
48
344
98
222
300
172
116
61
155
106
370
214
353
191
374
158
116
344
173
230
382
99
258
31
170
347
127
217
35
101
243
45
225
147
393
229
349
344
102
232
96
157
193
173
361
367
178
252
277
84
198
325
263
361
260
84
44
252
302
326
207
356
86
358
18
356
382
112
33
241
118
136
256
368
207
224
42
262
230
253
24
315
140
371
100
105
176
142
98
72
170
391
355
66
13
155
246
184
58
71
357
96
182
147
71
259
259
310
60
370
161
370
283
358
5
244
80
391
166
279
111
319
254
229
294
230
84
368
319
392
265
5
391
252
229
55
236
19
334
163
229
149
361
7
87
30
297
360
246
349
351
202
46
364
149
294
300
33
330
218
87
9
125
153
84
391
316
54
1
1
352
70
182
212
37
222
168
112
140
356
144
388
235
297
108
99
70
29
79
358
25
277
46
264
243
354
387
309
27
14
336
4
197
371
291
291
212
312
171
136
146
158
123
347
178
301
168
123
355
77
4
146
182
365
340
13
277
288
380
141
289
303
132
93
352
246
385
102
388
110
35
112
99
333
278
88
262
88
369
390
293
141
170
2
54
207
168
10
255
54
218
65
384
85
224
297
280
180
217
71
119
124
51
299
267
201
262
193
220
294
349
245
176
6
199
334
38
132
83
29
287
184
67
338
255
328
358
319
233
245
357
260
219
316
287
384
6
40
300
392
175
255
347
76
365
373
72
184
321
272
170
304
35
112
294
306
166
61
197
55
155
267
74
51
251
341
157
111
393
212
366
205
153
45
312
286
195
228
30
393
155
149
177
305
338
33
144
192
160
281
55
20
377
241
29
208
35
111
46
121
155
160
38
288
224
102
129
315
313
354
72
375
318
321
208
278
308
93
199
254
31
130
144
15
338
214
107
124
212
206
13
5
15
218
75
153
382
57
3
16
124
48
235
5
377
74
211
11
28
243
241
255
309
217
212
243
357
251
231
6
31
230
255
206
75
230
264
360
101
69
4
142
287
46
294
294
110
188
254
314
377
278
380
202
216
195
241
283
225
16
180
43
3
393
126
363
293
167
154
120
278
190
132
89
188
283
124
142
285
249
90
194
318
254
297
325
213
40
260
264
375
71
113
255
315
308
36
195
169
41
143
318
53
300
368
140
295
301
312
265
136
196
57
182
332
53
391
98
357
14
336
283
191
80
146
133
211
364
224
145
252
224
269
86
86
176
165
41
7
271
77
380
257
107
302
373
130
237
101
257
65
126
153
152
196
342
154
336
112
287
145
330
183
263
149
125
3
315
74
359
197
165
253
366
272
255
198
196
208
280
176
366
110
353
146
391
297
7
160
138
169
16
259
275
76
399
255
211
281
231
335
205
5
377
205
125
182
182
378
53
168
184
51
353
151
334
47
377
201
227
333
281
335
82
11
395
5
150
378
190
127
28
196
68
287
59
50
201
118
36
302
333
198
263
7
304
280
75
258
297
99
369
247
125
273
207
59
104
164
68
16
22
126
78
286
26
344
390
317
346
13
110
33
397
360
340
184
172
268
104
7
198
219
394
15
156
384
35
172
7
30
172
160
125
231
369
352
377
108
359
134
208
68
273
156
222
156
333
10
297
266
41
77
133
12
215
245
177
166
53
99
45
166
1
148
309
386
372
312
375
393
126
153
398
246
255
75
314
399
13
350
183
196
48
182
189
372
399
224
151
376
240
387
152
76
375
25
227
48
147
194
329
59
380
355
13
164
99
225
364
107
333
48
89
59
378
96
382
253
233
282
364
307
373
398
392
147
136
231
114
240
238
240
96
225
57
231
73
340
162
337
116
377
1
337
171
150
179
105
54
82
77
311
338
30
160
186
324
164
17
28
117
187
109
175
91
324
64
54
219
349
278
273
222
138
78
61
151
80
270
180
207
91
138
270
124
346
272
272
36
212
17
364
253
300
249
27
30
302
16
1
272
94
352
71
378
266
373
387
195
86
162
195
73
90
292
373
208
120
340
113
399
196
398
281
288
106
252
291
278
6
36
271
282
384
337
253
94
300
239
398
340
204
338
73
351
32
271
190
193
247
268
241
217
16
350
180
185
384
331
196
285
22
332
274
67
359
152
0
226
204
59
45
36
68
90
65
318
30
398
279
44
291
65
262
64
90
54
309
39
332
343
62
18
231
362
44
44
105
116
44
104
220
290
212
22
74
144
317
85
184
284
97
182
293
145
131
241
399
100
136
253
199
190
329
220
249
142
145
233
245
18
247
152
201
257
304
379
141
62
140
262
390
40
235
278
366
340
58
150
178
268
5
150
171
181
109
324
225
212
271
103
124
261
294
84
307
235
79
284
50
186
65
177
145
384
303
152
300
97
49
20
34
201
342
214
170
300
41
355
7
209
358
237
125
384
37
98
37
214
40
55
20
390
187
127
273
58
84
18
180
390
62
354
100
128
64
123
72
77
197
192
265
389
320
14
343
303
77
105
151
364
58
317
5
231
250
62
200
343
167
345
185
39
250
170
261
122
213
313
235
346
32
116
278
350
278
84
398
200
265
346
178
75
19
206
190
388
240
49
139
170
219
288
346
355
397
185
136
292
281
393
143
393
399
372
291
281
96
335
266
98
331
146
293
87
399
25
278
387
192
27
248
171
383
264
283
362
275
206
186
32
122
227
133
77
52
126
321
276
46
109
284
78
304
148
320
135
59
159
11
239
313
126
182
108
321
270
379
275
121
253
148
364
322
200
24
37
275
316
247
89
99
134
108
179
292
135
257
265
57
198
80
21
260
222
368
147
290
201
297
385
145
349
300
235
354
342
121
88
136
38
134
340
27
203
248
226
24
50
99
156
134
303
297
231
200
192
101
227
323
123
7
7
166
361
233
51
8
379
218
19
312
8
39
100
51
205
27
345
177
342
345
368
331
149
17
237
74
67
145
321
309
4
134
27
24
229
321
241
128
147
381
291
208
145
325
381
382
87
385
86
135
394
52
306
52
292
232
284
75
105
368
291
322
335
232
28
146
330
270
125
142
142
273
131
80
25
339
215
175
211
119
101
32
306
188
369
331
288
97
187
356
47
242
56
28
48
337
100
399
208
200
243
196
225
275
273
94
398
42
247
169
89
373
94
375
356
64
247
140
77
355
286
32
314
11
161
116
94
123
306
183
219
16
330
37
121
55
211
346
396
309
302
386
120
307
281
265
123
104
113
173
263
149
6
318
48
294
136
53
273
301
66
90
278
318
398
169
369
247
36
230
296
196
175
188
296
147
289
74
355
339
83
107
93
162
336
394
64
380
99
387
338
107
227
217
316
105
284
77
392
396
7
122
21
165
232
121
292
89
226
153
16
110
316
65
102
31
397
37
387
221
305
208
389
5
284
343
196
223
102
276
128
55
70
48
334
58
26
349
322
397
34
274
289
259
178
93
25
394
13
284
213
81
196
83
223
89
324
181
83
346
287
250
253
353
336
324
243
169
38
238
162
319
362
348
131
197
265
281
142
197
288
55
292
214
67
138
64
227
114
171
356
64
110
381
181
52
390
207
295
43
167
388
260
360
68
20
212
150
61
47
235
178
58
134
28
250
215
88
96
281
348
373
365
4
25
337
237
215
197
162
31
51
332
14
58
321
88
150
54
29
49
295
147
205
212
203
226
116
194
51
277
49
100
216
5
11
281
245
63
332
366
298
296
98
17
125
216
279
31
167
278
43
313
257
293
129
245
349
365
48
366
56
158
70
14
366
204
203
243
123
397
193
114
87
227
8
39
399
50
54
196
214
130
270
332
352
374
167
212
29
219
362
90
376
265
6
374
46
377
398
53
195
195
119
58
116
102
268
326
232
223
107
40
63
288
312
63
86
289
14
143
283
246
326
270
284
72
301
392
342
247
94
4
394
43
229
294
48
91
123
115
365
144
54
95
342
361
284
334
67
126
15
158
46
56
151
394
42
260
187
139
193
62
392
204
240
352
88
244
300
397
334
49
300
125
64
65
167
288
122
46
131
268
64
317
235
86
342
17
42
243
115
360
335
122
98
208
378
70
12
234
333
23
279
15
14
391
345
114
289
187
147
191
397
109
398
314
343
154
182
338
117
130
390
307
328
278
59
293
361
289
349
134
246
212
325
260
386
99
45
100
344
131
165
56
203
288
328
358
297
289
208
75
177
212
272
106
97
51
254
276
178
362
80
16
200
222
193
143
386
178
57
325
263
393
260
373
76
174
289
270
300
102
182
296
379
129
58
148
2
272
252
29
167
396
64
336
352
134
32
272
121
144
193
210
34
234
73
28
394
155
225
350
310
169
342
27
192
372
173
142
386
286
372
89
97
387
317
182
236
372
261
397
73
134
396
141
277
245
377
87
49
134
255
0
197
150
23
37
131
167
381
340
89
149
369
20
104
144
89
138
300
365
350
223
357
72
344
14
27
338
330
328
257
62
387
27
300
313
127
129
278
138
350
27
151
144
119
63
350
311
266
48
280
399
266
335
119
264
293
355
148
8
154
299
30
353
30
247
335
48
28
292
192
241
215
259
304
33
118
226
390
327
321
36
331
124
5
90
292
375
305
294
294
328
156
265
12
73
170
210
28
40
197
235
351
397
16
155
235
344
97
230
173
51
228
191
301
152
156
399
178
287
199
371
36
371
310
223
229
112
309
38
69
282
334
97
2
117
10
48
68
245
136
238
321
178
49
239
20
56
391
253
129
340
266
351
101
365
361
56
22
388
152
380
144
25
214
242
38
386
168
333
233
148
2
363
142
113
169
133
259
122
157
322
177
144
266
376
360
310
362
335
37
295
197
308
121
87
112
326
49
298
3
58
335
178
51
154
82
367
357
272
227
60
376
399
55
302
294
52
359
170
359
223
314
288
388
278
206
74
201
322
229
345
138
97
155
37
136
278
397
188
49
98
398
101
39
372
20
272
344
191
106
136
211
222
334
248
328
222
197
142
399
172
8
12
155
269
248
377
274
85
198
222
271
250
92
48
224
399
341
387
308
324
172
323
363
276
178
35
109
157
175
162
308
377
59
119
283
162
325
251
96
347
65
29
309
36
216
134
104
190
361
87
49
135
104
342
58
335
178
82
162
324
240
269
297
41
203
289
8
172
271
271
115
243
176
29
309
122
269
14
38
168
61
326
295
19
350
385
394
218
323
388
291
229
295
235
137
154
278
278
372
40
366
28
330
77
266
249
46
110
9
181
196
190
37
167
251
141
395
23
230
136
308
390
250
262
376
223
245
208
58
218
201
394
149
84
256
63
168
7
51
31
47
390
149
65
30
393
187
4
302
259
240
133
393
211
180
21
390
153
322
310
257
64
77
135
181
56
72
291
110
207
179
326
150
357
274
200
197
291
42
375
383
355
158
149
198
190
259
17
157
170
259
359
158
47
40
20
258
368
326
288
12
355
12
158
386
144
370
316
196
195
246
168
90
322
201
220
328
211
17
40
215
147
210
258
396
145
294
171
97
11
147
391
229
45
277
394
46
329
220
199
386
74
171
84
298
177
70
217
369
212
82
65
192
357
198
102
240
14
63
242
146
2
136
111
112
115
31
127
47
119
209
90
199
260
332
390
20
158
399
194
165
31
376
259
240
218
138
65
288
61
220
89
168
260
320
359
209
332
118
84
75
281
136
218
323
293
70
266
197
396
364
223
2
238
196
320
187
63
218
128
51
168
161
46
223
265
210
396
240
21
223
375
119
316
366
330
371
115
62
280
59
277
80
110
46
180
125
365
320
136
26
329
44
392
123
27
379
145
248
98
110
216
21
241
250
212
114
144
143
207
332
358
302
134
29
2
272
115
232
240
170
294
198
200
34
301
200
304
58
79
51
248
399
216
242
218
90
136
286
209
115
227
397
9
169
123
67
86
334
253
122
306
40
260
157
10
320
0
195
144
387
364
36
306
80
227
291
161
390
320
354
2
144
277
72
165
291
195
259
235
40
209
272
287
326
148
223
398
27
57
9
351
277
108
161
293
2
348
150
249
397
124
114
197
164
362
387
164
315
266
255
397
15
10
131
320
89
213
333
250
348
248
207
354
349
19
370
42
121
340
89
220
294
201
112
211
48
326
250
374
266
152
253
177
258
108
30
246
393
341
73
89
165
292
184
334
48
379
156
163
128
14
336
56
291
267
366
63
1
340
258
291
9
285
343
251
199
344
147
278
240
90
36
294
149
145
223
31
188
390
274
343
115
384
276
298
236
137
113
372
252
189
56
397
95
384
20
372
255
122
388
196
291
163
143
80
334
192
156
191
343
29
43
122
324
119
347
123
336
248
189
258
308
336
176
214
163
137
394
195
3
387
198
61
112
110
228
109
138
139
30
82
290
260
139
159
210
306
227
113
135
159
385
293
209
228
384
147
386
157
120
214
228
276
105
248
373
64
331
123
19
273
137
224
188
372
258
9
341
92
66
337
87
291
50
180
129
141
82
359
7
67
197
337
123
384
260
335
359
376
111
219
244
175
349
390
113
384
159
378
66
329
346
149
30
206
139
392
195
163
357
224
92
166
199
120
172
357
322
95
297
128
333
80
24
243
252
87
362
251
243
118
32
180
47
112
345
281
155
180
191
209
286
189
368
267
155
26
84
109
173
204
380
272
58
282
221
337
378
105
164
143
209
0
206
129
176
329
272
308
96
329
333
379
131
166
291
287
197
345
291
327
390
83
141
23
331
142
279
2
88
178
269
316
380
194
272
326
39
91
150
247
109
52
290
327
4
150
272
240
256
376
268
108
134
304
122
107
287
256
285
353
78
24
7
272
73
210
156
361
7
312
256
59
73
32
190
43
141
94
55
1
300
70
80
184
391
28
251
45
210
287
294
394
318
342
310
216
124
25
373
16
16
336
109
239
359
202
376
175
49
200
48
262
297
127
364
313
131
50
395
163
86
159
186
302
2
172
59
349
69
204
97
318
2
280
369
322
69
395
53
224
121
81
164
214
38
262
95
243
59
272
226
7
286
141
213
59
272
60
188
170
300
120
120
378
122
237
187
169
91
257
281
202
198
102
385
292
197
216
317
131
267
250
339
105
201
131
95
102
304
206
59
105
361
74
390
50
9
150
329
257
282
269
42
32
49
8
186
308
125
92
60
121
309
68
55
130
81
24
206
326
53
100
226
200
155
319
310
286
282
315
14
308
322
332
311
245
115
282
351
148
150
262
46
54
177
286
344
94
108
4
184
100
282
18
350
160
276
328
345
197
314
181
225
11
250
156
108
95
241
267
281
241
62
54
361
290
360
117
373
144
332
183
131
54
301
131
5
264
57
225
66
160
117
4
42
11
273
196
59
241
27
359
353
206
168
307
156
91
131
201
377
76
42
327
72
228
380
196
196
304
233
81
134
188
59
396
313
91
218
111
194
300
361
302
58
129
305
79
91
120
254
128
1
120
267
386
327
218
2
79
228
13
35
326
258
369
95
366
143
293
136
7
311
312
389
306
194
193
163
53
53
329
30
160
16
84
266
173
262
150
143
174
296
71
125
91
254
331
127
85
199
373
376
97
377
228
265
202
350
117
196
214
380
39
293
389
361
59
81
5
181
129
318
243
229
151
366
308
214
335
150
177
10
346
225
125
342
137
101
388
389
289
348
46
383
139
296
2
77
210
128
352
181
253
181
293
224
370
76
22
175
290
111
261
160
163
142
225
71
293
283
336
346
51
49
175
308
283
197
226
255
311
77
336
254
191
96
207
162
345
152
229
330
161
212
320
300
3
41
180
32
112
166
63
290
53
94
198
16
218
115
252
67
388
311
7
71
231
215
304
91
158
218
385
212
258
7
12
292
104
179
268
328
248
373
151
26
161
314
206
4
292
187
327
253
7
291
324
96
7
331
140
342
320
77
324
162
325
326
99
160
130
63
155
248
13
212
6
293
350
379
144
240
250
220
369
64
36
281
123
2
291
215
248
13
120
239
330
129
366
322
399
258
212
283
167
158
253
42
186
326
41
362
182
49
343
358
186
265
392
176
73
324
137
144
71
201
70
43
245
30
343
115
222
68
333
398
227
348
177
245
250
113
250
89
49
255
16
165
218
362
133
91
112
89
54
231
43
109
372
31
352
90
9
291
240
28
363
398
254
277
51
125
295
6
233
300
181
208
199
334
183
194
335
160
222
142
140
125
16
180
153
240
28
63
180
140
385
206
49
132
19
201
219
193
229
169
229
295
359
56
7
312
119
90
332
322
136
272
322
290
301
189
170
18
140
184
295
61
333
28
18
382
265
96
59
146
301
54
21
14
210
246
174
195
224
249
341
163
371
61
378
71
359
372
224
82
301
56
52
170
111
151
295
125
4
313
314
349
115
252
395
301
265
7
53
369
396
330
258
383
258
363
178
398
246
309
217
202
75
286
70
154
281
224
216
145
342
176
48
323
127
176
322
28
356
99
90
14
201
13
363
29
178
39
231
107
83
66
253
24
215
131
235
153
0
192
219
182
281
117
133
174
154
311
18
263
133
151
382
240
227
109
282
371
147
88
103
196
225
368
70
293
83
363
359
290
66
184
121
71
391
9
369
314
57
63
396
126
147
381
33
3
385
93
11
24
293
167
248
154
367
4
102
241
145
45
179
316
34
57
166
287
161
380
154
243
162
66
2
129
363
45
217
151
15
174
145
170
393
121
342
379
337
363
385
111
227
309
374
36
107
183
17
31
38
262
158
30
239
352
393
377
223
371
31
111
150
363
36
193
339
294
60
225
301
328
159
4
289
214
337
337
182
84
71
387
247
312
308
122
287
235
236
205
399
333
348
368
48
107
303
357
66
332
314
96
290
252
312
309
144
319
70
70
331
56
180
93
396
130
147
356
143
232
52
249
177
373
299
204
217
188
304
198
166
2
241
114
303
36
359
373
59
292
47
396
96
250
90
149
33
344
45
390
381
149
15
233
113
334
145
280
379
101
134
117
257
97
178
356
202
196
319
287
145
133
242
312
108
335
188
207
105
227
257
255
124
101
369
361
111
48
310
45
191
348
312
368
145
247
90
104
363
244
371
186
97
27
246
335
303
169
67
157
156
189
232
396
257
9
164
91
205
225
320
125
290
191
210
265
338
185
335
371
297
227
395
38
265
112
177
268
282
48
101
372
360
47
31
353
386
199
287
358
398
397
80
62
115
190
65
323
34
279
394
11
399
292
142
93
302
119
238
269
130
185
24
137
352
345
55
347
136
282
199
137
93
25
244
24
230
390
34
82
136
48
245
232
332
25
80
130
215
287
136
316
287
13
128
72
22
205
44
50
82
269
244
262
269
20
310
95
36
186
345
289
95
123
27
214
175
386
268
206
72
224
82
364
214
275
314
115
345
95
185
88
165
115
258
104
270
337
352
357
281
154
11
372
206
192
31
42
123
369
343
52
185
312
266
130
262
185
24
314
324
316
88
65
312
284
185
1
171
64
226
228
211
254
353
136
60
11
371
60
207
138
304
230
232
65
210
374
13
157
73
396
96
153
282
226
299
124
213
316
160
263
43
29
238
348
44
369
35
58
386
61
66
237
122
304
310
384
358
198
383
77
286
279
286
148
24
55
190
284
8
280
30
190
396
55
16
191
65
392
38
384
282
384
84
17
162
253
166
287
145
62
60
24
158
10
317
337
17
121
36
70
354
324
191
373
172
266
329
126
1
208
284
264
127
157
5
348
52
53
191
14
2
44
323
370
296
131
213
51
225
226
372
119
222
116
331
146
56
267
247
257
181
375
268
49
267
54
197
99
82
149
243
71
114
217
110
158
316
35
338
266
228
74
326
44
363
215
360
393
57
325
228
315
88
206
338
372
136
264
117
28
80
257
42
164
341
134
16
294
200
232
77
268
373
386
225
362
264
32
12
41
194
291
19
371
316
217
34
3
122
207
61
146
223
370
235
90
240
196
41
42
118
37
175
247
78
131
39
340
97
80
137
121
116
64
140
129
293
217
362
30
95
110
74
36
272
366
382
17
277
68
129
379
252
249
63
211
187
349
296
184
98
129
258
278
81
22
40
377
176
107
126
342
352
153
8
71
299
214
146
93
320
255
211
376
48
245
223
38
57
108
272
338
390
388
91
256
227
196
33
87
303
160
380
318
328
316
151
247
301
373
249
270
66
315
271
151
107
30
286
386
26
192
328
188
388
160
186
63
280
28
25
97
309
273
151
374
110
117
392
371
69
263
164
133
252
339
330
185
133
187
79
212
160
73
230
266
186
99
184
380
282
388
256
59
340
102
31
31
352
255
196
123
177
277
247
377
28
132
384
361
101
25
329
108
357
185
20
331
266
374
234
16
261
218
141
159
369
133
267
93
218
133
120
309
27
259
306
162
375
249
273
269
161
71
113
34
274
186
141
43
67
338
143
384
259
342
295
53
28
46
53
82
71
19
164
249
168
79
176
332
181
267
171
386
162
152
150
263
338
374
279
227
19
22
65
383
184
200
230
93
391
95
131
79
187
239
50
35
70
177
184
49
142
101
273
307
94
40
2
49
268
237
5
259
19
168
380
185
329
214
351
11
297
181
224
104
191
273
268
316
77
38
230
59
11
118
390
172
265
232
349
297
230
291
63
360
86
183
211
318
292
332
342
84
277
185
381
337
311
37
149
19
268
227
340
146
151
380
41
49
214
313
59
95
200
161
256
319
103
161
330
383
330
393
371
103
11
5
225
19
371
86
139
269
88
239
161
343
367
349
201
99
342
97
315
378
341
214
357
108
325
44
99
152
223
255
202
45
173
14
229
196
65
311
14
156
115
295
329
239
120
96
258
383
337
309
62
77
104
274
255
277
150
219
269
213
58
252
258
45
124
42
85
216
308
90
279
9
156
14
97
308
45
367
90
66
398
97
371
112
326
109
229
120
283
2
371
246
283
361
150
37
390
70
121
222
300
201
176
344
105
4
179
106
118
140
209
82
128
237
139
105
169
261
388
98
144
93
226
359
274
269
80
155
219
188
249
387
310
377
115
341
286
95
143
380
388
223
281
391
229
188
188
113
149
197
158
13
38
395
311
333
355
255
25
397
352
209
298
370
96
240
333
268
33
329
55
96
268
82
309
149
156
34
155
85
30
184
374
107
261
84
379
143
316
94
194
68
303
115
373
33
215
135
343
389
214
144
370
304
227
349
196
226
389
57
168
382
358
156
333
135
92
151
5
206
163
115
293
80
312
92
72
386
186
167
108
359
270
304
63
1
359
17
180
119
314
284
334
380
298
268
207
87
323
219
286
57
275
132
146
50
37
351
293
286
119
268
167
52
179
232
288
194
157
262
102
20
187
176
323
243
13
304
227
129
131
20
102
214
138
125
43
188
239
281
142
335
21
328
203
219
5
351
211
184
345
75
342
77
268
339
21
339
396
36
283
283
17
356
42
354
124
335
337
46
358
329
220
279
395
392
91
74
188
124
164
257
120
181
382
164
348
380
29
155
378
41
116
278
5
9
283
235
358
157
275
371
374
280
309
77
333
355
24
126
100
330
310
217
164
251
326
315
358
144
75
298
308
215
288
28
393
309
316
176
329
137
229
76
20
300
27
61
259
236
358
141
358
286
129
81
47
363
214
220
183
293
191
268
355
186
265
99
231
246
386
336
179
393
165
389
376
20
164
9
128
69
328
45
349
20
158
183
172
76
187
198
184
165
273
38
45
177
189
390
107
382
272
25
92
327
79
136
368
347
158
267
44
8
132
36
11
165
61
11
60
14
15
220
398
38
355
257
149
84
363
38
62
64
288
217
128
273
78
222
379
91
36
329
154
65
44
116
265
381
20
92
67
345
126
92
158
393
263
152
143
126
345
158
217
176
233
394
65
239
344
196
368
247
224
14
83
390
103
235
205
4
227
319
301
176
238
197
117
158
259
200
175
8
24
346
122
307
74
98
129
346
197
375
62
292
320
17
69
246
381
218
295
240
378
371
19
149
169
333
134
338
257
192
44
87
38
135
263
231
334
252
74
338
177
183
398
314
292
391
204
382
172
159
313
336
260
4
334
301
118
252
224
56
293
13
81
353
251
309
52
224
76
215
127
251
280
353
179
176
45
380
69
398
288
389
69
115
339
397
339
214
77
353
215
160
265
178
389
342
134
362
123
82
207
286
130
113
88
87
175
396
328
207
216
66
396
80
189
216
398
109
382
256
278
380
389
134
185
339
397
94
294
369
126
377
39
112
223
238
362
234
184
364
303
42
33
2
296
320
129
244
219
283
373
390
204
20
7
182
316
47
369
187
163
80
280
139
191
206
143
96
338
251
127
159
223
255
267
112
272
42
239
234
283
325
113
243
392
332
371
173
392
272
98
183
350
355
68
364
165
384
313
260
394
285
278
139
43
16
79
237
353
342
261
186
180
177
285
392
339
348
393
228
225
336
331
258
124
290
113
251
367
384
226
193
234
106
295
203
186
203
287
320
50
254
267
392
316
130
303
289
189
342
191
392
213
212
310
303
258
293
364
228
56
309
287
75
350
249
163
140
165
12
296
73
142
67
364
219
187
276
350
144
239
184
201
95
31
394
170
212
306
270
50
272
265
167
40
280
3
394
144
390
236
270
84
322
26
379
306
335
19
383
307
290
257
267
234
193
241
155
87
305
81
272
39
289
28
22
308
314
347
156
304
117
164
309
234
278
211
382
262
192
22
65
141
118
274
40
296
307
12
125
94
157
216
304
388
179
31
250
149
323
387
232
306
370
151
335
243
17
331
276
178
269
167
326
183
128
345
361
376
20
110
334
8
344
3
323
272
193
304
368
143
94
3
368
357
398
177
313
359
235
113
326
74
179
373
50
232
194
98
62
366
207
260
77
219
197
373
124
82
248
347
128
360
62
42
43
362
20
148
127
96
357
246
180
50
313
350
313
350
102
335
100
173
313
388
71
219
164
126
163
143
81
87
337
374
343
247
225
397
399
12
97
18
306
126
25
71
69
45
349
152
235
143
283
146
88
16
235
358
25
373
145
397
374
42
252
128
146
306
265
278
20
148
325
212
349
138
362
81
128
280
273
71
324
284
260
1
284
55
315
315
129
345
300
290
330
182
397
269
193
144
166
232
143
175
163
26
341
365
105
281
257
147
259
19
169
379
223
48
189
123
304
224
204
162
163
198
19
175
52
165
349
92
236
315
296
17
155
34
140
82
150
285
191
252
204
366
327
298
79
158
296
140
309
3
14
22
376
383
239
119
351
338
92
114
119
202
300
17
11
226
375
173
376
217
324
384
96
157
177
37
254
386
356
281
177
247
25
382
207
386
145
318
259
193
244
15
156
282
287
303
262
54
17
315
236
270
304
353
132
17
122
87
131
29
14
259
202
24
32
2
166
50
393
90
348
240
351
130
183
221
236
367
29
181
330
356
164
391
362
318
276
113
196
287
110
246
351
320
171
135
100
25
55
256
214
99
77
113
382
25
377
179
195
74
312
34
214
104
369
133
320
64
34
86
187
364
24
383
90
166
379
356
276
255
367
33
41
303
335
29
131
54
162
324
110
263
202
236
392
89
80
113
109
167
269
270
333
380
319
314
209
316
169
129
370
69
281
264
191
135
42
320
39
290
130
151
169
169
129
294
54
113
229
12
124
120
201
160
151
370
195
292
122
160
385
153
243
250
313
38
382
349
276
191
151
227
100
246
45
306
166
292
42
305
110
98
282
378
306
345
243
320
290
109
313
12
311
124
48
10
332
146
340
289
29
88
24
65
83
395
179
126
14
361
62
350
103
374
373
365
354
229
50
79
238
43
362
165
280
74
259
122
80
255
28
282
387
83
125
235
365
228
177
185
125
259
390
142
242
273
207
259
170
58
190
195
83
280
142
260
227
244
345
293
183
246
282
362
313
34
336
235
263
219
362
276
60
55
138
58
206
274
111
0
71
186
83
218
299
153
177
114
249
391
325
11
177
118
138
24
117
246
158
109
297
113
339
259
309
336
4
67
4
145
251
233
336
69
77
31
189
360
312
139
23
369
301
68
120
135
37
290
5
154
63
392
345
277
110
190
242
121
282
70
332
152
251
398
87
131
339
234
293
284
200
359
292
377
37
58
175
357
345
350
1
256
204
19
113
253
122
252
83
218
306
388
134
88
19
197
11138
