397
252
104
254
251
282
74
379
72
364
279
320
345
293
206
393
79
130
142
33
50
11
219
281
349
394
125
248
62
36
278
138
174
151
76
80
16
313
143
266
2
125
80
80
298
336
219
126
139
183
208
145
210
256
94
152
162
267
278
81
346
9
361
136
308
367
183
335
63
389
24
384
21
323
284
292
119
96
162
3
298
388
67
273
366
274
79
139
37
208
65
67
300
65
298
303
357
125
338
197
183
67
130
62
331
349
360
143
268
89
315
268
377
279
309
347
304
143
279
60
91
86
341
119
178
155
320
300
397
238
55
315
115
141
170
55
214
170
154
277
167
190
173
300
152
66
225
50
134
93
119
83
76
6
203
206
130
141
282
383
70
340
83
163
81
86
329
295
32
312
181
73
21
124
260
222
253
93
322
347
283
205
43
288
378
271
81
317
295
197
386
359
254
367
252
381
55
221
89
297
3
49
383
39
234
75
131
197
307
141
321
230
346
387
29
141
3
93
111
289
176
131
118
26
323
326
265
244
392
177
248
262
162
182
389
154
91
58
220
48
211
379
244
33
350
176
263
316
195
281
396
340
205
70
389
129
85
115
268
43
242
346
208
128
39
79
47
140
317
361
155
115
269
202
279
170
248
77
383
141
340
9
360
388
54
201
28
354
329
291
26
67
376
51
42
13
4
67
278
181
300
192
183
3
196
306
142
365
52
78
212
361
389
276
119
83
62
272
397
246
271
242
26
218
291
70
375
325
236
141
250
197
391
307
143
159
3
236
106
252
309
378
353
17
218
327
31
125
250
51
342
353
307
330
309
59
144
309
354
394
13
23
296
283
253
207
25
216
261
251
170
309
334
227
300
235
284
378
200
196
229
50
297
326
367
83
98
77
123
303
223
3
306
311
310
248
52
95
251
96
309
308
398
63
293
307
261
204
317
33
186
220
246
349
384
338
388
388
77
35
367
13
212
81
367
131
50
219
369
102
216
224
305
274
185
326
251
0
254
335
320
204
337
33
22
155
124
149
364
53
90
168
66
140
250
315
155
3
61
59
337
332
53
173
333
130
66
105
332
79
366
398
364
333
394
261
187
137
338
255
260
397
50
221
246
214
270
73
297
350
334
78
54
212
322
293
227
224
295
131
140
91
73
271
89
78
307
112
257
71
218
106
260
137
130
264
215
134
307
73
95
384
173
343
306
95
287
186
112
344
188
231
202
322
63
264
364
171
283
387
375
54
83
261
24
216
205
226
293
131
170
214
308
345
176
148
39
390
9
59
87
34
34
44
386
13
156
249
3
390
67
166
338
99
44
163
298
229
150
278
373
49
29
37
257
203
322
73
152
396
147
157
90
132
70
200
229
218
164
94
216
118
114
121
391
202
132
68
210
396
31
328
76
71
366
114
275
116
226
202
47
349
255
283
5
246
328
251
394
89
0
29
323
193
174
379
194
360
81
148
146
200
31
243
53
243
379
155
180
50
94
68
203
164
234
234
224
220
155
65
43
360
236
220
175
393
289
156
211
2
298
303
290
223
224
292
367
76
74
279
354
252
184
186
399
295
399
327
68
344
292
164
78
152
352
349
251
86
194
110
330
264
247
283
279
39
313
302
41
157
133
190
160
160
255
190
294
41
283
247
59
180
179
378
279
67
138
171
364
222
243
274
99
49
44
330
39
208
363
44
312
68
363
113
144
330
237
13
376
297
0
17
27
204
224
394
312
29
367
18
260
379
78
376
130
311
172
44
313
256
67
240
114
354
155
44
335
232
264
281
298
67
73
300
32
378
153
331
118
304
39
12
286
367
284
53
12
345
12
365
344
38
65
233
357
99
116
296
221
87
240
215
115
362
235
281
276
398
115
68
53
247
215
241
281
163
60
140
221
321
57
224
239
294
374
27
290
37
212
96
206
14
323
295
225
154
215
176
229
337
169
134
231
167
209
377
45
398
367
264
32
99
352
370
355
378
236
119
398
108
316
240
311
215
176
82
60
375
289
164
74
117
121
364
367
250
115
1
0
285
82
398
41
190
148
39
350
199
223
29
101
317
180
109
201
67
100
119
311
234
164
288
148
112
245
231
133
309
257
197
291
122
103
184
365
206
328
308
379
215
74
147
354
383
239
341
63
397
112
163
285
87
48
143
352
45
133
211
159
175
33
7
379
92
294
149
172
399
293
218
96
130
190
171
261
71
29
97
9
338
196
103
123
115
19
185
261
221
263
112
138
29
164
340
356
53
56
375
202
225
295
397
382
246
218
127
137
334
82
286
242
195
46
362
391
311
344
152
0
21
127
359
163
15
228
227
115
242
227
308
256
336
239
361
357
1
184
87
369
309
160
31
164
301
44
276
50
218
184
292
322
380
306
130
307
185
136
275
212
223
333
333
376
286
137
134
181
164
100
361
26
12
65
60
66
306
386
53
293
26
218
364
353
26
262
169
390
70
17
207
325
181
287
229
169
302
164
45
185
312
177
374
320
46
171
257
336
340
7
112
150
274
153
185
358
379
322
345
392
306
1
351
187
107
27
115
234
67
360
331
357
99
239
134
199
270
194
42
223
356
133
56
301
128
280
399
257
253
108
364
32
44
266
158
339
253
149
175
18
377
319
109
392
136
167
223
11
386
168
347
180
74
328
398
399
307
223
289
218
324
143
275
145
300
74
49
266
195
207
137
54
126
347
377
130
161
91
224
266
97
9
143
292
62
286
347
42
185
58
357
328
142
266
322
74
141
51
263
76
312
110
44
329
194
9
83
6
52
129
322
194
372
129
312
208
65
323
358
300
138
238
164
332
393
80
108
132
108
289
54
322
110
58
327
237
160
398
260
167
72
323
15
289
222
160
245
156
13
91
44
32
358
31
212
301
72
327
186
57
248
119
336
94
296
96
374
123
76
81
33
318
349
219
334
52
14
62
321
79
291
349
322
148
253
69
77
260
184
136
384
239
354
184
295
371
127
147
378
182
258
217
18
148
342
299
49
147
349
277
11
335
57
324
350
323
59
70
232
6
354
266
388
280
299
62
175
126
314
25
15
180
216
211
342
109
46
226
129
390
311
134
394
204
131
170
206
137
208
209
30
91
387
72
259
193
81
256
67
340
335
54
97
369
180
277
72
256
363
359
62
299
62
388
237
398
49
240
377
270
210
291
372
204
361
363
26
128
238
193
67
267
322
382
281
363
128
138
164
212
273
277
324
181
194
202
248
395
395
85
334
335
32
346
254
367
57
219
54
130
223
108
308
265
364
399
184
182
242
40
264
157
222
310
179
211
226
128
3
227
138
176
23
37
49
121
387
169
357
138
275
254
227
388
304
40
244
390
108
357
331
33
88
168
18
49
15
83
256
105
197
196
83
335
232
158
35
63
60
248
335
91
96
197
88
371
385
392
303
370
38
83
324
137
324
239
132
363
59
166
172
175
389
30
166
197
215
33
38
271
174
8
22
223
289
3
363
253
25
258
35
325
81
361
187
188
256
70
129
345
47
21
201
147
20
75
45
203
89
198
292
14
253
312
344
55
115
77
139
29
240
37
344
82
271
315
318
126
259
346
8
206
89
271
45
276
268
210
194
259
175
78
370
337
341
317
36
208
190
73
376
198
247
272
272
70
32
120
198
356
152
104
311
19
31
245
324
201
99
304
81
245
245
36
365
295
130
69
377
264
290
137
44
277
291
253
117
127
345
299
158
20
13
365
104
217
77
330
267
185
322
119
117
117
278
350
340
48
185
72
256
392
278
293
203
172
161
32
117
32
73
146
85
274
186
44
270
112
63
250
327
153
281
229
368
161
341
38
253
20
369
398
196
80
290
176
265
393
151
384
103
197
162
322
20
114
391
271
143
161
30
190
30
55
226
76
390
221
116
10
288
247
159
119
185
55
162
33
337
265
138
153
217
264
180
152
51
379
215
115
232
39
107
390
185
188
81
305
35
107
280
144
365
261
7
99
105
72
338
270
16
361
338
44
332
221
282
58
240
392
392
58
123
331
216
48
362
393
360
251
103
32
200
138
172
184
63
307
252
138
131
122
323
397
95
141
86
251
238
344
341
70
99
238
93
99
134
322
338
256
175
325
133
392
397
115
132
11
125
104
103
398
322
55
38
379
248
278
258
197
183
290
94
148
288
11
105
215
8
80
303
36
160
253
314
51
385
82
291
356
356
371
331
243
350
380
364
5
383
242
39
123
124
291
322
323
300
86
210
123
360
44
301
203
16
344
207
74
194
23
93
271
30
253
5
274
181
374
216
143
16
3
372
60
361
253
102
158
31
36
266
330
320
59
278
89
23
324
27
149
148
378
216
172
67
70
60
65
236
46
206
263
101
82
122
359
8
89
376
80
315
55
63
174
333
383
98
217
74
231
183
242
217
291
23
86
251
168
83
69
236
144
145
165
97
108
32
16
208
333
251
360
391
235
252
121
354
54
62
322
325
139
359
181
161
102
12
0
8
140
217
91
256
398
262
342
0
97
73
305
340
131
34
365
23
206
288
72
391
189
373
195
140
199
27
399
37
36
84
83
308
292
93
343
12
297
181
16
156
47
269
65
124
282
360
217
365
23
230
9
210
365
262
222
220
127
12
65
87
69
277
154
70
340
27
148
265
140
18
297
240
11
111
189
352
395
148
223
143
27
157
195
1
186
348
171
148
3
226
399
258
220
202
385
327
237
171
351
372
12
104
301
398
49
237
225
38
108
81
189
341
217
290
281
204
288
214
288
134
95
14
115
288
99
392
69
230
392
9
250
300
352
240
243
371
8
52
345
8
263
123
314
360
345
225
299
308
92
348
348
392
141
268
122
42
195
61
301
285
287
198
335
199
348
378
361
348
33
260
194
81
301
338
317
352
5
268
198
232
49
80
148
174
183
261
20
307
114
235
256
193
371
87
210
380
326
321
293
272
303
124
230
107
346
53
399
111
203
372
118
16
191
266
80
386
39
297
69
308
8
277
206
66
123
199
160
193
349
353
12
354
386
36
96
364
254
192
49
36
163
320
96
399
281
10
302
61
19
82
95
167
203
136
12
240
206
286
99
73
136
151
75
210
193
163
365
242
129
19
28
377
283
354
280
283
261
74
292
170
95
1
99
73
90
223
242
43
253
256
261
3
81
124
359
280
130
174
43
28
322
210
302
193
46
92
312
314
372
13
51
7
252
242
201
329
30
257
105
143
329
75
253
214
380
235
327
81
329
245
308
388
201
286
74
78
347
308
112
161
264
179
312
363
318
394
39
185
347
399
87
37
288
374
360
249
232
108
55
91
329
39
56
263
77
311
144
84
189
302
154
236
16
167
261
70
338
326
33
286
16
311
165
375
308
259
300
122
88
263
121
34
65
284
16
163
130
283
158
261
299
395
259
210
226
233
302
63
324
215
346
273
276
288
32
367
197
107
233
150
339
350
241
322
304
269
90
253
191
221
288
290
106
209
276
73
148
51
335
262
160
94
98
178
301
290
103
318
375
63
264
318
94
305
282
310
70
285
150
308
343
83
1
79
340
20
62
105
148
148
33
302
36
386
318
206
240
54
312
16
126
227
126
285
215
150
279
74
74
268
81
310
366
262
169
158
158
350
259
144
386
305
24
118
32
82
131
108
89
306
192
328
246
307
222
253
307
157
393
205
338
194
326
311
116
96
7
312
174
63
276
260
263
46
7
341
243
145
179
1
386
118
283
222
294
251
399
387
52
172
38
78
276
6
55
254
32
184
316
88
227
391
240
351
52
204
263
167
132
7
41
118
194
198
45
34
329
393
59
228
379
333
118
36
258
48
262
9
107
24
178
117
92
106
385
221
262
56
257
376
314
163
27
18
318
106
365
332
259
374
62
328
312
169
9
243
215
111
286
180
258
367
192
392
79
92
20
8
96
186
42
173
48
93
68
269
121
132
246
159
140
132
269
159
312
387
69
324
187
186
206
271
60
64
335
7
62
117
387
49
1
1
53
199
324
353
14
391
24
135
190
158
141
312
195
183
318
285
213
362
58
399
172
189
75
238
381
383
381
128
267
76
118
44
222
353
329
246
226
90
373
302
209
292
207
320
111
219
163
195
121
379
253
95
290
24
395
57
382
378
50
303
63
66
203
53
361
291
118
373
261
98
288
121
63
90
84
394
80
277
251
295
324
3
151
189
245
148
141
51
238
273
347
243
24
348
267
274
126
249
311
34
0
181
277
179
106
112
179
59
15
354
123
287
10
141
256
101
312
369
98
241
89
26
23
122
311
98
90
162
100
157
348
191
177
197
23
133
69
203
34
308
139
111
200
216
133
86
344
61
222
246
23
118
246
272
126
124
126
110
383
42
3
79
199
358
8
304
21
390
203
394
69
72
24
49
251
29
365
206
92
365
376
216
364
365
184
77
138
359
182
93
37
191
29
344
250
323
219
345
349
241
29
44
20
191
224
100
176
193
397
391
72
37
247
56
334
273
160
180
5
218
352
286
158
141
104
30
285
176
202
182
39
315
392
293
143
26
38
340
161
363
52
56
119
191
143
30
72
293
380
279
288
104
305
245
338
269
27
35
81
384
92
198
380
48
368
20
199
220
241
8
63
156
351
131
347
59
129
160
334
281
259
146
299
93
182
191
192
258
286
295
372
274
173
39
192
378
349
360
77
380
71
388
207
68
130
387
296
352
175
154
9
394
0
220
31
54
347
26
230
80
169
9
105
31
156
292
47
26
165
167
166
37
281
226
297
321
146
234
57
380
80
14
338
359
382
226
108
116
5
319
104
270
219
245
129
334
116
202
353
183
96
11
94
44
246
42
63
219
184
97
311
262
235
134
91
352
353
195
240
126
127
132
166
22
368
14
399
219
57
255
68
49
356
265
117
339
392
61
310
301
210
274
23
173
309
44
382
275
371
88
399
371
354
175
91
119
68
168
44
107
351
338
12
214
31
230
322
119
168
21
256
61
265
220
256
97
199
12
66
54
175
195
40
8
246
82
392
49
14
121
179
115
252
179
66
148
245
154
329
263
79
108
84
396
121
207
337
154
365
40
306
139
82
352
1
132
271
97
200
85
76
337
390
265
106
86
264
327
76
261
399
176
105
80
333
82
119
385
391
71
382
108
121
179
295
332
332
33
75
203
324
178
362
199
264
86
119
378
50
22
28
230
253
70
36
112
169
142
65
276
49
315
65
368
20
284
284
20
199
341
201
236
93
51
50
186
152
47
352
336
72
333
6
151
308
324
119
213
339
229
16
380
311
35
163
122
364
91
80
372
179
107
241
325
40
122
325
295
8
261
362
248
241
275
70
234
150
287
131
1
34
20
244
245
271
13
213
365
322
349
6
108
44
169
9
134
238
84
117
325
37
82
369
387
391
67
347
60
198
118
96
325
205
149
379
153
196
315
11
245
308
387
323
178
349
331
216
258
198
22
303
91
135
153
105
63
227
169
157
216
197
218
209
362
193
155
224
59
318
263
209
388
4
192
40
149
78
210
395
268
271
363
236
3
236
333
314
20
220
114
232
268
337
286
264
214
264
59
51
268
19
331
385
105
365
7
45
149
231
102
52
335
195
311
285
224
37
387
141
224
93
12
261
232
21
169
297
147
129
98
77
210
10
95
183
280
61
130
140
396
376
34
112
288
78
334
71
151
355
62
183
232
38
83
348
20
140
5
379
149
351
229
14
191
268
47
141
280
200
365
104
122
80
279
52
91
43
24
251
43
369
38
324
76
70
326
13
209
72
3
325
333
144
273
239
288
0
83
110
144
107
166
209
214
197
261
331
67
90
294
394
276
332
185
159
204
47
41
167
87
98
34
23
150
137
268
337
6
277
255
365
185
277
198
239
204
211
53
28
110
246
66
56
98
382
278
365
164
104
176
219
150
19
85
23
140
272
224
88
15
176
162
304
333
239
365
207
172
77
42
262
168
245
328
295
284
103
258
297
91
218
274
7
164
191
44
351
222
219
399
141
152
344
205
209
358
162
362
16
259
359
0
330
197
351
87
368
223
338
71
74
358
78
279
292
156
328
213
37
394
115
381
338
44
157
117
160
395
359
0
21
87
143
151
189
359
213
262
209
217
138
87
115
273
37
131
163
382
200
184
41
15
390
15
227
192
355
254
49
371
247
198
257
128
44
76
360
215
130
302
49
106
221
291
339
300
153
288
347
304
215
92
253
176
56
205
93
56
3
340
189
13
292
113
179
140
347
394
134
369
211
41
79
145
284
41
351
344
311
23
131
92
72
160
320
217
375
46
153
382
266
311
205
227
246
6
175
113
23
291
0
30
56
181
165
279
370
180
222
222
178
24
334
338
51
118
29
358
345
242
37
81
347
358
278
94
143
379
311
74
96
81
134
236
146
322
334
376
104
220
20
277
308
14
388
329
12
375
219
135
333
25
323
192
271
73
12
96
195
293
367
121
304
360
205
78
145
370
34
64
342
141
259
102
246
103
217
238
156
6
144
370
302
120
153
253
201
165
383
152
324
366
75
15
118
14
371
238
67
111
235
289
103
305
94
128
168
13
296
397
171
246
157
296
0
371
277
80
146
310
170
28
348
126
21
124
52
111
46
312
92
6
274
27
154
170
34
1
109
296
287
209
42
280
284
302
170
9
37
19
324
34
184
374
158
270
261
231
211
28
273
16
349
26
338
273
19
110
199
393
287
0
239
196
179
305
48
181
70
25
219
51
294
76
286
25
127
385
263
191
231
159
286
229
64
149
25
68
149
250
46
304
37
199
147
183
355
45
183
164
124
7
24
116
36
157
258
319
215
167
163
377
65
99
129
337
280
9
150
11
311
394
373
143
269
288
233
23
33
94
203
337
308
150
308
232
92
295
366
266
87
385
298
14
66
31
66
341
239
244
319
218
113
186
373
284
33
35
94
375
195
243
329
264
139
351
322
398
381
211
51
39
269
352
343
320
240
293
57
122
197
200
359
331
246
44
112
293
208
336
127
30
3
62
239
288
378
92
377
30
157
107
378
29
19
183
143
257
74
245
206
99
351
335
334
151
142
45
202
2
56
349
327
83
378
236
245
328
84
177
229
304
295
73
22
233
270
106
230
81
63
167
47
381
172
276
293
273
28
335
388
112
116
392
395
37
222
186
152
148
84
72
361
9
361
5
46
304
18
5
188
296
159
81
59
239
359
75
384
349
111
169
239
213
174
54
102
116
370
110
328
387
63
13
235
61
147
261
102
91
21
24
87
82
1
197
38
348
175
158
217
330
153
211
253
278
196
313
241
64
242
1
70
64
210
182
23
133
152
5
52
327
388
300
60
136
125
365
3
379
226
192
245
144
266
330
243
226
194
102
253
210
94
243
52
246
150
363
10
76
351
143
72
255
171
119
15
229
337
88
120
130
150
243
88
126
49
385
43
338
109
372
302
309
283
372
266
108
111
259
216
38
307
66
164
4
275
381
177
127
275
190
202
150
79
69
28
77
244
101
264
136
366
328
389
350
345
81
253
275
277
64
146
199
21
386
207
242
267
252
289
292
191
328
179
71
330
211
29
22
26
220
92
350
83
27
101
119
306
102
286
17
66
82
268
259
159
177
75
143
362
123
164
263
369
164
22
95
159
299
152
292
78
251
78
259
358
326
307
248
90
97
256
10
195
92
175
86
69
91
161
182
240
295
307
15
157
174
103
246
308
134
37
74
88
42
177
107
159
248
168
329
297
380
109
349
295
286
273
42
364
125
294
347
31
336
223
65
256
29
347
358
6
307
46
260
58
134
62
297
169
147
204
398
231
249
283
188
320
29
138
26
355
44
396
49
346
270
137
119
187
83
338
351
301
98
15
394
48
65
87
68
351
156
368
197
335
147
252
72
300
338
250
382
165
322
260
398
223
178
17
72
145
143
74
57
107
61
283
75
34
358
288
60
110
116
46
120
29
363
112
220
320
236
257
75
354
363
234
12
72
236
312
165
0
181
255
292
340
27
236
184
295
118
337
395
341
220
311
229
342
316
394
49
240
388
31
77
31
386
129
396
100
53
288
336
77
362
309
287
57
119
254
131
23
322
217
61
72
188
223
88
61
57
16
115
129
281
145
215
264
15
341
23
288
274
259
51
332
143
187
269
75
380
352
69
317
167
47
318
70
397
229
23
130
281
51
198
182
189
397
191
396
26
2
15
397
307
288
125
55
62
39
322
191
188
397
98
365
369
28
112
24
15
65
337
395
57
307
384
82
122
283
229
239
62
210
397
45
303
361
370
254
179
307
240
2
363
10
105
169
274
302
34
145
264
58
356
151
300
297
230
186
290
257
263
184
240
290
380
16
157
396
10
344
95
261
228
224
318
223
107
200
399
279
94
175
11
302
257
365
59
78
76
228
76
39
94
181
234
268
236
302
204
19
350
242
95
45
284
184
83
49
197
42
113
320
130
36
121
282
109
95
378
6
145
145
63
175
33
352
16
60
222
63
371
324
258
106
358
122
139
11
1
272
145
3
6
118
396
30
166
222
356
389
51
249
221
245
52
143
228
327
74
352
270
303
63
1
154
287
188
387
26
57
1
328
163
359
247
16
23
282
251
266
4
139
272
302
60
1
225
180
128
386
216
189
63
310
230
338
335
300
173
148
163
133
389
203
26
118
224
282
263
16
243
342
89
228
236
218
361
141
310
289
364
27
299
167
160
120
203
84
40
275
224
243
357
108
368
181
189
383
77
98
313
52
34
86
113
352
228
293
385
151
194
31
267
21
319
300
159
396
166
190
143
124
307
371
39
164
1
202
183
206
96
339
96
142
306
4
164
387
317
399
355
29
18
164
306
335
163
62
212
138
275
22
295
112
227
295
249
315
167
43
314
316
13
271
103
39
11
95
134
314
122
95
220
88
58
85
35
399
276
62
112
37
249
345
100
208
271
6
25
285
154
346
172
124
133
336
315
218
197
252
218
91
164
158
61
91
114
245
6
84
343
300
202
6
171
238
176
200
37
4
111
147
138
91
394
305
317
393
116
202
316
216
2
181
200
378
132
373
357
182
92
2
31
207
285
130
12
257
19
66
40
268
250
75
366
90
133
143
8
162
83
165
306
232
6
97
76
75
42
247
105
44
312
93
232
335
251
363
264
192
116
70
341
248
161
387
1
4
293
214
31
354
339
257
192
195
227
207
6
114
35
256
346
227
62
235
113
49
250
81
69
33
202
379
253
247
315
379
132
141
54
64
141
55
164
203
310
301
10
148
141
233
226
90
379
384
227
155
2
203
316
199
249
172
113
383
173
23
243
244
331
313
361
68
38
289
119
384
326
44
16
32
23
70
41
202
88
199
113
228
148
302
322
299
6
225
155
131
0
38
279
135
116
238
60
130
265
380
94
361
230
343
82
54
274
81
54
59
113
70
226
235
250
45
120
313
11
180
174
366
358
238
38
53
16
130
238
299
344
388
41
366
373
73
274
336
89
158
251
260
288
13
156
31
133
345
381
118
178
202
229
276
49
349
28
284
258
327
277
180
4
61
293
324
81
357
284
399
90
336
366
2
261
48
152
90
298
373
356
300
370
12
262
178
241
41
140
143
392
25
181
4
121
286
94
16
373
177
290
75
242
235
33
391
353
382
20
50
228
264
131
257
206
348
30
350
39
389
93
212
226
336
152
168
110
12
159
227
62
63
134
140
327
131
278
85
206
181
287
202
202
308
307
264
53
160
210
220
189
161
387
334
60
91
8
249
185
204
230
239
35
243
346
396
385
250
4
283
245
223
185
375
396
249
99
156
220
155
2
189
282
380
126
355
294
80
39
327
205
12
6
129
221
257
119
228
62
333
175
384
355
173
355
143
7
117
240
180
146
80
127
68
298
296
354
393
208
54
202
54
132
64
378
386
88
77
87
186
173
108
181
236
117
80
106
82
7
103
225
118
132
393
110
342
174
208
272
55
269
361
124
253
21
60
77
68
186
90
198
272
298
226
85
312
206
77
166
45
204
235
207
6
333
272
27
355
207
336
362
234
254
299
28
68
305
78
296
174
127
127
62
57
77
378
384
315
204
337
390
103
60
324
192
333
299
296
241
77
201
140
310
21
169
42
217
6
236
72
211
272
214
33
212
43
207
222
83
137
308
28
80
49
157
97
190
68
253
98
369
122
85
203
358
228
6
388
253
181
390
123
311
213
169
314
321
300
297
109
334
282
377
258
171
307
215
64
91
43
144
9
173
231
141
335
341
120
265
250
192
64
92
343
286
334
197
127
33
359
56
201
202
50
238
221
369
214
351
38
304
218
2
342
380
37
124
177
379
298
148
96
190
34
334
92
117
211
267
258
276
312
373
29
73
47
35
38
147
273
16
35
45
6
68
305
332
127
205
344
44
133
276
319
64
126
106
198
92
120
90
127
336
388
328
284
135
248
9
123
265
106
2
312
9
98
229
80
98
141
61
343
389
215
297
145
273
339
119
72
199
73
309
292
291
179
189
127
231
32
139
61
92
139
87
378
390
203
219
96
173
40
235
361
103
141
240
11
61
286
119
84
248
151
268
312
64
243
180
263
262
309
318
190
296
90
385
240
98
249
313
101
68
173
366
226
244
12
313
44
323
232
70
80
318
356
127
174
279
323
59
202
286
348
283
359
245
250
35
139
364
2
68
68
399
178
165
92
353
35
335
327
194
219
234
364
192
92
176
202
117
176
313
313
52
259
146
71
129
46
128
339
159
178
227
4
12
233
211
206
85
149
68
237
322
119
16
395
257
222
259
35
206
381
220
399
220
165
139
264
157
177
286
102
194
101
12
350
83
224
192
27
151
71
200
89
146
2
33
273
299
396
288
253
392
388
219
344
200
339
281
146
80
309
26
350
35
42
178
76
303
376
122
79
198
319
68
190
373
225
50
126
254
367
358
293
11
202
33
118
319
243
319
158
100
84
136
373
278
192
199
138
33
272
190
110
17
204
276
397
273
209
391
82
321
366
162
258
142
371
359
398
279
120
313
106
140
9
298
89
214
12
362
295
56
44
2
313
104
202
193
71
90
363
108
133
334
241
25
296
204
25
213
263
267
208
121
109
17
215
145
236
279
371
215
267
126
158
110
244
334
100
224
71
317
117
207
74
218
180
207
206
97
394
67
350
338
393
198
320
270
350
136
288
136
226
221
320
240
18
313
113
93
231
221
46
94
271
62
356
173
135
129
113
298
2
385
396
350
275
77
81
61
342
269
254
377
269
93
310
284
337
370
41
110
72
61
97
373
368
364
38
299
107
138
299
73
265
50
185
216
286
87
62
68
286
72
114
70
79
305
269
97
243
58
60
5
134
241
320
24
211
376
390
160
251
148
38
202
24
9
70
64
389
228
392
5
341
193
375
372
36
207
295
2
258
367
53
3
64
184
43
376
132
100
387
366
363
234
294
322
231
297
43
107
52
306
367
267
128
31
8
338
388
389
216
113
83
1
158
265
153
204
257
72
55
42
243
96
376
10
131
381
214
35
295
389
136
266
49
151
257
70
193
110
277
96
218
280
337
388
277
214
369
125
360
356
319
81
80
11
129
2
254
306
100
381
295
388
286
301
60
55
55
304
300
217
77
116
276
78
17
50
277
62
345
350
259
371
266
100
31
75
174
134
197
259
312
347
160
342
367
88
202
31
304
235
220
299
291
12
325
112
214
77
60
273
163
354
373
153
314
198
350
25
363
184
149
228
253
270
379
153
91
117
239
11
25
278
39
363
14
347
252
42
100
294
182
321
115
147
268
31
27
214
307
362
145
304
306
123
286
200
139
19
375
239
136
214
382
151
133
359
152
58
9
133
243
145
150
307
250
362
72
114
337
140
307
331
354
214
93
382
149
363
33
287
218
5
79
246
357
333
5
201
252
4
234
150
361
26
333
87
116
41
334
25
122
194
15
252
122
317
251
47
78
325
61
261
304
183
73
47
252
342
151
201
70
113
309
36
297
93
145
387
80
24
295
72
302
337
266
351
146
361
152
344
87
389
5
168
48
188
11
225
106
256
121
110
14
31
147
153
197
336
86
51
246
9
361
82
355
361
33
223
209
104
19
165
5
270
140
283
29
303
5
21
12
80
147
78
37
177
7
109
340
123
160
37
315
50
33
242
397
39
90
50
105
241
304
352
295
62
169
386
354
278
50
398
282
386
344
57
361
38
56
90
200
315
136
29
265
5
323
45
99
179
125
359
333
163
292
45
216
368
216
374
181
26
210
13
109
148
163
21
21
387
380
149
255
376
339
345
102
207
264
302
90
313
135
172
260
331
323
55
384
220
132
242
7
119
230
166
38
345
244
172
7
314
348
17
41
4
25
198
196
236
171
51
270
259
48
25
303
264
90
30
78
184
129
222
180
392
121
112
398
132
220
323
22
392
284
320
120
172
195
43
277
163
329
30
127
169
65
198
261
346
125
353
310
392
101
295
196
301
256
44
125
178
298
85
172
359
315
78
231
305
352
53
71
197
212
295
24
86
391
83
378
55
226
199
318
367
32
145
338
92
120
112
242
134
229
281
89
237
228
157
288
228
119
85
271
146
102
195
355
146
231
156
261
164
116
145
123
381
80
232
161
190
195
378
103
368
247
180
196
327
168
338
24
331
42
106
87
111
92
99
128
346
13
324
276
390
299
2
352
17
371
157
85
176
243
8
82
65
17
381
209
107
238
105
340
54
146
247
215
110
286
270
374
200
145
69
356
155
45
186
9
38
288
331
168
157
2
270
52
31
388
353
346
222
16
367
152
180
387
83
277
185
176
277
190
20
307
157
328
201
90
42
139
359
165
55
207
136
60
107
5
314
161
109
5
36
386
5
196
14
352
75
247
29
198
215
380
350
248
5
154
270
65
327
88
20
165
4
288
282
270
232
64
112
13
98
178
3
190
213
168
278
215
145
220
346
148
201
101
302
71
238
360
370
92
161
84
49
146
120
217
334
97
91
69
191
93
19
38
273
249
199
168
83
322
165
327
62
165
85
281
344
283
114
206
224
213
37
165
296
206
347
165
223
74
15
57
286
84
15
19
302
268
101
101
363
22
95
116
88
290
371
125
133
334
141
95
109
342
333
339
112
44
296
79
38
84
212
157
64
282
305
369
48
61
293
186
262
262
323
47
155
173
80
140
36
372
369
2
246
7
183
108
86
56
227
226
193
33
171
391
108
320
37
66
354
364
286
389
47
157
41
271
339
299
342
67
299
333
84
276
273
140
33
110
191
227
319
26
213
51
166
381
190
86
51
84
41
54
94
390
45
186
170
57
116
211
353
163
28
265
360
318
390
22
143
223
186
395
293
158
28
271
32
35
3
281
219
281
129
302
286
109
85
62
76
139
128
158
177
194
219
360
154
358
380
191
102
311
155
371
322
196
265
384
364
177
12
327
116
200
201
157
218
367
17
249
338
40
219
74
254
48
383
329
390
219
206
242
281
278
13
119
366
112
270
69
115
392
23
53
89
178
61
218
182
326
196
380
372
278
110
274
364
380
173
38
153
250
389
203
269
81
208
50
346
329
93
108
22
179
77
296
61
110
312
321
147
335
154
56
45
394
257
274
197
125
132
23
154
38
252
137
220
26
239
199
33
327
66
329
272
83
378
216
50
78
265
83
68
287
239
190
241
272
257
228
236
79
363
171
10
61
190
176
89
234
295
61
302
352
143
394
88
218
46
329
92
287
59
343
326
354
261
369
14
84
255
223
360
272
360
41
281
278
253
266
291
79
307
196
369
19
28
38
283
195
146
214
175
309
234
226
271
268
19
281
143
73
49
127
129
131
155
190
312
66
395
289
145
66
381
305
340
177
171
90
314
114
211
17
394
124
209
61
31
350
48
278
150
191
222
308
276
363
71
221
51
182
354
91
134
120
342
322
16
143
0
302
230
283
209
347
248
225
164
209
114
230
116
369
133
218
236
328
104
127
103
61
376
91
256
58
152
388
235
277
142
18
99
110
230
8
66
343
185
270
159
354
332
301
185
42
286
79
159
111
346
263
18
315
319
257
378
60
214
205
149
214
302
200
321
83
120
261
119
330
269
346
64
0
41
63
107
176
291
209
63
314
61
297
102
138
140
85
97
82
269
306
386
229
377
36
29
383
137
76
127
352
111
268
378
195
394
58
136
379
89
230
274
262
152
37
173
167
120
57
385
21
194
123
377
129
277
294
16
131
194
255
91
174
76
294
28
7
387
270
317
118
184
150
113
84
152
164
102
58
291
208
111
2
89
100
364
53
160
327
303
397
42
327
392
198
101
327
263
190
72
208
246
328
281
21
368
118
257
26
362
151
122
378
23
77
202
164
92
34
257
381
378
381
287
177
368
362
105
6
173
277
20
124
14
166
15
87
392
294
212
125
215
311
42
353
153
45
12
209
123
185
149
101
265
216
177
47
342
135
209
194
114
47
327
59
354
306
150
341
100
197
18
119
37
352
136
124
393
365
30
251
57
160
129
128
100
189
28
64
206
128
20
197
147
390
129
32
45
136
339
393
180
97
181
12
209
227
4
267
320
376
393
150
298
45
17
82
389
45
205
340
91
253
1
117
180
7
9
0
128
140
263
189
212
191
77
92
287
109
99
32
389
20
163
285
299
281
349
302
336
281
195
311
369
119
41
66
256
87
272
122
358
51
2
191
298
0
373
376
263
72
301
317
145
233
317
18
123
104
358
33
234
203
46
323
110
32
55
334
61
368
57
17
66
216
82
9
356
314
135
132
298
260
162
336
325
303
321
232
54
213
337
35
243
150
331
301
243
71
48
387
75
38
300
341
87
17
95
196
388
20
23
226
136
355
77
104
389
71
304
55
232
186
362
5
200
214
359
351
178
299
298
333
136
324
211
113
304
161
66
393
15
299
344
222
99
289
15
333
37
256
201
265
342
8
304
161
184
184
199
200
369
396
315
203
167
186
41
129
163
355
57
5
171
39
214
385
348
132
23
110
172
372
49
242
261
393
151
393
4
397
317
165
25
106
19
307
195
146
91
283
120
175
280
15
146
293
226
184
9
149
35
354
315
19
345
175
11
15
395
241
24
265
201
348
182
385
149
108
321
203
331
395
119
356
203
162
317
134
344
170
43
147
259
317
129
323
265
290
211
110
267
358
344
205
360
118
138
32
363
139
10
88
372
116
83
198
363
336
29
173
340
378
88
126
248
244
392
264
132
358
250
87
208
111
310
223
83
64
246
122
112
312
162
213
347
392
268
106
203
310
32
351
390
373
310
134
127
37
230
332
15
9
392
94
13
315
340
89
161
205
259
30
140
38
324
245
95
162
357
128
87
53
127
256
18
35
270
55
293
183
261
312
30
293
66
343
341
341
83
229
167
129
24
17
178
3
159
379
147
288
3
341
268
113
203
38
133
322
317
181
189
350
283
326
336
112
66
131
41
263
334
164
336
11
155
174
263
237
254
237
268
190
18
202
356
237
193
323
84
59
387
289
377
155
385
132
155
260
114
171
152
112
354
151
361
35
218
360
233
35
116
205
20
373
159
156
290
77
13
370
263
83
363
41
275
349
340
36
374
396
201
263
108
397
181
152
139
56
288
344
306
3
326
107
172
172
133
259
164
10
25
35
266
259
266
67
77
177
35
241
299
200
196
51
163
85
238
384
293
35
210
266
219
342
350
174
56
293
72
205
345
56
118
108
249
132
373
66
312
349
53
7
336
90
110
170
208
266
170
53
174
345
213
373
213
173
345
329
241
53
222
193
123
10
366
31
233
55
301
221
18
104
351
202
393
274
122
40
34
157
296
136
79
386
34
301
230
227
317
196
213
294
23
384
262
168
255
249
133
294
142
268
368
354
291
340
298
367
49
380
184
372
124
387
115
186
393
234
322
301
252
168
217
164
127
188
389
296
252
142
393
197
15
203
139
322
168
185
170
92
287
243
241
320
257
15
284
150
355
73
284
9
351
60
60
200
1
18
360
309
77
126
93
68
268
347
99
238
329
317
45
335
193
208
100
90
329
327
266
207
15
145
119
77
271
11
365
284
378
162
253
304
164
354
126
208
383
210
137
114
127
138
384
330
138
55
105
379
296
59
201
372
97
170
126
360
268
309
3
319
358
166
259
90
103
123
59
312
291
19
85
314
354
151
197
66
231
103
67
333
287
244
209
347
395
38
329
68
382
147
360
152
293
170
293
347
382
199
268
337
127
28
395
245
384
266
331
151
115
18
284
220
365
49
252
358
22
215
201
215
324
178
96
230
224
217
209
70
235
244
79
128
204
358
233
150
105
194
60
227
298
225
43
27
227
374
156
126
27
308
101
376
338
65
53
269
322
201
100
14
339
102
255
147
358
230
378
240
90
11
151
189
46
397
357
339
247
245
286
295
63
39
168
132
103
329
200
314
329
230
385
157
103
190
59
118
77
336
358
315
203
24
278
52
368
49
85
301
100
344
289
394
70
301
85
317
389
24
358
1
46
78
264
373
11
281
189
322
35
50
163
347
152
86
71
59
50
203
337
49
116
282
218
213
50
149
76
179
3
395
320
84
35
59
36
93
375
138
183
297
205
132
324
326
360
387
357
52
329
149
56
82
347
0
335
67
364
164
358
319
24
367
320
398
70
95
102
326
15
264
122
17
269
287
194
42
343
58
269
246
23
253
316
23
122
368
68
34
338
23
58
102
357
70
134
126
125
66
176
143
112
85
232
246
360
332
329
247
294
185
113
225
292
27
341
360
251
319
280
386
88
18
141
339
368
18
392
90
276
346
225
44
14
335
42
113
346
326
375
199
33
208
336
335
386
300
141
224
2
144
397
31
131
144
349
215
331
361
284
171
249
58
265
276
220
376
376
275
58
314
178
236
282
260
70
98
45
72
72
4
368
336
127
31
91
288
169
55
321
40
3
151
51
384
368
339
47
166
347
150
5
338
134
141
389
5
150
55
361
113
325
305
215
136
42
65
342
248
325
5
22
215
157
11
267
390
380
96
157
179
323
123
3
41
333
312
12
6
254
60
318
348
358
63
320
272
26
139
276
213
254
319
189
26
168
281
8
11
70
265
349
133
305
89
97
70
258
318
195
140
162
219
222
205
286
55
268
9
311
133
70
374
15
121
391
397
293
171
268
202
214
298
36
47
4
260
324
258
289
325
191
300
89
399
370
244
142
115
294
271
261
375
279
166
81
251
389
43
315
97
150
202
384
104
63
142
369
51
295
279
301
397
75
329
246
225
389
296
286
324
181
279
230
276
31
140
396
45
369
175
58
299
307
364
390
376
113
119
9
189
53
177
339
178
398
243
197
18
53
203
143
354
23
211
326
12
95
117
267
225
172
147
139
14
380
213
321
37
301
271
246
290
221
30
190
20
9
328
18
115
71
178
4
290
206
25
371
130
58
259
253
82
305
261
117
67
191
80
374
21
48
73
18
265
263
306
119
9
395
345
111
372
127
80
323
182
173
247
202
180
122
40
267
256
323
199
140
332
161
123
146
359
208
251
399
370
267
187
146
122
92
132
43
144
140
173
7
264
268
94
280
41
230
117
86
32
63
394
18
394
84
70
200
264
32
197
346
357
253
53
119
198
377
305
197
3
164
263
58
188
226
384
266
147
204
302
61
302
304
75
105
123
130
283
323
49
171
326
142
99
210
291
351
303
386
396
245
90
99
355
367
172
49
67
144
11
164
273
108
223
138
328
161
160
20
138
174
173
152
33
164
318
222
269
304
53
298
175
99
273
35
105
234
3
146
301
279
342
157
88
109
283
235
263
371
12
326
27
392
303
106
32
171
342
139
197
273
378
142
300
46
386
117
259
22
215
190
37
61
84
198
337
70
363
154
352
235
292
178
33
88
37
315
6
235
336
273
161
185
357
90
347
222
255
88
70
335
319
36
384
338
291
98
174
335
47
136
283
210
137
2
164
246
70
356
244
387
253
357
143
206
299
279
339
143
197
41
130
253
112
7
376
64
277
94
202
322
372
140
146
197
180
72
69
209
358
139
304
245
222
331
376
81
253
200
338
45
279
33
14
240
69
153
146
291
185
167
113
333
54
31
115
86
392
227
290
115
189
210
358
285
14
382
195
297
45
387
125
9
240
211
132
35
162
343
145
137
33
143
253
128
197
345
98
135
393
341
371
283
360
386
32
232
45
200
179
30
277
191
299
193
360
258
208
367
313
366
243
154
236
371
217
210
328
135
178
323
58
20
280
376
394
12
284
389
111
57
146
121
297
146
212
82
230
209
94
360
117
251
385
383
145
81
201
42
249
143
51
355
25
32
9
35
385
178
11
230
372
59
297
146
296
316
179
169
117
266
167
60
199
181
0
71
246
295
284
89
166
316
25
167
165
89
275
330
46
351
204
22
315
289
346
269
266
209
89
253
150
267
94
102
345
10
340
41
73
369
9
40
0
36
138
113
103
262
142
321
385
62
262
11
389
232
181
308
133
51
143
270
11
362
172
354
313
40
354
148
278
237
303
131
88
298
53
253
67
165
237
234
129
40
363
342
105
52
337
119
68
83
232
290
322
313
199
393
163
146
282
272
72
331
263
277
132
129
23
313
282
111
8
128
42
172
315
299
245
268
173
185
306
111
227
191
206
186
147
258
107
193
129
239
250
105
352
30
212
267
42
210
198
211
45
307
371
321
322
9
49
370
307
277
261
303
364
262
209
270
342
349
382
278
337
275
256
178
165
23
23
65
350
267
155
323
350
5
114
175
135
163
99
25
154
44
331
244
319
397
115
260
58
44
230
98
354
93
93
390
391
239
337
165
271
340
192
146
163
229
165
81
217
5
164
141
197
64
250
3
379
389
224
270
186
62
330
132
198
219
259
370
41
140
86
226
361
229
119
95
273
186
257
156
211
8
370
207
385
211
61
119
113
255
306
219
287
240
219
162
339
28
94
161
153
123
350
5
17
163
28
74
149
94
320
379
85
42
172
155
379
112
258
90
143
199
279
21
252
20
375
202
211
170
298
357
63
389
345
43
267
36
178
203
202
41
242
397
327
334
324
300
37
357
88
7
304
372
208
39
28
332
387
68
94
347
41
129
57
43
118
333
387
375
309
309
203
287
68
163
174
81
272
47
179
95
391
93
11
95
244
72
45
245
48
321
224
179
307
52
322
152
95
320
323
222
285
390
285
391
343
170
223
221
142
117
338
66
227
117
145
57
105
181
95
48
128
117
279
83
378
97
145
393
237
295
316
378
170
135
198
284
361
43
279
179
129
47
166
370
370
58
392
278
285
106
245
293
281
57
347
278
387
366
4
13
196
94
336
139
144
154
199
366
63
134
267
170
391
254
322
237
313
160
61
371
387
119
237
326
395
341
347
152
258
81
281
380
393
126
378
149
335
178
352
127
228
380
63
228
82
117
322
196
183
327
258
371
365
244
221
99
24
272
298
323
341
341
167
221
51
340
253
271
319
131
334
106
26
16
209
73
183
125
386
217
265
170
128
355
178
196
153
317
69
53
33
94
151
128
46
300
99
63
342
151
263
163
106
239
23
347
172
114
121
138
396
292
153
261
134
132
113
381
148
243
99
2
341
233
346
240
271
360
98
59
201
137
348
159
263
162
133
112
75
115
364
26
340
271
143
310
4
173
208
235
274
164
263
274
396
85
232
71
66
184
97
185
0
356
388
14
163
114
267
138
160
270
307
111
367
154
113
99
282
396
308
298
136
283
136
173
93
317
25
334
303
170
303
239
18
234
168
76
174
239
323
115
76
182
138
345
308
101
49
5
22
259
325
103
218
244
185
336
81
226
257
368
71
354
22
352
351
49
382
394
14
211
221
361
149
82
296
94
383
200
382
170
240
137
323
278
265
359
268
269
297
190
322
332
162
180
11
265
136
273
242
81
144
322
245
19
205
230
322
332
157
256
150
200
248
134
11
245
200
312
399
149
73
302
56
287
16
3
3
354
260
366
172
291
120
0
110
204
391
352
316
96
342
184
275
214
156
359
99
148
121
367
385
225
398
84
283
332
245
384
293
220
330
99
98
291
65
135
118
391
89
284
116
4
86
350
367
110
117
300
245
128
106
331
214
184
307
288
391
153
236
118
273
79
62
46
34
284
128
385
300
28
372
371
119
385
182
42
32
217
353
150
64
232
9
105
92
353
272
339
180
167
202
131
318
299
256
39
65
318
41
44
136
42
371
3
352
154
297
257
224
188
9
318
164
51
164
334
33
110
167
359
300
211
27
57
167
381
182
300
175
163
160
7
174
334
96
101
254
295
138
43
391
282
236
249
14
10
120
5
308
284
5
122
47
365
300
190
219
39
392
30
87
370
391
299
230
71
168
130
337
352
30
203
382
174
342
122
374
264
357
335
317
87
218
261
13
158
72
81
39
23
349
262
344
156
19
88
30
18
368
91
11
317
23
150
187
316
262
115
145
278
296
265
77
3
105
39
82
31
102
86
145
396
309
316
232
227
145
398
367
138
33
385
227
82
370
174
122
219
323
268
136
344
258
150
274
266
51
123
394
291
1
20
224
44
18
337
300
288
17
292
253
157
74
114
194
77
288
226
15
320
191
43
1
250
77
282
278
190
149
251
349
150
385
295
286
268
177
97
147
203
10
121
350
133
309
243
346
246
320
250
261
342
284
390
208
49
150
316
245
286
230
199
270
245
351
318
100
329
236
116
246
1
137
266
175
382
55
123
62
204
240
349
33
382
290
26
296
386
176
43
136
330
278
296
31
292
387
78
240
387
100
65
296
390
27
266
177
96
150
73
68
253
70
385
124
87
283
107
277
145
295
369
290
156
134
25
213
330
147
58
365
268
48
162
133
391
394
62
9
107
23
333
145
119
1
1
67
313
204
290
276
10
177
16
151
132
316
299
306
271
363
297
297
33
341
87
107
375
260
20
98
197
39
292
352
52
361
328
240
330
160
319
229
248
60
10
58
176
47
282
386
385
31
15
394
156
389
76
27
341
112
196
85
155
186
372
223
32
105
200
220
365
99
4
27
29
186
156
365
119
279
295
259
30
201
46
283
347
277
264
237
134
266
350
235
399
348
41
7
15
223
308
290
78
15
237
52
92
162
172
314
327
5
191
204
163
14
318
247
59
267
390
230
390
72
65
233
179
179
204
77
260
263
378
119
8
203
215
367
65
314
105
25
22
298
286
2
389
328
251
365
137
267
225
209
272
336
275
76
368
163
324
189
317
208
349
8
41
196
81
206
306
368
266
138
64
256
258
20
110
254
54
315
16
76
2
42
0
94
136
65
99
103
348
321
155
201
238
209
129
315
123
266
6
321
264
53
158
64
193
0
295
215
115
372
119
190
219
84
168
37
398
115
215
135
231
171
31
293
365
283
22
329
336
253
146
220
35
179
371
36
247
103
187
82
389
298
328
186
175
151
306
27
118
232
56
71
329
38
34
274
266
148
361
186
175
345
372
107
300
155
398
54
215
253
306
253
314
235
5
197
22
190
137
38
85
354
318
138
40
95
166
273
58
202
155
234
47
223
189
272
267
218
381
387
122
61
189
5
137
34
40
71
234
253
85
135
287
393
132
218
212
320
341
305
244
72
174
1
135
362
277
341
42
377
115
306
147
272
160
30
103
55
335
108
151
238
221
33
132
116
399
223
377
60
356
17
69
341
51
248
133
218
340
125
341
26
105
249
378
382
322
54
107
131
327
296
202
281
290
172
135
305
205
71
146
193
384
355
202
214
138
259
105
378
132
337
259
215
93
197
227
374
356
164
109
184
60
299
279
111
365
46
95
344
63
329
283
241
176
339
7
356
21
249
381
288
293
194
339
58
22
99
71
223
215
65
385
162
265
236
109
177
134
3
35
215
354
322
43
319
340
220
22
116
356
75
276
151
120
271
184
154
265
374
302
46
69
171
325
40
106
100
22
268
252
379
125
226
9
31
308
53
382
235
248
362
170
115
363
171
377
47
78
151
147
107
211
318
48
41
110
165
95
241
335
183
279
179
108
220
212
79
220
378
248
363
194
16
362
303
80
274
397
96
348
385
134
245
393
362
264
328
346
288
269
156
21
145
119
128
82
250
42
122
330
88
162
274
100
55
163
127
80
145
2
178
354
47
293
309
385
202
299
257
74
375
119
194
317
163
146
35
159
390
264
111
177
110
39
38
174
286
245
233
125
192
16
161
81
192
45
236
215
118
231
290
239
304
123
55
4
169
300
277
374
83
169
59
381
333
113
89
386
297
332
226
47
271
180
239
237
221
45
386
175
49
214
397
229
396
373
224
207
72
169
39
163
278
69
118
59
351
398
388
291
315
233
351
193
227
306
18
239
318
2
59
109
312
363
109
275
214
167
333
78
108
242
172
196
295
83
295
282
218
130
325
8
297
53
125
180
239
343
328
346
255
345
282
177
263
394
12
289
104
381
110
125
263
77
261
346
40
309
86
333
358
354
93
340
23
306
155
174
193
77
27
178
130
340
95
162
261
341
244
298
196
143
231
75
113
318
227
49
40
215
342
376
135
202
257
269
173
345
352
297
146
223
48
37
160
375
289
312
188
312
210
258
116
231
180
317
236
368
184
195
258
329
223
195
122
34
186
208
53
74
77
196
101
286
45
122
311
162
271
59
240
231
77
380
62
135
166
69
80
296
163
90
163
198
162
196
286
132
164
194
265
208
383
69
112
77
44
364
149
290
104
71
310
207
29
32
281
288
261
242
200
111
31
269
39
208
393
93
231
37
36
33
322
314
258
147
136
295
254
382
132
125
240
68
60
82
205
317
274
15
296
109
252
69
250
52
311
249
318
207
121
211
109
383
317
30
233
398
356
291
316
26
338
358
190
339
204
98
291
40
262
343
48
276
317
395
276
148
11
15
296
301
11
226
355
115
65
109
228
390
193
169
315
184
27
53
253
290
99
53
33
372
392
376
297
305
308
381
235
44
139
169
209
240
207
210
92
203
88
203
88
143
235
217
11
263
48
159
205
220
357
103
118
238
287
201
102
386
94
229
19
240
1
11
54
49
269
327
268
102
394
140
151
180
375
99
156
207
156
87
151
365
233
65
335
229
384
305
374
328
96
336
80
328
139
234
224
179
139
183
75
263
53
151
386
114
64
325
135
104
44
216
99
82
101
190
252
102
306
72
157
161
390
45
6
115
100
327
353
70
391
136
145
125
126
390
42
215
287
224
45
285
206
19
119
311
244
370
236
369
227
259
62
103
383
127
164
79
305
240
25
339
339
151
21
157
29
349
374
176
107
268
47
158
222
310
347
272
126
249
392
241
234
186
125
159
204
176
272
210
12
36
257
263
381
373
239
103
389
390
87
15
315
189
213
289
118
274
137
133
45
376
341
341
62
126
181
63
63
222
334
85
249
141
206
220
10
178
20
177
275
59
230
4
222
103
176
70
6
53
356
92
325
344
238
62
293
152
162
128
10
93
295
26
117
114
91
196
10
260
367
362
90
87
335
230
166
175
143
302
19
6
153
243
350
355
178
19
397
287
178
69
293
275
196
315
106
361
236
172
125
135
263
186
393
135
279
140
277
117
254
174
89
284
298
143
151
196
24
32
224
121
376
341
257
108
371
27
203
196
68
142
356
59
379
63
162
105
30
130
356
274
174
289
207
301
100
215
227
116
387
145
145
278
245
29
203
210
87
197
231
141
172
356
194
356
108
278
261
199
360
212
136
87
254
193
243
193
146
199
295
295
69
133
56
251
2
326
4
8
308
261
248
13
353
224
208
176
73
89
207
336
54
215
251
76
1
391
375
7
381
99
60
183
313
115
327
32
54
110
379
272
348
241
292
263
94
232
254
81
114
326
340
200
105
130
87
159
380
178
25
163
94
347
163
218
391
142
54
165
235
375
242
103
44
86
223
258
24
331
328
290
347
6
300
60
170
237
2
277
239
94
213
330
213
116
172
325
242
325
271
10
320
191
179
166
304
191
301
25
243
178
172
139
387
360
257
163
291
94
137
40
383
193
203
256
81
298
46
179
99
37
21
319
380
56
256
373
193
258
383
383
29
288
202
382
274
390
132
5
320
6
346
374
21
61
96
112
383
208
291
39
44
213
160
315
307
96
25
394
113
327
347
372
99
264
118
197
281
39
353
79
383
246
44
160
5
28
186
2
380
89
118
153
331
70
79
200
69
10
32
87
237
42
105
223
117
269
116
185
247
11
7
40
305
216
46
358
225
90
61
343
24
146
348
232
204
261
91
384
107
177
9
156
29
189
388
202
244
288
288
222
75
114
375
79
389
193
356
208
10
6
276
136
154
349
62
225
208
357
354
354
82
155
64
232
241
116
62
230
232
293
217
167
183
375
170
223
185
227
153
147
27
9
315
234
86
232
388
101
350
93
346
150
29
345
319
118
245
4
178
231
162
129
285
237
177
208
263
161
295
25
202
205
263
49
42
57
369
210
143
340
373
360
54
360
174
187
57
75
114
71
232
130
361
59
315
119
335
276
163
377
183
11
204
326
336
64
284
136
361
14
42
19
208
23
208
232
305
63
372
244
99
143
363
258
90
68
148
288
383
170
317
60
231
220
37
158
263
203
53
296
15
148
394
99
306
8
65
305
136
42
168
25
176
334
342
2
194
216
339
18
220
394
284
37
216
136
129
58
68
369
326
334
183
266
308
64
269
200
88
35
68
244
391
360
294
376
237
119
44
382
267
116
225
185
314
245
222
356
306
123
12
305
237
285
259
158
346
170
326
202
51
176
116
16
305
30
261
73
177
92
21
307
348
5
270
53
191
168
385
103
246
227
302
399
225
388
35
102
240
289
79
382
134
119
295
375
388
0
369
393
92
172
356
227
51
311
362
305
175
144
96
10
70
377
192
59
226
308
95
253
211
392
161
348
341
81
267
119
295
171
345
103
93
46
281
399
270
241
57
200
358
399
169
148
186
119
129
91
265
393
101
187
255
110
16
241
102
42
278
289
274
253
338
218
25
341
256
21
29
289
4
2
155
288
252
285
399
245
85
253
384
375
159
324
86
276
379
107
392
265
308
398
78
233
231
61
227
342
45
223
21
35
21
398
308
300
27
388
62
53
166
15
218
98
340
272
322
102
157
211
33
27
383
270
252
168
252
375
258
191
31
92
392
228
276
124
303
176
228
295
284
256
151
92
263
375
16
342
270
319
379
313
375
202
197
231
222
257
352
248
268
110
272
176
146
233
354
195
31
126
270
175
278
386
205
279
169
110
12
192
88
50
194
257
302
364
144
277
274
358
178
213
371
172
0
281
172
222
377
59
360
98
237
106
214
211
279
241
249
160
385
398
123
76
257
165
370
12
247
200
93
59
183
384
133
117
358
138
317
322
356
310
30
356
374
225
364
214
284
357
358
272
48
364
284
214
216
54
109
37
54
380
37
62
374
326
333
186
32
169
272
108
391
377
208
38
15
157
21
383
103
173
309
159
233
104
297
331
59
75
172
292
165
130
375
20
143
41
361
340
70
32
31
297
70
70
80
334
148
158
245
375
47
162
68
45
124
364
293
11
396
227
54
258
85
219
264
266
53
110
38
236
17
73
375
21
363
230
247
258
377
335
175
38
228
121
54
9
49
169
33
64
88
190
19
42
292
168
285
217
334
4
190
123
322
158
393
242
32
109
172
132
190
349
182
196
42
374
261
294
334
13
291
5
284
188
294
71
81
168
332
245
329
232
90
99
139
217
197
158
318
301
227
120
25
22
74
293
381
302
49
13
305
34
381
174
100
397
30
1
264
129
129
264
4
158
398
86
76
81
241
397
203
106
17
2
213
131
35
11
107
256
162
317
178
224
310
178
270
141
223
46
334
230
98
157
16
95
40
219
76
248
35
387
81
172
157
329
172
145
200
53
188
59
28
289
376
347
133
21
237
122
346
195
132
231
397
156
212
53
35
351
51
27
13
258
109
390
166
215
203
51
172
179
324
158
379
297
28
237
385
34
80
225
129
376
283
106
278
107
73
11
143
270
364
361
256
290
115
19
342
82
222
171
189
277
253
156
355
277
373
158
228
47
56
111
192
8
256
164
240
36
240
374
32
390
343
188
217
204
242
399
268
220
71
386
112
123
111
385
271
244
391
366
175
388
302
279
65
71
322
330
205
200
286
337
59
395
286
229
119
194
71
255
35
175
310
219
63
263
366
204
205
37
194
358
251
15
344
87
331
379
309
272
339
84
263
329
55
391
273
253
202
379
348
261
71
79
375
88
271
325
177
68
129
231
104
185
70
17
329
354
339
305
88
203
112
266
376
132
227
122
317
317
126
67
84
127
389
180
53
160
212
283
322
250
258
295
173
142
85
329
223
273
243
335
309
228
92
77
53
135
81
70
267
183
395
263
385
268
348
60
307
213
190
80
217
398
63
348
289
376
47
93
287
243
11
286
307
204
223
196
394
296
202
81
71
268
178
142
190
376
56
132
70
164
250
228
61
98
87
3
13
129
314
199
338
135
21
319
107
347
220
74
286
207
169
187
64
138
304
217
304
76
197
202
367
175
61
276
192
2
103
141
126
23
350
253
21
250
61
261
346
123
71
235
124
300
380
261
349
19
253
300
367
395
338
35
240
108
319
34
214
331
252
262
49
190
8
54
212
262
4
13
338
120
44
194
168
87
7
8
123
19
308
130
4
124
202
397
192
263
49
357
309
381
370
347
197
388
257
202
303
7
345
331
314
380
117
383
366
338
225
135
340
240
66
129
246
395
148
121
231
2
290
210
144
69
216
155
290
370
250
321
18
99
97
233
238
120
351
243
87
118
362
110
197
388
394
110
219
178
56
108
286
56
106
351
300
337
171
286
273
129
219
238
56
94
199
127
76
153
243
70
239
260
56
228
126
366
291
246
3
208
270
151
120
333
260
314
39
60
139
362
309
239
178
15
342
348
80
242
342
73
49
192
152
123
218
193
41
173
130
10
329
138
155
314
95
186
85
321
153
82
118
31
215
59
327
376
242
232
10
247
243
11
376
10
188
375
331
263
334
6
117
147
22
201
55
241
4
177
15
189
393
123
201
210
340
23
316
108
44
80
55
69
145
270
155
28
23
309
252
375
178
189
291
213
335
385
270
101
379
237
322
87
75
95
69
281
112
323
88
319
149
118
147
73
345
252
399
199
29
8
170
216
6
33
2
80
300
213
168
301
320
272
375
118
59
119
148
275
79
289
145
171
61
362
355
25
361
242
90
12
303
86
255
252
31
256
262
278
141
169
300
312
1
301
247
333
6
363
194
123
21
96
52
316
323
77
24
236
361
303
217
90
186
289
334
57
52
8
200
341
3
58
64
14
314
378
15
12
22
217
206
364
126
289
307
12
26
247
335
168
8
110
363
363
178
333
349
24
235
284
170
162
2
357
88
184
292
220
286
290
349
203
212
186
27
322
333
309
296
22
329
64
12
89
3
184
105
227
321
68
144
144
393
224
3
207
56
99
275
80
201
21
203
196
399
312
252
303
137
392
129
332
128
270
42
243
301
154
63
292
308
175
105
9
190
54
232
114
280
292
364
177
308
194
309
263
265
129
61
80
91
280
297
56
272
107
279
213
291
397
252
294
193
202
207
297
391
142
366
219
264
114
365
172
110
45
187
243
59
294
325
145
39
221
11
93
93
290
384
224
362
366
327
221
353
144
66
136
269
156
89
315
202
80
318
20
333
99
354
354
100
366
1
31
147
1
177
190
384
264
353
236
215
147
349
354
122
292
312
30
128
243
280
187
144
107
218
137
91
345
244
22
145
29
80
173
61
154
329
234
27
141
254
222
136
295
234
56
6
355
161
252
150
207
335
6
148
238
328
312
363
17
204
216
218
246
209
366
228
204
12
114
188
39
202
27
12
98
10
207
114
106
222
91
243
378
316
119
60
396
77
352
45
148
24
398
337
246
362
382
150
63
328
235
88
258
101
248
87
3
123
323
330
163
351
246
178
366
293
70
180
336
378
14
174
399
15
288
38
158
195
233
102
399
259
352
48
241
240
241
382
96
164
101
30
156
353
19
155
276
68
84
389
329
276
286
396
289
354
302
85
313
374
34
116
226
113
269
145
363
236
395
1
296
373
231
4
312
136
366
96
329
52
71
367
365
254
248
59
195
296
13
123
71
382
172
383
367
158
59
68
340
39
156
358
158
348
302
329
219
351
222
95
8
165
382
111
154
299
363
206
202
9
0
34
108
170
369
314
254
72
166
26
51
154
2
352
18
255
340
317
9
246
351
276
216
310
214
20
327
24
187
327
81
112
60
386
233
216
348
130
48
228
257
385
138
244
216
355
268
205
326
263
174
239
225
212
76
166
296
379
310
259
91
263
248
288
254
367
287
95
320
64
340
126
42
156
151
301
132
136
327
254
148
391
149
365
128
140
321
299
386
8
120
357
246
195
290
305
177
241
60
154
255
271
228
232
51
116
84
133
317
305
76
251
68
101
329
65
80
84
80
173
256
386
173
366
184
329
94
353
227
280
164
352
234
99
249
25
345
366
127
170
130
263
184
71
103
323
183
61
173
229
365
163
131
166
204
177
22
82
181
61
142
97
307
384
10
292
318
146
368
100
166
286
217
206
213
60
349
376
181
4
231
99
268
183
246
367
288
151
102
146
167
134
120
316
102
10
174
392
260
280
262
45
217
85
179
141
292
254
214
148
209
275
329
67
43
165
18
10
286
63
22
202
6
375
386
210
379
317
300
44
22
159
151
231
313
112
98
316
276
373
264
371
153
351
99
141
300
385
267
150
329
27
352
299
275
353
156
380
141
239
22
124
195
34
306
351
90
353
185
264
299
39
61
382
91
274
309
10
207
86
121
40
278
210
292
56
102
169
236
159
202
297
83
379
351
2
294
225
21
110
67
111
94
52
225
92
76
102
171
264
251
266
88
282
197
26
313
265
134
354
370
199
278
25
53
365
279
154
108
169
48
7
261
251
332
141
311
269
386
7
125
214
49
253
359
45
313
67
393
312
162
44
331
87
217
26
323
249
8
220
239
227
387
151
145
94
336
220
230
296
43
72
51
189
127
197
235
262
250
377
3
354
395
211
158
228
202
335
162
264
369
48
383
289
125
394
103
322
285
239
143
376
315
210
264
133
353
213
172
118
354
71
174
256
203
112
351
125
33
146
264
343
239
314
82
168
288
250
103
71
156
262
53
339
207
384
270
335
200
248
249
322
342
217
48
40
113
390
281
315
230
56
86
243
360
27
398
334
112
217
225
221
165
82
60
380
318
207
161
43
40
188
6
82
203
168
139
303
105
6
207
248
3
371
396
264
130
237
143
228
397
313
57
318
53
282
314
59
263
226
60
353
200
33
305
86
10
260
63
53
158
383
336
306
233
317
254
106
145
15
106
69
258
267
231
15
395
130
235
246
237
371
367
272
147
363
98
358
264
63
277
379
243
329
273
124
318
154
80
142
379
267
84
306
221
274
393
389
277
100
60
201
143
276
102
177
78
226
73
186
107
224
389
163
71
127
36
145
102
6
185
78
362
250
227
196
195
98
265
71
225
141
60
8
19
104
362
8
157
127
223
54
179
116
126
294
101
333
357
305
246
65
293
45
144
381
240
253
163
237
342
320
380
57
263
98
154
357
283
359
180
106
62
166
276
305
306
205
230
215
314
1
327
399
236
358
373
231
136
107
134
279
181
384
230
249
253
199
186
354
341
21
317
107
311
54
263
127
72
117
313
14
140
139
226
370
237
185
100
142
157
199
124
55
60
50
196
287
187
230
357
96
125
139
40
29
306
237
242
321
112
24
7
327
275
307
67
136
199
131
85
199
86
381
52
10
152
173
54
128
139
84
260
322
302
151
100
326
371
280
232
280
144
150
133
93
285
350
80
392
205
220
62
184
26
260
249
61
108
338
30
273
100
338
360
338
42
55
296
177
121
358
185
157
34
289
339
140
93
207
270
395
177
253
331
34
276
292
305
368
251
285
1
152
359
76
75
325
61
25
307
369
298
374
133
38
303
3
12
219
97
67
361
103
363
339
393
96
281
320
371
265
24
324
366
303
268
70
309
354
277
100
174
76
386
377
370
396
106
394
252
52
384
232
39
289
239
183
121
112
42
65
240
129
24
142
182
257
13
50
313
364
232
187
37
348
1
48
211
104
31
206
142
196
389
123
296
141
79
180
281
182
270
59
267
277
304
315
182
55
380
0
249
250
390
339
394
48
320
271
272
263
91
197
191
376
191
356
324
98
309
354
281
169
162
84
149
73
23
274
354
73
360
229
331
145
271
353
115
233
263
309
141
229
350
247
171
328
114
114
25
41
201
97
231
49
100
32
377
167
242
392
191
250
169
164
39
93
153
126
384
354
273
356
125
142
311
112
160
323
79
99
133
323
185
183
285
206
156
81
303
12
352
271
321
297
149
168
17
380
245
95
172
62
174
383
31
183
197
165
302
67
339
265
240
124
29
109
75
311
202
123
80
100
99
17
237
318
273
238
267
335
271
322
359
237
191
51
31
311
182
300
232
100
382
246
178
388
165
28
151
292
371
250
220
71
343
232
318
389
322
44
265
66
176
239
112
202
274
109
71
217
312
113
309
382
248
303
1
125
220
93
360
329
297
322
178
141
166
57
86
149
368
4
282
389
359
379
185
39
59
288
398
120
185
31
145
170
185
44
240
258
388
116
333
279
205
288
292
332
87
18
230
270
21
186
148
225
329
230
304
167
184
297
8
106
340
281
360
381
197
22
282
332
161
142
372
87
106
349
205
73
358
213
161
62
146
101
314
377
259
106
211
257
30
330
381
82
18
149
4
58
356
109
78
262
304
18
39
109
184
122
317
15
27
297
340
334
232
92
146
382
314
93
268
143
394
236
278
100
188
243
173
338
203
61
232
58
44
384
162
220
244
18
76
349
91
335
268
331
171
320
45
83
30
311
18
89
308
320
353
257
252
314
130
339
241
215
346
349
159
309
171
6
383
164
48
8
221
51
112
15
142
215
91
8
356
324
190
269
241
326
300
286
277
68
370
67
214
292
96
88
214
167
36
380
393
111
69
89
287
191
218
198
231
58
287
380
216
247
346
304
370
8
70
267
301
334
391
92
87
220
187
394
76
152
14
170
155
111
291
118
369
148
359
299
281
214
159
349
150
241
391
203
110
365
233
126
352
294
98
101
233
248
201
384
70
304
269
17
151
242
45
44
100
73
26
220
357
154
60
325
14
277
344
262
54
363
202
346
320
311
210
102
53
253
91
100
147
238
150
14
363
116
99
215
17
0
83
0
124
182
164
322
6
185
156
268
152
185
31
233
242
86
192
96
147
160
344
150
283
143
286
281
343
168
399
218
141
320
392
127
56
143
219
229
254
68
362
259
157
275
182
68
133
388
185
276
116
181
225
75
115
308
72
98
62
94
173
109
38
208
218
150
33
215
78
301
64
389
81
143
40
286
293
356
102
154
108
47
75
69
161
184
314
210
32
87
322
372
358
312
294
92
355
38
368
354
309
210
273
287
164
154
301
123
289
284
54
8
49
388
52
315
273
76
150
40
323
80
281
168
49
46
255
259
281
73
67
279
138
104
387
323
153
381
249
270
88
164
23
238
371
387
261
130
243
22
215
29
87
93
100
41
73
372
198
202
94
318
6
77
221
56
187
277
248
359
312
22
114
137
377
312
110
226
397
172
104
340
272
158
85
161
153
261
167
295
393
125
96
399
330
81
238
238
213
65
257
73
302
13
350
296
163
222
191
336
343
139
324
377
88
375
194
263
54
170
246
294
364
260
153
377
323
72
356
136
76
224
209
391
137
13
194
316
226
356
62
96
48
116
224
348
43
320
13
362
254
255
235
263
32
387
298
337
171
73
382
235
76
189
80
151
111
264
89
254
285
13
287
170
73
107
267
317
270
107
197
192
95
241
202
189
360
197
353
151
43
270
148
96
9
178
96
167
361
258
297
338
109
257
57
291
219
364
287
137
267
87
287
375
39
244
341
109
137
300
31
57
352
90
274
378
87
341
92
301
372
225
55
214
202
123
317
107
254
80
333
80
391
18
378
276
109
312
296
79
114
169
115
80
74
282
62
76
291
271
137
310
382
105
219
344
271
0
336
6
299
142
81
11
133
234
0
320
321
267
386
395
183
195
60
235
143
300
399
266
114
226
378
105
76
342
220
233
38
202
203
296
24
125
276
217
1
271
129
71
183
186
32
62
183
190
214
381
151
160
287
363
68
83
398
369
290
115
250
169
233
36
373
389
138
369
301
349
293
183
111
231
49
146
82
146
164
170
207
30
355
37
202
35
291
356
389
159
184
140
226
221
6
110
356
110
215
211
347
336
32
27
347
19
369
329
267
282
207
135
45
209
36
271
111
109
98
53
71
220
169
135
182
11
366
117
263
296
131
394
359
125
239
80
342
45
255
129
242
375
53
131
108
292
290
168
377
98
366
15
10
115
82
66
264
323
267
123
350
211
175
104
72
302
110
260
292
108
301
115
52
62
320
374
347
20
257
329
37
286
169
116
372
90
286
276
81
281
320
163
5
46
386
355
356
202
215
205
79
244
116
92
239
393
129
353
201
9
135
288
276
267
157
20
210
253
201
390
138
385
156
328
197
338
384
375
317
385
91
225
373
197
352
184
390
34
311
273
352
365
358
294
134
307
298
141
248
69
117
281
18
300
362
329
357
184
335
111
296
87
330
32
357
329
108
106
307
201
384
106
334
302
358
80
221
3
233
165
293
304
3
178
29
18
246
141
169
228
54
85
297
108
330
102
148
361
300
336
305
241
273
318
0
189
219
191
54
153
348
223
105
338
246
396
298
192
14
20
302
266
359
111
302
196
36
387
356
133
293
209
200
223
340
163
188
350
257
110
233
303
299
267
137
252
112
310
202
194
136
273
387
157
356
280
339
264
236
215
199
252
392
170
129
324
272
276
19
302
280
326
272
149
315
378
395
250
272
121
296
331
278
114
153
78
154
225
160
177
94
399
221
122
49
233
10
110
255
231
18
300
145
132
378
355
317
86
308
22
133
63
30
397
159
199
330
172
286
153
29
83
188
73
159
133
372
375
27
392
366
166
286
378
173
202
308
40
299
240
21
279
96
100
389
25
78
187
9
324
216
230
339
251
188
56
278
207
288
67
201
372
319
291
315
101
377
319
30
126
139
278
252
108
87
277
106
189
51
19
240
71
346
34
397
238
25
301
241
351
6
292
93
193
47
129
268
77
366
77
70
252
1
311
163
140
371
339
378
206
349
171
257
372
251
340
69
211
103
193
78
153
337
10
130
314
186
180
367
2
353
31
110
165
316
177
353
329
4
15
193
70
189
146
111
160
86
25
4
224
67
113
21
114
120
30
104
276
356
103
32
38
6
301
60
233
149
201
140
15
56
70
370
398
243
375
210
32
49
343
103
251
65
263
91
327
278
111
180
99
155
367
135
83
274
228
116
355
33
253
155
112
24
246
184
360
312
93
241
373
388
259
44
350
350
106
209
54
347
388
244
178
381
305
78
136
23
29
166
319
296
91
294
327
176
236
228
277
337
225
49
215
180
99
60
239
206
204
277
289
100
213
56
38
319
373
276
60
153
305
358
242
215
290
191
33
229
381
100
215
44
152
271
64
177
233
114
374
133
144
229
358
214
384
280
174
39
389
268
351
101
386
91
164
205
176
142
227
155
75
387
60
249
44
48
386
128
173
119
21
180
383
317
192
93
84
74
55
340
10
177
174
164
257
243
45
310
185
204
248
227
84
322
72
260
294
47
10
153
236
299
300
296
168
154
142
154
103
238
117
315
205
368
300
222
342
152
10
309
52
321
3
161
161
191
230
8
385
86
351
59
243
59
343
170
204
255
10
307
53
69
344
316
166
31
35
159
282
109
364
388
254
317
60
27
225
84
102
9
104
135
48
28
276
214
142
159
317
233
85
307
386
367
264
341
360
68
224
184
195
3
181
235
156
181
350
93
333
58
75
323
351
90
236
130
382
106
184
59
379
261
151
165
32
389
333
294
122
9
214
125
342
229
224
214
208
224
4
182
194
246
34
266
231
232
347
194
192
154
370
236
397
90
203
313
180
64
85
120
214
398
385
89
13
9
190
285
208
127
70
338
97
394
14
203
177
21
42
390
229
53
370
12
323
212
75
354
376
396
278
252
336
73
278
238
233
361
6
150
242
257
211
68
350
203
379
275
15
258
151
317
118
5
344
31
64
52
378
145
246
214
328
293
374
120
361
299
389
299
398
79
42
223
183
325
16
21
362
102
165
138
97
375
23
321
48
387
223
207
42
198
154
264
239
184
0
