     1.878579157     0.9952223857      1.177646645     0.9502185254      1.143265813                1      1.091402094      0.938598043     0.9086245605     0.7086770952      1.004067741      1.260278916      1.399460607     0.9972613398      1.326943223      1.078243921     0.9531237962      1.243760969     0.8358757611 
      1.04241986      1.319152496      1.611700516      1.644509679      1.830894406                1      1.110679344      1.132306663      1.465233045       2.88195252      3.979325979      4.860256532      3.802154026      3.734717327      2.841594291      2.757926893      2.006342898      2.197719048      1.539869701 
     1.112529485      1.078710986     0.8896534639     0.8390594707      0.892442625                1     0.9149553437     0.8649336211     0.8019211724      1.257276161      1.699835584      1.251431056      1.013878018      1.369895841     0.8904491672      3.750294263      1.070973088      1.083781459      1.330430256 
     1.542505621      1.031969631     0.9208323823     0.8656581113     0.8255543125                1      0.885562875     0.8392633037      1.077128971      1.067838266     0.7951683879     0.7515573279     0.7260136174      0.745758087     0.9070825835     0.6159249523     0.7738469852     0.9939915161     0.8026583312 
     1.595105244      1.577544002      1.424136323       1.09947626       1.33388175                1     0.9556461875     0.9237555586     0.9772729995     0.8928552859      1.973671405      1.744004845      1.550673252      1.464890047      1.923378302      6.093631823      9.893812251      3.698393585      3.449027873 
     1.621654584      1.979268789      1.252571424      1.349948564      1.068478094                1         1.350269      1.191085489     0.9280875684      1.028064846     0.9542994799     0.9126217615     0.9477217501     0.7995218828     0.7093604567      2.086430901      1.072233719     0.5941877575     0.5471524488 
     1.592631964      1.001440803      1.231112064      1.318747348      0.959778125                1      1.095703969      0.884219123      1.032980311       1.47655149     0.8644877207       1.16509756     0.6605022132     0.6803810704     0.3924706864     0.2690365208     0.2560013354     0.2653247893     0.2516116354 
     2.323090363      1.672853472      1.250630484      2.112097742        1.4233695                1     0.9913659375      1.079856922      1.437233735      1.243435359     0.7200934548     0.9511305611     0.7222376942     0.8142561057      0.851556542     0.8025108422       1.09119812     0.6393631827      0.610043899 
     1.653707041      1.493162835      1.356223959      1.212824254      1.121483844                1       0.93245925      0.998909625     0.9589860161     0.8415143737      1.560344372      1.712900803      3.204463697      1.760467936      1.560405532      1.144995735     0.5506218576     0.4702542487      1.098246048 
     1.606439182      1.164494068      1.228600844      1.437606342      1.072982563                1     0.8881593437     0.9451423301     0.8990925171     0.9259047335      1.114435616     0.9252353099     0.6727548973     0.5434055383     0.3483004648     0.3646416921     0.2296173587      0.332405605     0.3557081897 
     1.355710841      1.146731584     0.7789890039     0.6968613271         0.659556                1     0.9010718125     0.7289908926     0.7584350562     0.6965598276      1.074339053       1.04522789      1.203669418     0.6955445379     0.7728430283      0.807206334      1.137738757      1.662109282      0.708526545 
     1.183547792      1.544732314      1.006132451     0.9017781602     0.8982411875                1     0.8247007187     0.9977950752     0.9177544685      1.378645854      1.351321834      1.139337094      1.270673505     0.9717239311      1.115083653      0.761566455     0.6835611096     0.4812216916     0.5790413146 
      2.76337729      2.374334779      2.083196283      1.779383966      1.237609187                1     0.9990412813      1.133067525      1.091135698       2.24010189      2.985934312      2.760592982      3.130206639       8.17222993      19.28731413      2.621931719      16.21237673      7.373709042      2.714931037 
     1.446644993     0.8396031304     0.9268294082      1.003215889       0.81584375                1     0.9832735625     0.7856890996      1.217706771      1.270995312     0.8979478526     0.9812318263     0.9057571897      1.173942572      1.595550507      2.578526764      1.961875572      1.861572403      2.882674269 
    0.9082998677     0.9933810422     0.9241011836     0.6757790664        0.7083475                1     0.8840820937     0.9299965898      1.034058401     0.9701611134      1.093328045     0.9940529198     0.9013387395     0.8918593188     0.8512754036     0.8447490881     0.8986831588      1.086957173      2.888394102 
     1.522019549      1.020251448      1.018729033     0.9879289395     0.9734820313                1      1.040481125      1.323287373       1.20545467      1.149283228      1.179588273      2.457220273      1.890827144      2.442810076      3.755751041      2.175942523      2.214107576      6.278504896      8.874112442 
     1.599833534     0.8887447661     0.9766888916      1.022680443      1.123335719                1     0.9116336875     0.7620256309     0.7191025708     0.9271659736     0.8149095806     0.4918944012     0.4337734116     0.6070010733     0.7326812756     0.5761485929     0.6970332803     0.4428414735     0.9682877624 
     1.256890353     0.9509262997     0.7229799713     0.9809316123      1.210994219                1     0.9940317187      1.113443805      1.036359545     0.9175521753     0.8751828003     0.9332425216     0.8843683778      1.062097248      1.186297324      1.344260143     0.5828316917     0.5895062655     0.5808292693 
     1.561948951      1.878570441      1.045190386      1.042342672      1.173731375                1      1.215105344      1.047848125      1.216244379      1.134515284     0.9882503005      1.107808515     0.9596256982      1.025628316     0.9251456684       1.40329702       1.37336463     0.8356022726     0.5005281581 
      1.29657681      1.649042002      1.553746875      1.307624391     0.9319385938                1     0.7334330313     0.7919749648      0.603865957     0.5945878176     0.5728875359     0.6540277991      1.091959336     0.6738737756     0.7522907793     0.4955353725     0.6923769853     0.7632181065      5.069640889 
     1.129339311      1.259553198      1.114809656      1.158154346      1.013412594                1     0.9195607813      1.053869344     0.8761495684     0.8811147568      1.027012783     0.7534583395      1.237646725       1.26391637     0.7944006627      0.604174097     0.4338248372     0.5908126322     0.8686948025 
    0.6795897833      0.786697201     0.8694941328     0.9687267949       0.78702975                1        1.0259195       0.81831725     0.6748383601     0.8540985662     0.7078335594     0.7753078502     0.5258051266     0.6407417299     0.5005609478      1.247084403      2.095303438      2.770643542      7.252641129 
     1.258349524      1.323637146      1.336046742     0.9375219756      1.167507562                1      1.077413219     0.8818415977      0.806914019      0.995205793      1.084786196     0.6951158843       1.30518594     0.8005647536     0.8820460968     0.7275593854     0.4921366636      0.885837566     0.5713121666 
       1.4589922      1.017211504      1.059440156     0.8899822695      1.151607688                1      1.025409844     0.8901976309     0.8423687148      0.779426983     0.8656194446     0.9396255408      0.848482765     0.6200445971     0.5840102648      1.002983127     0.5301358867     0.5002002762     0.7072812092 
     1.460255825     0.7490146938     0.8596042623     0.9357722432     0.9051579687                1     0.9555385312      1.099114898     0.6812352878      1.004995964     0.7173380859     0.8423391888      1.098605043      0.503278574     0.7490332515     0.8757137023     0.9743927753     0.9332702835     0.6443345223 
     1.467409136      1.852603024      1.790227126       1.18985406       1.01326375                1      1.017663312     0.9067854102     0.6925097344     0.5882980731     0.5940205689     0.8977812379     0.6312314463      1.487501062     0.9660919373      1.945225522      2.282639324       1.42208324      1.306668992 
     1.600931213      1.024946905      1.205512483     0.9726760273      1.224048188                1      1.067233594      1.254491391      1.289222022      2.185634661      3.246202811      4.308680908      2.775647055      2.919971746      1.682072869      1.374510704      1.289472833     0.7529067887     0.4695636638 
     1.661969504      1.579396938      1.478026863      1.165760721      1.275223063                1         0.965499     0.8256172148     0.7735090681     0.5606193666      0.771233688       0.52731499     0.6232870772     0.5210029958     0.5493737412     0.4033998908     0.3428070744     0.3161587395      0.388339493 
     2.519812442       1.77549575        1.6100169      1.943105254      1.281726813                1     0.7485069375     0.7113326367     0.7021170425     0.5967318899     0.7765838423     0.4910492183     0.3365215541     0.5253872565     0.3418761723     0.3524248101     0.2687200775     0.5206676582     0.5047350272 
     1.170137275      1.260525709      1.033894382      1.154464391      1.012293281                1     0.9606248437      1.030168125       1.09035842     0.7050351507     0.9743537578      1.292429053      0.519871362     0.7145763795       1.51708279      1.414263884     0.8811911707      1.345646864      1.017940433 
     2.606084839      2.862860355      1.958375484      1.866836449      1.161546625                1      1.211255188      1.272703035      1.076133795     0.7866219393     0.7390592668     0.7766125397     0.9516419081     0.7717884693      1.497438041     0.9285915098     0.9025858749     0.8727970896      1.422231665 
     2.091182528       1.78231472      1.429660283      1.318767127      1.164164812                1      1.079484312     0.8648971758     0.6885072407     0.7560945331     0.7627596273     0.9198376775      1.169161951     0.7754809172     0.7909520286      1.474411712      1.610669607      2.096373232      2.359190511 
     1.487429931      2.379869005      1.624436239      1.576312191      1.238742906                1      1.219585969      1.378660402      1.119928217      1.117365297      1.104431182     0.9993775778     0.9861962706      1.066951623     0.9280951703      1.149948797     0.8377521943      1.064654238      2.577992756 
     1.589281609      1.379918977      1.275809265      1.305789769     0.8720564687                1     0.9299685625     0.6339122803     0.5100908252     0.6920011377     0.7719124112      1.072494877      1.083082524     0.6495540698     0.7495331185     0.7291607344     0.5081902022     0.5355922805     0.7697630493 
     1.795960905      1.803274232      1.481129909      1.078609523      1.193737656                1      1.015421906      1.003863194     0.7895951426     0.7826995613     0.9779947899     0.9356181355     0.5533831028     0.5125711968     0.3667849639     0.4097854244     0.2638150711     0.5315032905     0.3630404372 
     1.260254627      0.991571103     0.8771285774     0.7493740947     0.9993817187                1      1.382723063       1.02705017      1.085255744     0.9767984688      0.786658588     0.9887532266      0.968117658     0.7790086771     0.6830681974     0.9682607738     0.6786119059      1.107066584     0.7697264406 
    0.9279089522      1.017318634     0.8909414712     0.9625713389     0.7498247813                1       0.84932375     0.7319131758     0.7658425132     0.4830118975     0.5082453861     0.7570476209     0.4658636221     0.4282479651     0.3737264231     0.3013827861     0.2273518826      0.229093725     0.2394645201 
       1.1524333      1.664805704      1.499688516      1.048208322      1.305270625                1      1.064493219     0.9814935732      0.773720024     0.7673311044      1.045636909     0.7803428221     0.7744978964      1.128493072     0.8590189911     0.8322583646     0.7713810296       1.00063421      1.768724929 
      1.36562487      1.409603923      1.702245647      1.149248646     0.9679065313                1     0.9415139375      0.728154792     0.7081221046     0.8140448556     0.7365995267     0.7493090147     0.7335644547      1.021861114     0.7016221164     0.6998239908     0.2911424532     0.3084300139     0.2050179159 
    0.9857740675      1.145050948      1.097932137     0.9152036143      0.967836125                1      1.001013219      1.357252346      1.212219661     0.8044177454     0.5862494306     0.6367575387     0.9007844424     0.5738945386     0.9905194983     0.7246996776      1.061943338     0.6391482058      1.334713485 
    0.9454349532      1.067999454      1.098172171      1.058818203     0.7715056875                1     0.6873390313     0.7725551104       0.65520471     0.5714976358      0.709816722     0.6372856704      1.235423527      1.328843655     0.8415532416     0.6360179118      1.233427848      1.255605777      1.335910178 
     2.841159026      1.493901484      1.076014777     0.8128507949     0.7256357188                1     0.9392233437     0.8543987148     0.7250646052     0.5943343367     0.5411820015     0.4881354075     0.3816154038     0.3041597502     0.1774031515      0.185640516     0.2306446204     0.1838033441     0.2209211075 
      1.17204702      1.447653668      1.121652774      1.103752053      0.975706625                1     0.6959150312     0.8162528359      0.752792192     0.8446470101     0.7506270641     0.6939691667      0.690208949     0.9488881418     0.8421001469     0.5965077923      0.732707044     0.7304967569     0.5022928587 
     9.612564206      4.596895065      3.202629944      1.820622748      1.357757719                1      1.304139656      1.094384096      1.361403246     0.7900859951     0.9795514572     0.8135464073      1.753594989       1.01737054     0.5495106832     0.6499213943     0.4588679756      1.224545792     0.4938957837 
     1.657923253       1.51800366      1.067250137     0.9256734727     0.9678679062                1     0.8690624375     0.9179874023     0.8793461482     0.7248605176     0.5119168605     0.3910913337      0.371161051     0.4170312616     0.3474122057     0.4907863946     0.5624210142     0.4298143234      0.501006321 
     0.778706636     0.7636618914     0.8020664429     0.8574066973     0.8363869375                1     0.8232549375     0.9726490059      0.881855153      1.177869689     0.9481183625     0.9060586922     0.6555912819     0.8668598446     0.4983010207     0.5269156816     0.7324945484     0.7728483732     0.5180760278 
     1.210153713     0.9381694742      1.045207171     0.8580653828     0.7634909687                1      0.734812625     0.7977694238      1.024758245     0.7372030442     0.8070655027     0.7236185681     0.6817630012     0.7925330911     0.5527730767     0.5060835533     0.4788249722     0.3485237133     0.4069277391 
       1.3707857       1.29215885      1.198091455      1.198997172      1.138946875                1     0.9550385312      0.901008624     0.9419544785     0.7698297188      1.587938391       1.29641269     0.9139426516      1.233614558      2.563581173      1.594073127     0.8930230274      2.188001284      2.359881538 
     2.277914648       1.63676837      1.225798728      1.079773269      1.256413156                1      1.002718156     0.9451783066     0.8024733013     0.5257483674     0.4399508907     0.4394608332     0.4529333843     0.3329714144     0.2750256972     0.2671691725     0.2109048927     0.3542329165     0.5248216509 
     1.201413313     0.9205379976     0.9281275117     0.9561310518      1.014090156                1      1.201824062      1.380385661      1.346089147      1.660316515      1.880367596      1.566133257      1.222943141     0.6505824862      2.079818947      1.566077383     0.6911314828     0.5193989105     0.4417285534 
    0.9051352448      0.890809895     0.6804936865     0.6932515898       0.87348975                1      1.080275812      0.942716416     0.8399768823     0.6850540425     0.6531178603     0.5414682023      0.586035897     0.3804188542     0.3750602108     0.3469284512     0.2947810337     0.4487807599     0.5607109302 
     1.638328548      1.151460301      1.147884123     0.9149961523      1.014420375                1      1.150050563      1.130858613      1.152471488      1.039604445     0.9860717962     0.9809479041     0.9327786512     0.8243244747     0.5252905109      0.841700413     0.9160373302      1.103501348       1.96449709 
     1.521581358      1.027368836     0.8546926075      1.043135602      1.047513937                1     0.8948385625     0.6634349512     0.4703670059     0.4719404138     0.3635631257     0.4023939764       0.61204883     0.4911249328     0.3726063607      0.717856153     0.6433130301     0.4009747724     0.6199840181 
    0.8539557287      1.263273318      1.134193005       1.13733707     0.8416022813                1     0.7383960625      1.005512397     0.9607238636     0.7896006476      1.405072174      1.798115114      2.010591148      1.108970714      0.788004507     0.4990704649     0.6811727621     0.5612761141     0.7263828374 
     1.916397943      2.222988448      1.185810702      1.157778294      1.095009469                1      1.087529188      1.182931484      1.057698259      1.656744401      1.903173591      1.231525906     0.9820501896     0.9196713376     0.7648427962      0.747326081     0.9778943202      0.917214099     0.7542397171 
     1.093380903      1.282102824      1.090249125      1.021772473      1.097537969                1     0.8430165625     0.6096242041     0.5234183024     0.7249560664      0.701497659     0.9085773919     0.9341494348     0.5272455585     0.5432741973     0.2695890464     0.2777674424     0.4482986106     0.4163325665 
     1.203243827     0.9140095273      1.274959992      1.129406773      1.167414594                1      1.456027813      1.339688842      1.331377504      1.133392109     0.9601197015      1.055558652     0.9378864886     0.6434134005      0.647767742      0.448349587     0.6842395506     0.4989982285     0.8379505396 
     1.456940376      1.267297584      1.522025002      1.280604513      1.129669125                1     0.9522689687      0.789616998       0.59841896     0.4258775228     0.5384569202     0.4487596553     0.5410865629     0.4332745021      0.358530306     0.4116502907     0.1920932539     0.4795487953     0.5732389755 
     1.158581806     0.9220655162      0.972362146     0.9152279775     0.9377566875                1     0.9261516563      0.723053209     0.7537497236     0.9013691055     0.8696160128     0.8379821856     0.8776834438     0.7168655978     0.5343784451     0.6165116906     0.7529223155     0.4701964572     0.7449214287 
     2.269027134        2.5374611      1.898512396      1.440326336      1.208627844                1      1.255919688      1.786827531      1.299318949      1.267544309     0.8762858294     0.8531596611     0.6039491683      0.607907933     0.5568237012     0.4136564933     0.4301245825     0.3298442572     0.9367919461 
     4.086266058      1.434814299       1.22121899      1.333606047     0.8656022188                1     0.9246744062      1.054428985      0.917774439      0.914122629      1.014616526     0.5552768496     0.6923506586     0.7315802753     0.5616501522     0.8150885562     0.8454420406     0.4951668468     0.4807233879 
     1.386830404      1.178514046      1.218242733      1.102575257      1.347740781                1      1.073071906      1.446621254      1.407229996      1.079356068     0.9843572055     0.8308367353      1.033287171      1.105664462     0.6055117124     0.6804396208     0.4100996972     0.7712435815       1.89426029 
    0.8316326886     0.8991359056     0.7497083569     0.9695424033      1.044716062                1      1.025309844       1.06189759      1.119294716      1.230610541      1.387785083      1.693117926      1.324821396     0.8930458839      1.084299123      1.126002852     0.6441292944     0.8543350046      1.039029343 
    0.7457072552      1.491111252      1.055898711      1.231033264      1.096039687                1      1.072097719      1.108109387       1.51210879      1.085765814      1.107797726      1.132764341      2.379956531       1.55094711     0.9129830185     0.9588777934     0.8762825639     0.9797071526      1.001867142 
     0.981246296      1.060408695      1.217415147      1.115932643      1.007818344                1     0.9448775312     0.8256093984     0.7481570859     0.6108281595     0.4076282524     0.3701780458     0.3495277358     0.2587141003     0.2671898568     0.2466121025     0.4368259963     0.6932781479     0.5324182051 
    0.9900377128     0.9246321886     0.8064129688     0.9264478574     0.7482425312                1     0.9585791875      1.119638789      1.705405587      1.622599377       1.71764552        1.7839032     0.6909505368      1.210767341      1.856652773      1.459292299      3.391640568      3.924283411      1.333858646 
     2.525281765      1.258409977       1.00309339      1.361926923     0.8361597812                1     0.8125977187     0.7261128379     0.9303406973     0.8307597341     0.5828272299     0.8667390083     0.5307436091     0.3504876268     0.3671121627     0.4451169776     0.4811236837     0.3365886438     0.3674199045 
       1.3615371      1.431322381       1.11916628      1.124930939      1.251322625                1     0.9830102187     0.9033464492     0.8779197959     0.7179177199     0.5982180072     0.6562182285     0.7901078897     0.5452418554     0.6134057739     0.9601806389     0.8566402865      1.180083711      1.315923258 
      1.51834456      1.211770958      1.259722799      1.420566385      1.271976281                1     0.9574250937     0.9170685684     0.7472578701     0.8110746167      1.100395982      1.218874345      1.026110549       1.05973546      1.100039351      2.407439942      1.240460811     0.6775684073      1.098578098 
    0.9785902652      0.764881481     0.6396222732     0.7431708555     0.8160631563                1      1.285496094      1.191574184     0.9030318071     0.7652472969     0.6601916054     0.7124700148      1.106177633      1.431549202      1.316373409      1.097970507      1.910217262       1.10551145     0.7723663824 
     2.080694582      1.161455532     0.8832459578      1.000885973      1.159415531                1      1.071968125     0.8762103867      0.807891561     0.6356711795     0.6764311689     0.6109522712     0.7993306139     0.7254747558     0.4185821024     0.5307365221     0.4688214137     0.5522250329     0.5469592164 
     1.228191177      1.209446634     0.9370496172     0.8862783711     0.9711084062                1      1.101190969     0.9569054678     0.8837776572      1.138324688     0.7410641161     0.7657791365     0.7663440568     0.9053714881     0.8049993995     0.8126913796      2.721171424      1.600661102      3.413231443 
     2.327331112      2.820928857      1.727213479      1.065470445      1.049805531                1      1.078654156     0.9165409668     0.9457566797      1.074658078     0.8350725182      1.142759932      1.166833297     0.9770245604     0.7364018369     0.5564166744     0.5750487179     0.6113633322      0.592806855 
     1.076894544      1.278842108      1.073961986      1.153367867      1.180225344                1     0.9134659687     0.9374096719      1.018501192      1.080619431     0.6773513538     0.8115801825     0.6419953573     0.5426326113     0.5924545352     0.5785570877     0.6166505004      1.361839987      3.433038512 
     1.535913205       2.13576908      1.161245141      1.116831477     0.9859169062                1      1.310904375       1.22751832      1.120530738     0.9608302893     0.8114596935     0.8315146918     0.8330365013       1.04289384     0.8017552178      1.139328459      1.454524856      1.573199069      2.108299221 
    0.9086959692      1.130436244     0.9071336367      1.068376867      1.111267812                1      1.022809531       1.12337375     0.9504296162     0.6589366855     0.5767651902     0.8542621166     0.5436900987     0.6995890129      0.370182885     0.3492704516     0.3852229234     0.4111432715      0.485606058 
     1.690044656      1.647471113      1.632513371      1.571930641      1.274104125                1      1.258891844      1.372878686     0.7861578193     0.8573424875     0.8348582834     0.8739025113     0.8922204503     0.7817001104      1.001655174     0.4532785386     0.9278637232      1.174504258      1.284548307 
     1.985705973      2.512306671      1.550828151      1.008985046      1.065378062                1       0.92229225     0.7911298008     0.9646788809     0.6001979575     0.6045558229     0.7808467742     0.4498480425      1.088877438     0.5763705398     0.4894126752      1.219648731     0.7539155248      3.298045486 
     1.156571613      1.250806138      1.328459396      0.998294665      1.400572688                1      1.146657562      1.114893465      1.090057273      0.855628274     0.8104970346     0.8701727526      1.601206796      1.590132701      1.120277835     0.6958970069     0.7879701868     0.9936548959      2.235086329 
     1.137744255      1.247275778     0.9956312461      1.020784536      1.138648156                1      0.639031625      0.653865582     0.5829117385     0.5634578383     0.8166907303     0.7436412697      1.147976658     0.7015763288     0.7037459857     0.8114892461      0.855292247     0.8309523521     0.6778381273 
     2.131611612      1.334453081      1.270696793     0.9700139316      1.179239125                1      1.045462969     0.7436681465     0.8839577205     0.8640162187      0.618267252      0.849833981     0.4776871462     0.5291690694     0.5009731835     0.3663642197     0.3777458755     0.4987535721     0.6482970234 
     1.192450301      1.083786712     0.7161947269     0.8870979941      1.052809094                1     0.7902218438     0.7638035352     0.6069404712     0.5715890698     0.6255384118     0.7326480201     0.4971440462     0.4786530497     0.4911366816     0.4677974047     0.7589133072     0.3840419559     0.6582723139 
     1.102676607     0.7845738173     0.7445590322     0.7493990313      0.929987875                1     0.8661511563     0.9544092266     0.7066058308     0.7269506381     0.8402144708     0.8716608354      1.161387511     0.7364877526      1.796144507      4.773518388      1.432027693     0.4264227053     0.9332839509 
     1.501605687      1.453267414      2.006008927      1.098454437      1.313970063                1      1.146679656     0.7405263057     0.9623395425     0.8162989276     0.9895915748      1.209623607      1.205861653       1.56061192      1.190993977      1.526335754      1.465793275      1.820999251       3.33866325 
     1.727768562      1.444181904      1.804098245      1.626312326      1.516288031                1       1.12910725     0.7362755957     0.8405686018      0.741478248     0.8699794307     0.5689934467     0.4516941201     0.5682540354     0.3897393049     0.2517371218     0.3204807588     0.3467797517      0.223405083 
    0.6107874489      1.122493868     0.8504773711      1.108069841      1.267466656                1     0.8706035313      1.193252395      1.251950696      1.075620753     0.9844467444     0.9221040456     0.9578221589      1.023215545      1.202065112      1.404496725      2.146885908      1.856342877        2.1947929 
     0.806258512     0.8887062563     0.8418255449     0.8730626523     0.7010273437                1       0.93389675     0.8352851025      1.069778246      1.253839474      1.655795664       1.89032808      1.281832413      1.762402812      2.044380783      1.491644654      1.427353217      1.827005305      4.188748744 
     1.887207073      2.204057731      1.633902222      1.040105128     0.9069332188                1      0.827755125     0.8078858975     0.7390857964       1.27256391      1.697497291      1.430372992      1.095962184     0.8337191548     0.6194152615      0.436348848     0.4304972127     0.6312876301     0.6081652279 
     1.205896273     0.7582400939     0.9755332716     0.8873921396      0.921699625                1     0.9160347813     0.9036107344      1.132906442      1.209845553     0.8787847349     0.8371532189     0.9453387615     0.7942673848     0.8041926268     0.5651464797     0.4558831701     0.5106587306      1.008575777 
     0.709228288      0.739831022     0.8364959485     0.8979030234      1.277434469                1      1.290184125     0.9616921211      1.118579095      1.398917997      2.060892875      1.972666991       5.36904589      2.057314905      1.246305069      1.228167382      1.335488945      1.654125397      1.626889146 
     1.152741082     0.8530370978     0.9680553413     0.9418394375      1.173686344                1     0.9868794063      1.025687453     0.9650339707      1.252370637      0.797765654     0.8354446455     0.6320691794     0.5484484005     0.4257184772     0.4737034498     0.3768121213     0.4597732992     0.7675208855 
     1.759979771      1.749710982      1.337738488     0.8756328496      1.107196719                1         0.921176      1.038642441     0.8535862998     0.9653910596     0.8125098562     0.7269137017     0.4471685324     0.3295550599     0.3087488273     0.2737366622     0.2773409908     0.2632700348     0.1535587664 
      1.51026797      1.399727102       1.27936934      1.160316883      1.122659219                1      1.008441156      0.852089833     0.6483879199     0.6851015682     0.5075599588     0.5405237555     0.7659491613     0.5870079781     0.6086317484     0.3668798486     0.2679169223        0.3008201     0.4987726325 
     1.458934416      1.652771757      1.629215885      1.388112539      1.124239062                1      0.889830125     0.7940227842     0.7057970371     0.6009206613     0.6285511775     0.6735587564      1.147874587     0.7729198966     0.8265111022      1.002372684     0.4887762159     0.7109422298     0.8504064708 
     1.717218086      1.645063022      1.081768693      1.220081254     0.9386590625                1      1.235595125      1.123932819      1.339851756     0.9828943625     0.7283160883     0.7134189097     0.5932323064     0.6620753126      0.568174545     0.5469846149     0.6772172797       1.25059605      1.136352423 
    0.8953327307     0.9636962665     0.7271405742     0.7449016523     0.9873003437                1      1.130889844     0.9937436729      1.040362191     0.7972388995     0.9473188341      1.018159325     0.8293412908      1.016197987     0.9870342064     0.6323421196     0.4836244598     0.7089295195       1.09489402 
     0.817793404      1.020078151     0.7599005635     0.8707338281      1.090715844                1      1.120303469      1.240919195     0.8173789736     0.6854333125     0.9148862858      1.235294442      1.726544563     0.8217871136     0.7224547688     0.6432006837     0.4403556726     0.2748035924     0.5773792674 
     1.659404581      1.341878932      1.055538248      1.208047996     0.8820350938                1         0.737062     0.8667101426     0.7248197588      0.562407001     0.6183608262      0.887477731      1.338056693      2.692903773      1.886138819      1.024600897     0.7539171316      1.368133237     0.7273051956 
     1.004029622       1.02032608     0.9581726934     0.9642704648     0.9960445625                1       0.98750175     0.6904040684     0.6377507798     0.8004951816     0.9765241684     0.9095297061      1.254354016     0.9154298616     0.8831528879     0.7763328913     0.7033674856     0.6480408451     0.5186399867 
     1.212364145      1.000500385     0.7939083394     0.9427092881     0.8326389688                1      1.148352969      1.091509686     0.9715378389      1.322301919      1.070745449     0.9498552556     0.8881170748      1.075543958     0.9713302507      0.966673508      1.488908489      1.350735196      1.122288666 
     2.597259554      2.452074729      1.887167897      1.500887716      1.314677281                1      1.096024969      1.138438176     0.9370973035     0.8090436205     0.8062329187     0.8712635755     0.8029731835     0.8371716185     0.8404106735     0.6113775672     0.3764948225     0.4224269136     0.5986151303 
     1.131165446      1.180210948     0.9510867554      1.039983951     0.9769810625                1     0.8749157188      0.797756373     0.7235260547     0.5615609396     0.4264220455     0.5673268225     0.4570707697     0.4183341251     0.2099841146     0.2114335547     0.2382264996     0.2073962575     0.4116241639 
     1.583929804      1.114617423      1.155289673      1.126935816      1.122159438                1      1.019180844      0.735800291      1.025661387     0.7334777484     0.8067094718     0.8938251242     0.8760904959      1.335233614      1.320272042      1.710988434      1.333567825      1.324136722      2.830378528 
     1.462859049      1.516244229      1.163859529      1.122891129     0.9365262188                1      1.328513438      1.418447143     0.9926285962     0.9218241841     0.8784283518      1.018744623      1.230197199      1.145892297     0.8773047182       1.78504942      2.342261009      1.709812525      1.494506957 
     1.698325819      1.540620729      1.643431886      1.196901975     0.9398601875                1        1.2052645      1.212774652     0.8154183379     0.7673450732      1.072553014      1.101054953      1.044780133      1.151926909     0.8785800654     0.8793130535      1.213082682      2.118387003      1.733363727 
     1.630791803     0.9916345608      1.226420562     0.8481680293      1.000770781                1     0.8012805625     0.7589519238     0.9503992927      0.972688939       1.55556809      1.022432874     0.5313440213     0.6716323947      1.138047589      1.038975156      1.993867776      3.200844772      4.180508695 
     2.506282055      1.241607919     0.9167177134      1.021866398      1.138697781                1          1.04761      1.071072301     0.8063049561     0.9404363989      1.048447013      1.025724553        1.3426511      1.040679791     0.6580669014     0.8374991537     0.4189106222     0.5604773757     0.4272131466 
     2.628215112      2.290818052      1.442128885      1.231058607      1.237016812                1      1.151203531       1.35946068      1.144632295      1.462059263      1.391173922        1.4148601      1.533771541      1.565066202      1.110928918       1.54333581      2.228919951      1.175642575      1.859219026 
    0.8628822484     0.9712160432     0.6077250186     0.8582453809         0.716112                1        0.8234855      1.126546014     0.9225460261     0.7153609999     0.6886261797     0.4874931448     0.5441504418     0.3088084002     0.4974162586     0.4405364461      0.519838911      1.423983538      1.609418711 
     1.189443631       1.92630747      1.104593391      1.149317912     0.9461075313                1        0.8948935     0.6112272832     0.7333079297      1.319058829      1.255505225      1.239600621      1.105677434     0.8515277934     0.6476930616     0.5012780874     0.6057641734      1.172697695      1.291869308 
     1.458279598      1.263922348     0.7904709076     0.7785841602        0.8528065                1      1.030085469      0.751127668     0.5321728633      1.035441753      1.805225009      1.756833307      1.649212646      1.445022546      1.318353191      1.155831154      1.698759558      1.720864338      2.386374307 
     2.173032203      2.008496385      1.504180916     0.8874806172      0.983592625                1         0.883403     0.7842068437      1.091058042     0.9290802195      1.220769214      1.037272822      1.032933147      2.142644296      1.278086938     0.7617124355     0.8442504119     0.8104489279     0.6871142563 
     2.688463457      2.271161925      1.514982876      2.030146901      1.605896656                1      1.219942625      1.613825109      2.321538294       2.19351955      1.637104647      1.834304251      3.498699241      1.708670373      1.376684164      1.480723056      1.989836116       2.43908888      1.128255359 
     1.223934746      1.478081647     0.8928343496      1.052449807      0.914193625                1      1.048307062     0.8627318574     0.6241924121     0.7024322721     0.5339882807      0.633826713     0.7657138993     0.5496556571     0.4753759312     0.6792625522     0.3656298922     0.5088728661     0.7737650572 
     1.164530507      1.086146267      1.163318016      1.078305704      1.163319844                1      0.988816375     0.8707798467     0.6025687802     0.5245675019     0.4106856739     0.4877074361     0.4581271688     0.3283269731     0.5576587264     0.6823581959      1.438487024      1.159219699     0.5660360871 
     2.268327029      1.484452482      2.505835005      1.451959516       1.82658175                1      1.086801094     0.9631604512     0.9261865112      0.812662323     0.6701170162     0.7930173912      0.958868115      0.745343835     0.6302168026     0.6665879346      0.576286486     0.4849589938     0.9218223083 
     2.327106564       1.99836832        1.5185311      1.361682236      1.020770281                1     0.8926102813     0.9988650762      1.009518176      1.269844068      2.689033118      2.557100966      1.847623519       1.43078463      2.240187615      2.464831801       4.28396185      2.153770088       4.88588155 
     1.846657969     0.9786881034      1.181101994      1.142205172     0.7173915313                1      0.849102375      1.022762273     0.9764518345      1.010002697      1.050655923      1.305558572     0.8575437124     0.9745557072      0.829726184     0.6079221881     0.9274778252      0.823285704     0.8184685125 
    0.7027425709     0.8703408502     0.9714097373     0.9292597969      0.838756625                1      1.159483656      1.371995722       1.54286033      1.361709948      1.172769031     0.8816959902     0.8678646114     0.5272361267     0.7318704544      1.273144822     0.8910362187      1.017744647     0.9837716786 
     1.810239924     0.9876734099      1.039685434     0.8884412471      1.062736625                1      1.076464063      1.351368677      1.330319024      2.868337531      2.785955846      2.341469187      2.097804572      5.726775873       6.85389367      4.457894724      3.971316544       8.29080936      18.95106494 
     1.583264733      1.833901105     0.9908104351     0.9800474209      0.876141125                1     0.7868634688      1.056083153      1.164542812     0.8553476353     0.7854477255     0.9037831028     0.8152071055     0.7439713536     0.6419804269      0.581848811     0.6579163035     0.6910048498     0.6195089662 
     1.640769859       1.25861653      1.154502612      1.080955098       1.05384425                1      1.019062188      1.057238416      1.005369403     0.9512525345      1.116919757     0.8540235475     0.7687858546     0.8545230895     0.9127855233     0.9233127673      0.929663581      1.502659907      2.503311336 
     1.418674017       1.18053922      1.163847086       1.32055054     0.8614631875                1      1.021467625      1.037932203      1.058293255      1.187398426      1.133890429      1.217451922      1.276905751     0.7380477058      0.814596556     0.9686084626       4.39004145      4.822230057      4.595514741 
     1.861874512      1.431955664      1.283496328         1.181116      1.054174875                1       1.14235925      1.259426617      1.511254672      1.704379525      2.616090606      2.873723371      4.990994382      5.185965292      2.495052582      3.843120856      7.256920692      1.709986211      1.541000174 
     1.168044433     0.9208782368      1.008587525        0.9190685     0.7418985625                1     0.8915776875     0.9501046172     0.7446850444      1.172208024      1.122966269     0.8286159967     0.7925771479     0.6865781496     0.6144736046     0.4811574681      0.462857875     0.3640953764     0.5334127876 
     1.069226395      1.219229817      1.057583463      1.073023191     0.8944777188                1      1.021863281     0.9330976904      1.102835734      1.076215408     0.9964412787     0.8249108049     0.9346200605      1.487094785      1.642804617      0.729829477     0.8005891259       0.98705434      1.446691109 
     1.308092116      1.548081794      1.370433324      1.371430592      1.064325094                1      1.005474844      1.181102773      0.971027813      1.043676412     0.6857792002      1.243304194      1.215618952       1.07591543     0.9660235849      1.141591206     0.8102971228     0.7406743719      1.435600728 
     1.759277137      1.542797709      1.612050336     0.9261784316         1.113052                1       1.22821575     0.9186915898     0.9830983008      1.208928047     0.6558537236     0.7851509821     0.6517223815     0.5955674659     0.8008185062     0.6225283948     0.6866617416     0.7466821788      1.083386216 
     1.227887241      1.045423486      1.400074993       1.11159981      1.016602094                1     0.9084967813     0.9994940469      0.540239926     0.6381256954     0.6428446377     0.7019986465     0.3530960471     0.4711202144     0.5257109889     0.3289595955     0.6157752842     0.4988489312     0.6219141538 
     1.559874197      1.875682037      1.389245861        1.1715395      1.123749063                1     0.9284744375      1.017033527      1.391998363      1.211119462      2.348150218     0.9913553133     0.8233966203     0.6864701818     0.9209694437      1.195663613      1.799919814      1.153910152      1.185488111 
      1.15760043      1.273920811      0.796217104     0.8193367422     0.8624405313                1       0.98176425     0.9011943926     0.5153860527     0.6551854514     0.7889072516     0.8079544457      1.108082034     0.6742661225      1.086071988     0.9122061785     0.8051472062      1.101078586       1.07211926 
     1.201601974     0.8516173921     0.7712396504     0.9111431016      0.926467125                1      1.007948844     0.9902353594      1.038616369     0.9134776894     0.8264700977     0.8308454285     0.7856239988     0.6692585617     0.5574174502     0.7589275517     0.6579239828     0.6014867145     0.6709318177 
     1.580585224      1.665549729      1.412209423      1.074495035      1.019155313                1     0.8384595937     0.7295609687     0.8826534727      0.612626663     0.5983830055      0.737574347     0.5354971653     0.3880180728     0.3291946501      0.359916798     0.2711619434     0.2636032402     0.2202331703 
     1.156973763      1.205422467      1.050993253     0.9676162227     0.9620459375                1         1.113903      1.374113143      1.063399627      1.356444712       0.88128598     0.9134002912      1.246373003     0.6928514632     0.6106110012      0.637306405     0.6632735781     0.7513704527     0.9019000285 
     1.652079762      1.573557393       1.30682458      1.511531309      1.001954812                1      1.153486812      1.585771229      1.269872195      1.363564592      2.182762828      1.653706701      1.614306256      1.227266659      1.685557027     0.9464786382      1.203914791       2.08739855      1.052177524 
     1.220290778      1.078490016     0.9764451035      1.060207058     0.9054876562                1     0.8110101562     0.7022791299     0.5379397817     0.5979138798     0.3646318361     0.5535765912     0.3161773474     0.3382154931     0.3136293263     0.4841868857      0.544696923     0.3645561869     0.2720105057 
      1.57891968      1.468354345      1.338556251      1.330897869      1.099003375                1     0.7626865313     0.8003037725     0.7884059764     0.6385712701     0.8368274908     0.4775911345     0.4665264436     0.1997577659     0.3352504752     0.2932215054     0.3157346427     0.2875333925      0.334249508 
     1.535371898     0.7841471272     0.5937095386     0.8494460645     0.9837071875                1     0.9609345625      1.121631321      1.185590568     0.9386883979      0.635770724     0.6469938984     0.5839788268      0.603234886     0.8919873772     0.8013054779     0.7646105527     0.5924757547     0.9522873809 
    0.7532795991     0.8837931187     0.7428771553     0.8348261836      0.801029875                1     0.6200337813     0.7146850869     0.6552639753     0.5055520895     0.5435164777        0.4028494     0.5135136846     0.5252474954     0.3952467461     0.8770267271      2.575534536      1.181168487     0.5352301584 
    0.8304477166     0.8446065127     0.9094758369      1.057835484      1.209865438                1      0.815207625     0.7293670029     0.7020236587     0.5445719612     0.4150967565      0.456261427     0.3756765211     0.4227771281     0.4235601021     0.4313015583     0.6039075263     0.6775729259     0.8415633657 
     1.122917507      1.009558366      1.093384884     0.8821923408       1.00841875                1      0.798215125     0.7563810332     0.7589749492     0.5920840708     0.6664152725     0.9322998575     0.6773411387     0.6488957317     0.6094810212      0.584875024     0.9925445555      1.575197792     0.6355719712 
     1.918608944      1.172418502        1.1237178      1.121159598      1.109639094                1      1.249500031      1.285715002     0.9389852758      1.208746796      1.159972439      1.098601322     0.8427683726     0.8120927819      1.091944936      1.438903707      1.831632301       0.69531654      1.256778502 
    0.8345930815     0.7282343651      0.661312916     0.8186559883      0.764441375                1     0.8085537812     0.7460149385     0.6911918022     0.6413440602     0.5235954801     0.5545337641     0.8200308764       1.30734173      1.394807761     0.7572923036      0.714862079     0.7400377801     0.7805967019 
    0.9108988287     0.9798170724     0.9491738437     0.6804256797         0.687513                1       1.05193325     0.8919577031     0.6958224087     0.6208903943     0.4939125484     0.5277058183     0.4486758535      0.514054668     0.5692663416       0.33751103     0.3952508619     0.8684132728     0.4725062354 
     2.580205428      1.865514846      1.299180626      1.151023832      1.041201375                1      1.314303719     0.9493535068      1.257569398      1.030334179      1.284198457      1.265982822      1.065174384       1.19606477     0.9833874966      1.192698971     0.6259572372     0.9397483778       1.30608193 
    0.6490664699     0.5725228892     0.5599367295     0.8464750098         0.843079                1       1.22917525     0.8870680527     0.8907560464     0.9233583661      1.346762344      3.523373196      3.625764657      3.223260141      3.525200423      3.154644367      2.474335517      2.433026741      1.702064877 
     0.951779262      1.163768772      1.026939767      0.737313998      1.044792062                1      1.252932906      1.076494664       1.04135687     0.8299231237      1.263196869      1.063562106     0.4490960448       0.48532904     0.6783171463     0.5054925956     0.8250830121      1.000645659      1.704722484 
     1.408028083      1.334746198      1.100321203      1.537682078      1.956758219                1      1.178271937      1.295859234      1.093387804      1.356434006      1.365697782      1.451218526      1.701087404      1.457597261      1.536684594      0.964195818     0.9694178055     0.5601986036     0.4702448153 
     1.579965936      1.260344549      1.120200357      1.054078313     0.9186815625                1      1.211030406      1.303699637      1.674345619      1.262179189      1.750597953       2.16776761      1.700092117      2.521662019       3.06946349      1.680653841      4.296679636      2.042646226      1.193124661 
      1.41692073     0.9925699325     0.6923862546     0.8036738789     0.8926543125                1     0.9480037812     0.9379144473      1.076107321      1.131588877      1.069904577      1.173978462      1.238791177      1.670046405      3.018346114      2.835698322      7.701791989      5.814168776      1.674751279 
     1.371477072      1.663261482      1.356216341      1.088462176     0.9766276563                1     0.9096444375     0.5936788633     0.8220973696     0.6908480062     0.8597045629     0.7475291852     0.6705885161     0.5869720465      0.453502935     0.7942107573      0.956925088     0.8374019739     0.7294088388 
     1.188169932      1.279652233       1.25682218      1.080679869      0.966772125                1     0.9223649062     0.9396557852      1.146141425     0.7129961262     0.5879521125     0.4451816579     0.3005231115      0.264321533     0.2621619026     0.1732900702     0.1363787849     0.1970613414     0.1517750188 
      2.54130816      2.223973468      1.360377459        1.0630816     0.9720796562                1      1.088711438       1.10955618      0.959770646     0.9925038582     0.8656331985      0.833266411     0.7175281521     0.6378310622     0.5076248721      0.475675064     0.9549591081     0.6147621696     0.8828002647 
     1.397742968      1.071181608      1.234697591       1.19546421      1.038364656                1      0.889668625     0.8775802793     0.7312408038     0.6986578636     0.6675370412     0.6190228945     0.4601826686     0.4814245855     0.7221565904     0.6165502901     0.6291911816      0.459875272     0.6297054679 
     1.115401454      1.302037387     0.9106992686     0.8021045127     0.9214296563                1     0.6832269688       0.83448975     0.8459475947     0.5708147026     0.5005907303     0.4683878078     0.5918250301     0.5057755714     0.5100491799     0.4111801341     0.3462321739     0.1833357703     0.2590054503 
     1.266569695      1.053258239     0.9121251396       1.05250088     0.9177263125                1       1.02063325     0.9802431465      1.127164188     0.9009906234     0.8774406213     0.5114298659     0.6743025965     0.6162881263     0.5536529604      1.122256601     0.7410521116       1.69092535      1.800411385 
     7.608350989      2.350569766      1.352532973       1.28978107      1.228848594                1      1.050887344      1.447295016      1.164047992      1.508492831       2.01632317      1.197830854      1.645441209      1.878180564      1.055071224     0.6410478973      0.857249017     0.7304032399     0.9130187013 
    0.9672640331      1.057245276      1.737557315      1.276020398      1.058130125                1       0.86130475     0.7682716025     0.7019028082     0.7670803352     0.8760444987     0.6891907615     0.9289406454       1.36899581      1.770676938      0.960599291     0.9247885142       2.88799196      3.453611391 
    0.8847077321      0.971010013     0.7784159028      1.033075332      1.219355188                1      1.146194719     0.6631363311     0.5522469878     0.5492867126     0.4392800155     0.5356198995     0.7356805549      1.489638085      1.079395403      1.820228513      1.053575569     0.6638977792     0.7339631045 
     2.304196343      1.218884403       1.03484993     0.8823583047      1.026387063                1      1.043982281     0.9805027061      1.398031602      1.460283858      1.266875058      1.059053486      1.127892901      0.923594783      1.033967509     0.8884715879      1.222240095      1.470368443       1.06353316 
    0.9156515853      1.017546371     0.8098570166      0.906601041      0.859392375                1      1.012473562      1.054609367      1.211588405      1.255180363      1.601804458      1.395415378     0.8083105908     0.8775318494       1.12896386     0.8468949854      2.702255341      1.703034401     0.9300465689 
     2.324283081      1.504035928      1.330088098      1.558109722      1.259796344                1     0.8781155937     0.7084379785     0.7408316311     0.6597483187     0.5139903668     0.3931728689     0.5296486961     0.6299969301     0.6067144299     0.8262818438     0.6431174167      1.244853712     0.9822780649 
     1.082891185      1.116842525     0.8263146008     0.9474407178      1.126150906                1      1.016089906     0.7417760156     0.7806046697     0.7994630044     0.4452399369     0.6022094324     0.5663295046     0.8294628404     0.4850335904     0.4097548846     0.5693824624     0.3916017879     0.3235802104 
     3.806139237      1.770513781      1.244345842      1.109268342      1.327104312                1     0.9926049063      1.120101754     0.9028604893     0.9565847231     0.8748124984     0.7335892757     0.8590315431     0.5625864529     0.9891343032     0.9136196913     0.7181052686     0.5455014066      0.469521129 
     2.250925743       2.02350142      1.514869838      1.203917186      1.377814969                1      1.092039594       1.08699363       1.20309804       1.12466797      1.056608019     0.7673734028     0.6142374137     0.6078099284      1.246009259     0.5628813528     0.6113079828     0.3790251537     0.5689444436 
     1.154937503     0.7898777188     0.8409835156     0.8767479287     0.8907082188                1     0.7937576563      1.145596212     0.9640661111     0.9792154163     0.9150142454      2.229742718      2.052415433      2.550097982      3.799562864      3.652765783      3.998528888       3.15436113      7.119003649 
     1.585490181      2.177294496      4.448648148      1.706170586      1.412863719                1     0.9797096562     0.8197917627     0.9767562395     0.8221170731     0.7204130545     0.7025064955     0.6749652432     0.6522307995     0.5333710693     0.7718732957     0.7600168757     0.9484004326      0.926609409 
     1.067506832     0.8833208252      0.961629311      1.119306734           1.3016                1      1.199985375     0.9784021074      1.121578987     0.9024510637     0.9680681689     0.5553318484     0.4988339959     0.6721096995     0.6545168078     0.6663926818     0.8383439532      1.030043254     0.4038553848 
     1.186017234      1.082165279       1.12313057      1.134347106       0.96975875                1     0.9673933437      0.865368541     0.9100541342      1.142974341     0.7760470101      1.093066042      1.256159677      1.449508219      2.921183472      2.090654255      2.079975517      1.755927102      1.360603872 
     1.572566312       1.10453514      1.191205758      1.001091057     0.9288465625                1      1.063400844      1.432538883      1.325789371      1.105063486      1.608496388      1.497195957      2.931362056      1.672786378     0.8825863676     0.4956670936     0.5054230246      1.122950685     0.9695714043 
    0.9025435796     0.7724523908     0.9691526487     0.8877449072     0.9595379375                1      1.195126938      1.077138828      1.371793248      1.834089443      2.016038456      2.923422137      2.527604779       3.09379959      2.619794827     0.8603482057       1.20943395      1.682206545      1.154202356 
     1.379690218     0.9164145941      1.376972931      1.065582575      1.188777344                1      1.250745344      1.282514254     0.9585696655     0.9992657618      1.036463621      1.185882189      1.144956474      1.394581615     0.9896207428     0.9873403168      1.349374478     0.8865189429     0.6777944173 
      1.16184571      1.065714881      1.697360405      1.119034133      1.038012656                1       0.85532525      1.007728531      0.863324834     0.8050458062     0.9190880246       1.13540541      1.638191723     0.9028655046     0.6167425009     0.5511876433     0.7848369691      1.018121313     0.7588896411 
    0.9010730624      1.843241613      1.323588855      1.332459492     0.9874622813                1     0.9261383125      1.012168266      1.066372106     0.8973886234     0.6553873507     0.5748403218     0.5271081863     0.6354871803      0.630694126     0.3732554843     0.2439203658     0.2010873749     0.2997238414 
     1.263059834      1.321738478       1.22751208      1.121677154      1.156733531                1     0.9778598125      1.300354596      1.133872495     0.9859627834     0.8161869056     0.8619616271     0.7392284455      0.742195401     0.3556924221     0.3570233848     0.3126107072     0.4177635861       0.39255184 
    0.6430569303     0.5592651156     0.6893516187     0.7047026758     0.8459957813                1     0.9622810938      0.938845668     0.9164794956     0.9568104254      1.103027465      0.509700976     0.4619174615     0.5000002786     0.2744910924     0.2916643583     0.2483202688     0.6336319852      0.284156413 
     1.142923534      1.078866794      1.575127857      1.266864504     0.9992469062                1      1.188665656      1.050947957     0.5745151749     0.7845277866     0.5520396054     0.6152278759      0.883679509      1.337677731     0.7050350483     0.9335904431     0.5981602867     0.2874411495     0.2333465198 
     1.408680135      1.533052717       1.21744634      1.222583672     0.9406334688                1     0.8933819375      1.127647324       1.11492928     0.9765212754     0.8873711677     0.7145399895     0.7655536385      1.252239679      1.260009173      2.281054686      2.900267823      1.649880241     0.3989787077 
      3.87165055      2.194262403      2.205747534      1.188195637     0.7813174375                1      1.096735937      1.499971703       1.21836256      1.164976161      1.107822512      1.208476865     0.9217298382     0.9654100254      1.140892829     0.8582006421     0.5605519387     0.6164755937     0.8755670067 
     1.181713413      1.374375879      1.021051868     0.9412357598      0.712333125                1     0.8038628438     0.9684372266     0.7415786367     0.7025575479     0.8069846241     0.7989531476     0.7030393221     0.7308962787     0.7056351769     0.6426659948     0.6866032767     0.4591506497     0.3100729915 
     4.596996379       2.60378865      1.526252173      1.101393648      1.084442719                1     0.9995036875      0.887782374     0.8193561309       1.01414716      1.131017381      1.495114116      1.214518219      1.282494962      1.181618128      1.354403503      1.234211545     0.8182621062     0.9035030364 
    0.8790797295     0.8454257244       1.24223453     0.8682318203     0.9053551562                1      1.048630875      1.012588722      1.019017102      1.149448697      1.050355565     0.7607797831     0.8202308733     0.6275245706     0.6814864593     0.4439824587     0.5077837151      1.050957837      1.078574898 
     1.008864552     0.9376825758      1.213499741      1.385301459      1.439397875                1      1.042603844      1.006917706     0.8918107317     0.7774454664     0.7837379342      0.702041231     0.7728148311     0.5328895969     0.6076387564      1.114630038      1.037931518      1.361722386      1.377110963 
     1.259221396      1.270676434      0.866171251     0.8421745801     0.9425336875                1      1.059846625     0.9901635977      1.072071568     0.9752949451     0.9313361278      1.058591542     0.9433252744     0.7897783056     0.9383479121       1.19316295     0.7913084849     0.3486638909     0.3646606898 
     1.426492834      1.147688719      1.084895621      1.114991757     0.8795800625                1      1.177185094     0.8603956172      0.798929959     0.8992829657     0.7423466515     0.8564192137     0.7433494487     0.9031657022     0.8953292888     0.9019557731      0.708708994      0.612335712     0.6377331524 
     1.098574296     0.6096700415     0.7681367051     0.6661404297     0.8744814375                1     0.7222770313      0.900350835     0.6889858174     0.7790467407     0.7312252643      1.211893082     0.7785453208     0.9505887151     0.8445838456     0.7305206029     0.7087677679     0.8751466585     0.8340863825 
     1.367839016      1.112036763      1.112010119      1.000651229     0.9581364375                1      0.862855375     0.8888318555     0.9975464531      1.073369379      1.716672595      1.279898935      1.724767805      1.461417634      1.656599736      1.316537797      0.964071102      1.209667523      2.276250076 
     1.923428528     0.7682804272     0.8783149888     0.9546642061      1.021050781                1      1.058412406     0.9453889766      1.292137896     0.7767078935      1.457206834      5.759612487      4.327272069       2.92084452      2.633136388      2.027287107      1.874741177      2.183697222       2.52784132 
     1.654205651       1.59879749      1.217278099      1.272648992     0.9027527812                1     0.8603113438     0.9683157959     0.7818956714      0.975895728     0.6682313485     0.8351762602     0.8611594296      1.672832701     0.8126755405     0.8113332798     0.5610357545     0.5630166525      1.025544015 
     1.005265948      1.025304035     0.9765842402      1.056108049     0.9334613438                1     0.9983094688     0.9112808008      1.191654752      1.025626313      1.033932596      1.709958193       2.09473591      1.410459957       1.86859282     0.6610686178      0.692555682     0.6418307719     0.5082760702 
     1.911784347      1.121633825      1.319240202      0.992627957      1.014693125                1       1.32017675      1.089990921     0.9741653689       1.25542526      1.009865726     0.8034788935     0.6939582064     0.5112790573      0.484217347     0.4207945439     0.4373534052      1.009764835      1.572678186 
    0.9240605233      1.107419259     0.9329548125     0.9792203203      1.053554031                1      1.095662156     0.8476709541     0.8055883208     0.6460049924     0.6853446307      0.504544542     0.4373023034     0.3386516136     0.3558724732     0.2759045609      0.318572635     0.2200426909     0.3576228349 
     1.120914573      1.489362754     0.9746015824      1.122617411      1.126138594                1     0.9474696875     0.7394313477      1.106946512     0.8682155116     0.7599819253     0.6068982497     0.6860902501     0.7743241376     0.4150585764     0.5867954162     0.3732042626     0.3683694292     0.3849807452 
     1.157266799      1.697481738       1.04908336      1.174405527      1.042355969                1      1.237031969      1.233555086      1.264635815      1.241439621      1.277671194     0.9313079584     0.8523930779     0.6494478245     0.8727062079     0.9078213736     0.8972338089      2.289870016      2.403121549 
     1.572434781      1.367653853      1.019154856      1.300343148       0.96104925                1     0.9441742187      1.156897703      1.060488771      2.569969094      1.645733399        2.2484752      1.810475231       2.13297325       1.36061691      0.876966191      2.095541917      1.763335701      2.874558357 
      1.41335076      1.198784107       1.28145477     0.9105948613     0.8070890625                1      1.133706281      1.099687816     0.7502983936     0.8396430059     0.5433447286     0.6717841375     0.6533989644     0.5073116749     0.6226569852     0.4881980311     0.4026512203     0.4579195026     0.4356342526 
     3.537394869      4.128153617      1.360998581      1.770494734      1.568935719                1     0.8423683125      1.060485926       0.69773721      1.382924639      1.260420285     0.9311323194      1.197016308      1.295842178      1.912266685      1.217697051       1.95012422      1.140671517     0.8047272897 
     3.702855628      2.223304126      1.717528115      1.400688466           1.3723                1     0.9703375625     0.9664532754     0.9834325884      0.806868335     0.9403412918     0.9368529574     0.4713167157     0.3929565462     0.3630931934      0.503277816     0.7827280598     0.9718557825     0.6065416441 
     1.143434111      1.204902211     0.9607616904     0.9017232422      0.885156375                1     0.8890845625     0.7510184648     0.7911855313     0.6582988234      0.747870196     0.8135231837     0.4169251116     0.4355366299     0.4053659433     0.4091262876     0.3550039438     0.2778244724     0.2679389162 
     1.017315504      1.152128718      1.151545375      1.144935859     0.9465776563                1      1.327394719      1.270512408      1.055646186       1.07131165        1.4018991      1.350890261      1.787065266      2.211034181      2.530285406      1.829539914      1.054906968       1.02454195     0.6563785224 
     2.748700328      2.202313516      1.182607382     0.8299586221     0.8882401875                1     0.9856526875     0.6845295996     0.9921420771     0.7580674075     0.7076752068      1.268093134      1.097320972       1.67368709      2.722219883      1.789151512      2.025292972      1.383389542      1.181628782 
     1.150602789      1.425029875      1.087226388      1.062472167     0.8782095937                1     0.9088259688     0.9269992402     0.9838998062      0.713986179     0.5755933627      0.559170428     0.7161599586     0.5013301055     0.5306867277      0.425990003     0.6017291152     0.4324451612     0.2841118287 
     2.057637903      1.426290138      1.240371408      1.334716508      1.160821656                1      1.126140469      1.159788262      1.209981993     0.6998662366      0.550107226     0.6224813545     0.6727906631     0.8755982712     0.5744405724     0.6275886483      1.278333282     0.8871157594     0.8782360746 
     1.740706298     0.9536745164      1.059670087      1.003247473      1.037007844                1     0.8728023437      1.327903363       1.19060077      1.049009234      0.998022391      1.107867996     0.7909522318     0.7806871866      1.021641979     0.8654269851      1.084539423     0.6648720013     0.5991089799 
     1.359884024      1.068261125      1.407247482       1.27749956      1.101350719                1     0.8954890625      1.009631032      1.041185156      1.322030521      1.356146945      1.306741055      1.336132554      0.640731153     0.4885042158      0.620143962     0.7910881861      0.602468816      1.095042534 
     1.646473213     0.9888607214     0.8256082302     0.8181068232     0.9103950313                1      1.017354531      1.118093846     0.8193727974     0.7742630602     0.6501790271     0.6320978944     0.5640369552     0.3939307465     0.4158728155     0.4773795831     0.4136203981     0.2206170136     0.3065401851 
     2.677301018      1.507466022      1.139020895      1.142282699      1.082789844                1     0.9750834688      1.316988316      1.081492435      2.207011697      1.417400887      1.325160605      2.725920277      1.143799556     0.8592480784      0.786937269     0.5459371331     0.5089117095     0.4540771497 
     2.414276915      1.878073023      1.479691203      2.031450889        1.1663415                1     0.7857002188     0.7297732012     0.6548225928     0.5468406866     0.5893070898       0.47022022     0.4691638089     0.3056515635     0.4733107858     0.4642298354      0.654863842     0.5118098207     0.8508749366 
     1.068738116      1.497535371       1.47182092      1.425051648      1.139956281                1      1.086453187      1.171569744      1.048202788      1.260210453      0.662475048     0.5297853176     0.5183213999     0.3153044972     0.5407776003     0.5197939982     0.4104026329     0.5593516558     0.5505053633 
    0.4476059404     0.6252009719     0.4918545696     0.7237045586         0.815295                1        0.9330225     0.8361538164      1.196019951      1.373003869      1.007763061     0.6904243588     0.4694171468     0.7909904842     0.7672498317     0.7799029056     0.9127421161     0.8165021654     0.5031021251 
     2.844955688      1.784750674      1.038397765      1.000369096     0.9348109062                1      1.111057094     0.9949755801      1.544956773       1.03331833     0.9129305651     0.9650997559      1.282603512      1.212605239       1.06211183     0.8439152105     0.9493171254     0.7541613387      1.250386296 
     1.139286968      1.437248899      1.082287265      1.263877279       0.82233075                1        1.0055045      0.894294877      1.092602831       1.16044786     0.9969905881     0.9856392057      1.190781421      0.825715745      1.302219947     0.9223617648     0.9618520914      1.067832327      1.687047578 
     3.323262806      3.785714061       2.49935207      1.648264516         1.246784                1     0.7628259375      0.825710998     0.7961908672     0.7982506802      0.950446087     0.8631205759     0.8615412582     0.8275674673     0.6206957939     0.7427490267      1.327800903     0.8537272809     0.6650904073 
      1.31782873     0.8800675814      1.235709937      1.224016648     0.9507643437                1      0.930208125     0.9783362676     0.9518606455     0.7514162646     0.8583775443      1.412191932      1.613200081      2.038143926      7.895899872      2.646559974      5.151520944      3.225968509      1.962381897 
    0.8686806594     0.6238361201     0.6521527488     0.5165970293     0.8183719688                1       0.95348275      1.004937951     0.6297062362     0.6707243468     0.6520437257      0.540600176     0.3095270803       0.30336466     0.3165943319     0.2546299046     0.7743351671     0.5292138516      0.292034317 
      1.32646781      1.077153969      1.154966479      1.284947543      1.041439687                1     0.8540235313      1.011677441     0.7448696499     0.6134923104     0.7698046878     0.7496569589      0.764333211     0.5526509697     0.5713544179     0.4146866432     0.5101280948     0.4220368588     0.4080611348 
     1.796606691      1.746642021      1.137004537      1.162089352      0.954223375                1      1.326585938     0.8654045234       1.16813559     0.9467891824     0.7845566665      1.142167057     0.8756341599      1.121269268     0.6701451473      2.012769288      1.659631714       2.15713273      2.085598155 
    0.9817223661      1.020779196     0.9036904585      1.207755494      1.110517469                1     0.9207535312     0.7426050225     0.7114590371     0.7150759941     0.4849622951     0.5408633867     0.9921731396     0.6392948855     0.7238006104     0.7016328274     0.4511959422      0.757067989     0.6198252861 
     1.395282098      1.250742954      1.240139226      1.055511988      1.426104062                1     0.9577175312     0.8763584893     0.6726177974     0.7188612457     0.5199732965     0.5834561322     0.7447351612     0.7612423196      1.421703221     0.9378252373      1.029626742      1.470009177      1.475304507 
    0.8642001122     0.8316791083     0.8763356626      1.221379148      1.096651375                1      0.727749625     0.6996609473     0.6270277725     0.6552303389     0.4707897624     0.4277157837     0.4322591922     0.5666170339     0.6862103519     0.8704173442     0.6155147671      1.119033438     0.5578343311 
    0.9742298867      1.248836326       1.45131622      1.005544748        0.9899975                1     0.8882752188     0.7876892773     0.9787060371     0.8365901343     0.8075363792     0.5503508028     0.6288901229     0.7885957886     0.9015815017     0.9324859879      1.038893285     0.9912097829     0.9362047546 
       1.1560254      1.206810538     0.9861862822      0.933673123      0.907195125                1     0.8379097188      1.039375127      1.479835537      1.170419776      1.292553133      1.187338881       2.89620827      3.660835346      1.632937294      1.297935057     0.8365796472     0.9054676832     0.7349882491 
     1.662600289      1.272584494      1.261131975      1.099297719     0.9388320312                1      1.051568844     0.8901133486     0.9586885804      1.032227136      0.907306082       1.21247175      1.142752237      1.147873747     0.8226615426     0.6669143262      1.752553599      1.149381874      1.811371064 
     1.374527885      1.499389681      1.673638029      1.001765717      1.278106219                1     0.8454198125     0.8320129629     0.6339229479     0.7596557289     0.5777011412     0.6438096271     0.7438301843     0.7952784869     0.6312202529     0.8915838621     0.5797601635     0.8130250048      0.960642677 
     2.413310821      1.946727637      1.600448899      1.207977699     0.9946727813                1     0.8822105312     0.7037951563     0.6734662837     0.7866966494      0.709873055     0.6208169884     0.3578877377     0.4169230475     0.3995120999     0.4934221853     0.5045265956     0.5736678898     0.8359098227 
     1.989141104      1.719677759      1.887181295      1.368785355      0.907910625                1      1.024287187      1.008664223      1.560285448     0.8861249221      1.211752474      1.117711553     0.8542722395     0.7232894752     0.8406788526      0.619858482      0.671484192      1.554007462      1.091653257 
     1.828621386      1.647365734      1.164108874      1.034791477      1.122768844                1      1.581117719      1.349527759      1.568668084      2.138274271      1.167782117     0.8824380829       1.09847968     0.9834787202     0.8050115024      1.014756092      3.531715455      1.648091093      2.014743487 
     1.659537723       1.18551496       1.20457878      1.005666789     0.9755741562                1     0.7820890312     0.8211798721     0.6344081016     0.9295984475      1.154812187      1.497027079      2.386317117      1.296504423      1.432845617      1.991308995      2.080571913      1.237098831      2.252457897 
     1.387640113      1.039028788      1.318788514      1.131271109      1.203790406                1      1.117619187     0.9683577783     0.9952295947     0.7258074657      0.772351982     0.5782050611     0.5506228271     0.3315024225     0.5572406025     0.5058027289     0.6478759295     0.6966681309     0.9291126229 
     1.663863122      1.007438153       1.08682751      1.061108855      1.054399813                1      1.109545281      1.104360187      1.403994855      1.342631843      1.398933737      2.059698128      1.584841407      1.484166737       2.81912885      2.003077956      2.412155633       1.91459809      1.988485462 
    0.6011033625     0.5470501969      0.591133689     0.6145593447     0.8581565938                1      1.034309281       1.33331014      1.694832209       1.37699601      1.129997062      0.807988583      0.937585936      1.983640543      1.949955477      1.279061879      1.066939864     0.9252466694      1.171708417 
       1.3910792      1.364531353      1.519673654      1.222713451      1.117754938                1      1.384125719      1.099032334     0.6853774373       1.23312653     0.9283106503      1.049999105      1.194600999      1.169756559      1.458419207      1.217555933       2.32272542      1.252498572      1.246792539 
    0.4482224643     0.5929014163     0.7286245605     0.8232057148     0.9864356875                1     0.9101678437     0.8466112012      1.061749902      1.359850946      2.312887776      3.216286672      1.070283249       1.38825368     0.9820293358      0.671477142     0.8673297271      2.034809503     0.9751886681 
    0.9713644113       1.18376654      1.233615505      1.309387583      1.012835719                1     0.8179776875     0.6556000098     0.5476790103      0.481193699      0.362755764     0.3514843092     0.3256813731     0.3600699848     0.2916355963     0.3628209779     0.4528853283       0.41855104     0.4667361404 
     1.372048332      1.287717051      1.180322022      1.000962748      0.924873375                1     0.7387075313     0.8599196973     0.8096957041     0.7008450251     0.7018831452     0.5277765782     0.6003666445     0.9505305111     0.7575521395      0.719754349     0.6446323541     0.4840772798     0.9691881746 
     1.215720284      1.038407332     0.9000612339     0.8926460234     0.7485752813                1     0.9547501875     0.7934655771     0.7555940762     0.5573482675     0.5927700935     0.5915350823     0.7908711921      0.625012657     0.4787049735     0.5119887568     0.4934778844     0.5139063819     0.7019959445 
     1.043683943      1.041707261     0.8689722855     0.8541222168     0.9539211875                1     0.7704143125     0.9836363691     0.9149140696      1.014455372     0.8224689582     0.8693366454     0.5917697946     0.6382363075     0.2806934034      0.541338168     0.4735822572      1.048944532     0.7986285924 
     1.345821791      1.237789426      1.271129839      1.106202441     0.9955459688                1     0.8323010625     0.7428171797      1.025487004      1.062938563      1.291593119     0.8434887149     0.8769670051     0.8114865861      1.186697788     0.9838336083      0.667202532      1.109158058      1.182074551 
     1.453638135      2.464165464     0.9860905957     0.9759338262     0.7980861875                1      0.711759875     0.6311539316     0.5525317896     0.5100155791     0.4730092812     0.5326398208     0.4971623539     0.3859535699     0.3849716133     0.5504690965     0.4946043631     0.6335931796       1.09195404 
    0.9526510694      1.408726807      1.485015562      1.393250133      1.023877375                1     0.9884483125     0.7675745225     0.8521186298     0.9979055513     0.7406775756     0.7040094003     0.4279884526      0.326034272     0.5559888642     0.4106616599     0.5098095573     0.2799767475     0.3803619414 
     1.695844164      1.346692829      1.274440347      1.243505262      1.021090313                1     0.9456650312      1.106360085      1.267031362      1.425538896      1.026752552      1.492554993      1.814848557      1.624197012      1.025961125      1.245192823      1.070180944     0.6167821469     0.3970752717 
    0.9157149696      1.008269613     0.7711514336      1.145437068     0.9708409375                1     0.8300291875     0.7010122617     0.6153438022     0.6465702445     0.4947426836     0.5089257491     0.8166754662     0.8765829739     0.9425493808     0.5483618786     0.8967214353      1.000337427     0.8334690351 
    0.9195345264     0.8758376401     0.9338983672      1.158114724      1.101374812                1      1.033592219     0.8943243447     0.9502158042     0.9484855313      1.103362726      1.036258996     0.6900507902      1.332946112      1.877986153      1.621518232      1.022312558     0.8990239865      1.055593632 
     1.643630345      1.478753587      1.203374611     0.8669784668     0.7910572188                1          0.72102     0.7350503125     0.5816833743     0.7610933508      0.620050617      0.700214224      1.041924489      1.122399866      1.181250488     0.8961551554     0.8755743949     0.7295179783     0.5365132323 
     2.735509326       2.47980829      1.344372703      1.190115559     0.8574288437                1     0.8943784375      0.804845582     0.9458138523     0.9413552894     0.6853718163     0.5576739122     0.4298119235     0.3908152847     0.4312467461      0.748985025     0.6541376319      3.308705735     0.9646438538 
     1.613866728      1.534909252      2.732174256      1.847094242      1.427570656                1        0.7389185     0.7482523613     0.8940802146     0.5413020833      0.544503045     0.4968887521     0.5250663631     0.6737213211      1.100475575      1.328653645      1.805426139      2.992256704      3.285339267 
      1.14105905      1.032411621     0.6516518566       1.05470805     0.9370100312                1     0.8954229375      1.067862596     0.9255838291      0.678951887     0.7722607028     0.5033580999       0.71602096     0.4240673365     0.3644105082     0.5743351467     0.7421385097       1.21238756      3.623549105 
     1.052969005     0.7665158352     0.9891929155     0.8277377051     0.7908383125                1     0.8478784687      1.023692852     0.9563873071       1.08424791      2.542226674      3.993009905      2.149845379      1.600894431      2.780907767      1.926556237     0.9209277407     0.4581469906     0.4682117026 
     1.483950142      1.034143333       1.13416376      1.273071298       1.24218225                1      1.101418656      1.384229844     0.9484517046      1.286564401      1.582157952      1.369184394      1.774087086      2.200553859       1.22817555     0.6793840127     0.8767604898     0.9902536529     0.4848390698 
     1.011493504     0.9058021517      0.858824094     0.9146674023     0.8937445625                1     0.7919407188     0.9234314893      1.075073583      1.086051368     0.9287304434     0.7293258264     0.7118584703     0.7296542828     0.5339290176     0.5782923099     0.5689451787      1.020397335      1.560939568 
     1.436541204      1.190982583      1.206054104     0.8337681348         0.969942                1      1.079223969      1.484089008      1.276666818       1.34535588     0.9346449619     0.7979701894      1.614168464      1.383570839     0.8768470429     0.8955881219      1.065929852     0.9812032511      1.158983032 
     2.288550894      1.696170726       1.11253534     0.9095327559     0.9676682187                1     0.8848584062     0.7517073047     0.7686365396     0.7475496313      1.357626354      1.249527076     0.8148207185     0.7762443478     0.7162057677     0.4730524498     0.9704284583     0.8689097248     0.8236404197 
     1.485148786      1.773418928      1.153996431     0.9915487764         1.250861                1       1.17692975      1.053926654      1.073346847     0.9199818979     0.7171955352     0.7033621089     0.8481558528     0.5630476697     0.4369657377     0.4157574805     0.6632903006      0.450746091     0.4396780491 
      1.11714327      1.253744581      1.180351545     0.9260304434          0.96853                1     0.9761189375     0.9089383945      1.002313603      1.032652603      1.164505336      1.618485916      1.543398723      1.137834399     0.9039510091     0.8672836493     0.6728148769     0.6492204424     0.6712356965 
     1.094746081      0.722770311     0.8840228018      1.002887664      1.060602156                1       0.84344025     0.9008703467     0.7055751707     0.6070100179     0.4864833362     0.5353010174     0.7894257123     0.6986538994     0.6086237298     0.3083889715     0.2531872697     0.3807716965     0.3966624306 
     2.316438976      2.168650013      1.436740094      1.520439356      1.178164344                1      1.112455594      1.144776016      1.603078829      1.486331369      1.358713413      1.253524727      2.201009972      1.929677635      7.453285471      20.32012138      36.45086263      8.727657108      7.358852823 
     1.007305814      1.199717491     0.8968204106      0.869089165      1.019203781                1      0.923256625     0.8319973145      1.262681839     0.9917206818      1.031133209     0.8280063853     0.6799978224     0.6438620244     0.5172707007     0.3085112032     0.5679092562     0.4817213603     0.5195069642 
     1.336593202      1.418948972      1.332836666      1.358505539      1.433209688                1      1.458817156      1.173442824      1.213385249      1.214017185      1.897603717      1.375517807      1.014338312     0.6422368739     0.7974711114     0.7230519019     0.5605414772     0.5258048409     0.9425184766 
     1.461348986      1.467162108      1.011497697      1.154705746          0.85797                1       0.94087275     0.7797265996      1.051389383     0.9052617115      1.009565664     0.7993666432     0.5711304822     0.4169584734     0.3879103285     0.4373766659     0.6416531326     0.2981962099     0.4431194103 
      1.31713288      1.326464806     0.8814828965      1.037970903      1.153002625                1      1.782837688      1.269744105      1.222452097      1.133488898     0.8483111695      0.807152521     0.7468559039       1.46022935      1.007330068      1.248983801      0.993680163      1.369318589     0.7512972674 
     1.064851922      1.154855294     0.8288521788      1.108094734       0.96288475                1      1.030917094     0.9547702168     0.9614073691      0.788720085      1.033956707     0.5961536014     0.5202472965     0.4831244054     0.3518314822     0.3199716495     0.2837825491      0.282103648     0.2403814021 
     1.546356417      1.636566073      1.589518357      2.113317173      1.321769031                1      1.203472063      0.871015875     0.8975078926      1.252391425      1.194022595     0.8542897377      1.250671073     0.9796434054     0.7196258064     0.7350033495     0.7425500301      1.558847692       1.17643398 
      1.29114381      1.435481527      1.349388794       1.32974495     0.9389556562                1      1.037571937     0.9235525117      1.177765171     0.8413055936     0.6780075282     0.7411858473     0.8445386033     0.4373729795     0.4677196299      0.621275911     0.6724075391     0.9740999435     0.8805233508 
     1.513448801      1.606697595      1.201002116       1.13966532      1.061449031                1     0.8267421562     0.7559664883     0.8395166169     0.7922002355     0.8806211485     0.8036626203     0.8398817041     0.8435434144     0.5785996641     0.4596111076     0.6651506742      1.428165473      4.708601782 
     1.345416791      0.991477938     0.8179720771      0.780425373     0.8786978125                1     0.8945970312     0.9588054395     0.9899822419      1.159463523      1.094965377      1.077794818      1.002815871     0.9897009077     0.7595939814      3.564928815      4.305830741      11.93591967      9.155193043 
     1.294381845     0.9311893372     0.9517605957      1.065967675      1.144103219                1     0.9926725938     0.8152190596     0.8372333013     0.7857842941     0.4267130291     0.4782958875      0.581179047     0.6514411073      1.213441018      1.187228342      2.251128384      1.079290272      1.458725604 
     1.318391377      1.253289698      1.148299411      1.142088996       1.00012975                1         1.088322     0.8507158945     0.8334524382     0.8100636776      1.174901177      1.376415584     0.9165708445      1.126650475     0.8983912052      1.084223531      1.159857513       2.13395106      3.807085997 
     1.179148757      1.477020656      1.335231796      1.170063078         1.131038                1       1.16143325      1.111378432      1.129338097      1.238791491      1.336398846      1.096212665     0.8526965291     0.8548506471      1.346390468     0.9965159858      1.122579736     0.9185311495     0.8372498392 
     1.836211933      1.055906084      1.101771482      1.020387953      1.141174094                1      0.884593875     0.8206671836     0.7528863472        1.0095821     0.7496455731     0.5669946612     0.6174863005     0.6428938601     0.3616814276     0.2372433467     0.3032767266     0.3218420031     0.6704113289 
     2.878750055      2.591011465      1.321121097      1.159016027      1.275011812                1      1.052346781     0.9928639004     0.9193899401      1.258584583      1.054758492     0.9653962953      0.830879813     0.8837020787     0.7861222032     0.4821077688     0.7271845651     0.5632831714     0.4650332997 
     1.440276216      1.181940195      1.100566119     0.8330931758      1.004862656                1     0.9194843438      1.113179459      1.499937029      1.310569314      2.419186901      1.898613195      1.557742426      2.109961383      3.102632872      1.935106361      1.267434001      1.201440743      0.635282015 
      1.00694656      1.153211981      1.007943922     0.9091059072     0.9355923437                1      1.163815219      1.112534626      1.186428201      1.319579299      1.441068637      1.051872326     0.7881457845     0.7780692036     0.4979325729     0.5198697923     0.5530571394     0.6185849915      0.419407013 
     2.419144467      1.485877589      1.397626776      1.162285875      1.471885813                1      1.081138094      1.117760399      1.097714186       1.21497291      2.005179128      1.976322067      1.638010635      1.432410126      0.765953406      0.927738485      1.091085431       1.71413606      2.732496692 
     1.631260115      1.135287702      1.484640874          0.90545      1.049176219                1      1.062870625      1.033240965     0.9930357441      0.725494071      1.605990079       1.64365787      2.029524111      1.434243288      5.469167703      6.478338668      3.680077878      1.920921636      1.946028268 
    0.9036452028     0.8988909412      1.324205022      1.027670203      1.198189906                1       0.83344925     0.8359272832     0.7586544108     0.9926124623     0.6235182999     0.6457325548     0.7488001201     0.7914956758     0.7989478613      1.082411525     0.6270080738     0.6283707396     0.4298503901 
     1.100656604     0.9001053229      1.012709123      1.065439828     0.9268806875                1     0.9149634688     0.9688808311     0.7695425637     0.7238772256     0.6227148385     0.5862608808     0.9249901906      1.007334325      1.009539985       1.48282196      1.085018126     0.6745478059     0.6902854608 
     1.828279158      1.410695781      1.301505521      1.161876324      1.288165406                1      1.246685031       1.39773368      1.516068614      1.095312946     0.9257870931       1.02645606     0.7164896809     0.6120598293     0.6305386035      0.789154312      2.321363767      1.157562545      3.225054358 
     1.297314245       1.27890157      1.009373964      1.232510191      1.091295469                1     0.7580669375     0.8166444473     0.6282863757     0.8177536061       0.81989543      1.134720479      1.062760447     0.9006380245     0.8611585577      0.762747673     0.7091180928      1.261193357      0.886060749 
      1.10269787      1.186896132     0.9633166499      1.089877641      1.073184281                1     0.9299586875     0.8216501543     0.5897492382     0.5169216791     0.7186955679      1.038805946      1.460089273      1.498529092      1.081624781     0.9275765622      1.084027527     0.6312571115      1.038394442 
     1.727452722       1.46786467      2.095650664       2.35535217      1.714805844                1      1.289257156      1.634835598     0.9127662012     0.9963972808      1.015963484     0.7134978046     0.5248918248     0.5245487301     0.3254674471     0.4336860042     0.2592823818     0.3497683788     0.2813544375 
    0.8366916477     0.9758877722     0.8257403118      1.065191381       1.25134125                1      0.855342375     0.8220104453     0.6780537383     0.6168976119     0.7639308499     0.6479739571     0.9122605856     0.5872354266     0.6872121838     0.4983243376     0.3232365975      0.343636694     0.5812550503 
      1.20199215     0.8425687021      1.065889307      1.075523322      1.222141438                1      1.129415844      1.040193163      1.174546845      1.225365838      1.109294536     0.9379071843      1.181773545      1.260871219      1.229413142      1.394705148      1.128295115     0.7954626754      1.304976261 
     0.950386965     0.6704247145      1.023612536     0.9437144687     0.7808588437                1     0.8758495313       1.04841364      1.212099537      1.005877451      1.012367205     0.9525994345      1.045873558     0.8091568267     0.8521494125     0.8128130304     0.7216522587       0.74800643     0.8637283194 
    0.9189945191      1.300564267     0.9157156263     0.8720557187     0.8476503125                1     0.7584260625      1.002792014     0.8402257874     0.5736067816     0.6220970623     0.4068673077     0.5611174954     0.8868554731     0.4470058471      0.627056976     0.4324492808      0.530828304     0.4347601799 
     1.467999745      1.390264639      1.203447665       1.22314782       1.07963575                1     0.9806777188     0.9783890293      1.177344523      1.066388215     0.8280637877      1.283392169      1.283259186      1.249565699      1.642417558      1.105692699      1.790744628      1.568860089      1.829053364 
     1.329364222     0.7502057729      1.069611993      1.108775213     0.8224759687                1       0.93719175      0.845969752     0.7662468029     0.8669415825     0.9316270638     0.7557810301     0.4831288034     0.7270576217     0.5307441319     0.5939292019      1.311767412      5.552395104      1.678789653 
     2.523037602      3.492363622      1.955390906      1.988814572      1.637609406                1         1.154223      1.266672773     0.7274459319     0.5986816653     0.8306440068     0.7198111768     0.8082033626      1.199258931      1.184880577      2.245365848      3.469669948      2.301943525      1.866369248 
    0.8446392796       1.00104683     0.8890366777      0.906443793     0.9251863437                1     0.8379987188     0.9620819893     0.8645743784     0.9291109401     0.6111573885     0.4994745812     0.4459979938     0.4297289541     0.4010140011     0.2658516167     0.3136594721     0.3402817533     0.3545379944 
      1.69260783       1.39226005       1.27108259      1.092275832     0.9449829062                1      1.054718188      1.124253895     0.9869344946      0.919445614     0.9574439701       0.89868078     0.9667968008     0.7602808866      1.362884596       1.62095616     0.7809339505     0.6666553033     0.4153291966 
      1.35184614      0.754554867     0.7812243064     0.7959300713     0.8932106875                1     0.8707291875     0.7218330957     0.5889228762     0.8716408612     0.6702755922     0.8150308843     0.6421202213     0.7343144098     0.4193131297     0.3740853307     0.4983684628     0.4605210338     0.5358071495 
     5.086484736       2.25123096       1.53749675     0.9708308242      1.064176469                1      0.969306625      1.166182283     0.7794726353     0.6610627928     0.4139642564     0.4961358761     0.3935775875     0.4235161518      0.369851677     0.4738321719     0.2283544345     0.3663964538     0.2255193117 
      1.07466547      1.114369403       1.05470165      0.954005418     0.9334435937                1      1.030824031      1.064652631      1.569044816       1.25826695     0.8730219842     0.9620391622     0.7469610162     0.9021494401     0.6870824909     0.8076811946     0.5603572453     0.8319477516      1.297876619 
     1.104950667      1.350559618      1.233810342      1.097418109     0.9777189687                1      0.977089125      1.087733449     0.7945690018      0.976570105     0.7583327104     0.9943926887      1.122836019      1.023833033     0.8564857083     0.6086384375     0.5331758004     0.3988201264     0.6711648962 
    0.8903003507     0.9830753727     0.9392402913      1.248732896      1.031264406                1      1.021546156     0.8393048057     0.8364981216     0.9224903895     0.8835446887     0.9035368352      1.059224313     0.8314486946     0.5598987593      0.514831383       1.24990869      1.548745737      1.332991757 
     1.236242206       1.19853867      1.176845979     0.8519282637     0.7766446875                1      1.146862625     0.7545306543     0.6203670181     0.5493445868     0.3705357868     0.3664197961      0.461786615     0.2833881613     0.2788334402     0.3489093383     0.3239113519     0.3189404159      0.300791229 
     1.520205152      1.278918765      1.100268838       1.59682908      1.087708406                1      1.077594219      1.271563766      1.285024945      0.999884063     0.8023818271      1.051759427     0.7287341571      1.195633942     0.9241192855      1.600847503      1.495410336      1.860836826      1.180799993 
     1.773353242      1.696965716      1.087674592      1.079085445      1.141748312                1      1.109915156     0.9993341074     0.8223699597     0.7698450134     0.8707688691     0.8146925711     0.6914428727     0.4530525159     0.6233547163     0.8521879127     0.6070265087     0.5673825704      1.010749625 
     1.009527557       1.21473567      1.082668729      1.123723494      1.234685656                1      1.105648125     0.9301033398      1.072815197      1.341339357      1.545874946      1.297882007     0.7715939874     0.6605583869     0.5881157052     0.4095273491     0.4316416617     0.6238084503     0.9079541437 
     1.706283637      1.367085845      1.085544417      1.035030955      1.088035594                1     0.8232202812     0.7578450859     0.6574824836     0.7694931124     0.6953014261      0.788516985     0.7792407431       1.44227205      1.295459478     0.8766155975      1.943906421      1.924191515      3.762516894 
     1.376514307      1.077231054      1.098350407      1.452617318      1.212244219                1        1.3508145      1.025473484      1.260848614      1.119190939       1.74059963      1.915229239     0.7331470624      0.896151201     0.6981209502     0.7549088369     0.6896616608     0.8213714023     0.4994683053 
     1.353820481      1.669980318       1.46743299      1.410508641     0.9671195625                1     0.9325219375      1.019811768      1.257063669      1.431685577      1.810078775      1.662789344       1.10683419      1.500742653     0.9198978233      1.452807575     0.9536031228      2.178970395      1.179823783 
    0.9529809846     0.9380503042      1.019714815      1.061596914     0.9263295312                1      1.015234281     0.7482161465     0.7510451055      0.956796855      1.261637501      1.222433634     0.7331331212     0.7708896678     0.7352690362     0.4615332792      0.507472945     0.4707420746       0.98099132 
    0.5950079115     0.5174552356     0.5104734105     0.6877480977          0.90555                1      1.058252875      1.111336976     0.7420751627      1.016302483     0.9181547414     0.7448285118     0.5149116423     0.5887173725      0.459766032     0.6996973122     0.6502746142     0.7400744827      1.052455493 
     1.792182112      2.244647355      1.645520445      1.442487887      1.595911375                1      1.108983625      1.380891027      1.595691097      1.182554375      1.201621432     0.7336618791     0.6959887078     0.9337663173     0.6554624607     0.8376093607     0.8051648404     0.8700965985        2.7918971 
    0.8711883633       1.45059539      1.401813007      1.047608675      1.210184625                1      1.131402344     0.8697086602     0.9544282158      1.090683358     0.7769698588     0.9085682884     0.8576113749     0.8584363783     0.7161603203     0.6718387289       0.64600206      1.267882373      1.587592732 
     1.802997294      1.297591994       1.15987768      1.371692836      1.207255125                1        1.2952175      1.553496408      1.422007612      1.196588864        1.0460909      1.788185861      1.052758819       1.13351256     0.9017466907      1.504592701      1.979224431      5.137399553      2.148064614 
     1.424254907      1.581579643      1.282020052      1.271379854      1.275177188                1     0.8842164062     0.9431594854     0.7065058105     0.7231601418     0.6419903072     0.3994938096     0.4774551674     0.5963583995     0.4466275035     0.8635954054     0.7371383555       1.45029479      1.933904371 
