1 0.790171 0.0339288
2 1.29971 0.0349366
3 1.05375 0.0199237
4 1 0
5 0.954014 0.0157564
6 0.934107 0.0216721
7 0.894737 0.0354982
8 0.888641 0.053478
9 0.75086 0.0465176
10 0.716885 0.0554707
11 0.64469 0.053036
12 0.579152 0.0592299
13 0.598896 0.0918551
14 0.486472 0.0646245
15 0.67866 0.220358
16 0.496522 0.0922855
17 0.603725 0.169308
18 0.490036 0.126691
19 0.592116 0.252332
20 0.445919 0.145592
21 0.55526 0.314635
22 0.542263 0.309278
23 0.644961 0.474394
24 0.441735 0.314493
25 0.394892 0.333943
26 0.113942 0.0673114
27 0.06782 0.0475341
28 0.0275411 0.0108953
29 0.0158496 0.00666271
30 0.0108677 0.00498172
31 0.00710537 0.00179387
32 0.00960196 0.00339609
33 0.00603838 0.00195851
34 0.00711995 0.00212963
35 0.00485932 0.00170991
36 0.00387772 0.00151621
37 0.00192044 0.00067271
38 0.00132563 0.000640329
39 0.00158267 0.00114301
