94
42
191
392
209
275
384
385
472
109
32
86
270
217
148
104
504
381
68
305
98
180
338
167
115
109
37
457
325
251
137
209
277
469
367
105
90
304
116
180
332
262
242
94
27
283
57
283
35
273
431
275
80
0
295
451
170
161
308
478
405
283
188
92
204
302
255
154
206
135
146
324
136
271
274
44
2
505
140
307
344
289
178
6
441
40
100
422
102
147
473
511
422
136
503
487
423
181
181
172
128
483
408
213
333
498
270
136
491
203
136
419
29
490
98
172
270
332
124
167
30
208
277
322
177
345
487
124
84
54
214
294
353
262
514
243
407
269
457
434
149
229
24
333
350
226
70
504
167
375
362
212
486
474
269
150
315
353
40
433
67
116
445
401
168
21
381
376
444
435
456
302
32
7
362
70
91
119
3
490
330
252
14
37
129
410
186
270
72
110
75
337
182
278
19
316
485
503
103
84
502
195
63
167
423
70
381
488
487
194
342
497
461
177
315
417
509
422
147
117
433
449
397
335
37
270
182
45
106
55
461
502
360
148
508
72
141
6
270
345
162
486
327
369
329
407
314
259
506
114
307
32
215
288
181
67
264
381
77
478
83
438
162
332
46
326
443
29
290
262
227
375
2
296
508
44
272
341
485
83
70
168
12
454
145
2
65
359
58
80
438
11
508
44
273
419
506
394
314
163
444
452
15
184
472
154
102
364
447
497
152
198
108
58
399
451
297
450
440
227
4
459
441
143
499
324
100
501
175
153
361
9
190
215
128
361
500
99
35
149
185
16
253
149
483
52
432
225
511
155
379
178
205
141
259
96
303
64
250
388
302
414
386
89
86
289
108
99
198
407
487
200
153
380
115
433
496
129
356
401
330
512
301
174
182
361
4
403
174
287
389
249
401
359
115
253
69
230
227
286
81
39
150
127
293
431
165
171
286
435
355
361
430
270
124
262
47
53
504
286
100
154
276
329
134
179
411
272
490
162
153
447
175
180
406
279
300
127
70
377
257
60
113
467
200
476
315
113
439
475
443
208
329
5
171
408
494
25
487
162
329
350
162
425
298
155
359
304
182
138
384
119
249
280
141
454
44
293
81
183
110
342
290
370
25
155
76
265
314
35
3
151
350
443
7
204
490
22
176
409
376
291
26
223
375
140
153
228
417
512
39
373
200
305
291
41
439
490
182
254
445
150
143
406
210
123
305
478
193
15
513
77
48
289
218
154
75
374
487
88
124
378
459
116
298
329
249
434
393
276
62
305
267
90
192
454
22
154
275
289
175
492
186
102
502
230
376
145
350
255
296
341
294
114
394
439
473
515
236
455
35
305
87
375
18
189
313
432
475
94
392
444
486
417
456
245
291
298
332
83
323
361
0
26
479
322
243
280
350
104
300
228
378
303
495
118
82
158
393
469
280
427
443
293
64
459
123
4
510
243
467
77
351
105
135
193
182
294
497
29
229
459
292
307
467
392
385
100
216
124
387
284
505
118
467
105
310
11
332
126
44
110
277
135
294
289
142
262
475
64
257
403
165
459
313
168
62
159
126
227
446
162
425
41
434
130
511
15
130
43
116
43
442
392
359
197
87
296
507
93
323
473
67
60
333
176
166
442
54
217
20
477
385
166
438
19
22
335
18
348
165
431
315
444
474
430
430
123
327
329
353
501
375
226
380
165
459
435
217
251
56
238
319
367
217
197
486
323
447
379
117
303
167
435
358
53
373
29
260
130
69
29
43
391
94
308
125
149
247
60
274
115
488
131
319
338
477
241
168
258
425
60
87
192
49
193
468
41
166
4
403
37
389
480
429
225
351
458
433
289
464
480
58
209
493
378
180
431
59
489
299
373
492
386
277
56
405
263
302
193
294
115
309
483
288
241
272
458
514
457
93
367
285
113
197
37
67
206
406
383
315
333
278
37
315
257
372
309
312
230
233
2
84
173
41
405
428
461
459
475
512
385
387
197
461
38
275
147
347
257
456
431
241
207
185
81
167
472
278
91
207
104
196
166
298
381
313
206
460
17
383
377
301
15
302
31
461
438
178
240
176
296
493
56
188
453
402
72
197
487
282
319
80
382
422
364
333
176
182
300
275
337
483
426
59
86
477
449
279
492
251
155
165
129
7
82
420
353
389
490
434
56
176
424
280
460
118
425
130
477
502
376
72
222
183
251
449
294
407
35
303
105
84
269
70
262
450
398
120
174
512
361
473
190
262
504
191
288
317
288
288
200
285
506
472
220
411
325
258
183
368
1
294
147
311
17
11
277
429
394
370
338
202
398
450
117
137
353
36
152
75
264
294
96
113
75
151
117
401
187
440
130
431
369
200
78
65
242
495
137
95
348
53
360
508
460
298
39
122
425
460
317
112
440
151
8
243
37
135
425
150
426
397
510
369
0
188
363
347
107
363
510
457
107
312
476
489
472
226
260
263
440
175
509
99
324
136
447
506
210
368
193
277
91
477
335
486
299
444
213
61
330
377
153
18
301
245
457
48
20
253
137
456
477
458
294
83
269
411
397
322
74
373
514
22
30
145
435
373
165
273
378
276
319
41
125
245
28
107
291
435
102
439
100
514
387
101
17
508
345
3
436
383
29
244
3
52
340
53
152
331
119
290
211
352
6
236
101
379
375
199
180
124
459
53
159
205
36
308
447
375
360
136
368
119
282
115
402
444
237
293
422
415
263
66
26
53
73
383
421
225
81
505
168
443
95
3
507
320
421
274
482
31
379
378
398
215
160
84
235
86
378
373
62
85
0
18
506
308
375
343
489
81
135
25
196
256
41
372
204
123
164
176
281
1
285
316
505
396
3
510
177
412
198
270
198
58
432
217
8
419
289
481
497
174
24
430
466
122
187
303
125
349
319
15
432
60
159
412
340
67
72
317
383
483
226
341
352
362
298
144
468
10
433
105
419
156
92
362
263
209
507
241
404
10
374
135
415
315
476
20
140
470
432
158
342
164
34
401
175
107
426
319
243
459
400
386
262
486
412
379
417
83
167
358
392
415
464
176
387
375
470
338
423
390
438
436
166
480
514
511
514
262
193
186
133
134
164
468
252
401
337
45
390
120
229
439
360
270
451
290
339
307
177
256
50
196
40
6
56
12
136
92
171
23
333
307
207
80
227
132
281
80
209
269
494
97
7
322
117
61
31
196
244
260
394
65
36
112
240
461
402
19
292
342
176
166
164
458
324
454
187
484
337
131
1
493
375
48
282
349
29
157
9
466
25
150
402
379
282
59
332
110
46
228
12
366
25
318
48
483
99
432
48
245
254
297
345
354
251
397
319
320
103
196
263
393
191
58
256
208
308
495
413
215
126
450
446
375
5
298
73
101
389
401
416
392
40
461
380
114
147
272
309
475
95
164
393
356
138
46
101
270
159
64
506
121
409
206
341
333
186
484
467
269
233
255
202
335
429
344
258
418
94
417
260
95
46
301
328
134
322
188
469
313
157
101
451
287
363
156
317
341
245
286
419
506
199
83
138
362
214
328
408
317
413
334
35
306
339
58
25
29
46
101
159
338
304
488
198
95
132
34
370
320
260
341
341
284
255
152
323
188
187
129
128
474
505
34
464
186
416
97
170
181
131
218
258
124
12
46
20
341
157
101
251
359
84
29
195
82
260
261
296
495
206
10
166
120
92
289
377
408
317
501
84
207
380
39
95
465
202
445
355
342
493
180
185
369
344
79
486
122
466
486
213
343
181
487
469
259
470
268
51
240
389
239
27
202
355
141
381
15
467
208
123
42
218
455
443
156
368
505
268
489
29
503
351
329
141
50
274
377
318
39
494
150
122
179
457
86
85
214
435
62
485
406
318
192
481
405
357
93
455
266
259
230
227
370
244
446
196
245
46
406
335
165
443
413
367
405
382
91
399
278
85
323
405
422
447
492
245
364
186
2
506
92
488
111
336
245
339
495
398
292
94
48
224
471
9
296
323
330
263
44
88
263
447
409
355
157
212
71
0
30
288
362
335
216
197
288
1
507
422
327
181
112
302
6
510
187
496
129
506
286
505
288
389
400
431
434
298
34
95
90
236
498
486
113
8
196
88
435
493
477
485
14
187
443
433
287
435
140
18
442
76
128
388
455
401
288
511
465
434
332
25
165
489
150
137
14
295
354
76
187
150
129
336
112
495
236
264
15
105
339
39
238
499
91
238
257
8
250
445
148
79
300
47
411
336
186
259
447
34
463
375
264
487
415
84
164
385
63
343
292
75
391
442
366
219
93
97
166
19
203
313
96
65
17
46
51
158
43
315
254
176
54
287
112
68
149
240
20
288
295
421
90
205
336
343
486
259
403
422
331
261
54
216
504
324
111
365
515
466
438
365
492
175
38
380
180
486
322
388
3
99
9
191
343
150
329
273
487
210
278
230
466
504
95
278
323
243
147
401
152
184
173
256
174
487
175
338
189
257
497
335
98
389
272
16
2
261
221
55
228
267
264
208
66
315
177
243
401
245
365
156
329
98
173
466
199
70
175
192
274
191
318
486
95
335
10
400
10
38
394
378
261
482
515
307
218
128
387
411
324
163
423
163
371
152
496
505
163
83
203
220
266
421
272
12
161
29
410
335
201
95
374
56
502
438
245
163
327
39
421
151
83
38
25
256
144
162
329
476
9
95
433
266
298
256
33
204
345
240
504
4
152
192
441
269
462
422
463
350
90
411
118
91
121
95
440
7
475
2
81
212
77
380
163
457
54
111
325
491
89
147
498
128
282
509
474
174
129
234
445
295
41
495
218
442
406
446
380
145
61
273
505
91
366
36
331
147
382
511
97
47
317
368
20
111
161
105
387
260
484
363
232
492
372
311
137
425
228
514
420
497
317
289
437
211
331
389
140
380
211
406
384
113
129
354
344
502
102
295
309
133
133
338
500
89
373
427
433
288
161
479
368
234
465
114
360
466
455
178
215
395
401
266
287
386
164
137
211
81
234
437
235
356
480
68
84
203
24
136
311
432
209
355
71
237
476
373
409
246
505
190
487
20
192
64
208
53
500
107
103
450
14
349
513
152
442
425
241
204
111
446
374
176
209
171
34
423
68
387
418
162
399
373
380
99
307
45
286
459
464
10
444
49
236
373
171
7
45
27
51
43
185
216
98
120
265
512
236
441
91
230
329
411
131
179
391
115
322
330
198
186
135
123
433
98
2
37
40
24
489
166
136
97
244
314
196
183
512
515
330
495
125
148
176
384
188
69
505
342
32
75
115
72
134
487
380
87
294
118
285
368
488
497
399
463
2
111
353
115
59
460
408
290
335
314
309
183
309
170
59
271
300
216
8
227
115
442
125
95
373
341
149
394
77
303
118
461
245
240
292
345
405
116
330
149
111
382
314
426
157
30
324
202
391
447
179
493
135
444
104
14
143
188
337
124
291
75
357
17
70
157
368
277
440
132
84
183
365
114
4
132
454
14
138
66
282
439
363
349
399
20
87
313
49
498
325
433
74
272
466
140
85
40
55
446
508
102
430
242
387
273
514
84
438
411
512
393
412
104
481
302
395
107
32
476
480
12
83
395
433
513
341
460
257
147
78
490
66
394
40
222
87
296
195
150
491
184
425
381
111
492
409
50
258
322
417
408
505
327
279
49
208
159
504
95
188
291
330
273
92
99
150
126
374
16
445
381
157
47
107
210
332
401
0
491
61
172
257
430
134
335
148
396
109
92
498
316
57
462
368
327
170
472
155
380
494
16
320
135
400
503
21
372
19
298
105
307
210
222
403
264
382
493
55
264
430
81
69
116
19
512
114
47
262
322
443
179
447
408
308
97
224
422
459
153
318
81
401
459
293
272
80
70
402
510
301
435
264
116
383
375
339
307
52
48
322
322
330
146
147
315
4
83
272
44
111
383
449
468
145
111
441
358
471
351
159
16
96
450
370
352
288
425
479
471
273
450
150
127
455
195
358
462
255
150
349
474
339
446
29
503
51
481
301
114
20
414
425
35
160
463
24
36
316
105
120
256
380
383
373
486
380
269
300
205
100
392
167
39
425
487
375
404
395
45
365
404
435
437
400
262
426
304
253
236
300
43
184
191
220
444
86
366
374
458
489
22
106
121
411
102
500
149
354
181
490
304
129
161
25
29
158
486
424
72
297
489
474
226
315
96
98
407
364
444
464
485
252
433
109
6
234
487
360
308
490
256
360
426
38
467
273
92
11
170
107
436
452
219
437
72
290
104
365
402
20
180
275
335
490
250
499
161
125
91
33
96
246
191
310
220
443
107
96
460
325
155
111
199
96
317
456
361
159
244
149
188
285
331
403
37
253
255
203
446
311
375
498
153
74
475
18
233
333
338
495
153
17
125
510
385
305
413
229
289
61
331
325
169
281
187
473
395
91
251
486
407
61
197
269
107
279
307
14
370
81
71
39
323
195
279
133
484
494
481
478
473
338
215
230
77
365
311
100
88
506
56
468
270
201
253
305
194
214
455
224
378
244
486
454
86
377
402
260
35
218
212
181
487
319
179
417
74
452
120
238
41
356
319
338
385
495
162
217
49
418
224
134
455
402
498
67
453
454
109
353
461
335
298
94
149
388
223
76
108
110
380
499
68
344
180
37
454
228
38
186
169
167
222
30
171
285
497
319
170
367
238
129
305
86
62
352
444
217
148
140
341
292
408
17
20
216
511
260
278
477
229
424
73
336
165
365
139
130
172
24
299
442
438
141
137
467
456
458
506
101
453
278
132
223
373
111
376
331
142
240
197
293
413
498
142
127
45
293
64
461
355
466
331
180
377
176
183
348
77
470
85
183
385
214
106
281
92
425
348
137
481
74
469
335
314
207
442
304
91
124
83
390
408
41
502
125
429
126
457
120
388
334
96
22
210
481
436
499
37
395
465
203
492
296
395
236
64
361
48
508
462
331
267
277
178
493
161
375
407
515
56
404
200
385
55
28
293
470
243
59
493
370
96
53
453
444
249
348
252
140
470
152
356
436
285
128
488
59
495
92
130
361
403
101
50
213
97
109
395
117
42
495
406
195
385
274
367
16
504
384
93
471
333
302
56
501
430
426
89
12
192
17
288
249
233
235
320
274
333
30
365
393
453
299
244
449
454
504
98
363
185
123
301
180
492
408
244
400
453
488
180
412
265
127
133
331
260
1
118
390
37
183
6
171
345
24
297
81
407
116
466
288
499
203
143
222
120
118
381
280
448
47
397
214
200
489
176
304
196
115
489
404
93
501
489
262
395
404
287
89
329
441
488
148
372
205
473
425
77
510
415
176
100
281
449
479
122
370
474
75
134
197
446
365
30
470
358
300
43
173
471
132
398
30
79
418
196
512
167
395
379
487
19
202
214
250
395
262
397
54
287
367
291
374
381
513
493
300
279
30
24
279
274
163
304
196
508
489
7
131
177
374
24
272
65
289
240
37
152
310
352
383
403
81
207
295
462
126
119
450
272
369
478
70
169
369
26
289
274
244
462
480
315
464
474
161
465
125
505
140
358
281
343
55
237
507
319
208
411
17
354
405
116
414
269
357
252
92
500
335
461
463
310
250
406
488
355
442
233
113
43
74
22
70
363
159
457
134
366
3
512
142
45
151
343
348
138
183
345
23
238
281
327
72
376
352
363
126
299
315
319
344
199
365
458
421
295
402
471
362
449
453
54
194
17
421
471
442
336
88
106
319
427
36
111
491
154
82
51
167
409
137
414
237
226
224
361
333
428
106
308
175
503
242
281
22
378
295
25
409
478
218
319
269
282
330
492
329
512
409
31
43
369
458
221
492
275
235
242
282
338
378
156
183
282
46
381
282
291
30
301
289
189
447
414
506
209
380
73
352
221
377
298
402
23
413
180
255
391
376
218
450
491
496
244
129
75
147
393
120
324
198
356
486
3
471
198
215
215
146
303
183
245
301
171
262
26
36
340
9
104
493
150
305
409
140
210
396
363
486
370
105
157
381
195
330
201
281
189
467
104
374
230
81
20
144
448
437
425
84
201
255
198
389
110
33
97
496
510
429
222
305
288
395
4
120
145
147
486
178
379
429
300
360
98
130
78
80
93
144
78
431
380
456
341
2
271
407
332
419
290
15
487
230
67
208
492
380
13
487
177
320
216
152
313
222
128
145
4
235
348
74
15
38
10
352
293
344
78
456
396
210
119
350
423
93
51
363
332
378
514
450
506
96
209
344
350
390
452
136
480
276
1
515
497
375
374
58
300
215
12
431
156
157
352
157
387
447
395
358
493
42
98
455
515
100
9
344
78
356
515
30
42
9
310
7
222
322
126
459
226
391
177
233
144
390
441
56
263
340
454
393
103
26
344
367
132
121
27
250
158
301
358
125
244
88
46
422
176
477
498
182
365
442
390
297
453
105
41
301
125
499
345
174
55
222
191
184
162
481
36
298
7
427
42
241
42
192
109
424
241
222
2
340
267
498
308
76
263
496
339
16
285
175
60
310
475
226
179
395
505
512
278
360
350
509
143
478
38
3
313
347
244
395
274
248
235
214
394
237
88
478
251
198
235
277
488
136
207
425
251
480
461
0
33
479
373
7
24
299
81
367
317
210
90
97
315
500
262
242
308
55
510
124
416
338
159
197
290
367
354
212
330
136
178
21
448
394
285
451
69
106
11
342
453
130
498
175
141
380
84
500
426
425
496
306
313
235
115
130
79
158
349
84
197
208
36
344
490
94
407
252
415
419
328
505
182
508
78
447
158
488
219
346
379
355
496
389
455
458
407
440
344
404
496
65
7
409
114
379
11
169
318
229
132
404
302
91
107
326
498
40
358
295
482
179
147
457
514
197
443
82
505
29
368
216
73
495
332
426
107
144
377
239
464
33
309
91
48
30
384
170
419
148
168
392
495
148
89
341
44
409
501
21
272
418
85
480
154
298
1
335
483
255
367
72
322
210
241
321
354
19
386
223
419
367
167
169
230
223
8
96
458
332
84
391
275
468
236
80
196
120
319
112
468
162
127
133
302
381
287
23
364
196
24
345
453
240
497
486
354
399
329
259
377
421
261
412
143
94
188
319
492
40
409
418
193
367
175
223
47
322
293
364
184
356
152
165
374
211
468
327
453
45
258
374
233
221
474
140
287
119
496
466
32
0
334
207
179
299
268
373
178
193
514
319
182
465
310
385
308
425
70
489
276
189
66
294
322
160
395
278
41
175
385
117
39
39
88
429
205
266
364
33
357
136
147
238
306
430
515
0
150
49
236
403
177
470
332
345
30
493
112
140
478
73
11
290
160
443
243
278
207
348
218
80
373
118
352
417
115
395
240
264
356
136
112
117
417
441
425
414
87
486
75
334
10
112
55
501
438
415
207
49
373
386
220
213
175
70
142
56
37
20
434
278
209
239
324
438
298
340
488
465
252
20
351
212
70
94
235
182
319
147
353
97
99
212
443
110
2
103
308
367
417
171
306
58
190
36
429
301
233
400
473
52
443
175
182
2
105
248
261
471
131
388
498
117
393
142
146
182
66
328
454
138
401
44
289
30
418
418
396
195
353
11
372
443
199
55
396
349
104
62
391
201
314
208
87
178
318
154
200
297
424
13
60
454
116
54
84
412
177
471
99
440
431
500
115
399
175
253
332
347
154
328
68
175
444
457
513
414
23
117
285
413
23
219
383
16
52
334
139
36
202
507
464
402
120
259
172
469
298
129
16
59
444
373
2
16
161
478
293
380
339
37
182
401
220
504
78
392
366
491
149
243
259
4
465
152
372
162
63
39
177
312
130
395
321
433
71
168
239
276
497
244
223
366
136
281
197
171
404
252
0
339
475
54
62
153
246
199
38
272
85
182
481
345
349
342
36
326
513
4
178
239
326
218
177
501
124
382
463
46
243
252
457
500
467
295
309
228
163
57
221
488
390
46
194
152
92
198
201
68
346
124
342
135
455
456
59
150
448
27
314
389
464
136
444
509
459
353
455
70
370
64
342
239
2
65
395
402
300
251
97
495
234
303
90
348
280
467
382
365
9
501
212
51
213
104
173
460
464
112
195
154
501
477
404
358
336
250
186
6
361
99
363
72
90
412
475
150
497
146
417
351
20
184
499
315
240
418
59
48
168
418
270
476
23
164
464
224
352
11
417
439
382
69
150
313
405
418
49
319
38
489
50
59
55
80
65
251
449
361
194
276
186
6
32
268
276
347
137
265
325
335
462
57
172
109
413
32
419
276
426
243
346
40
138
303
107
266
229
59
312
153
243
80
453
391
202
266
164
54
431
11
233
190
323
270
413
513
6
172
187
221
40
465
430
370
240
462
482
374
337
332
464
9
406
241
425
357
78
153
85
191
391
511
31
462
407
512
80
214
266
110
243
283
105
309
494
322
165
380
1
25
1
443
205
430
225
312
340
153
48
227
468
401
31
502
15
228
74
285
293
484
136
407
333
218
391
60
419
134
184
187
135
128
494
45
286
65
200
227
503
191
327
6
121
387
13
226
168
85
318
9
292
204
308
120
317
54
395
112
429
444
391
214
428
9
333
387
332
96
136
394
85
451
185
344
228
239
19
226
2
114
431
444
292
435
484
130
130
233
281
294
95
349
372
173
424
344
95
351
293
285
120
472
269
15
267
463
201
50
154
377
278
123
184
444
43
389
289
283
15
55
198
365
321
325
305
214
474
419
480
103
90
76
240
45
285
163
45
173
263
402
191
264
83
173
136
365
19
225
455
233
149
233
151
459
454
163
493
14
0
79
359
25
142
172
493
461
430
185
480
316
233
417
305
485
212
86
152
444
384
272
199
333
266
383
90
114
221
7
423
184
425
293
466
80
273
37
460
389
160
454
248
241
426
209
256
449
99
250
397
14
241
157
105
292
116
142
110
271
305
264
489
340
504
17
234
0
225
63
247
135
118
424
234
235
229
257
115
509
295
314
75
73
153
325
474
293
409
78
376
350
307
276
328
236
281
421
472
509
123
283
384
129
397
193
246
407
382
467
50
308
75
174
496
157
383
148
482
15
275
78
121
257
171
103
374
414
44
146
320
269
70
449
508
50
290
204
303
311
342
184
359
237
202
9
437
369
73
49
32
275
54
15
115
192
143
488
454
449
32
111
328
368
337
495
74
81
380
19
460
100
477
282
203
186
149
88
333
283
403
488
156
402
205
497
160
107
509
39
237
372
246
290
256
116
285
328
223
44
37
390
429
245
3
414
325
278
271
233
115
274
84
118
179
388
444
275
432
275
156
441
326
465
182
121
368
119
235
16
436
471
245
322
349
322
151
88
19
457
57
97
77
322
200
272
74
205
202
200
150
499
325
47
45
8
346
380
420
122
148
327
337
399
195
438
35
92
120
322
403
287
320
269
88
63
428
16
59
277
0
344
473
193
7
501
401
209
6
166
61
423
99
197
96
100
473
335
171
423
13
457
29
320
411
436
460
13
332
75
298
492
269
82
73
466
99
185
232
228
175
139
4
336
8
295
458
452
6
363
257
32
162
425
350
377
456
171
222
450
428
438
198
256
172
344
244
174
379
323
244
0
437
359
465
171
147
328
220
482
377
374
69
342
314
387
477
292
146
438
73
487
488
407
390
94
328
264
390
302
490
441
222
344
514
501
7
73
474
453
42
41
507
23
428
203
84
474
479
314
38
112
333
147
186
239
32
34
491
393
406
452
467
20
219
186
421
202
278
509
354
376
498
58
462
102
152
279
356
237
177
131
45
283
209
471
482
289
2
304
364
279
281
358
322
158
71
441
269
39
260
157
269
509
83
133
24
99
187
500
5
402
75
181
56
9
356
436
490
366
249
191
337
269
198
456
205
193
490
296
235
60
474
136
379
127
205
296
216
137
41
372
295
1
256
463
411
24
335
50
2
383
175
202
233
416
259
390
415
289
7
161
427
203
463
354
376
351
63
103
115
304
321
390
374
58
469
508
464
340
47
363
464
277
338
376
162
86
211
318
67
515
430
3
313
123
165
161
505
57
437
5
378
503
289
296
265
343
433
196
54
62
180
423
58
333
348
443
66
496
377
420
34
109
115
236
154
79
221
268
87
181
422
282
415
478
402
479
45
135
347
391
353
37
443
428
274
510
279
447
464
318
77
205
203
397
481
168
178
163
186
426
451
70
56
267
351
45
512
433
104
405
256
237
107
504
480
279
427
482
45
107
276
263
148
333
383
130
495
20
26
508
62
82
415
41
257
82
417
37
16
288
304
5
182
4
405
84
144
310
16
382
213
378
378
506
488
234
272
464
124
333
162
40
450
108
70
154
26
116
458
31
473
92
422
271
232
287
503
58
417
32
192
67
447
304
491
66
333
493
106
30
206
288
99
353
409
122
87
185
82
379
138
84
293
418
306
484
403
313
338
272
178
118
55
340
118
113
17
280
234
169
23
403
66
96
378
169
222
63
198
323
5
99
432
407
108
195
215
88
438
28
328
17
353
501
162
96
298
262
407
88
209
443
437
341
289
263
242
68
470
137
442
403
497
180
78
438
28
131
28
497
392
466
438
362
480
85
5
277
484
190
389
355
451
442
180
48
14
219
398
491
13
304
435
368
351
257
437
366
46
160
140
177
298
122
391
177
335
494
195
486
199
322
298
271
9
454
480
39
209
507
256
230
105
13
318
27
437
289
34
149
190
479
255
301
482
42
293
47
252
342
474
196
390
252
62
65
180
47
116
458
209
217
454
491
306
109
181
362
495
111
219
261
284
370
368
328
328
452
215
199
277
417
324
196
320
453
211
251
324
242
89
315
433
383
208
94
145
422
208
404
310
271
224
212
233
478
53
396
251
151
241
182
454
306
232
331
41
69
207
491
250
376
145
297
464
299
375
301
23
429
303
486
434
387
390
511
302
178
412
134
157
346
482
458
84
148
495
145
390
85
232
168
145
107
515
48
407
45
211
383
58
301
323
48
322
289
187
503
434
470
178
149
174
343
37
497
178
310
506
273
189
338
19
330
496
415
298
23
328
383
152
396
337
51
513
106
44
303
131
235
116
458
181
56
157
277
506
141
206
7
18
116
235
162
56
111
18
90
422
95
367
143
311
293
501
393
236
400
293
483
125
83
111
292
409
497
364
513
99
88
192
125
393
255
276
456
143
431
370
147
55
165
109
221
129
494
373
321
333
349
471
0
342
256
157
241
275
494
444
358
323
14
193
390
513
417
77
321
396
234
402
315
346
131
49
286
25
321
94
122
512
76
104
81
342
90
63
129
78
404
331
409
318
384
402
221
225
475
45
131
23
474
49
377
460
209
70
403
275
199
192
358
366
430
452
69
216
510
226
48
318
370
334
254
51
257
51
379
280
220
452
46
137
254
195
47
485
284
351
343
402
430
23
309
385
472
64
92
147
446
21
281
46
359
371
428
463
85
139
303
317
284
80
17
39
317
494
324
449
460
384
258
140
255
393
402
359
334
165
115
346
393
403
124
303
1
381
135
433
211
72
502
427
266
241
25
138
259
67
28
69
104
459
229
357
163
161
269
289
266
346
501
205
219
465
433
418
334
185
453
270
181
243
34
222
351
72
109
93
266
426
62
34
127
73
69
461
65
3
398
495
446
298
440
271
417
343
327
47
511
503
201
453
433
249
112
98
434
476
168
405
503
321
186
286
313
401
338
20
433
176
450
433
115
314
49
341
222
317
234
225
420
372
257
99
45
385
269
384
260
511
90
404
318
117
275
125
41
244
69
176
387
456
325
227
241
318
99
211
184
502
27
447
57
170
49
167
111
237
426
317
228
19
242
54
325
514
12
422
1
179
6
115
489
52
513
165
114
290
514
161
292
169
20
447
15
219
3
218
205
151
32
273
222
404
441
40
8
304
80
10
14
15
36
242
364
290
180
312
514
284
169
141
28
114
286
281
444
31
220
349
207
351
74
219
129
274
170
473
62
295
169
128
11
227
410
41
86
452
191
383
511
488
202
338
357
338
173
440
255
48
485
18
23
488
55
59
2
16
293
301
49
147
332
109
295
500
175
466
415
153
499
134
426
196
327
237
193
208
424
387
222
451
424
335
161
127
85
426
181
54
219
347
107
33
402
465
131
414
43
372
328
475
435
110
486
89
2
479
384
332
218
46
215
46
352
413
38
352
18
359
53
164
33
241
56
208
363
140
369
414
208
32
353
288
390
141
91
273
344
357
189
110
29
351
147
108
369
71
14
220
99
63
80
481
457
140
250
482
351
43
480
285
273
389
207
79
333
294
375
63
249
327
430
365
99
442
142
198
348
265
466
150
448
44
477
151
243
326
18
440
500
27
11
220
265
322
303
135
320
133
47
26
70
132
483
106
200
307
95
209
464
104
508
302
465
337
344
70
403
4
79
494
288
124
169
104
412
46
354
342
102
384
101
361
217
319
354
300
237
316
36
468
52
204
427
197
349
17
44
442
402
500
429
398
65
340
116
236
110
422
106
339
281
82
489
125
500
269
205
75
236
124
411
63
102
320
294
290
443
259
428
238
359
317
321
77
481
183
77
54
148
477
369
106
210
396
417
129
437
220
95
366
161
211
202
169
215
503
199
264
507
37
0
100
6
181
500
247
155
76
239
23
2
81
235
115
128
314
401
115
417
320
115
227
339
102
452
333
60
436
228
441
461
85
139
409
509
464
465
162
59
327
281
228
412
389
484
391
158
474
95
193
475
211
51
44
30
274
2
484
349
418
241
504
440
8
250
491
307
372
235
77
75
133
312
16
245
60
187
474
44
337
438
235
99
373
250
220
180
63
0
181
394
396
97
97
461
68
363
118
209
504
395
348
225
333
467
491
427
338
223
65
47
68
507
484
257
104
206
480
132
467
265
329
88
515
489
233
439
195
159
125
238
170
452
66
260
422
491
57
460
455
398
152
294
15
427
117
169
264
179
212
204
154
206
193
226
241
178
276
361
270
361
136
98
254
447
296
328
413
438
214
384
390
515
95
205
79
6
276
204
9
429
498
59
159
354
52
97
95
87
474
434
457
515
377
188
415
174
307
88
342
26
211
298
390
96
469
237
130
198
256
178
383
481
82
131
143
425
181
69
497
295
435
197
162
372
29
232
332
21
507
239
166
124
136
282
315
85
491
264
457
347
107
166
191
314
464
445
156
467
13
72
257
163
83
344
415
263
246
23
465
89
179
196
289
318
477
467
131
240
87
226
383
84
429
46
261
233
273
234
221
31
155
85
6
432
72
347
209
124
74
344
331
143
130
210
93
134
450
346
166
471
333
91
100
175
383
183
58
451
513
26
60
247
128
215
419
339
196
455
128
198
350
220
377
386
146
91
286
26
227
142
431
148
238
356
2
171
442
23
197
376
382
431
333
81
99
447
256
126
410
421
119
261
428
8
172
286
339
75
489
357
156
105
44
333
446
156
386
268
77
282
189
202
228
215
431
48
357
77
86
100
23
381
498
348
310
215
242
100
326
143
239
122
387
207
437
78
322
240
325
282
413
197
4
471
188
240
155
291
451
220
350
211
160
296
333
383
364
282
388
344
104
142
441
430
180
502
346
471
378
159
303
146
224
4
77
288
223
406
45
358
469
89
498
272
451
228
441
447
322
214
451
444
237
177
339
147
313
157
331
63
165
459
476
515
10
353
409
510
178
272
9
291
432
453
203
13
51
264
369
322
338
515
261
497
115
196
183
204
506
510
510
89
0
31
179
120
380
158
168
281
339
432
331
81
500
420
318
61
68
15
460
412
292
9
352
379
146
19
468
453
185
408
424
298
449
421
399
224
353
420
146
241
328
272
352
306
303
488
322
280
171
326
495
79
66
494
202
135
240
112
464
33
184
479
330
430
352
280
498
365
468
502
9
437
441
120
33
230
334
278
496
191
343
378
353
204
79
320
65
401
285
199
491
500
398
219
320
351
157
249
178
214
339
464
62
425
361
185
313
19
145
191
392
309
60
122
376
424
119
328
255
76
486
283
469
476
200
219
177
380
459
335
49
478
469
81
150
166
85
115
337
204
380
204
458
322
378
236
245
479
380
362
261
162
387
430
272
373
223
390
423
392
180
301
32
376
182
334
478
289
446
366
59
111
26
334
403
513
50
0
114
418
50
361
325
221
401
35
461
269
379
347
322
400
408
267
468
428
444
22
239
72
57
116
300
447
180
8
355
294
358
335
435
15
354
205
491
319
15
20
191
168
271
112
350
287
245
252
119
143
388
498
352
319
28
366
437
244
405
432
190
220
236
87
500
5
261
465
230
276
297
79
311
380
343
368
177
102
378
321
289
499
127
79
30
361
250
489
338
62
342
494
77
292
108
56
114
220
421
232
309
405
117
373
228
443
119
72
156
225
74
427
57
192
164
69
366
108
165
453
354
444
200
388
0
62
342
332
409
335
293
92
54
55
302
368
413
4
271
22
13
22
318
284
238
88
452
114
465
455
259
179
267
300
486
232
312
133
378
60
484
284
453
55
55
109
512
465
233
4
285
4
134
174
352
452
61
412
228
447
63
361
474
419
243
391
387
94
266
78
285
322
453
61
390
134
385
431
334
112
34
416
368
244
32
126
328
200
415
266
54
18
264
365
221
515
445
121
263
361
331
57
330
256
76
293
198
166
184
52
429
20
28
447
198
308
263
486
455
468
69
356
22
42
406
231
166
49
445
293
173
257
284
336
227
81
305
155
221
164
420
286
61
15
18
3
436
98
26
415
498
233
499
360
404
117
432
225
111
254
390
481
455
281
365
244
326
388
184
136
438
312
135
361
235
64
431
177
98
391
337
30
11
57
305
486
430
354
133
312
33
334
424
269
326
378
133
257
276
36
307
400
110
365
292
23
326
26
205
110
515
265
30
421
231
339
2
489
206
328
30
228
503
172
197
325
87
235
407
278
514
72
106
28
515
134
243
196
177
176
33
361
78
307
245
323
474
307
424
467
337
252
410
88
6
305
445
164
71
33
120
424
281
310
389
293
305
310
513
363
44
275
515
151
483
353
129
362
508
220
146
276
265
21
37
281
424
1
44
0
158
334
362
308
66
245
151
44
74
108
161
289
425
55
325
163
454
103
373
111
166
343
228
73
390
122
371
446
0
5
206
36
223
409
222
272
16
361
206
236
96
475
52
183
78
178
77
123
413
147
132
355
135
50
22
261
458
118
102
3
135
214
45
337
113
0
272
116
121
407
209
228
272
223
330
122
408
18
331
425
233
407
394
359
72
139
231
17
495
508
53
54
139
75
325
73
359
202
399
11
492
169
203
182
139
479
342
358
422
409
512
440
379
454
73
407
428
365
290
252
469
509
340
425
75
424
11
256
399
400
208
38
477
231
103
445
191
257
203
119
277
447
199
283
179
319
179
203
88
37
416
407
350
509
328
182
428
120
444
471
224
490
480
185
425
380
42
348
278
278
334
172
417
376
306
260
223
195
510
169
385
89
386
219
35
342
356
404
351
229
322
369
369
470
293
56
224
271
376
351
215
144
59
400
510
53
441
249
329
244
243
54
18
440
388
35
97
65
270
271
16
349
269
122
311
35
220
16
233
144
13
358
167
355
274
389
17
465
62
321
98
401
496
503
164
369
116
190
389
306
512
466
124
345
52
474
345
268
135
144
196
112
400
287
393
288
196
345
119
325
335
293
341
96
204
439
365
16
216
360
70
167
480
152
437
163
163
424
334
437
143
363
375
207
70
199
303
221
160
135
149
324
474
168
130
511
224
403
359
330
93
393
324
334
89
508
147
313
198
404
62
311
130
379
467
355
417
167
401
303
233
416
96
439
171
13
31
241
379
455
78
266
462
213
28
443
31
171
342
216
172
371
355
54
349
89
471
214
177
23
325
146
248
444
395
347
431
152
155
68
395
392
95
11
468
136
470
318
349
177
51
295
230
461
136
39
110
363
90
121
278
404
439
114
478
183
227
470
182
132
128
185
88
361
213
388
322
496
378
385
363
61
375
146
388
225
378
81
431
277
54
230
271
224
88
16
454
131
164
500
441
205
122
288
66
334
124
260
228
343
31
355
410
455
140
4
496
408
168
283
117
226
307
19
485
92
270
292
168
366
389
206
275
19
334
230
63
340
398
291
385
492
111
223
240
260
442
496
218
317
272
383
7
417
441
244
125
6
415
438
111
249
348
398
87
312
349
75
42
203
157
33
270
25
377
462
146
246
462
78
327
396
198
183
56
220
51
312
323
345
203
509
45
496
343
216
62
173
6
439
243
114
487
119
236
186
87
385
312
73
265
229
292
21
355
159
10
392
102
8
440
250
318
278
68
94
292
238
514
1
477
439
357
366
68
250
198
105
454
495
228
295
389
287
389
112
509
127
256
332
245
125
384
419
133
183
424
31
158
204
450
430
370
312
499
428
282
68
358
90
126
204
468
112
228
248
28
90
476
460
382
95
511
49
427
318
489
239
222
227
373
244
357
455
483
246
354
28
54
301
373
460
208
93
411
321
144
195
479
201
500
317
184
338
322
63
497
203
66
242
22
497
386
162
490
248
83
279
166
225
436
158
335
249
425
102
199
58
382
459
222
388
187
286
4
334
488
390
69
300
450
373
227
26
395
341
205
460
19
366
385
395
458
390
478
2
444
114
383
65
95
330
291
188
58
354
281
189
490
78
258
91
176
198
49
31
270
456
366
201
221
344
425
430
404
362
390
338
452
170
306
375
192
76
305
497
392
276
503
63
12
448
315
377
510
244
364
145
482
436
298
343
210
337
135
332
502
55
327
507
303
35
413
305
98
58
411
401
453
174
396
492
373
174
312
263
292
22
340
223
443
120
247
341
490
159
379
297
104
8
379
98
432
229
363
13
6
379
55
218
68
271
463
467
465
377
402
501
117
13
197
222
229
260
448
246
222
389
47
455
116
358
69
176
74
469
316
132
55
210
381
181
122
159
298
468
368
96
332
31
361
209
22
61
207
423
347
83
323
225
125
480
321
15
192
112
443
469
314
508
53
56
276
10
306
467
115
461
370
179
365
321
135
262
481
507
78
351
8
307
303
478
414
90
57
322
234
443
394
272
7
61
196
90
283
250
317
194
322
98
492
78
389
32
375
35
139
135
382
85
509
154
262
284
382
340
468
179
484
171
433
65
28
355
473
142
461
450
200
446
187
257
501
464
113
197
256
247
312
179
210
378
511
509
277
12
30
468
44
277
348
216
280
251
30
312
28
355
192
281
339
115
30
377
460
371
290
171
11
382
120
374
48
71
179
238
333
363
382
81
48
68
217
158
177
100
400
282
152
333
426
474
312
39
284
283
473
221
137
314
81
89
177
479
275
137
120
351
379
292
344
198
477
457
290
470
24
153
12
61
37
12
471
352
70
451
156
76
360
90
274
414
278
492
71
69
289
2
489
10
233
55
338
241
185
274
356
427
454
471
185
379
407
486
456
361
384
306
385
366
86
336
9
270
40
11
470
480
475
340
256
177
86
261
35
44
298
402
264
302
378
371
348
285
489
282
9
122
497
310
327
361
81
216
261
47
87
153
90
191
363
384
461
281
447
403
108
509
146
18
458
130
356
233
378
340
431
95
206
509
213
467
74
422
289
152
112
55
45
240
256
60
332
53
336
479
53
123
336
117
191
232
124
350
515
81
188
120
467
337
74
43
130
493
346
426
339
290
90
378
355
310
455
471
277
18
30
363
348
410
326
239
150
162
348
198
141
420
267
180
396
378
33
410
340
20
262
64
310
382
357
396
346
198
20
331
325
476
42
274
403
336
461
361
270
313
396
8
28
296
448
264
366
317
341
150
492
500
231
190
454
178
412
357
416
300
333
333
318
467
426
408
350
339
463
414
504
135
378
83
257
380
135
378
80
153
220
323
336
343
64
47
403
325
24
337
179
93
273
337
315
435
427
39
493
224
396
42
208
100
175
252
207
176
266
208
287
195
122
257
502
120
205
192
180
279
90
312
292
360
120
476
80
380
266
440
256
255
67
201
331
9
214
496
140
338
73
32
465
320
115
266
206
320
205
330
234
494
89
463
301
19
26
387
142
287
114
37
192
277
389
105
293
323
66
130
47
189
320
259
233
303
50
190
287
175
93
495
316
515
122
375
101
423
101
423
53
85
253
300
344
135
150
140
98
12
20
8
488
174
212
337
483
492
355
455
119
369
515
229
32
378
190
336
192
346
164
150
253
383
210
435
141
158
262
294
439
61
296
256
206
59
179
420
510
205
342
169
278
214
246
170
333
182
88
363
31
266
57
235
53
190
284
82
143
319
254
84
361
169
338
287
393
103
260
473
138
5
258
35
360
309
496
179
253
319
326
287
85
341
44
467
453
379
288
279
142
190
308
68
31
397
296
326
238
384
342
308
101
9
50
280
368
323
159
77
131
419
77
465
192
420
159
488
257
7
50
413
266
430
155
298
224
342
416
183
471
473
454
165
438
143
123
249
210
77
179
375
334
150
132
7
303
142
7
285
3
215
285
91
353
81
268
314
31
71
142
267
233
258
5
479
187
497
101
371
158
367
159
384
3
413
382
441
176
344
270
105
196
7
205
404
475
105
69
109
91
85
133
133
277
256
235
146
312
158
448
102
150
439
515
402
139
142
439
488
206
95
153
479
330
189
274
443
335
9
509
205
254
402
257
247
439
403
80
28
167
422
373
179
233
235
281
57
4
367
346
379
172
254
323
481
423
383
268
236
320
315
357
88
287
138
311
422
328
434
504
150
122
234
69
56
482
88
222
211
198
14
158
331
143
236
78
25
77
341
371
163
152
405
515
267
447
90
203
309
373
230
188
477
2
196
120
324
327
254
324
355
378
455
215
352
270
53
443
324
423
51
193
93
327
251
234
118
20
259
241
314
293
42
403
367
89
152
496
244
228
295
331
54
305
127
196
241
252
392
66
311
462
430
20
331
292
430
184
113
402
358
392
65
261
251
65
440
98
192
12
463
427
457
293
233
255
406
114
487
43
465
94
28
102
199
345
417
321
505
62
89
194
368
372
217
498
229
424
397
407
71
71
117
318
321
235
20
190
213
329
187
14
150
221
77
68
305
96
192
338
510
86
229
89
18
100
81
254
425
178
463
347
397
281
371
318
91
321
392
242
25
211
404
92
254
359
12
156
149
480
233
268
439
13
147
6
478
305
98
510
6
190
499
370
272
134
322
481
479
462
429
245
231
402
386
121
510
452
65
96
455
360
254
464
368
341
373
245
199
498
74
4
303
261
379
6
308
493
254
78
297
123
495
168
499
417
482
102
272
169
418
31
298
261
14
254
379
469
93
86
120
320
460
9
372
336
1
247
295
187
64
377
383
130
189
94
266
121
233
343
247
389
386
479
454
120
93
10
318
456
240
438
151
52
120
241
28
189
312
379
155
233
293
80
268
23
178
129
192
445
428
47
378
8
361
397
368
212
160
244
372
184
457
211
199
199
198
429
47
169
266
259
287
186
139
121
52
151
494
348
9
211
222
240
219
6
494
502
376
222
259
507
189
148
487
203
198
101
506
467
29
325
189
462
180
17
507
71
312
303
186
435
139
81
356
378
240
330
160
13
364
11
175
363
301
442
145
149
11
233
8
91
23
503
110
487
510
193
181
405
469
189
115
336
446
499
112
116
451
327
17
145
334
231
346
356
189
474
112
305
207
97
437
123
168
413
474
394
86
30
46
74
198
3
60
32
446
478
154
394
114
371
392
364
111
283
168
53
329
354
207
178
36
260
219
372
60
102
513
260
238
362
155
268
357
291
238
476
267
265
23
222
383
14
216
301
125
315
191
417
107
173
498
221
422
363
332
384
381
358
162
458
53
451
129
152
19
440
97
487
23
41
266
205
270
219
363
159
456
458
37
209
96
371
479
508
352
81
266
427
125
29
194
161
125
265
352
281
169
116
82
268
479
53
217
515
210
280
75
431
266
133
259
440
338
345
373
134
275
486
399
73
415
321
415
498
360
501
373
52
198
42
11
233
512
438
357
184
245
28
161
416
322
129
396
61
31
204
259
244
292
270
384
65
514
87
34
378
294
312
217
282
356
308
196
213
87
499
170
135
148
64
185
349
352
352
220
348
453
3
317
444
155
34
332
512
430
345
444
415
440
382
404
120
229
241
313
184
326
46
397
125
273
501
359
159
70
214
440
352
21
320
211
150
156
345
221
244
394
150
349
263
111
72
487
448
135
4
138
9
246
365
19
394
451
312
313
400
294
55
258
50
497
401
232
158
70
225
448
465
116
228
429
135
409
157
295
90
233
432
309
284
210
350
211
266
110
408
189
337
159
35
265
488
233
147
65
506
212
435
303
274
379
352
288
168
169
147
350
56
168
293
468
28
326
119
56
43
9
295
4
23
331
189
462
355
81
456
143
159
514
5
241
213
203
64
161
483
329
90
220
493
159
433
493
185
284
436
417
469
81
175
378
396
99
313
162
382
167
162
274
83
204
346
134
58
358
400
335
509
320
159
277
215
122
213
299
23
17
352
298
448
389
28
433
505
167
417
278
67
500
204
437
172
400
317
507
378
378
135
414
303
187
34
400
367
368
90
338
17
119
187
17
21
224
167
475
167
49
194
114
169
458
185
416
70
65
469
95
110
36
457
328
302
325
335
106
147
500
317
233
61
171
138
435
84
341
126
286
381
285
85
320
258
265
492
172
72
498
274
332
17
436
139
483
329
515
423
273
87
150
150
466
206
375
14
90
61
86
115
277
114
249
415
236
285
446
112
414
436
251
403
450
251
103
69
25
220
355
169
38
134
130
282
325
515
178
170
322
253
87
415
279
130
464
434
405
495
465
164
252
155
375
39
387
367
414
80
390
471
185
373
254
190
483
118
389
381
322
266
302
42
363
31
214
65
464
473
163
447
236
74
389
140
192
103
202
83
251
442
294
427
491
180
118
71
475
363
122
445
207
118
101
73
196
75
98
75
268
423
481
54
109
336
173
490
159
271
176
287
416
130
173
236
129
329
284
21
203
204
247
95
196
94
30
461
37
168
515
146
453
263
129
309
403
83
285
414
370
468
149
373
514
214
238
325
250
362
173
66
284
34
368
340
137
243
94
108
197
242
202
450
170
178
56
164
411
87
89
209
233
230
152
491
152
337
15
226
240
121
367
340
206
11
130
341
100
219
343
226
348
325
232
369
499
412
444
146
107
317
412
377
46
359
90
329
373
347
457
124
227
280
75
95
185
273
250
42
338
23
230
232
267
462
99
459
364
420
317
447
321
125
343
490
76
287
36
377
370
196
282
392
343
71
267
59
327
125
385
376
497
137
186
420
341
122
23
191
78
15
136
429
276
54
295
78
337
399
80
130
268
490
241
66
83
39
25
445
71
326
28
135
261
304
491
344
113
121
479
192
130
242
89
472
265
88
498
343
341
104
119
146
392
451
78
371
71
302
335
169
0
268
111
229
117
322
23
231
130
278
315
320
191
31
28
189
319
301
155
230
206
146
230
312
348
271
142
513
92
181
156
127
219
418
97
341
368
288
293
291
230
219
36
428
126
32
352
432
417
21
463
458
131
229
387
161
85
125
123
255
242
278
400
359
113
454
503
66
55
123
85
34
149
67
257
301
169
36
41
147
50
408
70
273
87
273
497
438
36
103
367
73
28
254
37
339
47
206
302
29
497
41
357
87
90
257
56
275
122
42
194
288
295
384
488
432
37
189
265
304
435
62
106
462
13
321
82
424
225
416
278
364
70
91
309
502
123
462
395
262
485
192
262
78
408
368
408
205
321
258
341
99
125
346
447
269
354
2
451
505
196
440
59
254
4
437
27
98
91
35
12
64
35
469
30
39
137
112
39
365
488
459
208
218
208
98
234
509
384
77
192
285
489
99
513
128
501
308
349
422
401
466
24
16
248
20
292
409
425
93
183
108
65
267
371
173
382
413
484
164
466
413
109
142
476
237
166
209
282
365
413
393
395
399
408
437
417
253
420
92
377
424
350
124
432
148
82
23
234
343
79
23
185
401
117
168
353
461
233
144
169
23
253
244
333
197
32
316
81
88
260
373
497
422
382
113
508
276
4
179
56
369
344
444
263
160
204
174
387
354
85
203
245
417
475
268
377
109
82
253
485
105
350
408
419
498
377
215
383
435
307
210
211
163
482
473
236
176
212
183
280
307
126
282
115
129
256
359
153
161
429
200
343
110
181
273
147
169
78
304
61
181
482
481
488
333
275
215
411
185
87
2
211
384
142
277
65
510
61
256
248
156
190
306
346
122
493
142
420
190
251
196
327
143
56
510
250
352
184
248
484
46
478
234
380
82
30
144
254
487
200
14
507
147
485
6
213
228
95
324
304
210
491
145
147
364
58
160
458
298
260
275
69
483
497
414
91
192
291
69
497
11
445
360
341
132
35
40
26
468
363
456
66
38
125
105
459
443
82
53
267
297
99
51
50
40
384
267
196
201
394
239
402
497
349
201
383
134
171
458
248
311
256
224
356
478
150
11
159
400
194
19
192
487
58
148
215
513
397
33
44
329
304
105
414
26
227
98
468
133
2
358
410
431
512
47
87
326
397
374
193
186
394
444
221
455
316
462
120
61
2
142
205
432
335
238
116
225
410
0
385
277
14
463
218
14
385
360
77
401
156
58
437
305
240
137
92
303
139
122
396
300
33
139
338
168
360
388
220
300
501
142
354
36
187
458
372
204
342
321
132
491
20
13
462
296
340
510
120
445
341
0
386
364
224
261
123
281
79
343
511
216
333
256
498
280
283
185
413
427
367
298
343
277
464
426
136
364
237
61
358
52
311
467
354
159
39
90
236
427
62
232
331
196
282
219
320
182
357
127
510
488
261
466
59
300
34
445
27
373
116
100
294
431
140
47
362
50
438
126
392
170
325
64
305
282
130
292
507
110
477
431
205
465
426
239
217
379
9
44
137
330
140
462
139
128
246
343
187
257
257
201
363
425
204
440
369
18
79
81
501
53
258
404
467
225
187
387
396
362
0
417
316
72
427
512
116
382
77
424
94
190
425
109
49
244
190
425
434
351
255
176
489
394
48
272
280
272
474
80
40
288
383
454
185
439
421
429
505
45
133
33
499
4
77
219
433
155
224
127
445
17
39
434
51
139
318
196
112
188
44
81
116
131
9
338
428
307
103
500
186
0
239
86
252
101
249
205
235
110
209
26
221
203
60
446
22
252
483
297
222
248
455
447
464
494
256
501
350
314
88
84
83
359
53
367
203
136
132
185
205
184
337
463
167
282
44
165
75
368
133
92
4
122
503
177
482
359
460
311
302
175
489
51
121
240
200
149
168
3
95
376
471
488
454
449
312
421
233
177
255
485
204
430
277
362
341
291
376
394
373
125
411
455
253
71
96
302
219
244
133
332
54
154
470
27
488
246
112
149
161
3
280
290
383
55
167
474
429
36
398
27
123
441
18
411
201
298
486
77
247
470
104
160
81
54
307
333
378
317
237
345
388
471
133
32
3
84
196
282
479
219
265
309
44
315
382
313
373
228
96
309
319
243
30
48
39
398
352
433
256
63
110
115
364
257
45
294
379
483
210
99
96
435
203
186
297
65
18
22
341
41
475
61
288
435
99
474
35
178
8
478
403
84
147
49
377
114
174
45
33
340
395
74
477
48
328
322
399
25
487
351
115
412
44
197
360
428
297
71
395
219
243
420
399
45
339
515
262
370
501
312
40
513
1
461
479
407
269
317
151
160
224
187
263
245
272
420
361
74
197
210
116
370
27
159
104
210
372
177
59
433
375
122
184
38
257
292
403
312
371
137
322
234
488
191
33
2
472
383
348
94
288
403
476
177
183
277
151
142
42
456
378
158
51
117
352
229
288
36
482
318
206
451
448
181
515
193
40
144
74
190
1
427
142
367
477
20
216
397
150
348
436
88
27
35
91
236
277
88
116
333
248
109
332
380
110
459
422
110
176
191
35
364
380
257
383
436
133
318
497
477
227
214
274
318
181
184
74
115
201
397
315
208
486
220
379
395
83
459
338
506
248
248
366
191
459
167
365
58
400
313
136
461
477
169
478
314
303
371
513
178
439
211
460
441
497
160
113
244
299
437
338
401
106
355
338
188
104
368
9
373
113
76
16
161
253
405
463
222
287
361
142
272
295
151
411
29
159
486
41
80
486
176
324
134
486
480
217
100
101
482
395
387
412
315
499
137
89
102
356
90
20
172
96
39
377
110
108
427
89
136
7
131
364
101
170
372
192
207
506
304
366
301
496
456
284
291
110
513
515
479
5
345
301
29
513
489
53
403
103
92
272
182
235
213
79
435
50
283
459
156
496
311
239
407
89
20
293
147
286
360
345
243
47
134
17
58
480
223
117
31
180
239
109
85
479
48
50
5
273
279
63
286
380
254
405
291
168
18
376
53
366
445
405
232
467
473
197
151
476
116
371
228
192
382
288
102
179
115
12
88
1
372
233
92
333
383
18
293
170
498
379
500
290
372
345
373
399
276
400
60
178
80
449
420
37
401
286
285
105
129
166
218
327
69
465
268
336
486
421
158
306
292
119
419
445
85
318
156
347
398
490
164
335
127
377
266
33
311
306
110
288
317
359
79
338
420
311
218
61
235
513
508
244
30
415
310
303
500
377
318
386
129
125
366
129
436
461
262
370
226
464
235
490
125
270
254
293
460
363
83
497
351
146
42
488
424
499
299
53
509
273
492
496
78
33
374
35
144
80
375
347
408
192
166
201
500
467
232
125
38
49
194
215
135
46
354
96
53
58
400
441
170
327
445
216
168
79
290
489
99
331
357
485
182
286
361
211
345
414
303
199
20
35
40
250
300
454
211
179
15
40
357
387
11
138
343
454
6
162
85
254
209
304
213
203
255
147
361
238
260
283
357
157
515
148
133
75
195
309
318
291
160
115
384
303
205
21
274
385
298
264
327
424
193
470
11
133
105
223
216
9
329
382
93
494
159
232
221
345
414
71
150
164
119
242
427
439
258
199
98
98
291
490
206
147
439
108
242
357
59
270
199
151
60
39
317
363
261
267
375
331
300
361
268
515
496
404
490
14
482
256
201
3
314
466
242
63
368
67
470
308
492
106
307
133
213
115
167
73
327
243
81
174
244
2
44
83
431
262
350
63
173
88
137
420
286
389
164
444
317
254
134
122
359
160
456
343
221
267
433
160
216
360
358
162
232
133
232
340
126
332
174
148
29
381
300
132
457
286
216
94
313
78
390
222
193
225
89
299
399
303
24
262
246
236
26
160
53
408
380
411
513
26
49
46
490
378
69
478
306
173
9
255
95
371
292
7
402
182
136
336
230
367
146
457
4
429
462
298
435
103
145
515
186
104
188
224
246
274
389
515
81
76
460
415
413
181
85
195
348
9
415
29
366
288
193
373
69
415
415
512
19
184
458
12
244
488
432
34
90
462
287
258
299
47
8
508
288
325
97
405
289
244
159
218
48
247
194
269
73
322
112
435
277
159
13
174
134
251
305
462
512
83
224
392
299
7
476
404
13
349
131
110
95
163
364
298
189
328
488
446
402
473
2
419
380
478
231
360
483
315
162
207
90
166
366
123
477
420
323
315
485
362
124
100
96
147
132
284
92
278
431
164
379
449
306
444
164
221
38
122
424
148
304
46
500
211
233
410
351
248
238
315
391
406
252
54
147
337
207
303
258
273
238
49
508
459
25
173
211
321
125
389
192
19
125
491
424
204
345
356
462
115
103
51
87
64
76
57
225
117
320
373
125
346
418
475
209
462
411
51
485
119
12
100
255
190
247
254
122
19
95
210
378
407
44
284
237
22
221
187
413
242
79
301
406
358
175
381
46
148
199
187
174
299
298
192
1
232
85
38
151
153
161
356
413
320
29
475
419
174
280
11
22
46
380
192
134
299
394
222
127
340
410
210
16
257
105
19
391
318
446
193
429
293
375
342
408
65
169
438
383
391
299
437
305
302
328
364
446
444
254
411
180
266
375
220
27
449
214
184
228
108
33
334
53
368
495
135
76
463
135
183
138
407
358
325
380
240
515
205
364
239
273
330
180
409
409
298
142
74
215
30
155
461
466
184
19
408
54
71
488
414
446
370
44
225
398
242
494
395
225
254
430
515
327
228
3
429
224
419
32
199
436
34
436
303
409
78
177
161
84
377
211
340
105
330
154
127
395
74
326
210
337
119
113
153
207
277
342
256
229
55
234
457
437
264
145
100
474
115
161
323
331
238
471
244
153
259
409
51
155
154
418
373
30
202
328
275
105
251
256
402
351
443
198
99
472
107
182
338
511
362
75
163
31
468
70
316
478
198
443
28
212
58
49
16
381
74
117
184
64
48
400
2
0
268
168
35
46
386
181
69
75
38
506
46
84
244
138
44
25
399
123
26
165
19
157
59
16
510
11
54
324
315
82
348
184
326
370
370
14
207
507
281
105
443
206
90
311
193
3
1
113
157
275
179
509
301
176
239
123
410
435
117
328
436
223
447
512
346
163
455
500
319
226
497
268
254
197
381
53
50
213
165
450
119
306
22
285
409
386
107
254
184
194
403
6
374
485
280
98
100
231
176
260
333
3
31
224
411
343
343
283
234
346
33
443
184
471
461
465
90
241
213
327
452
286
277
64
347
342
14
290
378
42
348
28
398
29
18
162
333
82
469
407
235
232
389
80
189
292
44
233
493
48
28
328
399
74
179
27
180
509
206
302
393
367
511
295
225
361
166
295
388
363
437
381
399
22
38
162
238
15
510
178
317
228
397
369
175
54
235
294
16
160
505
12
476
91
497
428
82
75
180
17
79
47
484
218
404
318
175
226
188
453
210
126
124
262
158
466
39
25
466
215
42
138
215
288
403
148
66
291
310
39
210
358
216
308
146
382
130
337
451
367
453
312
298
327
504
404
474
452
390
133
326
508
403
343
193
107
84
64
255
508
286
69
254
226
483
35
303
463
187
125
339
339
272
5
31
302
414
168
440
475
61
451
358
398
35
281
200
1
4
214
247
209
475
141
251
140
485
256
340
507
102
198
138
150
251
181
255
209
391
124
167
337
135
372
447
162
170
74
365
295
285
403
258
282
59
416
199
45
201
259
297
376
152
438
389
505
166
205
112
148
417
360
257
216
143
368
403
200
340
466
322
146
151
218
150
382
479
248
439
471
142
115
230
21
21
124
406
509
116
302
447
61
328
5
413
448
166
472
219
73
332
378
106
414
66
319
233
186
457
475
394
233
10
319
222
362
211
140
176
457
484
371
409
456
174
351
392
114
437
160
499
181
75
187
411
487
61
115
510
392
189
367
45
263
512
302
383
497
185
299
210
46
181
254
222
134
131
381
265
302
471
31
301
513
25
359
122
126
110
171
148
125
307
212
435
463
78
303
248
58
207
475
129
14
422
76
488
500
41
194
487
391
217
404
335
232
135
79
463
438
240
146
259
500
284
53
499
126
186
182
302
365
289
175
207
122
404
72
7
279
30
315
120
166
107
184
20
19
405
360
220
465
171
376
402
6
282
402
65
36
141
121
119
490
375
307
403
315
163
55
25
439
392
73
70
159
258
176
14
394
459
256
374
41
317
414
34
14
413
243
373
332
122
305
332
251
235
180
34
512
185
427
38
402
407
198
475
156
50
175
45
453
8
117
307
351
11
296
200
184
49
263
41
372
382
284
396
91
342
332
374
409
223
234
369
487
178
282
502
302
38
475
504
488
393
241
265
440
433
416
115
239
133
146
279
60
184
403
146
180
93
184
176
397
500
182
253
353
97
256
460
26
382
101
185
139
101
106
383
120
148
61
501
368
325
176
90
1
251
34
472
268
1
95
512
354
12
1
456
253
97
287
193
189
115
409
288
368
294
13
499
139
181
241
265
248
243
177
364
308
140
476
34
156
381
18
268
292
176
32
397
324
348
167
271
375
289
489
334
424
183
25
298
118
32
305
488
17
135
12
267
293
287
402
484
21
489
78
123
45
138
216
472
349
242
472
87
382
193
437
120
244
309
222
502
43
167
41
299
15
438
365
280
422
68
311
29
12
198
334
219
358
260
277
179
23
36
196
189
20
172
72
29
484
21
226
331
162
6
38
280
72
48
115
199
220
372
348
428
449
372
235
72
432
162
381
344
268
176
44
272
0
383
125
12
380
240
164
196
145
354
459
127
277
268
384
277
196
444
228
322
396
260
127
341
238
322
294
225
449
298
428
164
393
358
26
61
139
384
225
345
299
178
227
462
31
159
277
127
456
153
137
453
497
87
498
231
329
23
370
456
156
393
456
240
488
335
87
197
331
467
82
172
342
265
266
221
380
283
196
192
80
110
91
20
501
9
172
356
476
185
432
431
364
50
34
498
381
123
74
500
40
31
205
342
416
176
20
245
29
192
9
455
140
187
390
381
489
477
384
255
218
156
123
335
456
268
400
473
346
472
476
494
501
515
278
432
250
349
42
511
490
227
502
431
177
285
266
349
358
282
472
277
509
515
108
464
300
67
40
188
368
346
382
157
327
232
12
242
64
235
122
301
258
473
515
201
52
246
473
135
61
69
146
462
246
179
427
40
311
0
316
282
198
270
35
506
273
327
121
35
439
481
207
280
73
364
246
514
191
104
378
38
472
283
140
475
426
101
499
419
330
51
228
387
122
388
267
374
444
472
317
306
403
56
207
128
481
120
222
346
40
175
166
177
80
440
4
104
273
369
332
125
267
191
268
509
152
405
184
273
65
195
238
178
389
199
271
361
505
451
55
243
35
317
286
361
439
233
56
291
150
295
29
352
427
363
42
28
387
194
44
257
281
389
360
361
75
281
303
347
61
484
484
156
340
407
75
36
272
115
230
513
376
118
414
434
118
472
368
125
132
171
132
250
415
443
133
202
28
140
439
247
484
353
40
376
23
171
336
167
320
83
61
175
497
44
81
230
242
26
144
37
202
155
258
54
269
325
494
389
379
300
194
349
394
42
252
277
52
102
132
32
353
340
209
233
16
329
344
451
23
132
454
317
231
31
219
129
360
426
140
73
168
437
426
387
263
161
507
74
434
46
323
208
250
109
395
302
2
377
199
468
258
229
41
285
79
46
17
421
277
341
75
117
388
333
473
62
339
73
124
330
444
508
234
229
85
261
417
309
415
264
207
56
365
490
371
143
489
82
439
365
225
300
515
368
407
377
42
419
315
487
69
339
476
416
230
155
78
21
474
114
246
354
192
125
69
193
60
201
368
437
466
76
341
278
5
339
358
104
294
134
127
124
485
489
384
490
90
46
326
208
127
455
207
72
330
209
117
324
441
90
510
19
437
126
2
334
411
15
132
360
243
115
286
337
497
199
17
479
407
169
108
423
120
276
128
66
127
155
76
283
398
181
463
127
508
510
278
84
171
120
205
198
129
292
416
180
190
277
354
39
200
389
118
242
118
420
421
444
173
291
35
12
159
339
450
299
108
452
169
208
402
26
166
131
282
35
433
201
119
32
165
167
115
434
113
90
122
26
298
57
360
232
403
165
49
405
242
117
166
445
66
233
454
432
377
246
60
54
273
87
205
115
44
504
446
244
90
14
119
268
468
511
241
99
264
490
88
140
119
434
169
206
388
285
300
139
54
212
433
454
49
281
299
208
96
139
353
208
59
268
275
57
188
472
334
214
32
280
339
292
495
363
142
509
157
304
15
386
198
108
62
434
226
456
358
20
126
389
182
24
273
452
113
377
430
271
339
116
478
285
177
360
330
80
359
194
54
74
383
7
60
333
112
181
371
361
80
62
54
434
503
127
207
466
433
130
274
272
422
12
318
400
336
60
27
398
292
456
426
478
175
368
275
239
46
214
19
197
253
238
168
397
355
35
377
485
269
280
12
148
29
46
315
34
2
102
143
1
453
336
30
369
54
207
283
110
258
396
3
453
380
478
249
327
54
158
479
66
350
269
465
283
207
371
348
215
102
436
195
362
32
471
258
165
35
41
460
80
361
204
252
309
39
423
255
461
53
144
186
225
137
166
401
270
479
241
0
134
104
199
7
445
287
344
135
140
160
50
152
46
297
73
477
350
338
451
247
437
377
277
189
454
391
454
332
187
372
515
329
209
447
245
377
255
503
416
167
354
336
330
33
205
37
198
363
490
233
138
82
476
303
337
46
342
37
214
360
41
214
435
189
450
263
396
332
16
156
253
39
292
313
185
85
508
7
361
416
102
333
455
452
501
478
3
37
315
267
153
25
70
226
115
408
4
197
49
382
70
464
21
387
480
125
495
33
317
278
57
390
354
261
90
233
463
16
186
213
439
142
420
196
268
395
117
278
119
412
262
93
385
357
322
351
352
298
168
64
463
334
415
295
442
394
59
406
21
294
254
139
494
222
138
0
137
135
319
142
18
49
479
465
443
330
4
66
106
351
25
35
239
448
494
256
437
214
384
270
436
123
193
12
418
139
84
155
114
195
137
102
385
224
124
394
166
307
395
188
124
78
425
481
149
167
360
126
302
307
88
284
131
64
477
8
30
373
455
323
128
34
50
139
106
347
468
168
277
324
128
62
132
345
35
428
80
369
79
47
37
410
246
303
131
322
45
490
506
88
20
394
159
237
25
14
164
384
213
408
457
0
470
69
9
340
408
208
291
100
109
453
385
242
505
505
0
435
484
371
45
205
279
483
356
130
435
248
455
447
340
431
196
16
236
338
279
258
97
236
493
455
447
204
406
442
98
111
379
216
380
113
175
287
165
291
160
505
338
485
277
285
165
371
483
148
373
83
503
134
170
193
439
55
398
93
443
360
351
332
33
3
270
50
476
510
289
286
181
439
384
314
15
147
31
300
338
512
432
299
45
284
223
95
370
309
280
262
477
55
147
469
286
390
171
28
128
55
241
351
119
337
171
177
135
399
55
371
361
234
476
166
478
216
254
277
45
399
12
66
150
23
149
251
200
57
272
177
62
332
251
250
36
148
273
389
471
17
393
19
246
75
75
259
253
491
129
408
255
179
74
80
239
95
253
347
440
0
214
280
284
82
279
122
194
196
251
114
447
488
50
323
447
317
19
505
246
284
18
131
458
488
464
398
469
45
494
227
491
420
435
473
375
102
34
207
175
493
448
26
192
102
277
150
326
396
128
195
417
80
177
269
239
207
69
259
463
504
149
265
138
150
302
80
383
160
469
223
72
232
157
131
102
172
146
256
226
238
150
220
472
130
408
383
515
114
353
150
73
454
205
254
115
299
83
269
161
255
481
297
358
343
193
455
264
315
263
374
509
33
192
393
59
441
47
370
278
225
302
73
202
198
87
336
307
33
312
370
425
250
222
144
459
490
130
337
190
400
476
383
354
13
440
508
77
400
381
329
47
126
187
362
96
499
238
191
383
244
121
382
420
358
269
440
406
428
343
131
155
198
98
3
213
294
313
198
302
376
489
261
98
251
1
288
276
370
351
150
131
476
167
175
475
467
14
237
148
184
455
80
101
293
301
84
439
336
128
88
121
356
164
482
26
18
274
47
428
420
420
378
336
240
480
227
331
14
203
311
481
0
95
406
386
110
31
450
474
298
407
345
308
220
91
423
50
127
429
283
143
202
113
44
444
239
39
314
238
176
218
462
271
413
320
220
358
486
442
72
172
288
411
259
136
213
18
66
44
291
194
178
141
179
199
14
211
294
164
139
305
400
88
251
405
165
504
66
17
255
464
84
115
148
234
170
35
302
71
40
115
60
189
80
480
219
109
192
5
92
214
35
252
13
261
237
378
356
282
40
38
462
423
208
16
78
96
327
186
98
222
52
122
235
347
112
23
444
203
62
48
408
432
62
257
9
166
210
252
319
495
280
66
92
382
176
257
137
443
114
398
88
434
345
32
495
49
107
176
138
0
163
353
438
124
357
215
196
191
397
397
370
253
8
92
100
462
32
272
220
479
297
102
103
433
311
335
90
458
29
215
231
274
21
44
190
345
89
402
328
218
106
294
323
468
383
62
504
90
365
317
330
255
508
184
277
496
272
125
251
474
196
2
394
124
317
290
201
203
328
320
214
101
256
162
110
370
204
429
276
199
443
244
39
151
256
173
133
153
307
243
433
256
236
480
216
200
280
16
189
196
176
420
384
370
120
397
331
266
447
384
320
269
421
435
397
387
354
307
254
295
420
124
106
480
214
402
10
148
201
331
505
295
80
12
153
114
200
125
39
122
189
442
266
243
324
450
438
209
37
321
20
123
395
255
170
408
136
346
253
409
91
247
7
162
189
227
433
420
145
153
329
329
97
170
12
170
496
106
99
183
272
224
302
433
399
160
2
457
145
28
204
377
305
173
7
141
88
501
310
87
238
160
328
230
132
81
413
179
334
85
353
157
230
119
399
203
466
215
377
355
479
188
334
302
383
105
433
405
480
45
374
232
188
125
184
419
230
321
404
343
280
266
89
240
18
89
123
501
143
216
255
225
353
274
280
395
412
287
341
382
367
162
120
191
41
50
375
146
375
380
252
307
420
3
273
283
478
349
89
192
442
407
381
500
146
39
295
209
106
423
176
37
462
181
278
16
147
458
312
46
290
275
234
295
512
223
27
235
346
12
275
434
427
181
243
27
179
377
389
237
391
39
480
458
179
233
260
8
144
372
113
372
382
121
419
93
212
230
34
420
435
165
426
423
47
63
67
314
280
132
434
156
27
377
349
376
136
211
500
436
453
37
483
342
71
434
513
450
436
191
109
322
180
24
393
217
355
512
386
234
306
445
12
179
105
263
276
229
265
303
478
475
0
171
492
119
260
285
207
227
500
498
472
207
367
157
340
496
512
390
88
92
180
228
410
367
515
126
210
409
502
242
467
74
163
180
268
132
89
409
372
199
92
191
502
70
342
157
502
439
366
79
208
320
278
37
60
298
107
417
382
33
113
231
405
380
293
4
162
74
27
416
320
297
229
293
340
429
464
486
401
497
470
292
361
475
154
349
225
162
514
63
373
158
241
475
484
366
439
15
475
336
39
122
24
215
158
122
22
481
230
355
184
249
22
282
179
36
134
216
189
293
73
366
438
63
484
275
440
486
262
41
467
311
188
172
194
57
183
13
174
512
52
394
485
212
325
464
50
83
207
385
94
17
63
270
159
242
405
114
172
109
100
94
235
451
300
230
221
24
174
144
93
515
97
97
55
317
497
225
45
321
403
439
162
206
116
170
99
407
365
327
39
229
206
445
179
55
222
249
134
481
445
90
271
436
99
69
113
137
268
310
399
254
270
392
245
457
136
503
506
101
74
107
505
49
452
14
408
240
374
197
31
450
514
358
367
431
69
67
23
184
68
14
174
261
450
273
122
207
313
151
417
48
23
74
16
88
382
139
310
99
377
183
12
483
462
273
427
100
309
34
408
227
361
107
492
266
503
107
27
297
7
457
244
357
17
230
57
481
80
156
37
385
48
360
225
357
426
145
226
334
378
383
154
31
283
366
380
74
316
431
254
254
361
446
423
322
293
61
231
45
441
254
119
443
169
313
251
432
499
452
89
168
89
222
230
129
305
483
355
301
361
418
470
404
196
405
443
287
45
57
373
192
105
43
415
299
213
378
104
163
433
332
247
367
171
134
379
283
513
335
366
15
87
51
139
209
497
222
146
430
46
184
379
370
404
75
147
330
422
218
221
3
407
111
26
303
67
100
305
362
297
228
370
91
405
426
429
371
156
172
231
455
192
185
60
339
431
162
171
406
320
76
361
1
325
182
51
481
221
396
142
421
214
60
459
420
275
405
11
329
422
305
232
438
175
360
119
484
59
319
497
125
346
132
282
58
405
232
162
450
279
94
196
18
60
171
14
367
186
118
96
475
0
394
140
188
164
159
266
290
29
368
205
145
217
126
129
28
485
428
21
409
437
85
181
441
74
87
503
247
16
90
434
161
268
279
287
183
468
357
56
221
152
136
381
381
93
208
333
319
143
15
238
420
192
454
191
365
154
413
468
450
135
285
276
290
263
450
299
450
427
476
207
21
137
85
433
151
266
471
492
228
119
264
279
107
80
132
67
474
91
486
448
357
499
48
350
394
302
48
7
441
205
357
51
469
32
448
394
452
105
268
153
252
377
257
52
48
108
78
282
23
344
70
452
410
45
470
326
205
295
311
0
184
444
244
117
441
182
426
294
485
494
174
480
0
282
71
365
493
49
235
75
467
82
136
452
6
229
105
321
89
342
353
350
106
239
163
142
444
409
433
470
84
506
62
273
51
77
204
376
209
500
69
434
417
459
403
76
495
179
175
282
436
249
234
222
21
323
455
53
363
326
133
19
268
464
264
367
41
211
57
291
3
416
51
283
441
84
392
339
326
392
393
85
48
354
359
211
323
87
515
323
305
421
261
506
71
89
513
168
459
57
76
159
197
462
93
125
273
137
129
81
261
90
374
74
504
461
497
316
491
421
244
156
225
331
161
355
462
302
73
125
471
430
244
9
285
240
185
417
361
151
72
346
438
253
365
239
453
240
26
1
343
438
126
126
166
285
199
204
423
125
75
459
225
412
300
363
135
305
248
447
197
117
312
2
171
373
348
120
326
35
210
58
277
324
84
89
26
488
102
148
311
426
300
374
103
148
141
162
427
514
21
206
122
153
141
300
99
264
261
127
261
22
17
97
168
193
79
434
435
252
417
433
58
154
154
418
339
319
205
421
354
163
145
363
484
489
17
319
155
157
8
341
110
431
430
376
363
118
61
26
64
203
143
285
481
192
285
226
357
365
316
140
271
417
239
284
497
423
159
271
81
416
54
419
375
7
123
114
481
176
402
181
74
433
60
269
277
374
274
68
173
459
183
207
182
278
392
15
7
419
504
128
90
421
307
215
115
164
239
24
297
153
403
14
478
226
282
323
492
454
402
40
290
290
422
273
395
119
249
297
48
427
224
392
258
302
80
476
220
326
359
68
111
262
125
111
282
346
11
415
243
302
163
511
14
236
26
338
73
312
312
348
506
446
84
435
255
476
116
135
256
103
396
388
258
25
180
84
377
231
159
230
478
79
59
71
104
257
329
90
90
197
451
422
363
180
474
46
290
240
243
395
483
60
155
309
105
195
271
475
67
439
266
426
197
194
260
475
139
31
72
235
31
208
260
256
359
285
147
143
472
451
476
340
511
235
507
153
198
172
501
326
213
231
36
109
377
35
46
16
50
72
123
318
334
240
512
312
322
371
6
426
502
181
52
60
450
484
112
267
181
257
155
164
76
343
84
439
118
265
110
425
176
75
502
384
184
27
316
99
491
435
483
7
91
143
265
355
173
311
267
454
504
353
181
364
471
157
156
176
427
25
475
324
176
180
290
462
315
224
307
353
323
101
132
117
266
430
151
312
314
125
123
95
195
490
478
139
439
307
453
155
343
337
89
369
44
44
64
500
164
244
77
9
193
158
336
502
288
353
6
343
225
179
491
512
194
132
16
223
182
241
504
101
153
56
39
379
231
163
326
96
308
161
376
101
224
64
211
259
288
126
54
283
341
292
262
329
118
496
293
214
371
498
333
179
322
445
432
14
56
433
196
268
130
402
394
500
83
154
135
491
430
355
364
394
282
492
110
154
140
157
436
181
437
65
162
274
21
412
41
301
308
410
494
315
176
512
139
15
222
478
313
464
491
440
92
38
281
151
137
298
6
181
101
34
176
118
394
21
262
72
369
264
374
418
30
478
275
414
110
46
83
494
338
62
301
440
215
234
259
396
364
54
423
381
120
222
7
25
163
324
99
273
116
364
476
379
190
89
360
313
11
280
319
483
303
65
82
25
15
15
271
331
198
256
245
27
294
437
305
68
407
130
64
319
175
306
299
159
203
89
418
376
150
29
121
322
91
188
177
388
264
23
450
183
168
433
345
483
452
12
89
464
4
394
306
433
326
215
86
68
22
245
482
150
149
210
400
395
480
91
407
389
484
484
178
30
192
371
392
317
285
115
384
341
43
262
181
68
53
418
413
59
506
365
15
138
39
229
505
265
11
333
440
351
32
128
282
79
21
479
430
377
415
282
181
51
245
368
209
234
195
165
115
460
477
45
174
336
370
106
383
149
112
193
77
37
299
98
259
5
433
115
167
96
502
96
26
296
435
437
177
216
130
259
266
245
107
506
267
289
163
279
321
130
500
135
166
400
36
27
54
471
11
348
214
264
360
138
218
155
274
299
286
243
214
445
257
247
230
280
118
22
390
373
221
417
413
145
257
349
116
196
17
466
45
96
450
216
161
145
389
433
117
207
220
471
83
480
286
482
278
321
293
288
402
493
257
259
11
20
139
22
31
30
275
12
239
4
484
51
459
51
115
38
376
135
242
167
179
321
17
27
11
108
442
32
299
393
292
28
57
360
393
369
186
39
459
180
88
344
9
221
328
42
293
192
194
412
112
103
218
404
437
319
515
247
229
30
316
118
276
408
435
39
296
282
327
185
211
479
5
191
454
422
279
72
37
243
175
218
408
382
164
263
287
48
93
464
384
293
267
212
79
284
319
440
428
148
399
225
13
99
257
480
189
468
418
171
320
153
303
57
352
83
494
321
41
28
489
120
435
279
2
193
482
89
102
72
503
167
482
428
211
161
489
163
346
298
229
434
304
352
174
71
219
63
242
153
461
457
457
21
355
419
207
503
153
318
230
195
16
460
222
514
14
496
291
496
382
375
278
402
373
289
375
243
228
321
363
133
358
401
78
512
172
470
43
154
25
13
62
38
357
140
195
275
389
43
135
254
411
295
452
213
301
355
106
261
166
2
245
83
52
75
279
347
222
460
408
139
34
152
275
212
513
202
322
96
428
481
326
503
282
279
89
512
495
495
385
493
22
316
266
250
515
137
195
189
357
246
323
211
380
493
497
356
394
149
217
227
43
354
394
407
439
35
232
76
51
298
424
469
397
285
262
397
299
466
245
321
60
202
246
38
106
352
452
130
227
242
123
464
245
280
346
341
465
203
300
269
13
439
149
94
10
389
357
413
219
333
55
208
24
380
41
228
47
256
170
30
351
338
99
293
65
242
90
179
178
101
228
83
414
175
263
277
397
392
127
187
463
247
73
369
119
253
435
383
303
179
73
390
481
465
448
421
304
4
404
85
434
40
515
254
296
22
43
367
444
61
271
28
228
56
122
246
21
388
87
238
21
469
391
109
237
167
387
267
183
492
110
437
281
9
375
327
407
151
331
458
294
224
476
435
17
219
358
377
46
246
19
163
227
65
463
401
238
62
504
346
323
253
169
210
319
355
447
125
148
65
384
495
82
33
470
476
322
422
165
453
378
124
435
437
115
167
98
319
302
402
203
91
13
193
410
467
449
395
365
449
132
365
439
93
512
468
385
288
38
264
307
12
304
353
139
171
351
152
237
291
402
367
490
132
7
486
2
61
33
46
375
124
392
342
404
317
148
259
461
457
192
196
431
341
458
204
417
362
444
275
61
58
101
258
250
248
314
404
167
133
296
387
411
483
310
19
104
479
142
453
61
361
196
453
267
197
152
183
457
109
208
201
297
66
218
236
187
475
267
357
283
430
89
104
439
244
21
51
42
435
183
136
72
449
458
505
344
404
222
56
366
244
217
257
480
77
3
3
215
256
437
347
178
197
480
151
416
61
490
57
443
125
314
358
104
337
348
420
37
439
240
473
404
185
284
187
99
94
389
277
444
431
312
182
384
72
294
125
453
275
170
477
256
347
151
171
266
443
215
270
174
33
195
503
137
45
179
26
432
281
177
336
167
501
94
455
497
84
340
433
251
27
158
152
251
258
117
141
351
1
476
296
388
7
94
142
212
36
432
324
458
138
334
328
284
104
393
455
196
247
339
190
90
258
124
414
195
370
4
388
389
358
45
173
219
327
344
235
158
12
120
40
356
263
507
158
138
15
430
186
431
20
218
386
13
286
37
260
75
275
216
129
476
98
33
499
22
418
48
256
306
242
323
132
497
45
351
457
451
309
402
174
450
190
507
362
419
219
195
266
40
86
472
148
488
421
76
400
9
453
13
50
491
155
362
54
209
327
475
240
1
327
185
223
264
354
235
195
166
301
28
489
401
223
10
442
165
513
272
72
508
421
89
289
207
417
427
407
89
363
486
261
40
105
373
275
76
36
362
155
15
138
399
41
491
31
85
368
435
71
408
57
466
46
283
481
364
187
325
235
407
214
33
162
446
303
491
154
41
52
86
388
86
326
490
318
390
4
275
439
239
477
17
342
99
184
139
115
460
277
404
353
347
489
8
511
223
341
291
55
251
55
356
325
162
481
294
21
234
422
172
484
471
282
510
4
17
182
185
128
144
481
186
368
354
98
489
142
485
379
75
316
439
190
63
247
373
449
142
392
482
297
323
508
197
98
320
364
513
431
10
498
392
24
209
297
421
63
0
478
227
66
135
173
209
263
164
254
240
417
230
154
79
39
417
61
90
141
498
170
306
344
57
294
315
483
329
383
8
116
318
76
203
204
285
234
0
220
385
410
207
354
133
155
445
303
150
377
173
162
320
199
133
484
513
357
292
34
175
483
49
472
30
195
395
19
182
85
169
6
89
79
44
197
302
105
16
251
223
131
61
308
434
86
368
195
302
480
106
30
478
242
49
105
276
322
260
356
190
439
39
496
495
411
0
34
28
403
49
498
158
339
21
89
81
403
302
462
293
88
190
0
261
314
134
47
428
196
412
162
100
155
149
382
434
200
180
264
81
290
481
132
439
255
275
181
4
282
214
4
100
460
192
476
219
473
323
471
182
352
180
149
377
86
291
37
173
378
507
507
53
507
416
311
62
349
109
186
404
204
206
27
498
156
116
486
450
343
489
194
327
235
339
360
147
249
2
400
249
182
100
57
322
204
40
436
27
90
53
103
395
322
74
267
234
218
196
131
479
162
254
333
376
332
34
402
436
29
2
173
88
81
79
482
374
89
0
200
448
441
321
286
412
110
333
322
455
329
271
489
377
107
38
463
81
385
174
66
444
11
397
230
298
16
446
298
421
436
472
206
9
470
482
481
474
115
237
237
141
275
327
115
363
511
294
0
455
439
43
186
408
298
26
228
471
138
219
436
359
400
45
335
188
63
38
55
22
325
266
461
63
284
375
438
439
472
127
463
181
486
496
24
5
266
172
62
232
443
216
413
104
479
500
472
282
470
148
52
228
130
207
227
89
455
478
329
97
109
436
489
173
257
253
34
450
217
5
369
354
381
40
296
214
335
262
500
217
507
369
174
298
80
18
443
468
26
219
345
222
363
408
409
352
459
76
345
245
305
73
194
38
97
297
227
341
254
508
256
379
294
18
193
345
169
380
405
450
156
36
264
263
405
364
489
102
179
327
139
333
341
142
414
52
149
337
152
159
409
367
275
291
22
11
295
85
183
240
246
441
166
88
196
168
194
500
396
73
323
349
253
195
80
502
389
351
20
392
433
440
234
53
252
287
208
383
251
52
487
198
178
394
458
328
338
65
226
172
105
439
327
477
370
506
439
18
497
193
93
404
316
210
295
370
105
84
333
490
308
208
492
500
245
457
428
89
97
308
326
321
383
467
344
405
115
263
457
242
189
117
196
56
439
444
114
510
152
322
316
18
147
272
496
75
195
352
71
431
462
10
367
20
259
41
403
211
146
169
92
225
335
14
182
435
43
303
510
70
464
242
312
449
463
61
231
222
25
133
107
232
248
372
349
259
344
388
14
380
26
246
178
75
447
383
385
393
137
195
130
510
130
83
16
344
491
20
232
75
279
148
369
398
61
495
117
464
43
160
308
323
177
318
234
177
5
440
61
397
2
227
222
80
326
172
193
197
352
20
18
377
200
177
159
372
463
36
223
338
44
226
139
470
438
331
338
197
159
320
422
92
385
349
146
64
503
321
198
492
2
176
139
194
227
375
341
384
422
284
433
413
369
246
317
317
244
240
81
231
394
84
99
383
221
281
202
383
313
484
69
464
128
273
311
484
117
153
321
393
507
38
208
20
356
489
117
336
137
51
301
281
57
379
375
417
101
1
167
452
214
30
455
413
71
324
363
43
113
242
112
495
510
334
39
431
290
146
498
9
276
1
130
495
349
312
120
282
227
404
24
311
18
63
92
226
223
93
229
48
322
381
263
375
20
161
448
38
246
305
162
422
6
6
288
312
88
181
482
377
88
452
290
420
63
288
179
162
103
355
341
399
280
19
197
479
433
1
375
84
449
426
434
432
293
36
274
399
444
268
102
231
511
467
52
194
223
258
131
383
376
73
491
323
83
408
257
90
323
272
463
167
63
400
324
483
83
357
445
251
25
249
71
234
418
308
249
114
268
493
248
263
498
178
374
101
421
242
400
193
98
204
368
138
37
172
141
334
404
243
64
145
510
30
157
498
117
81
186
47
252
469
432
56
362
287
174
401
127
353
376
68
292
36
375
259
347
34
74
250
174
207
370
502
382
392
325
333
194
34
41
273
47
408
390
498
59
396
356
36
45
73
356
487
113
496
38
29
377
357
410
223
140
323
172
431
117
501
117
144
27
176
286
229
283
154
321
206
482
74
292
222
7
27
193
29
129
224
153
299
174
514
153
461
178
333
234
89
423
316
458
167
127
50
192
215
251
195
409
452
59
107
289
276
304
269
229
169
9
378
107
153
387
193
142
43
19
515
458
120
290
107
393
238
192
497
207
229
102
505
426
323
470
14
491
71
69
446
59
308
499
328
192
257
152
49
326
323
398
136
66
104
398
347
375
313
36
286
76
167
211
370
170
406
1
290
340
47
136
257
56
3
69
455
480
273
335
260
71
60
37
94
61
459
274
283
426
205
89
501
68
244
455
404
244
261
316
510
412
393
393
477
30
337
222
420
34
84
423
61
431
265
98
266
304
368
71
490
236
450
6
373
114
431
19
438
473
246
499
290
234
262
395
192
398
271
434
90
194
415
109
431
211
490
240
305
74
460
317
365
110
405
432
299
122
224
494
431
168
338
365
439
405
338
419
316
243
307
59
415
116
194
114
510
30
395
85
425
63
477
514
390
164
324
415
299
66
432
336
136
414
273
4
504
441
407
499
77
69
71
55
434
423
236
237
114
440
493
278
35
372
128
186
413
199
511
422
412
272
61
170
101
380
347
104
502
491
129
419
508
229
3
208
178
89
438
35
407
273
298
128
64
166
173
477
72
4
216
53
475
383
475
370
88
3
494
21
386
132
419
327
168
141
229
372
290
260
495
257
49
7
287
455
375
217
2
266
141
303
259
47
1
312
237
362
508
82
203
18
235
458
461
10
341
311
24
382
422
73
90
165
105
79
19
489
41
219
54
453
457
313
204
255
12
403
134
97
506
508
407
32
217
248
30
119
156
143
129
127
93
59
391
253
81
491
197
369
380
244
199
362
9
362
171
115
480
474
77
327
36
117
299
167
388
380
514
471
410
242
333
333
379
111
362
384
303
307
14
511
509
245
167
94
364
410
214
19
245
373
273
29
305
160
514
434
382
262
412
453
329
70
231
55
226
287
247
226
227
313
410
438
322
387
125
491
44
413
105
306
105
244
229
324
350
411
450
179
320
113
141
463
316
472
312
109
28
298
412
472
180
155
222
97
378
123
512
380
282
310
17
390
256
316
228
160
467
502
174
54
111
225
280
427
169
202
169
46
433
371
189
177
177
383
182
270
155
46
163
333
466
0
346
78
128
390
292
433
463
405
152
140
387
506
287
35
309
56
4
334
460
333
371
68
494
494
163
164
468
506
273
108
280
411
4
452
239
215
173
509
11
414
317
504
182
215
130
156
142
103
315
22
94
414
135
127
220
417
139
490
21
73
252
316
456
509
476
182
510
5
515
7
418
460
186
512
420
91
494
161
103
345
228
114
173
443
339
227
466
397
493
475
54
364
97
256
98
183
455
256
222
402
444
21
307
185
479
82
447
91
396
104
419
161
252
111
411
336
9
171
205
137
207
25
369
16
419
308
115
493
463
123
225
208
51
375
25
347
377
28
307
9
282
355
61
180
350
253
475
320
156
0
177
294
336
255
244
369
354
69
255
317
33
360
371
278
297
415
475
254
438
0
412
65
216
387
427
161
262
56
362
484
282
420
231
101
184
173
70
483
265
297
118
297
212
395
314
375
182
38
208
470
214
340
330
150
235
358
365
301
254
110
102
76
471
445
118
356
46
515
214
200
300
229
503
126
72
500
171
111
425
227
501
512
137
49
295
250
62
104
505
383
291
96
210
456
284
476
495
69
291
21
81
465
164
49
249
293
53
392
94
477
120
458
4
256
252
250
164
40
360
19
482
115
38
62
322
441
428
363
478
504
224
479
248
83
392
388
238
449
306
151
186
87
78
260
410
43
393
43
92
203
35
9
376
23
448
400
286
76
437
449
472
181
102
34
188
320
484
338
358
374
432
174
393
423
343
157
505
467
159
215
475
501
472
450
306
321
410
295
394
23
17
132
162
507
306
281
141
220
101
58
98
37
21
295
132
144
203
263
280
215
270
427
165
347
424
282
423
326
220
218
253
91
1
28
455
97
165
108
413
99
82
510
237
322
402
498
283
515
506
206
11
105
411
443
364
489
103
501
379
271
312
236
135
453
108
507
260
11
224
309
354
259
442
503
350
432
177
396
207
126
273
322
17
268
165
75
158
34
458
247
501
423
490
398
191
128
449
252
271
450
285
25
223
462
369
472
394
118
315
502
453
175
411
51
88
195
14
157
62
366
127
450
146
411
136
219
314
333
92
135
103
191
145
35
378
77
205
434
371
396
433
475
381
23
157
45
82
97
468
256
450
35
69
437
23
129
150
142
282
39
410
260
174
173
409
302
342
119
423
425
89
147
390
413
97
137
206
230
235
214
270
166
460
43
175
481
448
454
454
226
224
28
498
447
138
159
81
458
480
275
314
176
78
437
27
178
175
263
37
251
291
477
342
363
201
393
375
142
40
148
369
163
304
393
226
267
402
9
296
23
70
502
66
342
194
258
23
174
16
397
186
401
247
264
212
74
388
480
319
404
83
391
105
76
138
360
105
235
174
367
138
181
469
117
221
22
430
462
342
156
145
115
472
37
91
176
157
24
422
267
330
389
191
467
247
416
111
58
86
161
162
199
123
459
263
422
371
371
83
54
404
369
479
311
214
463
220
274
348
159
464
194
126
420
394
348
32
173
231
141
416
15
328
260
331
460
511
119
319
431
138
241
191
511
493
211
80
347
19
271
506
120
19
447
296
26
181
71
219
120
157
388
509
13
307
14
311
42
213
343
270
371
485
111
260
391
38
393
109
28
393
138
6
123
158
415
86
113
447
150
477
432
250
109
14
370
282
391
513
26
269
38
22
387
115
227
75
274
263
391
17
149
109
514
340
366
29
79
128
267
416
403
7
329
30
366
399
1
103
6
129
415
99
473
366
194
319
437
356
2
203
177
338
486
350
44
159
513
94
248
461
29
329
220
63
491
420
86
377
278
28
6
39
140
201
9
166
270
354
314
466
284
24
384
177
68
295
277
158
199
299
139
362
270
52
284
271
370
113
160
254
45
422
439
344
208
199
293
399
58
138
140
498
507
257
435
377
291
84
410
510
448
36
486
462
55
465
316
216
399
110
319
217
76
87
247
264
134
58
496
311
255
487
382
31
48
346
462
254
344
316
200
350
440
346
453
457
24
86
320
362
126
370
318
5
28
334
436
384
491
333
279
203
398
225
346
251
387
117
131
234
158
429
134
319
79
101
298
36
166
215
84
312
89
51
91
285
318
317
413
264
131
51
190
117
90
150
153
63
432
76
279
110
435
409
249
447
16
99
380
377
487
476
142
472
384
399
192
512
16
480
409
213
480
498
36
435
141
147
473
60
214
202
356
213
390
258
211
165
132
257
250
219
82
264
413
359
348
311
17
318
234
44
31
384
66
325
90
234
163
48
215
308
248
54
347
317
442
442
85
19
357
379
495
231
272
512
321
279
465
249
18
190
22
77
260
341
190
446
294
476
348
204
414
435
89
197
95
341
513
503
22
318
496
417
509
348
138
51
202
396
367
186
309
284
417
260
158
219
510
390
189
358
429
423
10
415
149
493
365
26
493
371
279
284
82
351
423
212
38
26
395
162
416
465
101
316
515
383
33
445
301
204
219
267
131
43
367
250
428
174
279
294
301
149
100
457
413
87
164
322
135
457
405
336
308
302
380
44
77
90
495
289
35
460
119
341
471
480
165
267
286
505
233
406
14
297
489
367
313
477
109
455
214
510
239
348
272
7
268
45
221
358
352
277
248
250
127
92
131
319
234
392
354
408
273
143
7
257
386
504
489
248
59
257
350
48
102
65
424
345
457
103
460
387
358
346
415
340
475
424
325
342
71
61
502
229
333
223
214
462
128
337
382
316
2
386
121
386
369
294
441
187
476
399
204
126
501
239
231
412
360
308
459
419
249
447
66
260
128
369
75
425
63
218
8
348
476
210
195
404
48
226
463
249
468
293
10
504
197
85
94
362
383
509
30
91
267
483
206
247
296
381
168
283
283
10
114
347
369
77
176
382
296
404
51
500
495
174
103
357
129
251
116
174
44
312
312
40
367
271
476
173
501
321
189
346
359
188
373
446
312
120
453
138
104
443
54
37
41
87
378
134
211
464
151
351
129
65
353
342
492
18
128
388
168
52
129
208
104
140
509
198
276
180
61
84
266
431
120
498
76
425
120
100
255
373
342
179
266
371
181
454
127
214
58
475
378
182
428
458
412
463
42
183
414
159
106
391
318
57
412
390
346
310
353
376
202
343
80
337
508
484
141
248
61
490
290
433
116
175
316
124
167
509
489
229
31
412
403
118
129
352
377
251
238
273
39
357
89
320
71
342
65
318
362
18
197
478
116
444
8
469
307
140
411
358
247
465
443
110
351
176
339
391
402
281
352
495
294
8
415
339
176
347
207
230
350
244
267
493
250
143
31
62
342
411
54
60
424
508
3
154
140
408
61
218
103
111
154
65
275
359
53
15
459
290
378
251
128
360
263
297
126
191
229
65
305
118
70
81
346
25
66
232
292
254
200
363
421
149
482
105
395
169
27
275
219
127
170
399
267
171
398
191
405
415
208
498
156
370
34
66
27
130
367
109
332
451
66
264
304
262
89
262
418
13
208
495
43
51
377
467
60
2
398
467
459
417
505
354
34
267
118
509
66
93
205
316
230
236
391
370
173
365
244
53
205
51
322
269
105
148
15
49
20
295
269
103
125
12
454
67
334
452
392
157
410
118
105
150
233
264
65
294
56
362
514
205
328
217
347
338
249
27
373
120
291
219
289
95
96
434
498
59
264
242
271
294
217
214
166
196
189
66
302
47
453
225
286
260
302
258
162
249
116
363
242
214
503
490
230
135
217
352
307
320
105
435
288
125
84
320
167
300
69
59
155
84
206
447
283
227
323
84
401
157
114
429
85
412
448
495
241
36
163
511
277
136
379
148
251
434
184
269
81
482
370
183
339
265
249
149
365
249
56
94
481
372
99
119
56
125
99
43
371
222
447
230
507
265
166
487
401
185
192
181
340
451
98
494
298
119
488
134
456
321
136
136
437
343
258
151
495
510
23
230
265
260
267
378
254
88
238
53
433
309
108
260
93
180
295
322
303
146
25
76
11
287
407
461
391
288
488
306
352
473
386
236
62
136
88
77
384
93
299
138
306
241
472
83
103
323
47
415
461
98
93
241
123
418
217
86
162
407
423
9
81
408
139
460
272
11
24
241
136
198
30
428
318
44
118
128
248
323
346
202
34
286
23
29
75
409
413
203
441
120
362
315
417
1
433
232
135
487
179
164
455
56
228
65
62
125
421
200
231
214
485
470
147
175
47
429
393
200
463
40
475
149
135
117
393
65
463
178
260
88
74
218
54
191
348
262
464
17
512
189
485
321
76
356
440
6
167
217
213
444
166
308
291
436
148
227
99
285
236
147
256
147
256
341
391
166
145
449
195
40
251
341
474
57
108
137
410
38
151
1
356
120
417
468
356
272
13
167
461
413
124
19
444
202
4
266
349
16
55
444
470
495
365
232
85
232
397
349
227
145
512
323
447
472
428
110
460
436
203
376
30
363
328
144
301
515
146
223
196
326
213
223
266
365
43
370
394
6
173
353
175
182
239
22
266
118
374
330
182
504
87
146
382
439
398
169
81
394
395
127
302
370
464
351
376
439
408
262
447
352
10
227
12
459
386
136
457
216
170
400
352
188
469
472
109
137
69
81
190
505
408
248
367
418
69
433
109
352
9
357
408
397
284
384
505
246
228
342
506
456
91
145
506
63
376
222
175
357
278
463
70
420
33
478
278
175
378
481
40
90
419
168
440
58
339
291
135
248
420
188
421
296
215
362
341
193
70
9
122
178
353
267
471
284
30
410
128
168
504
304
54
508
448
268
256
105
175
49
504
302
461
340
187
464
378
433
308
498
227
472
19
483
119
108
179
338
31
210
497
407
124
473
311
84
407
219
89
459
393
23
349
280
422
235
453
18
447
361
500
506
455
284
455
348
202
90
381
370
179
155
159
367
144
200
260
315
503
463
55
384
103
157
321
151
122
70
144
263
320
151
444
298
445
432
384
21
359
403
410
386
183
277
371
405
331
183
121
471
251
207
479
254
365
56
210
193
68
107
182
375
199
288
187
394
166
507
63
45
16
105
472
398
96
225
338
216
309
398
138
70
362
513
463
76
291
479
126
357
510
158
479
456
22
294
432
129
102
280
400
262
122
149
305
261
424
170
125
288
481
77
328
162
483
56
500
445
498
149
178
446
13
393
511
267
443
504
201
63
438
274
69
248
162
221
464
151
291
267
497
156
514
107
511
288
446
212
112
433
29
501
337
108
41
81
166
40
411
329
419
47
151
341
476
446
416
175
327
436
192
127
453
451
374
499
438
174
461
240
94
160
256
501
504
288
235
386
329
92
122
191
136
105
403
515
153
50
134
170
168
134
433
280
168
408
2
102
431
424
2
273
133
455
500
59
498
237
350
374
459
495
304
393
337
302
81
187
450
138
487
63
56
190
509
158
90
385
410
468
135
435
480
351
16
510
446
341
73
500
468
491
499
302
491
508
112
97
226
482
14
115
447
406
89
328
332
14
159
431
178
259
61
193
41
2
394
259
92
125
298
190
384
75
288
86
213
460
487
97
446
344
15
282
369
41
373
296
115
81
468
141
439
381
360
252
444
42
354
65
149
484
202
308
422
331
413
353
354
429
35
67
215
255
451
144
370
180
99
104
130
354
448
499
110
50
15
97
308
119
73
27
333
377
121
395
450
356
89
361
447
61
425
489
212
373
125
149
127
487
60
198
56
497
135
307
183
278
268
395
428
496
445
230
306
511
460
442
433
402
259
301
215
121
231
259
313
262
405
482
34
508
474
260
73
198
474
475
316
293
490
470
455
42
512
430
377
286
409
442
196
267
158
89
448
233
378
36
298
398
451
79
512
293
304
31
217
62
471
42
513
489
506
490
268
248
458
62
490
114
203
133
212
150
65
78
413
291
146
167
41
342
393
455
51
495
404
498
434
465
135
81
229
170
119
268
340
409
367
117
428
158
48
412
409
496
510
32
386
302
380
198
431
395
9
229
341
400
97
183
169
77
219
69
417
171
259
34
328
111
277
207
233
81
67
109
127
226
362
77
105
381
466
107
483
490
321
369
476
448
501
386
109
412
441
7
69
402
214
240
278
302
139
298
241
342
115
161
318
7
436
100
17
325
228
22
81
200
151
199
222
468
187
172
362
206
370
466
262
410
486
243
396
48
108
222
240
357
29
338
4
384
494
8
188
443
79
376
374
345
57
430
122
254
239
63
120
17
437
481
164
215
105
329
231
415
426
266
255
9
410
337
357
120
159
201
323
323
361
258
194
426
217
367
72
507
388
297
122
213
462
274
376
381
447
113
198
440
248
279
386
5
224
73
48
426
71
322
322
190
73
94
219
328
434
376
180
279
395
149
310
515
62
127
336
400
121
502
320
60
269
400
352
380
100
216
457
357
118
72
160
288
434
11
1
461
395
131
356
4
446
42
316
188
60
269
196
227
485
120
368
113
215
146
430
50
110
157
84
497
374
37
433
354
382
1
437
335
4
236
192
483
224
392
56
413
183
264
157
177
340
253
291
221
393
246
336
120
68
56
365
217
13
329
191
89
151
374
377
510
2
146
313
2
9
509
148
500
63
445
280
443
491
484
188
196
400
71
335
494
197
153
68
440
507
269
352
298
296
248
283
343
120
274
4
39
505
107
455
486
98
229
115
336
395
461
376
19
128
195
37
268
323
66
155
104
48
188
13
18
354
133
316
487
52
338
145
304
4
419
460
75
144
153
167
127
468
336
164
390
434
322
456
319
415
9
252
260
344
355
250
185
435
67
426
67
337
117
104
185
95
71
454
395
408
361
220
152
422
306
434
374
361
513
304
322
277
446
333
50
312
88
15
4
9
174
184
290
158
196
79
70
391
15
496
56
296
86
230
185
211
50
112
210
65
259
83
495
88
336
195
318
55
93
362
94
382
268
457
447
251
342
143
351
287
41
499
411
193
310
426
206
426
282
207
95
243
426
197
264
161
152
277
237
388
208
1
506
497
394
394
80
333
475
443
499
230
498
300
93
127
284
320
267
16
187
145
326
279
293
53
251
174
132
107
337
509
188
29
419
167
72
209
38
478
158
42
52
211
483
393
444
310
514
338
123
434
400
244
306
456
303
143
434
352
333
393
371
169
221
9
319
246
494
217
387
350
470
127
258
444
377
294
391
155
265
43
204
48
512
167
140
211
260
437
78
216
435
132
71
93
244
135
202
510
9
400
239
217
460
480
256
179
4
161
93
94
270
325
408
128
297
404
172
78
83
148
263
505
512
58
171
216
100
38
49
68
485
478
36
498
315
294
145
192
346
359
404
146
99
181
400
309
194
427
270
89
174
328
271
197
236
119
400
403
365
226
155
257
192
509
215
228
257
409
38
119
18
509
426
473
45
390
506
90
395
224
15
437
498
35
79
409
96
255
465
171
195
18
96
66
31
59
411
348
243
128
33
108
394
450
108
42
217
143
514
133
470
52
30
269
7
482
465
267
108
432
493
183
88
452
157
380
149
115
1
431
478
108
420
315
497
200
42
236
393
20
174
315
152
484
268
69
299
13
442
34
400
29
321
195
410
412
86
179
200
178
494
228
300
445
499
190
50
358
494
4
100
167
209
397
257
314
128
353
387
365
283
430
39
13
243
442
250
1
128
428
258
18
402
338
68
82
151
77
408
51
122
117
482
85
77
214
101
242
146
16
358
131
51
141
469
76
149
510
501
78
477
89
484
465
220
236
331
333
482
280
312
213
457
385
211
366
387
385
255
387
484
294
285
293
404
351
285
250
296
247
510
347
333
431
161
115
304
300
38
5
180
16
169
385
189
131
58
345
44
40
28
412
254
401
147
312
251
397
239
157
134
74
400
385
321
391
183
112
88
231
377
377
154
461
221
438
487
268
460
512
79
403
170
3
133
361
219
400
502
283
10
97
295
454
265
204
490
476
349
411
427
363
332
115
497
494
141
104
364
23
72
235
106
226
38
157
483
152
278
431
211
170
178
120
448
437
156
46
226
153
152
486
114
279
22
319
282
502
121
263
164
23
514
390
4
415
447
263
71
384
119
296
196
238
322
387
301
25
269
255
399
416
301
277
200
302
474
191
238
74
62
495
20
379
85
333
142
31
61
102
378
143
265
412
382
396
447
497
371
44
154
178
94
277
72
295
183
255
86
9
408
176
510
364
371
71
437
71
259
456
153
23
328
164
211
496
148
349
314
412
29
343
177
488
412
250
262
134
97
182
137
435
467
289
436
61
385
378
180
178
42
232
449
253
375
363
328
163
495
78
38
453
61
105
506
496
347
499
505
491
23
101
460
85
250
184
472
71
197
300
407
275
293
381
474
412
305
6
197
503
459
514
190
90
186
145
212
447
195
177
443
4
295
279
253
297
3
110
316
496
31
427
506
42
68
97
28
385
129
244
134
296
91
82
280
42
308
428
296
412
337
138
488
271
221
236
510
291
430
186
120
8
131
16
317
195
168
504
52
181
245
130
317
85
89
396
323
84
459
506
318
105
159
267
412
504
13
296
3
172
461
120
340
496
83
425
506
225
41
6
251
428
321
317
293
97
195
97
215
425
194
170
386
461
161
277
204
398
156
68
78
207
397
285
254
311
65
489
439
258
362
139
15
71
50
387
193
430
328
436
267
387
69
287
289
36
101
176
15016
