-5990.610148
-540.5809813
-148.724548
-342.9268934
-465.5099436
-1311.008991
-133.866969
-424.2674406
-3169.422692
-1802.135875
-793.5246951
-659.434324
-1938.966795
-793.828057
-258.256283
-179.1178573
-121.3253547
-2000.734035
-262.1121659
-1025.446374
-768.7626776
-420.1008028
-1102.608039
-247.6910421
-224.4094621
-451.9645912
-522.5710267
-1441.592953
-905.2263162
-528.5444245
-102.785923
-520.6129717
-868.3365289
-2764.714768
-167.061266
-408.121796
-968.8732179
-441.6114942
-486.7373297
-310.1908943
-1242.517944
-494.7555297
-8627.96362
-846.8343774
-1266.573585
-762.5924849
-748.2655815
-1875.165608
-1340.513476
-529.8244666
-3034.029281
-466.9197127
-159.4771525
-200.312503
-1286.821627
-382.9817811
-1491.260233
-100.4089217
-210.4811298
-1294.654678
-1019.995344
-1754.65506
-177.3666803
-518.1765394
-581.9274239
-1237.464396
-2461.926123
-5471.791453
-143.3263855
-942.4769258
-876.8151599
-967.2177361
-2343.513052
-4715.221932
-405.3881473
-2100.051569
-1865.784203
-372.8740815
-869.4388548
-267.1537328
-955.1806641
-253.2395523
-3030.571503
-1248.604862
-948.6562027
-154.8870581
-902.8451646
-545.7701553
-1720.604338
-119.570071
-926.7605672
-795.2042554
-391.4765615
-579.7046101
-755.2829906
-2955.855648
-250.3216759
-735.7166005
-371.0568624
-234.716321
-201.1316771
-501.3518657
-438.5981998
-687.4940925
-883.0577353
-3127.763517
-507.3481209
-880.7739269
-594.1908492
-350.0300513
-297.0906958
-170.5499725
-2069.934358
-416.5601621
-444.1696776
-296.558551
-675.4152225
-1316.272204
-189.9864169
-365.0088349
-4260.858354
-591.9573327
-692.3545746
-921.8545982
-408.1301286
-284.2890871
-167.3263641
-2000.142218
-1585.34352
-178.6575998
-799.2929428
-1666.486615
-362.6729938
-215.2468289
-233.1251231
-203.1995743
-450.2805435
-1526.031761
-591.5773461
-279.2216252
-1192.717568
-679.1053117
-974.751869
-1368.709575
-527.1654661
-2050.449814
-1333.825438
-285.6608303
-18473.8313
-1126.144203
-1041.41361
-190.5481181
-1998.089924
-383.0697327
-522.2943633
-409.1037674
-2701.745342
-4240.467531
-703.6039035
-212.2891607
-638.9340878
-411.6807226
-1152.306479
-952.8948124
-2081.857821
-376.9664135
-3580.588961
-2347.548236
-107.0834492
-83.66202219
-420.7133795
-276.494943
-210.7069451
-2264.788512
-515.3223765
-379.8189504
-827.6375802
-531.5755666
-1145.351299
-2139.799588
-367.519316
-334.7061742
-528.5342469
-333.739021
-841.1973147
-4600.607719
-504.9631348
-525.2221081
-1279.500051
-341.1857903
-702.0693933
-7607.495462
-1116.701332
-1358.687375
-4913.07765
-578.4015446
-1032.693398
-1819.549695
-321.6851604
-200.0666399
-503.3093575
-689.8633108
-732.7347194
-966.4141634
-1391.293356
-304.711846
-640.1051517
-661.2602693
-464.2872744
-642.5034194
-712.0314274
-1157.079332
-109.2709425
-761.4909054
-470.7228635
-2499.367847
-1410.58061
-1757.940217
-508.8163131
-2043.409123
-794.5557877
-419.4445158
-2407.869673
-1471.311279
-1198.153986
-1767.312584
-1875.71699
-535.2438917
-211.9532127
-394.5761165
-642.6976264
-745.6092607
-5057.220541
-4053.900125
-88.17774116
-236.8024703
-744.1177701
-270.1202189
-511.4564319
-288.9799171
-315.0527418
-2513.390752
-296.898678
-318.8162188
-1553.00618
-1292.798012
-687.0869377
-519.9003368
-522.9347492
-2773.525563
-440.7963425
-551.1918742
-2232.138762
-2223.456754
-860.3856565
-2005.710262
-2401.318055
-964.078836
-593.8985044
-854.2487883
-830.7809157
-356.6541577
-802.0405044
-335.530949
-453.9722087
-1475.45124
-268.1019331
-410.2186049
-1827.351861
-13168.13893
-327.6112026
-156.1689138
-669.1419144
-2158.866025
-178.7603763
-1066.810936
-369.430961
-445.0041411
-979.4673948
-475.324292
-492.5363156
-705.662653
-110.7598215
-1323.832618
-422.6581898
-1804.865706
-197.5434849
-86.25186625
-190.9125975
-1069.122568
-424.7087078
-254.5407011
-196.4285849
-1066.743439
-355.098529
-1251.253285
-3306.736312
-688.5974958
-247.8060171
-334.7125826
-213.3688728
-1583.10435
-400.7546413
-400.7470279
-1068.872532
-524.2701656
-521.3067535
-630.7532389
-311.5842789
-1381.322064
-1136.994866
-2153.414673
-469.9401221
-720.0119491
-287.9737372
-447.5998501
-319.2526812
-1847.75897
-380.1731015
-585.2951016
-153.251679
-6153.734924
-1295.021699
-1281.395719
-430.6022165
-565.8080026
-133.6073083
-1258.993059
-825.0241411
-414.6722121
-378.666631
-399.9942568
-802.0599872
-465.2309606
-721.9490566
-843.6462462
-573.6900223
-4306.196962
-339.7301865
-316.6328964
-763.5956822
-940.7534825
-2031.915951
-338.0783927
-874.7776471
-147.6516038
-550.65473
-975.9955181
-2582.599535
-2890.824631
-3388.492075
-1184.30671
-212.5668818
-9327.926753
-4108.686562
-134.2952193
-6910.768502
-112.8266566
-268.9358117
-902.7042957
-585.9940594
-1553.563082
-422.9397075
-1125.802394
-399.5284575
-659.5688254
-1007.42991
-81.00696476
-196.6311572
-1949.321608
-955.3319056
-331.7910841
-887.3311591
-768.0979173
-752.2436251
-548.8864677
-478.4361513
-579.1945767
-211.5917688
-1946.717531
-771.9176164
-133.6688308
-992.9384712
-863.4361063
-425.2953281
-1370.31262
-772.510574
-1708.252521
-1724.711422
-1278.836975
-1660.027606
-503.8490897
-838.9107848
-336.029002
-8854.290167
-1065.741208
-1089.336204
-425.4593404
-182.9542699
-426.8046654
-4420.494973
-892.2684092
-1809.295113
-501.2866393
-217.8844676
-551.5964104
-352.7629478
-675.6178066
-893.042762
-132.6731836
-2262.550998
-358.1129545
-255.513835
-333.4657169
-1258.461117
-268.9452635
-1252.574675
-610.8341593
-19723.9513
-405.0045963
-1761.637752
-1122.654327
-570.5619603
-273.1366769
-3079.107847
-1831.395261
-563.9398162
-1538.439943
-264.2911264
-485.6916793
-3921.600495
-350.5974166
-544.1623848
-392.9290459
-1470.933025
-663.3492569
-1121.975483
-7038.534447
-369.5535447
-6933.932482
-966.005742
-434.7021445
-1000.849516
-1104.312605
-518.0039112
-1921.899646
-596.0742895
-490.917468
-1233.216326
-336.8632558
-1590.487338
-4380.328814
-2246.086981
-1280.402815
-256.4402187
-484.6973245
-1695.72903
-2203.691763
-501.2427671
-2506.111349
-182.9942976
-937.3838355
-422.6100246
-1860.820488
-457.6207585
-1928.138887
-516.5722992
-2756.723456
-1019.082827
-6477.319524
-243.6894477
-4076.449488
-480.3986603
-3133.531636
-1334.019453
-378.7573134
-758.0119835
-2951.985631
-2037.652986
-8215.529914
-210.8111584
-182.5565781
-71.15571669
-839.6078211
-1611.417939
-210.0335718
-2058.803676
-1443.135354
-437.4577539
-1054.46339
-6574.1151
-1267.910888
-2649.526999
-256.9068431
-926.1997722
-1604.125768
-615.6740357
-247.3357651
-247.5247827
-1778.868367
-579.8927916
-186.2305511
-509.53797
-461.4182324
-91.05329746
-768.4347178
-260.6659085
-818.3461838
-596.0253586
-546.6314763
-271.9810791
-458.21358
-94.70912216
-252.3525197
-356.7245112
-692.8990345
-3085.451121
-68722.23134
-168.3269311
-636.4911781
-431.9220074
-295.7177034
-120.8894401
-772.2252747
-561.0142991
-195.2506681
-1762.780131
-1395.393199
-3230.238732
-399.4272019
-856.6980911
-648.1192313
-1103.266921
-630.3642421
-3285.515822
-355.9323657
-538.2376349
-2933.337127
-141.5548215
-116.7071917
-483.3497843
-168.7873888
-5112.871044
-286.4828861
-526.3126183
-5754.126535
-1014.433676
-3337.700377
-288.5991558
-1623.386655
-1438.294556
-251.5870309
-1803.986576
-405.840536
-3072.088614
-371.1713556
-315.6778302
-1081.821123
-815.8517049
-407.3393006
-655.2904609
-431.0449952
-396.2708316
-533.7563312
-385.8174337
-181.643731
-1024.89357
-313.4502718
-976.4907459
-126.228685
-368.7709133
-229.5315749
-1515.789692
-211.739986
-485.6780198
-373.0475942
-713.9164162
-4366.065657
-1297.920849
-1561.190354
-1237.33547
-447.6895337
-1251.573444
-127.8957049
-1647.572584
-229.2905549
-658.4093079
-885.7767653
-412.7628558
-383.1353024
-1574.1669
-216.8915913
-224.5044518
-398.573208
-1611.061232
-903.2923878
-249.9198525
-280.4896691
-599.2377279
-505.9159114
-302.5265823
-996.3758817
-1938.807158
-138.393048
-194.5766981
-466.9753783
-1221.013157
-2232.326981
-514.151479
-553.2058757
-403.911078
-424.0738051
-2351.281961
-668.6078616
-517.3562097
-872.6983182
-464.6445712
-248.9642905
-1384.265742
-447.1616496
-425.47344
-1477.485013
-1072.114771
-813.6210152
-129.4860058
-869.8188887
-870.4383802
-284.4594187
-497.1333142
-138.8434031
-1696.455467
-358.2756642
-429.0450915
-1454.584001
-785.7549718
-374.4524884
-551.0392064
-189.047833
-1367.625032
-243.319429
-881.5455835
-196.1267212
-3789.179488
-868.5314196
-619.7356032
-73555.22659
-618.5517647
-22432.81334
-271.518829
-572.8751702
-1037.45965
-574.8166107
-144.4440826
-184.9891915
-351.660402
-387.5231793
-3648.882459
-251.1224892
-1298.870804
-1001.604604
-3466.153547
-341.9743359
-391.6740027
-548.5908082
-514.0308126
-867.8093959
-1014.724055
-277.7783663
-1070.494836
-378.382342
-4495.583663
-568.3195341
-803.6443428
-3025.114309
-204.0179835
-2098.472094
-328.1371637
-634.0811954
-3005.695362
-170.521236
-304.2296593
-193.5026508
-696.8887066
-194.8600104
-270.5973652
-1628.441968
-293.3258165
-450.4494022
-2425.392926
-1967.288536
-2030.721745
-6972.178299
-4231.086767
-842.6323762
-640.8057103
-1256.744839
-575.0372697
-3182.248485
-237.2777715
-383.8529409
-557.3095002
-987.9255078
-233.6715244
-298.3274016
-957.6442592
-1495.630428
-168.121524
-529.5812249
-238.3263011
-381.1846564
-504.9513525
-3557.879591
-580.5620701
-1950.214983
-1998.42263
-203.2234192
-800.7331594
-844.5157848
-201.9983627
-218.1691959
-1151.388066
-78.2203176
-451.5480651
-3441.932832
-4292.279672
-2567.525777
-622.8698786
-336.8648191
-95.63145214
-509.2019279
-536.6332375
-1401.156039
-1322.047607
-1552.525361
-389.4233526
-1256.80298
-697.7770579
-398.1274305
-5788.323075
-217.7921076
-553.8261827
-413.4751108
-411.8922775
-3295.658599
-765.4041374
-722.5895996
-887.745841
-350.2548406
-75.36409441
-566.8530745
-3824.984488
-851.0003782
-186.0054459
-231.7351423
-535.0967711
-4179.489718
-260.9763161
-1110.248679
-107.3648101
-2849.546674
-6651.370582
-345.8390599
-1223.060744
-161.9465336
-256.342954
-2911.281791
-1217.58108
-1532.218094
-474.4031708
-481.3317166
-1862.478111
-1874.951238
-546.8531263
-1962.866011
-713.5655149
-508.3668315
-549.6876973
-789.4097737
-11933.92158
-721.6383064
-786.0861458
-1259.441266
-137.5355802
-817.3186623
-413.1730222
-1131.170938
-172.8988533
-935.666769
-303.6813994
-675.6365049
-751.7258832
-1638.416714
-1872.253944
-1534.952309
-401.7316034
-1886.461347
-689.8979909
-155.3518935
-1202.146322
-461.7887311
-871.8030181
-3315.273834
-1353.635224
-753.4927284
-116.1586542
-707.1567543
-1923.197227
-463.2516453
-483.9305681
-414.186767
-1015.371575
-2335.987313
-1299.970959
-261.1362975
-412.9082497
-3963.274069
-349.9481638
-396.8953347
-2223.629995
-281.6904358
-1032.342536
-571.7802337
-280.5973962
-310.4658446
-72.20918553
-633.619143
-226.3545507
-1142.538087
-365.9740633
-947.6621359
-370.6789693
-6380.656611
-1344.343762
-254.5453321
-2851.7035
-110.2493397
-1122.099429
-879.441357
-313.308595
-538.8150314
-168.5661401
-675.5119375
-525.9352538
-343.3413719
-258.09957
-224.9707672
-403.6506903
-484.7839888
-1529.174247
-7961.286087
-2694.86327
-451.498582
-2418.785434
-467.9994214
-1791.060341
-982.0972655
-178.902003
-3861.189346
-412.9164905
-223.0950048
-1534.315167
-1898.522238
-1016.312239
-345.3783555
-3809.607814
-342.9780486
-809.9270784
-3217.886592
-1920.136196
-2040.549959
-311.9381745
-309.3714076
-112.8341438
-5509.822041
-1088.335938
-400.8953799
-663.7208162
-1685.726861
-401.9334021
-496.8972836
-953.8923504
-1095.764387
-4708.783567
-452.0346943
-548.3212021
-2119.750509
-477.0748172
-218.6480816
-820.3610371
-900.12588
-546.9358774
-101.5024967
-386.0353639
-482.9115731
-1014.507782
-466.4118783
-571.8738402
-754.8720113
-477.9293671
-292.2367546
-354.4159185
-8129.98076
-343.0295186
-2589.514046
-1048.92395
-108.1505559
-319.6758992
-443.0000135
-927.3399438
-531.6821234
-4318.580526
-593.6858791
-532.518583
-11542.1584
-239.4018613
-314.9833097
-498.9155139
-540.6737405
-204.0104014
-675.7832535
-1970.938693
-1232.957602
-580.0721965
-1746.510124
-2106.839507
-136.1748903
-210.9979067
-275.2538673
-653.2569482
-582.7969014
-524.7118759
-478.3499182
-2233.028898
-680.6721759
-266.2108874
-1010.466245
-405.6534737
-1520.032569
-394.5565781
-233.9739948
-193.1268445
-76.35981586
-1238.096471
-100.8325361
-7404.078137
-256.3309203
-820.6719862
-1729.416768
-484.2240316
-952.5012881
-644.2138577
-817.7537447
-331.5906397
-984.5527798
-562.5064379
-765.0258924
-1231.599586
-244.3825488
-369.459587
-328.4473514
-2249.136705
-997.2064528
-699.5833841
-188.7644716
-695.5955795
-825.5340271
-72.99220935
-797.1045164
-2421.216573
-1038.530004
-1938.522336
-2979.260318
-299.6493704
-3032.109895
-462.9443696
-476.9869258
-97.37226987
-2215.848614
-1067.71732
-870.8347929
-473.9150545
-351.3715489
-831.7470294
-394.3307466
-863.3993259
-1692.616163
-590.7273684
-375.9145973
-463.1157579
-1860.453062
-593.7455886
-571.8743019
-230.8327601
-1226.397645
-309.3269153
-273.4511657
-727.0448717
-616.3744058
-988.6392218
-578.5105737
-1947.643864
-5512.254342
-288.8545382
-298.6102171
-1043.556194
-1441.527243
-1013.922811
-1239.215325
-65.45834578
-205.5409867
-790.3977808
-402.6271166
-25531.69646
-119.0451421
-1218.761544
-551.7150398
-1129.22026
-1679.942729
-233.9058113
-327.4331329
-306.5247796
-300.8450551
-725.5935505
-745.7627897
-584.4983219
-778.9756763
-1278.890313
-902.3279497
-675.4907083
-992.7736103
-2780.234211
-4201.930538
-369.818883
-3303.280692
-688.0484116
-1880.557036
-331.3853545
-1182.182595
-1168.905676
-1827.040433
-415.9365635
-2962.827104
-582.4458292
-225.3325214
-1043.709674
-504.374997
-466.1247338
-1533.295166
-435.2721835
-918.1469211
-471.3292884
-1401.46312
-452.0408645
-941.2233918
-21675.3581
-1562.980575
-503.0507104
-1059.043544
-4956.71843
-487.118647
-3021.994139
-450.3363109
-278.2743472
-718.8021492
-595.9961888
-482.334832
-4590.213572
-189.8800066
-288.3092217
-194.0155989
-131.467152
-901.9906075
-3946.881548
-543.1532032
-1162.371419
-2077.882822
-117.7802469
-248.7549774
-953.4132818
-2312.827945
-424.231221
-919.9353895
-309.524024
-189.6019125
-435.7756115
-3102.680735
-488.079606
-1282.570205
-302.4356585
-190.208803
-487.8998499
-88.84406759
-35.38189358
-2749.196644
-1499.448889
-1490.266467
-147.7435666
-344.1957367
-4245.029009
-496.8053146
-277.4905487
-1293.307541
-161.4126606
-1099.242351
-259.0642759
-771.4200782
-579.4085075
-6389.532747
-292.5391386
-577.4446235
-1784.240495
-616.3698958
-139.5557589
-7580.004835
-1368.740365
-171.3381734
-4195.169648
-365.1668803
-1985.823084
-236.2959513
-188.0494002
-1238.777064
-1726.161161
-6461.30071
-185.9838569
-1695.100198
-483.7359091
-15261.01819
-4081.280593
-251.5961871
-4044.901939
-112.7033236
-367.9597008
-1451.310093
-1818.030826
-354.5861032
-1735.014547
-1719.015183
-3257.353895
-272.008013
-3843.067668
-271.7735737
-2162.650218
-517.6153347
-218.0808383
-970.7048028
-225.5576951
-299.2144505
-977.0892853
-851.9780349
-903.7989416
-429.1867506
-4333.732116
-1310.659477
-2959.016928
-997.9630393
-646.3919586
-202.070177
-4158.366939
-1331.406749
-855.2401911
-179.0984796
-552.8720887
-465.5342654
-1360.412234
-574.6007184
-3600.548569
-366.8273454
-504.4693562
-731.5673322
-202.8833914
-440.559426
-1760.415443
-917.4799713
-573.6168428
-7084.619605
-1295.249071
-257.9678364
-798.310784
-136.8517478
-249.7361025
-766.1989399
-1019.971912
-820.3168637
-171.6262622
-273.4583229
-1828.348098
-8055.421043
-524.7392502
-423.6624419
-353.1935356
-1532.608916
-691.1093479
-797.4724452
-649.3846248
-267.9236223
-1392.369768
-1300.160309
-3077.357331
-1047.495831
-1445.283786
-377.1837702
-515.0404668
-759.164388
-3104.169567
-470.7956403
-381.7602778
-114.0843216
-1502.169061
-417.7309377
-368.0038729
-1366.398055
-51.50689638
-494.1901051
-79.60385674
-693.8382375
-18230.7825
-515.1258576
-906.9118403
-192.0637587
-142.5772467
-247.4008863
-693.915958
-2347.810852
-510.3869152
-737.5441518
-3759.518084
-1529.408689
-1468.08187
-163.0535805
-715.1760616
-472.5308903
-111.6083563
-96.57650242
-680.3826687
-1160.418634
-1058.226745
-220.1482969
-712.6071761
-1834.28844
-802.5307636
-311.0263386
-679.4866079
-718.4150778
-1075.192131
-951.9980427
-748.976073
-874.0155263
-167.5535228
-1611.356679
-1140.243414
-221.4222245
-2111.093736
-862.3031886
-311.2781999
-245.0216784
-642.3888222
-366.1599246
-5411.14416
-598.2373216
-300.3351373
-292.8792206
-499.8455917
-1044.152717
-440.31793
-192.6165155
-1483.600614
-811.637202
-2525.691127
-1670.006982
-383.7242903
-503.0498861
-2770.226289
-643.0619725
-468.7134235
-696.1820091
-1161.779566
-65.97968452
-544.1978783
-2593.031111
-3755.601954
-1411.250367
-1285.533326
-557.7509183
-881.051265
-1523.905655
-89.77474621
-1233.614019
-547.9107221
-1358.249242
-885.8792244
-471.5949892
-380.1412946
-981.2069023
-1987.894872
-348.220599
-970.2847183
-1096.589254
-1135.215031
-211.1541521
-993.5558797
-814.389986
-1176.746293
-461.194828
-382.2433081
-685.4476779
-2654.7092
-586.4028661
-915.4066066
-383.9284511
-1104.569163
-560.721386
-500.4731181
-175.1709373
-479.1453682
-621.4984707
-303.6844154
-626.3926431
-438.5813779
-3876.41737
-824.0165754
-115.9209159
-187.4024655
-723.2057024
-1356.849726
-628.1452365
-589.5666849
-244.0269212
-149.3351908
-636.0318831
-281.0194672
-823.111179
-344.5935511
-201.124071
-243.639109
-1415.147362
-483.7876634
-173.8688866
-1042.393181
-707.443976
-271.6504696
-537.0873908
-846.99417
-1856.273067
-435.1689479
-280.4054039
-73.92808238
-807.6279283
-246.4444273
-516.2138133
-241.7958049
-570.989822
-280.675021
-354.0249281
-683.7319735
-730.5723527
-601.4070505
-448.6821966
-813.5128089
-1642.942773
-394.0690361
-194.8885966
-799.0915638
-484.3170963
-15262.13729
-834.0082224
-218.3867022
-793.2075771
-2721.482668
-108.6537719
-2564.736658
-710.1382376
-1718.496767
-64.41264881
-97.5939548
-311.0603184
-897.782551
-481.8433076
-335.8672658
-1633.367607
-202.3020452
-2922.618879
-209.5172961
-1155.183832
-758.8080567
-244.2729167
-291.5372121
-1885.242289
-210.6524242
-266.799295
-709.3814181
-288.2168703
-290.9364854
-1416.219596
-411.4960247
-503.2201726
-806.3841629
-1741.265601
-997.7995017
-1614.808338
-156.7453557
-1309.023345
-253.0528816
-419.3677289
-693.8303697
-282.7055853
-2292.829823
-763.1694507
-390.4316877
-386.8137327
-2725.252417
-655.0487871
-264.0080336
-1261.55276
-1366.388061
-282.1764242
-203.7061278
-309.7951861
-583.9986779
-3423.067928
-332.3579147
-1281.146541
-475.2117452
-508.8442505
-1983.377117
-4118.232921
-879.8162795
-497.2829356
-2231.03969
-404.7294717
-622.1062325
-629.6722752
-214.0232197
-335.8137859
-700.3737115
-185.0824092
-2492.277028
-414.2916939
-859.7063971
-784.5400009
-339.1966638
-3288.90061
-249.7118429
-936.4976193
-238.6384474
-517.4818303
-287.0296509
-288.9234899
-393.672782
-1426.689734
-458.1072329
-7381.255339
-638.1080918
-791.0361796
-186.4605337
-278.8207981
-70.01405419
-1514.68624
-2764.466058
-326.5477134
-570.7814895
-303.3519233
-3874.495551
-244.5988612
-280.0599213
-361.9203644
-316.8092345
-200.1671614
-1072.65517
-285.3044347
-839.892981
-296.3665063
-478.1004621
-1135.9388
-1657.95047
-5770.999264
-2276.129197
-195.7795788
-444.4350763
-285.4857631
-15550.83161
-754.0974397
-1438.226903
-4570.359921
-833.9074701
-488.1620267
-446.1600259
-432.359502
-1294.005077
-506.2494598
-390.4275505
-3648.741012
-919.1238284
-329.4715609
-304.2056557
-568.2231602
-476.1803136
-1593.794944
-188.7000508
-220.9912734
-330.7797638
-655.5022135
-389.8509476
-1363.880804
-395.8264603
-70.38783072
-226.6228358
-486.0478743
-455.8637284
-642.9511103
-269.9605149
-1192.452283
-1127.578297
-1308.043461
-924.2109594
-397.2872595
-1303.629878
-52.31432849
-1411.881033
-1389.517216
-561.0433982
-8911.812423
-325.3992584
-947.9806554
-4842.21412
-176.2212473
-576.2994978
-449.9516632
-4502.029655
-721.110737
-427.4007341
-3422.590083
-710.431032
-806.2134732
-894.9349429
-1364.86077
-92.4954644
-861.1425083
-187.2086778
-241.7246116
-1405.20732
-1166.742959
-493.9870225
-577.4956552
-2279.533715
-661.9418955
-2821.787324
-516.6168515
-866.6368161
-151.6112531
-163.5602741
-335.0260686
-1305.877731
-1245.369828
-1032.58179
-1144.01937
-2122.283969
-563.170307
-1293.706383
-409.2173724
-105.7568
-1324.043015
-2697.620106
-743.4373961
-1213.05
-3329.438523
-633.5900486
-2249.212096
-423.6481709
-199.611475
-1154.254873
-500.6088753
-721.2322508
-2384.893934
-2684.65926
-677.9833424
