-909.5675086
-138.297267
-67.60129789
-2796.782488
-262.4782655
-64.19485962
-233.6673321
-400.7159616
-168.6535476
-42.54062519
-887.4104199
-235.0302146
-167.0619386
-7.964712171
-104.9385211
-36.16959622
-59.1420865
-86.52904657
-109.8635299
-58.07485984
-23.13012317
-3050.168952
-121.1794447
-509.9533427
-15.95825509
-387.592596
-260.4949944
-9.533128433
-25.02727112
-166.9349199
-377.3339386
-47.84517145
-271.2653095
-132.3509726
-14.01945319
-55.37919101
-45.02496946
-205.5166253
-76.20948698
-52.04796005
-469.8491552
-17.30456607
-1504.346836
-554.6490991
-1571.218956
-231.5365208
-15.68997472
-118.6188942
-10.8214725
-76.18045591
-81.67850994
-1312.963291
-308.2548262
-504.4472039
-51.91628937
-170.7256653
-167.41064
-147.2004871
-3924.189594
-19.2255836
-60.18540377
-163.3729363
-125.5213686
-317.4101766
-748.6453598
-149.9889465
-174.5324812
-312.620577
-554.2493793
-6599.831188
-43.29221286
-4981.23331
-61.27968569
-511.9600749
-115.936428
-28.29016935
-147.5047666
-138.3602483
-49.93296631
-10.40098763
-22.25552558
-4638.999121
-34.20845927
-63.92133904
-471.4186657
-45.46058899
-2071.064253
-22.6083254
-14.79357008
-12.60882524
-99.19564101
-103.8677908
-9.473884758
-72.34204488
-1244.13573
-22.84044047
-32.39855081
-507.3427667
-1219.609081
-738.227741
-388.9673777
-12.24018523
-406.5382357
-40.31178003
-555.14949
-93.18154868
-245.9379028
-1633.2948
-38.65221558
-232.9828227
-387.319085
-49.35945302
-368.3081158
-30.49881563
-87.62356491
-4924.105458
-115.8413775
-211.7955682
-172.9880111
-572.509163
-726.5647329
-278.7955233
-750.6534447
-22.26553875
-103.1959341
