169
156
169
186
156
178
73
201
24
213
5
78
91
134
65
29
146
19
169
109
91
136
224
167
144
193
120
245
181
178
50
193
68
23
82
91
54
251
120
82
8
97
65
201
255
25
75
71
192
181
114
229
141
160
210
219
60
193
160
33
21
96
187
182
50
207
131
25
19
190
228
88
85
180
153
171
2
31
14
237
65
182
34
164
156
163
7
103
168
212
154
73
237
102
92
75
74
249
234
175
171
241
144
250
135
220
47
199
17
187
212
229
146
178
189
136
219
176
42
87
228
205
37
144
13
224
23
94
67
73
38
224
179
137
61
54
35
61
64
64
94
38
63
141
215
251
179
227
155
28
193
251
175
113
57
60
227
129
37
213
177
229
57
113
29
178
255
225
73
147
72
59
179
150
143
106
253
176
10
227
145
253
239
83
83
50
187
4
25
113
10
24
22
255
176
253
193
195
50
93
10
72
108
170
85
225
157
41
145
37
197
187
237
73
175
146
76
38
225
5
146
203
93
2
38
14
183
56
217
129
99
158
182
156
65
54
204
27
9
170
143
3
149
54
202
246
129
107
34
18
217
206
8
36
107
18
185
29
31
219
224
131
202
238
84
32
251
226
175
89
71
123
212
193
212
48
242
140
217
27
109
20
89
237
239
97
97
99
164
144
84
178
232
44
107
171
138
169
207
40
5
3
84
144
193
51
142
3
235
83
196
1
184
7
1
121
184
236
241
249
99
228
110
228
25
179
212
114
185
252
57
7
210
20
219
0
106
1
140
234
48
1
181
235
196
250
250
223
47
44
179
154
233
129
116
6
133
200
199
252
248
142
84
138
209
199
225
159
173
73
198
217
115
111
199
97
97
175
44
213
123
21
86
1
200
194
58
251
162
120
160
0
2
196
180
109
197
11
249
173
174
32
58
96
119
157
68
76
77
105
134
213
8
227
118
136
190
109
29
144
229
244
66
157
128
87
242
122
216
228
99
235
133
213
31
231
209
119
11
208
174
65
104
174
109
125
213
214
59
171
95
24
183
0
184
129
234
20
45
104
77
233
24
251
164
42
135
18
222
250
111
250
147
189
231
73
128
29
189
100
248
239
59
63
199
31
103
125
234
160
14
92
199
239
190
39
15
179
51
2
17
5
248
29
43
32
5
231
20
169
212
1
17
8
105
87
144
210
190
118
2
39
252
202
51
223
70
51
199
98
164
247
211
18
226
18
149
47
45
56
254
52
121
122
112
186
211
142
39
212
163
4
179
144
179
124
17
129
25
43
127
104
242
45
94
87
186
227
236
205
214
20
223
221
119
14
151
143
197
28
112
141
122
252
98
241
175
95
17
204
127
104
130
192
153
4
137
153
85
64
241
216
170
33
85
22
11
22
204
107
193
229
205
83
125
27
242
159
17
169
50
186
224
197
58
226
206
206
148
69
30
72
85
75
192
19
241
153
117
230
50
45
203
76
235
77
88
27
35
223
253
72
31
130
223
223
167
215
163
5
196
199
37
183
82
102
104
196
6
173
69
179
26
120
109
184
109
149
228
199
210
188
228
72
70
141
94
85
243
72
86
224
96
81
33
107
176
179
83
7
30
28
42
113
186
2
14
27
35
49
72
39
250
101
122
158
27
176
17
230
20
163
185
35
185
33
161
150
254
0
240
243
42
134
129
28
238
109
180
241
153
70
32
75
136
198
107
119
233
83
16
87
107
115
240
198
161
105
243
221
216
132
85
163
185
4
220
162
55
189
151
85
222
71
118
228
114
55
38
191
199
211
110
34
214
13
84
20
14
235
189
205
31
228
153
151
58
221
120
24
94
44
123
32
73
177
49
38
153
240
35
57
155
194
145
64
50
120
202
17
58
46
155
172
234
12
31
47
0
81
19
23
221
176
170
60
71
219
34
223
64
107
238
37
170
2
244
152
71
187
169
225
99
81
86
246
213
9
193
61
118
236
47
81
38
184
119
237
122
64
69
71
225
95
65
119
136
155
181
51
153
105
84
221
87
13
53
13
215
135
237
145
101
186
192
214
130
118
163
8
24
86
44
122
221
70
181
249
104
99
176
172
169
47
115
18
148
153
102
183
162
214
148
166
190
122
159
63
207
101
107
176
75
31
88
130
153
48
139
228
241
119
237
165
224
77
248
132
116
160
139
133
71
176
172
102
39
35
201
160
229
93
199
161
183
133
116
181
204
136
111
1
1
80
24
248
231
213
114
153
85
66
202
210
207
171
31
85
9
207
181
200
62
149
56
183
14
86
88
112
56
119
122
164
107
248
9
142
135
188
10
183
183
60
163
215
36
48
5
127
149
165
4
170
133
10
60
219
238
224
236
84
3
2
77
206
50
121
234
49
212
23
17
218
119
234
130
203
143
41
52
4
141
179
163
44
68
95
246
166
35
230
3
147
207
131
127
179
209
234
187
227
215
194
145
8
218
44
89
10
177
206
63
205
42
205
245
44
31
183
65
93
175
117
232
44
188
63
181
153
205
205
202
67
80
172
103
44
31
222
179
188
158
179
17
102
158
95
10
189
83
47
221
155
171
46
82
221
192
160
150
4
56
157
230
145
181
191
105
113
14
247
133
171
147
244
54
75
138
43
186
34
117
241
30
55
67
92
148
34
108
209
231
13
176
107
179
133
191
161
31
11
55
96
199
58
89
124
14
66
121
246
226
238
158
199
133
229
214
96
59
213
15
143
218
203
45
45
212
53
245
133
121
179
97
19
13
212
214
223
203
190
6
216
41
249
239
47
140
134
211
251
249
43
124
205
36
13
70
45
34
112
154
239
178
186
225
167
36
91
13
207
186
216
132
3
211
20
194
181
133
246
146
8
174
3
97
111
30
71
111
233
38
96
47
241
135
215
9
70
84
193
142
78
10
51
218
103
113
223
139
249
129
102
42
156
242
113
55
97
46
66
149
236
52
218
52
226
108
78
57
102
70
97
156
103
204
145
73
110
109
196
191
2
45
56
149
228
164
163
34
36
193
242
102
82
225
163
124
2
59
15
193
217
45
162
232
115
230
32
146
235
109
10
241
150
10
85
10
132
241
41
24
86
250
123
95
93
204
67
98
17
204
217
54
202
160
212
135
220
163
66
94
206
108
179
8
54
185
110
67
253
103
252
153
246
76
17
176
242
200
226
110
34
183
176
240
11
124
109
90
178
194
151
123
2
2
131
196
251
188
139
154
202
65
7
55
110
103
155
248
253
3
210
140
67
94
229
6
153
248
54
169
207
172
126
44
97
70
60
99
224
17
20
83
35
132
169
192
179
210
20
248
190
248
83
90
28
3
74
238
158
124
105
29
12
84
210
194
39
199
20
224
4
183
239
35
185
24
125
50
83
40
210
171
50
169
26
238
36
111
0
223
134
177
215
35
110
36
60
35
70
194
236
141
250
112
111
116
248
207
76
169
217
110
58
125
102
96
65
206
133
136
234
86
37
165
55
184
28
95
65
24
125
200
220
2
167
182
70
231
254
136
226
255
180
241
113
198
159
29
13
255
42
223
184
20
172
53
62
246
250
252
96
214
184
112
34
102
184
100
60
144
59
214
100
138
112
134
107
223
19
173
225
60
223
189
233
142
20
244
129
154
73
86
98
186
46
166
231
17
110
185
193
43
250
239
238
102
182
227
250
74
92
23
22
29
192
107
32
182
120
56
117
100
106
254
60
193
150
55
124
249
51
86
47
225
134
188
37
6
156
38
109
193
81
70
192
15
247
57
2
19
157
61
7
183
55
163
4
123
238
15
109
49
117
124
66
111
1
175
226
112
70
0
248
134
216
23
126
123
193
167
18
110
95
197
63
118
67
129
81
31
99
112
100
215
24
43
150
37
243
179
235
47
20
132
105
19
129
162
36
103
22
112
20
30
55
103
167
146
166
185
16
28
175
51
25
240
9
168
195
233
143
141
14
125
130
33
19
220
74
150
132
250
143
168
47
194
9
58
169
68
28
3
153
93
111
92
61
20
45
52
3
136
153
216
160
207
148
207
238
147
234
101
50
1
205
159
101
108
47
106
222
208
60
75
239
117
154
139
41
199
51
59
5
139
180
55
218
92
21
181
191
29
199
143
18
219
25
156
32
95
181
235
238
37
87
62
20
20
9
67
30
232
156
251
199
106
146
56
170
110
41
192
227
146
233
177
108
159
58
51
172
172
49
243
153
159
184
146
37
103
130
62
89
73
102
47
189
11
174
148
195
127
48
180
101
77
157
149
165
1
149
140
84
2
130
255
2
32
53
214
174
140
162
168
104
128
202
170
203
91
244
188
1
32
172
115
28
172
58
28
9
91
155
56
255
199
165
213
71
213
71
227
153
3
199
178
175
100
42
178
118
112
22
15
45
224
42
146
194
44
85
49
86
251
33
219
15
36
60
84
143
105
19
161
201
61
36
154
145
84
66
115
120
109
227
34
207
91
244
9
94
98
61
36
182
82
216
133
7
175
68
58
248
184
106
98
42
190
35
104
163
82
62
75
151
115
148
120
111
211
103
90
226
62
239
209
65
44
212
20
195
128
64
225
106
178
245
155
164
2
204
2
46
122
28
42
162
152
29
78
193
52
56
218
108
206
24
77
91
77
236
26
202
181
211
244
178
234
247
114
244
159
4
172
104
28
128
235
30
23
111
46
11
178
41
150
29
202
236
103
131
43
2
182
14
163
52
228
235
203
180
209
148
139
196
150
181
152
92
223
228
35
18
218
154
105
28
93
152
53
149
34
32
52
198
223
115
11
164
106
142
140
147
153
168
5
181
103
27
135
236
176
191
133
154
40
12
229
27
183
228
7
218
193
127
191
141
153
23
204
234
134
69
62
226
168
93
187
170
183
93
199
175
229
201
152
187
35
204
213
105
54
12
79
119
18
159
114
163
143
14
158
96
183
25
11
13
0
180
77
140
60
178
62
231
113
203
227
104
113
35
192
180
199
229
112
176
186
77
140
41
166
97
81
15
4
251
208
29
131
126
172
228
222
107
36
28
167
250
164
98
112
209
121
242
184
57
242
120
209
201
204
35
70
26
117
202
129
106
215
112
20
149
21
204
36
160
190
148
90
57
93
164
187
100
176
6
111
3
247
141
146
1
69
130
204
166
61
228
41
127
49
172
162
128
194
217
30
61
212
102
77
174
90
251
48
144
53
9
141
173
196
55
7
148
120
121
2
105
252
172
59
106
18
88
21
130
185
0
15
151
220
50
148
8
117
46
252
23
228
155
122
179
66
28
103
32
98
21
190
103
133
63
129
148
180
84
15
109
57
226
46
141
155
76
151
109
76
179
32
155
1
234
44
179
56
116
186
100
175
190
184
255
174
223
140
105
197
0
224
110
90
60
194
163
39
7
217
172
229
78
96
235
144
59
140
67
102
90
148
229
188
75
242
55
64
129
167
180
64
210
121
10
186
87
173
163
100
102
135
94
229
153
227
148
63
100
101
19
201
50
206
99
67
122
171
108
13
31
101
229
190
159
22
47
174
66
36
58
224
107
121
32
31
178
37
40
143
146
145
142
15
90
66
177
109
87
154
162
61
125
176
17
184
151
243
221
40
40
115
24
99
36
176
91
110
241
43
18
239
3
59
174
161
10
75
210
209
178
157
184
33
123
230
176
79
179
70
28
132
100
167
164
145
57
63
183
59
126
124
88
213
17
58
174
108
151
156
127
180
127
147
100
184
190
20
45
49
99
252
131
118
4
156
101
10
102
176
110
141
164
85
85
205
110
188
147
166
213
33
95
100
139
56
104
139
133
89
116
90
43
129
229
15
196
14
138
16
164
110
103
208
156
113
191
21
62
107
228
237
28
105
158
50
8
94
16
72
59
219
169
199
10
112
248
118
133
17
213
102
105
161
227
97
125
243
36
192
246
110
52
193
82
102
254
109
48
5
73
237
23
48
157
8
161
138
184
125
151
205
203
84
174
206
77
141
197
150
212
125
82
67
226
130
36
198
156
1
198
233
144
170
232
125
47
131
229
109
119
84
12
58
117
110
191
81
133
235
43
112
160
35
56
192
199
127
11
247
212
4
123
253
9
125
11
160
11
195
91
58
83
150
20
169
80
178
110
59
29
193
77
246
216
13
95
218
122
102
156
13
96
156
124
146
142
91
82
13
30
127
35
229
229
89
79
82
41
11
83
220
126
213
223
28
28
51
166
109
39
190
166
41
32
198
220
68
102
107
71
198
184
91
57
10
81
206
13
131
220
200
223
152
6
88
37
190
158
15
113
15
42
171
139
83
17
113
113
195
192
198
254
103
134
111
164
101
237
50
68
32
185
8
234
180
91
213
237
176
240
210
236
7
57
192
214
10
212
6
43
118
62
35
39
46
110
15
220
110
2
32
223
18
234
203
85
110
232
233
111
4
203
144
112
33
203
236
43
84
241
135
85
206
157
70
162
183
57
3
131
128
132
92
42
28
81
175
249
108
254
212
95
141
179
122
160
243
95
252
95
74
47
25
199
4
175
89
213
56
157
123
166
241
162
146
25
123
75
105
139
61
175
69
36
224
95
253
3
39
34
10
60
80
234
56
89
51
77
141
243
12
3
162
60
23
190
69
235
110
99
111
165
225
141
50
85
50
66
63
139
72
7
254
41
13
72
141
14
8
124
143
37
212
145
232
227
141
238
141
194
118
245
132
141
252
1
43
14
247
102
168
116
116
216
64
101
157
108
28
50
209
89
136
102
99
141
247
79
102
7
42
239
180
124
10
97
227
42
143
8
149
171
38
26
104
184
59
48
175
111
196
22
212
180
104
14
67
176
67
203
201
245
251
56
244
63
163
143
20
202
49
143
234
97
28
126
226
227
20
45
45
91
243
169
255
198
162
96
113
247
154
130
114
138
244
157
38
114
59
42
63
64
229
158
58
22
150
227
163
244
129
124
113
43
146
21
126
61
10
164
170
227
44
236
141
116
91
123
130
64
136
162
123
154
246
152
31
80
131
114
21
156
121
35
35
241
48
86
5
81
121
86
209
130
176
146
35
41
118
143
179
97
150
43
14
189
40
25
241
157
10
36
252
163
28
239
81
59
236
141
84
19
163
19
120
173
103
120
62
91
189
60
148
66
150
32
119
8
25
177
144
104
100
140
142
181
193
3
82
14
246
67
12
16
105
103
129
236
66
86
221
45
102
52
57
84
165
223
133
57
86
32
9
166
240
119
27
87
181
234
109
60
185
185
112
199
7
128
50
132
15
116
3
185
117
18
109
66
175
164
252
213
80
12
117
212
73
119
170
87
195
165
27
36
97
200
27
212
132
207
172
122
231
240
77
14
254
107
180
5
87
61
127
26
157
99
30
3
6
208
231
105
99
35
128
77
152
191
97
220
113
220
173
6
218
6
30
150
209
20
2
245
169
64
149
3
136
162
249
44
229
11
23
106
136
158
79
143
102
44
138
79
61
191
164
34
11
247
90
119
50
103
127
166
181
176
113
30
31
255
206
40
172
79
241
136
249
91
96
6
73
139
184
43
141
82
113
162
202
92
18
191
191
151
170
15
61
90
242
168
16
201
91
132
166
174
150
181
207
126
170
69
128
162
91
184
24
173
236
47
147
121
114
15
193
113
139
47
152
67
65
34
214
54
36
58
134
84
151
250
173
246
191
18
126
209
171
70
235
42
152
209
233
216
50
185
108
85
26
238
185
236
138
248
104
198
231
236
60
248
244
147
140
161
73
86
31
120
248
141
136
181
39
217
16
7
226
148
247
201
18
19
235
78
11
156
146
121
188
71
64
158
166
78
207
32
132
144
119
50
36
11
127
143
164
231
13
179
121
19
3
8
207
194
131
214
131
234
181
248
185
19
71
7
233
203
80
52
239
214
253
226
39
244
70
15
132
70
12
80
77
155
72
62
74
214
185
237
75
169
102
38
94
240
118
181
33
78
185
61
181
78
54
80
255
54
54
188
101
239
92
64
42
187
117
209
35
178
113
249
198
212
2
69
106
231
9
226
48
194
35
92
199
53
236
156
179
147
240
242
167
250
4
55
191
1
115
9
128
193
48
240
233
42
30
105
244
174
202
229
104
115
178
201
127
171
168
134
61
72
149
160
250
244
195
4
235
211
24
235
75
42
138
4
68
170
210
99
187
53
250
223
150
35
164
79
178
221
73
74
204
241
60
103
6
3
191
243
166
122
159
203
59
207
135
33
63
13
103
209
80
249
175
63
88
43
1
43
195
36
79
124
102
116
5
9
130
166
146
186
122
170
33
202
140
58
244
244
29
227
159
124
84
143
46
202
176
175
80
91
21
185
133
25
244
138
31
21
7
141
244
195
186
250
166
48
39
196
182
93
96
163
15
83
102
210
204
12
214
30
58
72
78
182
249
3
182
43
5
78
82
210
36
176
202
114
246
120
3
167
197
25
116
5
244
1
252
23
157
19
54
162
170
186
36
114
193
122
48
152
255
99
149
4
101
108
139
175
72
59
162
211
33
95
129
228
154
202
131
99
46
12
49
229
231
8
90
137
162
122
247
223
155
204
189
104
19
152
145
135
209
247
46
166
214
113
15
29
211
165
181
75
176
223
243
42
96
209
239
121
242
29
249
78
148
144
94
239
140
193
179
245
33
27
231
250
53
180
94
123
87
52
216
58
10
204
89
109
197
216
70
250
101
165
19
58
225
199
12
40
152
200
60
210
21
128
104
184
158
39
2
74
143
55
126
81
198
90
126
51
102
238
22
79
55
175
119
46
140
255
179
223
43
220
93
251
70
250
250
15
16
113
166
0
212
61
251
147
242
170
44
251
70
2
0
4
67
37
197
135
106
203
221
113
38
122
250
3
90
118
105
132
135
105
98
35
164
84
87
229
18
152
126
179
211
214
48
137
242
56
143
186
201
187
215
254
211
195
230
131
106
217
188
138
121
100
141
92
238
180
162
87
120
157
172
225
28
220
250
138
88
188
250
201
97
38
127
143
139
48
45
22
74
41
171
151
169
87
160
106
6
67
98
254
221
106
45
101
201
70
20
151
237
140
203
58
208
209
152
130
4
89
251
55
171
251
104
250
189
61
168
225
211
197
210
166
35
182
241
69
163
243
82
138
251
45
170
133
203
245
140
91
0
125
25
239
26
88
192
188
252
161
163
255
213
217
208
52
193
33
33
20
82
12
181
180
50
243
117
103
18
117
79
154
156
20
102
101
136
253
196
88
142
144
214
204
208
156
19
117
157
197
170
152
149
195
102
220
215
40
249
208
220
127
171
156
69
111
204
102
127
248
107
224
177
205
22
21
211
140
61
50
76
101
118
102
160
138
79
111
138
14
228
199
47
68
77
23
12
94
66
48
239
129
4
11
98
10
102
32
152
164
117
86
59
102
72
209
18
111
60
108
202
64
255
105
136
22
14
193
57
244
179
164
149
237
14
172
167
88
14
94
39
10
39
197
51
3
52
160
245
68
105
244
191
50
197
172
133
179
38
86
62
252
123
166
247
124
63
14
160
110
76
49
14
62
211
38
171
146
158
144
194
6
255
73
48
66
172
104
57
80
251
144
220
251
139
125
78
26
126
69
81
86
95
148
252
215
64
228
127
226
65
47
60
209
202
183
146
222
77
158
82
58
38
38
154
47
189
146
202
167
177
94
218
172
227
1
38
69
254
248
21
157
174
24
249
47
84
67
228
46
181
138
236
92
95
181
147
170
237
89
61
156
205
179
163
238
39
253
254
143
210
209
10
51
136
229
203
172
249
172
209
46
27
105
134
33
66
170
125
235
238
82
175
193
90
146
200
140
62
17
115
189
189
39
64
202
6
14
176
109
114
198
203
92
114
243
175
71
101
140
240
141
226
95
200
10
249
193
57
32
9
59
89
221
97
89
1
243
104
48
111
242
39
181
89
10
174
183
46
46
230
251
247
20
179
80
15
116
180
78
26
77
181
24
152
6
37
228
103
36
83
34
160
162
27
19
10
194
159
255
46
22
250
91
210
98
254
73
173
157
49
55
121
1
63
105
128
75
235
36
46
36
176
117
107
255
155
44
22
8
38
51
75
122
156
8
72
123
160
74
173
209
178
44
152
135
219
20
35
183
172
31
44
75
133
92
232
36
249
31
122
74
18
8
126
51
14
209
152
61
178
9
195
96
100
255
214
1
75
17
165
159
20
145
131
150
7
205
196
184
96
62
120
123
236
150
19
198
99
181
66
77
228
194
137
204
211
248
45
200
176
176
10
43
53
218
72
75
84
162
171
184
184
120
208
101
212
160
230
254
221
8
116
157
200
2
31
80
67
96
147
123
216
161
231
1
4
21
211
252
61
21
183
163
205
31
109
232
83
160
142
45
193
132
173
118
10
231
198
201
169
165
96
14
45
227
197
47
3
10
67
245
142
51
123
150
227
61
186
129
45
239
21
216
227
190
198
119
58
165
249
99
14
25
69
186
128
225
169
15
77
133
229
12
76
49
175
229
96
29
96
116
25
45
195
227
188
247
38
190
34
241
47
123
217
230
163
165
19
23
81
52
97
118
10
201
224
14
118
183
47
167
87
133
132
22
17
194
221
69
6
81
251
92
250
239
192
118
198
132
125
148
231
120
144
200
142
178
160
31
2
3
139
101
127
89
24
228
43
203
90
200
113
162
52
144
17
71
250
193
124
98
162
127
159
187
159
41
49
44
12
43
90
187
236
96
169
130
234
49
24
228
203
162
56
145
41
84
55
233
59
131
95
177
217
34
97
199
20
124
32
134
102
216
119
218
253
167
205
173
23
119
143
36
124
141
71
209
14
48
43
50
86
166
196
79
218
162
166
111
236
179
255
61
197
121
169
116
142
99
184
134
99
185
38
1
145
49
67
1
174
102
91
235
153
230
146
92
74
243
241
64
159
157
164
74
229
47
178
235
173
218
191
199
19
128
106
108
103
135
30
48
196
159
36
234
208
228
71
149
86
178
229
63
73
244
17
48
82
3
105
117
228
48
82
235
57
195
212
68
19
23
36
58
94
141
151
206
74
226
15
154
74
142
145
214
53
37
195
147
131
12
223
141
164
119
138
95
222
53
226
120
193
119
136
121
225
69
166
14
73
147
241
127
207
230
14
37
170
60
228
136
34
128
167
179
88
103
34
207
121
82
176
79
31
44
8
236
168
89
252
78
72
112
249
133
121
222
7
228
226
56
27
157
53
235
112
200
134
157
167
85
230
37
11
167
142
41
127
203
26
255
43
160
189
146
103
151
252
178
209
38
93
195
157
156
27
88
106
52
93
81
244
224
77
194
202
79
217
18
182
224
207
54
14
44
137
46
121
215
200
243
78
91
4
177
236
235
229
71
31
54
38
180
254
105
78
131
16
246
127
52
0
120
24
207
109
223
207
198
191
2
255
142
18
162
104
215
136
81
242
254
145
237
146
151
51
124
252
122
162
164
217
60
213
145
46
94
25
230
99
76
231
166
12
72
14
44
0
128
25
70
44
73
184
232
72
180
227
47
14
160
81
15
220
198
107
182
70
142
99
240
20
79
114
17
173
252
199
96
8
188
38
26
17
202
38
3
125
60
226
72
62
45
252
199
211
135
101
93
162
184
219
251
200
133
153
91
121
41
181
177
166
226
151
93
180
82
29
243
104
157
107
40
239
150
150
125
164
120
76
101
254
52
152
198
161
100
35
27
82
198
160
131
69
200
105
194
167
168
198
243
189
107
33
186
40
230
71
203
231
231
55
16
141
16
222
200
196
242
23
120
111
230
129
114
147
229
16
23
131
49
52
60
27
63
99
48
159
210
46
175
152
152
121
184
167
35
182
24
110
58
190
165
206
220
242
70
17
243
238
112
128
7
220
116
228
34
100
184
119
140
50
144
70
23
243
255
177
118
123
77
216
8
194
228
106
227
94
167
33
162
140
66
66
82
125
24
75
216
26
67
216
82
195
141
8
117
43
25
43
234
27
203
101
101
68
62
37
25
166
159
153
49
122
218
211
194
231
238
204
131
184
164
213
218
31
82
188
254
47
228
111
52
93
162
255
96
161
203
113
129
136
20
186
87
125
228
201
219
111
78
177
251
131
246
250
249
180
187
74
58
145
3
183
33
63
142
199
43
21
0
213
186
22
201
56
160
254
101
29
211
172
0
251
6
229
51
199
231
205
53
233
126
129
7
199
63
250
126
172
105
211
49
156
126
239
205
231
80
171
78
19
63
247
71
9
145
50
170
10
246
218
108
48
157
83
229
195
72
34
247
56
204
15
21
17
171
29
182
206
38
154
153
144
103
157
208
211
13
38
223
129
170
139
73
12
87
229
126
57
34
151
217
248
189
80
30
17
182
227
96
12
48
98
80
73
231
48
150
21
182
148
228
199
71
169
131
208
95
118
160
231
6
111
151
248
205
125
66
22
154
131
97
18
179
39
234
174
190
205
151
91
135
135
183
175
112
5
91
100
233
230
61
206
60
105
172
92
114
216
85
80
98
125
222
183
92
160
222
238
54
35
77
142
186
125
30
135
117
181
179
30
254
200
30
187
230
87
234
60
53
135
241
183
105
139
237
113
29
36
237
172
186
3
235
196
156
217
138
103
241
106
229
160
5
12
147
71
169
35
225
60
152
62
102
106
188
56
35
145
105
106
246
9
119
132
246
221
176
96
125
237
147
98
111
154
231
24
166
12
198
80
147
62
137
26
22
62
106
18
226
58
97
2
112
124
89
147
0
69
251
156
58
23
192
35
52
6
115
79
149
84
11
45
152
69
7
6
121
210
132
192
67
114
179
156
8
88
66
190
81
187
79
177
163
202
208
116
229
33
106
35
117
219
175
96
96
227
95
142
81
193
188
18
176
10
146
187
162
218
184
190
246
120
175
244
142
167
23
68
193
121
231
152
108
52
248
123
245
211
247
29
179
99
106
10
63
27
142
43
181
174
14
242
29
94
209
210
44
241
174
129
35
37
80
84
20
221
37
207
25
141
162
241
81
255
178
12
87
4
238
120
248
16
217
35
85
74
166
192
239
27
215
209
181
72
33
181
61
205
13
250
196
33
77
187
204
77
48
23
168
162
178
24
254
126
77
114
174
172
12
55
86
101
48
134
33
161
81
178
247
245
249
204
78
103
13
44
198
33
111
120
204
150
21
47
236
221
236
207
91
220
136
112
177
68
233
152
196
36
17
75
160
206
40
248
61
21
91
138
63
204
193
222
32
3
157
62
207
174
150
32
188
207
54
214
218
217
108
87
175
73
49
148
73
217
60
54
146
179
153
123
222
47
130
42
87
142
239
195
30
100
155
14
134
66
164
129
178
68
9
19
0
203
236
129
34
168
239
248
205
140
153
20
54
42
220
148
54
111
57
68
132
152
27
0
37
162
134
66
248
106
247
47
39
65
160
19
103
164
170
43
161
13
220
200
239
23
144
17
227
48
253
170
212
91
35
226
122
102
255
90
125
116
20
168
26
139
221
32
102
41
98
89
122
103
83
248
143
67
212
188
18
242
130
140
40
120
22
173
157
154
114
250
222
104
75
205
31
2
250
192
200
2
6
134
23
13
119
122
21
122
247
188
57
46
119
154
101
2
146
97
47
232
201
64
133
193
66
76
156
183
251
119
197
216
234
87
253
103
86
213
114
133
240
95
48
86
82
44
237
37
5
13
6
84
214
232
192
223
123
151
223
224
75
42
49
7
87
217
247
180
248
87
215
202
158
232
28
133
158
55
130
202
234
82
210
209
231
163
194
136
198
56
109
245
171
70
84
237
126
162
228
13
217
229
23
198
216
114
76
75
220
114
8
141
238
35
113
215
102
76
220
36
195
240
151
3
148
145
245
227
12
141
217
215
71
65
86
234
221
37
32
30
163
120
229
195
148
129
4
34
183
62
198
121
94
60
80
136
100
178
43
28
193
60
125
36
182
23
28
36
215
70
116
252
81
23
25
58
134
95
187
249
27
76
204
243
181
7
141
254
190
193
249
161
105
23
2
54
32
54
148
108
152
231
4
106
62
199
156
158
97
184
152
62
198
107
10
1
235
67
68
140
10
54
47
10
129
94
198
166
147
25
153
161
60
158
68
58
2
30
15
150
210
10
89
14
238
25
208
106
14
175
93
248
42
247
208
252
178
127
222
23
72
226
58
69
154
94
185
219
242
201
191
64
132
69
18
55
146
171
218
228
146
141
6
116
105
116
209
146
141
164
90
88
38
245
154
10
169
180
111
249
27
9
116
105
134
97
43
41
99
174
33
22
163
169
41
205
229
44
60
14
129
249
200
163
49
27
150
104
176
218
138
72
19
229
213
107
200
52
179
162
128
252
40
9
193
19
143
15
246
27
0
236
165
80
116
218
138
191
179
186
5
212
94
184
31
237
165
180
150
54
165
16
219
143
54
198
211
161
7
85
26
146
231
54
132
5
164
32
180
164
204
29
54
138
182
204
221
132
238
228
176
82
54
5
173
98
150
190
226
99
117
94
229
36
126
102
0
101
126
55
177
180
108
79
142
152
173
204
14
81
222
93
0
181
41
108
206
252
222
8
98
221
36
134
41
88
220
8
231
39
219
82
252
100
22
223
251
120
192
45
48
96
20
173
116
127
92
125
77
111
77
154
111
130
54
111
39
32
165
177
69
2
78
235
98
101
47
3
171
252
114
63
192
21
222
205
96
173
30
151
160
205
114
193
103
198
15
36
252
144
187
165
203
187
235
47
109
171
34
152
222
25
142
81
122
61
254
152
167
252
142
214
177
213
222
39
179
32
31
170
129
179
96
204
90
151
176
91
73
169
204
4
94
188
147
231
6
89
10
199
69
184
94
91
236
83
34
255
213
77
109
197
39
80
109
62
198
15
198
39
77
236
70
2
70
196
62
214
165
194
176
128
117
183
9
59
74
110
2
81
47
72
169
81
223
178
109
55
151
10
145
197
32
242
194
238
62
5
183
23
118
101
77
64
169
237
194
51
151
72
38
211
199
169
86
235
19
49
60
109
172
9
155
16
140
151
132
191
148
59
208
110
11
159
77
124
174
228
221
3
138
250
203
137
148
239
170
228
95
132
96
168
214
109
177
239
163
85
147
112
205
134
134
222
112
223
67
164
125
191
177
121
90
198
241
179
1
198
173
173
234
43
205
132
191
191
25
171
38
71
69
110
223
23
189
184
133
214
178
128
108
207
120
192
84
25
148
187
62
145
3
118
112
80
37
123
147
8
101
60
11
101
107
84
79
11
139
156
240
137
211
23
175
79
121
127
94
66
144
83
28
240
33
104
182
118
191
79
121
162
89
101
51
1
144
108
188
246
212
65
74
96
226
0
224
75
226
29
223
171
61
249
137
29
224
239
149
25
68
241
223
23
24
254
243
219
24
5
241
168
238
148
219
51
199
126
134
1
183
135
29
74
140
150
17
19
207
214
86
130
99
141
201
227
50
170
50
165
39
253
29
130
153
8
253
180
157
92
0
78
251
7
5
102
12
74
170
17
29
201
148
177
170
87
135
23
14
0
165
161
59
183
92
94
40
80
124
38
89
38
234
109
23
126
181
92
53
146
157
53
161
106
131
221
166
124
87
135
24
172
251
31
111
112
185
94
251
187
161
101
191
52
25
163
82
165
93
167
111
166
219
37
224
233
179
137
248
223
144
58
244
221
38
205
20
222
50
191
26
152
84
3
108
55
53
232
24
162
195
137
42
171
139
51
173
143
14
15
110
45
8
81
26
29
37
9
98
82
214
205
125
15
140
211
147
118
122
1
22
230
80
177
82
6
230
181
118
13
213
224
63
178
24
219
244
91
203
26
17
13
117
115
178
75
8
78
89
61
6
219
141
32
170
211
249
213
33
240
211
123
103
116
246
37
200
113
30
159
168
83
186
46
228
184
89
144
159
126
90
19
19
207
104
33
33
162
182
98
137
12
52
232
178
15
117
200
133
150
94
67
151
5
43
21
17
55
181
36
155
234
175
253
225
104
14
159
162
75
35
5
50
216
69
235
186
253
3
143
6
172
17
25
159
133
212
84
91
85
127
186
228
91
119
32
28
143
2
145
7
40
104
82
163
17
220
241
30
175
243
219
46
7
140
0
223
225
117
29
108
254
104
119
230
229
164
33
140
143
33
202
194
202
116
175
140
240
119
52
46
170
233
119
64
84
175
161
135
174
17
144
130
233
135
20
223
159
254
13
234
125
67
186
187
113
8
219
22
162
103
221
41
147
150
62
219
245
164
142
122
238
228
16
161
146
20
22
34
18
50
246
126
253
7
98
247
94
11
21
209
39
246
226
85
187
191
116
2
0
240
174
7
28
173
200
127
191
254
34
210
12
153
38
183
114
89
146
41
33
243
23
227
150
68
14
241
97
202
222
146
74
240
168
218
187
156
176
90
211
164
236
76
54
97
79
228
176
110
52
96
116
192
184
241
12
84
230
159
173
234
61
239
129
64
212
183
134
192
193
234
239
201
215
159
216
83
14
71
185
38
158
179
117
190
109
14
134
138
77
255
226
51
83
4
53
103
2
223
165
132
18
164
205
127
170
48
115
225
245
146
45
84
247
173
230
254
216
114
68
117
116
10
254
229
200
232
9
76
175
235
74
7
114
138
214
239
76
218
76
253
151
138
177
190
248
43
105
158
245
45
252
165
97
191
126
37
110
87
136
171
201
47
52
142
170
56
47
115
39
83
247
105
32
154
35
65
46
62
46
239
17
127
116
224
243
158
165
196
2
189
218
20
113
148
75
99
138
177
45
232
128
38
37
59
164
106
33
83
51
204
74
206
162
6
196
109
130
153
169
20
4
183
190
188
63
157
63
42
252
47
186
59
97
183
38
231
189
231
9
40
109
47
101
217
103
175
51
90
141
104
16
24
53
111
3
191
29
161
190
228
162
110
29
33
86
42
193
212
196
188
153
141
245
142
193
158
64
194
12
28
25
231
129
163
195
243
155
45
99
188
99
6
183
255
152
41
40
135
7
87
142
167
249
129
31
241
104
101
205
29
180
20
60
12
194
32
202
252
2
249
177
28
30
248
44
219
87
230
226
251
146
7
16
167
205
152
218
142
50
10
195
173
177
116
73
92
94
5
130
202
31
249
167
93
53
87
169
199
226
126
212
22
73
119
247
148
44
51
227
48
250
150
73
193
13
142
247
14
188
54
155
251
92
132
75
239
21
121
115
169
92
4
18
92
134
156
6
101
0
205
253
171
116
13
239
127
254
94
129
191
22
251
158
30
28
104
27
44
206
119
111
80
5
225
10
219
109
96
12
205
145
246
158
110
227
63
39
125
101
108
186
126
76
52
149
13
20
160
251
127
46
253
187
164
106
97
113
137
113
106
159
72
251
203
13
193
157
31
22
78
10
64
173
10
252
226
25
233
134
168
176
156
169
187
252
207
10
175
129
5
43
91
112
149
179
112
125
45
47
160
177
129
126
199
103
177
79
220
6
42
88
169
77
102
205
50
56
193
72
124
84
43
50
153
180
193
239
142
29
192
113
180
155
64
202
207
233
155
127
65
128
30
138
190
167
126
10
75
95
164
189
132
129
92
81
56
199
203
209
31
9
96
66
84
210
143
155
35
157
246
136
19
4
78
94
239
102
48
197
135
208
50
3
220
66
43
207
150
53
50
191
96
134
163
151
244
220
135
199
185
63
99
39
174
65
25
117
54
255
209
70
112
229
97
177
35
102
125
199
137
182
9
44
227
94
192
198
240
58
192
229
109
84
148
64
125
171
11
131
197
106
112
144
165
207
112
3
172
131
7
152
114
25
67
23
65
244
43
94
74
159
121
140
121
227
250
59
74
81
39
40
161
169
144
32
236
42
177
123
206
81
54
249
14
143
250
193
15
60
83
36
111
104
239
83
81
167
38
65
172
84
104
81
88
217
228
81
125
62
155
83
147
64
59
160
109
110
21
6
243
172
125
125
96
109
143
119
157
118
149
1
154
137
96
230
95
56
128
60
83
104
73
11
133
177
30
79
182
35
38
119
96
130
112
204
56
129
48
1
128
246
115
240
123
182
92
161
32
248
247
207
151
39
219
102
61
16
206
82
179
246
54
245
128
39
126
170
62
219
56
225
131
152
128
137
115
152
181
11
160
189
3
194
88
230
214
192
171
141
11
152
171
185
196
115
34
74
70
119
151
77
164
248
125
57
62
130
175
145
152
25
247
230
60
100
69
93
93
45
208
172
46
164
84
202
145
156
211
152
181
205
89
7
185
211
205
109
218
211
71
72
218
139
209
133
67
108
139
80
42
172
255
73
209
157
28
29
54
177
251
76
143
46
114
27
66
87
249
68
186
187
199
79
68
62
69
50
62
120
45
100
224
41
55
211
100
53
64
115
129
19
115
100
254
193
147
171
61
5
82
66
87
207
208
187
195
31
228
236
198
40
195
252
159
18
213
109
177
6
25
82
187
2
11
11
207
19
156
34
228
206
188
115
197
66
93
65
141
154
73
47
203
193
96
194
173
127
174
47
128
16
41
99
82
42
20
13
246
71
135
197
24
198
4
231
86
109
23
69
57
239
231
195
195
15
102
101
185
144
227
156
46
59
183
156
69
27
71
60
86
207
177
254
177
139
204
108
95
160
175
33
185
165
251
96
248
172
155
167
155
16
120
85
92
77
212
228
31
35
156
53
221
158
16
162
34
33
50
46
198
254
160
129
31
206
111
144
160
122
241
2
192
196
129
93
80
1
143
14
218
179
115
66
180
103
31
201
102
248
96
3
145
114
83
255
108
121
60
49
247
185
98
65
68
113
85
122
152
173
158
255
210
116
1
56
80
77
187
218
108
157
68
144
191
152
73
246
5
209
206
196
132
44
111
86
248
162
163
243
172
2
234
177
101
177
160
15
22
59
35
104
113
234
177
91
251
198
33
161
67
171
146
142
154
83
99
5
74
146
228
237
159
165
143
159
127
124
232
1
47
6
146
224
42
233
45
210
176
86
2
80
255
197
73
243
196
124
104
125
74
232
63
38
138
4
181
128
35
63
244
11
254
33
128
32
18
109
212
172
80
243
110
198
89
86
55
234
74
11
67
200
225
140
116
221
29
209
238
115
101
52
213
42
217
142
254
142
181
146
255
63
225
67
158
74
218
212
89
114
35
168
15
95
88
141
188
70
7
1
253
20
141
139
53
236
132
179
195
185
74
212
70
189
175
111
254
31
11
163
229
139
217
88
176
165
254
240
86
63
195
22
139
18
126
197
200
85
141
240
139
141
3
169
205
213
159
251
144
162
56
136
10
89
218
5
172
164
27
30
159
28
47
106
86
8
117
211
20
27
127
0
171
146
44
145
240
10
68
247
36
174
59
7
4
46
195
15
240
172
155
252
235
164
169
111
254
140
18
189
69
152
101
169
114
47
168
155
152
150
194
52
149
219
213
205
132
64
124
27
197
137
102
217
212
36
184
123
19
158
162
155
55
137
133
17
3
125
63
228
47
155
118
117
147
55
65
17
145
111
182
140
122
19
225
144
252
235
17
34
71
140
188
142
134
44
141
144
102
173
183
130
190
118
152
19
31
45
232
144
146
185
90
119
235
73
156
166
22
226
54
63
10
226
245
100
107
85
131
225
136
83
187
27
58
57
83
92
114
161
5
101
87
167
232
80
90
117
202
28
203
52
193
141
188
151
32
108
85
101
46
177
55
183
14
14
131
113
9
243
166
253
141
44
0
133
166
208
208
51
212
103
245
218
130
32
129
223
51
98
206
17
14
36
170
87
84
177
64
219
223
82
26
136
203
34
153
91
8
182
47
99
156
204
2
187
56
200
200
206
156
35
102
8
76
17
91
187
91
188
244
103
221
134
76
232
84
194
35
31
153
138
160
47
227
103
96
194
14
120
237
28
117
252
51
54
238
53
212
138
124
185
141
73
54
87
62
134
226
32
145
151
240
195
232
185
131
169
246
48
89
214
50
78
180
172
149
116
54
189
242
133
7
30
135
4
50
255
131
42
227
232
36
15
48
73
212
63
89
25
142
138
41
231
129
145
217
57
76
180
122
36
159
90
119
27
230
42
97
1
27
179
234
38
12
143
3
212
209
80
86
235
117
27
197
234
239
2
138
119
227
177
4
190
163
231
39
30
224
115
154
94
60
67
161
21
224
27
128
8
105
106
179
97
198
36
167
50
6
34
50
14
237
255
54
144
247
215
9
199
157
212
19
245
39
103
118
50
87
142
17
242
87
188
3
131
2
43
114
2
243
214
42
24
95
151
176
12
94
189
27
196
168
10
138
72
237
130
203
165
65
200
235
182
60
56
74
150
70
187
56
178
140
202
78
204
104
232
34
110
61
172
142
245
207
132
227
149
58
131
236
26
211
77
150
37
38
162
59
112
227
111
244
30
231
145
104
249
57
159
214
26
61
109
53
61
85
30
76
55
237
58
79
254
151
4
169
234
30
187
56
152
170
88
255
76
74
86
230
105
224
198
99
9
30
177
0
162
4
77
8
117
39
156
223
235
217
226
180
130
199
20
55
143
77
205
251
131
195
47
138
56
238
161
30
246
21
130
79
103
53
110
79
200
255
250
202
151
168
20
83
14
6
227
234
176
128
58
125
65
227
161
204
95
162
104
249
194
255
38
0
204
53
24
250
203
255
122
107
105
158
194
95
198
107
246
128
214
92
104
17
5
204
60
107
71
114
20
57
65
136
247
125
191
181
17
249
204
123
199
74
20
191
20
224
169
229
112
57
37
130
252
237
3
148
52
230
95
5
249
165
243
76
76
57
136
181
49
169
17
249
86
44
238
151
86
66
217
205
29
165
204
186
40
193
1
47
115
168
181
138
234
113
158
86
209
99
10
7
129
81
4
131
152
171
165
64
206
185
218
190
92
196
49
71
64
92
219
33
88
0
161
232
116
41
42
96
80
33
74
218
47
138
138
125
135
198
227
163
86
102
88
14
116
120
146
120
209
38
8
178
243
48
141
195
212
211
120
32
92
221
167
243
111
230
0
81
40
76
233
249
249
212
186
248
37
196
244
215
101
191
122
193
66
189
25
231
128
196
126
218
40
131
129
48
103
25
167
6
199
55
165
249
20
210
199
178
10
76
141
126
83
216
33
131
190
39
215
23
110
155
167
129
159
165
158
91
220
143
236
188
14
225
135
104
178
148
24
111
217
165
76
172
126
196
217
144
14
123
45
236
212
189
59
213
128
63
50
171
134
84
244
171
134
138
211
167
124
61
223
2
172
144
36
158
53
144
142
65
172
130
188
172
181
65
105
185
164
104
136
158
249
6
18
220
58
248
132
1
114
170
140
36
128
224
13
4
49
63
38
241
185
22
166
172
144
212
135
231
4
113
99
122
238
208
251
111
120
110
179
233
107
113
210
0
229
140
163
135
172
104
229
113
191
154
217
133
106
16
66
29
142
149
61
236
6
74
253
58
74
24
128
18
30
144
195
10
30
240
151
185
206
221
125
78
45
150
114
194
6
90
173
130
92
124
9
177
68
144
41
79
154
162
236
174
147
50
187
177
94
235
138
107
229
23
234
234
189
189
138
23
115
155
133
79
140
243
33
19
131
252
232
27
136
190
49
89
46
156
226
76
49
56
164
13
76
80
200
22
13
116
9
184
36
250
133
74
22
91
17
27
2
151
142
238
60
183
49
45
178
226
91
225
92
42
219
183
76
61
55
169
67
219
159
120
39
171
64
50
136
42
92
82
144
128
112
54
250
88
245
26
133
11
168
203
186
11
198
47
53
3
149
15
159
5
33
225
68
11
127
242
140
124
139
42
0
14
198
61
239
134
167
73
170
244
238
167
124
42
19
60
54
6
74
6
6
122
7
139
127
55
93
211
172
205
188
100
83
136
73
23
212
177
130
226
227
26
221
127
118
60
29
91
128
203
141
17
238
10
157
169
35
114
108
32
135
239
183
14
226
181
10
227
250
172
190
115
32
233
66
221
151
107
207
160
142
156
170
127
25
231
98
167
136
229
106
228
88
121
226
209
108
51
116
132
100
62
73
0
137
10
53
162
132
4
238
93
164
207
219
67
33
46
224
241
133
42
243
235
40
124
4
240
240
190
61
164
70
141
42
115
212
100
141
93
4
87
145
147
85
94
156
42
62
109
116
255
4
192
159
203
106
181
32
179
109
96
60
32
195
95
153
109
59
237
195
61
16
170
62
211
33
138
163
30
202
33
59
181
124
190
170
200
241
113
138
247
85
116
114
220
232
105
234
250
212
247
63
134
253
122
212
105
170
32
133
169
208
66
46
185
214
187
142
24
106
32
82
253
214
24
221
217
49
221
63
20
129
73
202
32
160
20
23
55
1
171
193
216
140
87
107
107
218
242
201
122
217
239
22
107
16
18
189
156
143
239
16
200
189
4
238
222
62
6
26
208
220
30
219
39
73
245
161
173
193
234
221
126
127
140
190
126
94
150
196
118
58
20
6
183
192
156
182
86
166
122
122
230
24
133
22
232
182
106
228
234
234
251
14
74
99
75
109
47
218
227
221
60
22
222
241
32
22
184
230
16
107
124
0
208
72
72
250
252
236
154
211
21
43
179
170
54
189
187
87
226
41
122
242
186
110
20
43
250
154
44
108
189
102
167
255
62
6
75
120
206
235
191
40
176
72
75
154
178
71
22
90
204
144
236
141
40
130
171
165
9
108
218
109
220
167
216
63
5
193
24
153
233
148
54
3
49
154
19
73
97
162
136
232
190
79
32
150
138
245
229
236
36
141
166
71
193
148
234
75
239
221
153
34
244
75
35
238
248
78
116
78
11
76
170
152
194
19
58
223
152
169
142
169
57
64
253
20
222
218
134
101
229
5
237
11
171
11
84
102
1
39
15
144
97
3
94
116
229
86
61
245
205
73
186
31
132
85
222
7
39
38
111
170
46
165
46
94
27
179
111
133
1
108
102
203
62
165
126
11
72
163
77
118
238
165
182
203
168
138
216
102
236
157
93
113
78
9
177
10
119
136
244
177
19
142
8
97
134
181
135
194
87
167
66
122
253
136
234
179
160
113
196
142
2
5
5
104
133
118
37
94
93
146
53
39
12
118
123
179
205
78
15
241
144
239
112
36
175
184
233
136
109
31
216
42
98
19
38
157
131
147
142
42
104
81
10
39
165
98
81
184
27
2
150
234
70
55
151
180
217
2
117
69
70
186
191
0
