-43.99555575
-43.43318962
-43.61443463
-43.81938862
-44.03794275
-43.00501837
-43.97915662
-44.30281538
-43.115439
-43.95601838
-43.31209463
-43.50775425
-43.63362488
-43.52561963
-44.38830113
-43.53747488
-43.94407763
-43.46385938
-43.42571925
-43.67860462
-43.66723125
-43.71241762
-44.0540985
-43.9596255
-43.88817638
-43.35524738
-43.750047
-43.6289055
-43.815468
-44.01615112
-43.90799963
-43.61154
-43.64799562
-44.1044115
-43.735011
-43.596795
-43.37735775
-43.28335462
-44.01132338
-43.44698963
-43.84919625
-44.17967287
-42.796641
-43.96864125
-43.84200638
-42.75377475
-43.861932
-44.15675212
-43.70658
-43.74026363
-44.33114962
-43.964175
-44.09389425
-43.38765713
-42.9940545
-43.70999962
-44.60701537
-43.35044213
-43.82090062
-44.14228088
-43.46607487
-44.32879012
-44.14590375
-43.322601
-43.683441
-43.605819
-43.824762
-44.06024288
-43.04121788
-43.54233488
-43.93802287
-44.0857845
-43.75539337
-44.05449413
-43.97038725
-44.07903337
-43.31451225
-43.997199
-43.79843212
-44.02660238
-43.88718262
-43.695732
-43.41009413
-43.6075125
-44.4176535
-43.3987755
-43.56527025
-43.654566
-44.01938775
-43.79988713
-43.71673687
-44.6581575
-43.46337562
-43.96301475
-43.36149938
-43.300494
-44.36123175
-44.20782
-43.49151975
-43.40601
-43.8036945
-43.56805575
-43.710168
-43.34433788
-43.40051663
-43.28338987
-43.27893075
-44.2959315
-43.7060565
-43.68037125
-43.46970788
-44.09979375
-43.742604
-43.22355787
-44.641953
-43.28899463
-43.88847675
-43.81151588
-43.95263887
-43.85161463
-44.09896838
-43.92104063
-43.80403837
-44.27900363
-43.42046625
-43.47717225
-43.88166488
-43.2784785
-43.65671588
-43.79376413
-44.45848087
-43.67299837
-44.17881
-44.10825037
-43.36250775
-43.65848587
-44.28668925
-43.93363425
-43.34735475
-44.07175275
-43.85897325
-43.99336088
-43.71406312
-44.62294462
-43.86527512
-43.38454163
-43.69096125
-43.72167525
-42.93048938
-43.28966812
-43.86767962
-43.30031325
-43.867158
-43.56908325
-43.55103188
-44.1233325
-44.3373855
-43.76533013
-43.00372275
-43.92497363
-44.07990263
-43.76104425
-43.90782563
-43.723932
-43.94899838
-44.07158437
-43.518789
-43.63376325
-44.302683
-43.25380913
-43.14570262
-42.79131225
-43.50527325
-44.1190425
-44.32564838
-43.86291375
-43.66004775
-43.76170387
-44.049555
-43.54598363
-43.55662388
-43.75147838
-43.16239237
-43.53336262
-44.26078162
-43.84728263
-43.96863787
-43.02874538
-44.06547975
-43.20066563
-44.41698975
-43.8716895
-43.64667487
-43.7107545
-44.09955712
-43.2620985
-43.77975787
-43.46765138
-43.95034388
-43.92120563
-43.90932337
-43.60273313
-43.33345687
-44.0053845
-43.858122
-43.137963
-43.79756625
-44.36881425
-43.57638038
-43.50922463
-43.61640413
-43.66082363
-43.77439538
-43.97580525
-43.8297345
-44.1398985
-43.13244525
-44.40512475
-43.321365
-44.17911375
-43.92643763
-43.82256413
-43.39213838
-43.140054
-43.204233
-43.3471575
-44.00993475
-43.24874925
-44.14306312
-43.54831275
-44.33250413
-43.81535062
-43.74567262
-43.70453325
-44.15568637
-43.69960163
-43.49373337
-44.168439
-43.56538162
-43.87435312
-44.23515787
-44.19077963
-43.157367
-44.0446665
-43.9113615
-43.38593475
-43.65344175
-43.89145125
-43.97112638
-43.6083285
-43.88915063
-43.281213
-43.78926488
-44.25801225
-43.98344625
-43.536966
-44.51928263
-44.289855
-43.75043625
-44.27695313
-43.59339075
-43.71671063
-43.711434
-44.2418385
-44.32178887
-43.63230862
-43.34509388
-44.1225105
-42.86560762
-43.46703038
-43.8607065
-44.03522363
-42.87607688
-43.77269513
-43.69414575
-42.71015775
-44.076297
-43.48715775
-43.62722362
-44.440857
-43.072632
-43.45658325
-44.23659075
-43.07117775
-43.52284012
-43.18142737
-44.57285363
-43.279377
-43.89183487
-43.84851862
-43.39807725
-43.42936687
-43.73033625
-43.82104875
-43.6945005
-43.7667135
-43.50359587
-43.71910012
-43.96283625
-44.22701475
-43.67816325
-44.54733187
-43.61996925
-43.60104938
-44.241855
-43.54476375
-43.20390938
-44.17487137
-43.68284175
-44.10105975
-44.3829195
-43.6782915
-43.58802263
-43.99806975
-43.859232
-43.890258
-43.19441287
-43.78604438
-43.90537462
-43.83759562
-43.40339213
-43.58476875
-44.22148275
-43.82478225
-43.965888
-43.494768
-43.87181775
-44.2914975
-44.84958263
-44.35573013
-43.44369487
-43.22270475
-43.64844337
-43.81686337
-43.02064425
-43.34020875
-44.30181188
-42.99862763
-43.15178062
-43.93586812
-43.95670613
-43.44233738
-44.22908737
-43.77253837
-43.72221375
-43.77602925
-44.22690338
-43.46533388
-43.33790888
-43.58691075
-43.58625488
-44.05021275
-43.60048875
-42.965667
-43.89114263
-43.4387205
-43.30752487
-43.90170525
-43.70402962
-44.03663213
-43.50662137
-44.620086
-43.54955813
-43.53495075
-43.15309425
-43.88112975
-43.69524975
-44.06352337
-43.41911438
-43.63019025
-44.270673
-44.1868335
-44.19788663
-43.62808612
-43.2321585
-44.07134363
-43.1001
-44.09521163
-43.442841
-43.9116165
-44.0444085
-43.45118212
-43.35043163
-43.6373895
-43.73812613
-43.756401
-43.963758
-43.62308362
-44.06729062
-44.24991225
-43.809081
-43.22189475
