-3655.279074
-896.3417514
-9228.167199
-1000.997222
-147.9995076
-766.9118358
-500.6176736
-402.5487273
-40.41287289
-94.26599345
-626.0521483
-692.9145585
-71.66899055
-191.4927359
-350.2579723
-44.34712572
-476.5398732
-559.3728178
-11.30371757
-48.6188944
-161.3661648
-45.11450562
-60.44795877
-42.99464309
-440.5212061
-185.8636264
-2198.726882
-74.5748426
-57.51045032
-206.4298989
-309.5429054
-740.6134376
-910.4227709
-72.18536566
-108.9288202
-138.8269073
-246.0594148
-3437.05472
-3624.202335
-369.9827061
-1010.105984
-847.1631504
-161.2741539
-55.3181176
-601.7843633
-94.72614334
-153.4630349
-475.2880362
-93.45037272
-174.0421239
-18.0764044
-2061.762085
-137.7889362
-58.48521316
-4624.845997
-2971.735516
-75.99766939
-519.9097049
-373.0239975
-52.78733918
-26.40972313
-49.13842302
-70.66768622
-243.5540365
-482.4045484
-1388.414581
-36.47986073
-758.6458806
-192.2832068
-28.09327722
-1297.482676
-278.9104812
-167.6174
-63.86294853
-1727.200395
-24.27446722
-140.2193232
-231.4800488
-417.2451432
-368.8617355
-142.0048473
-804.9231992
-1303.209666
-899.9934075
-3579.360548
-8900.938623
-6992.893701
-1019.714655
-1033.291906
-133.3250572
-975.8787158
-422.9329811
-750.5681788
-1515.804758
-2732.690352
-7427.383828
-124.7197574
-695.8585918
-471.1166147
-117.9734716
-650.8030844
-141.1223641
-889.8223004
-1290.347564
-117.6288087
-8.836490509
-195.4256295
-27.3331848
-206.7552115
-277.663861
-1916.47238
-8500.903463
-242.8784871
-204.7329261
-2643.63142
-230.4001174
-277.4746084
-33.42315892
-93.9920406
-163.4067904
-251.927175
-68.52613814
-95.02784356
-273.4717818
-2586.326835
-978.6336301
-90.0008176
-386.2112306
-437.2369237
-112.8928502
-1079.904437
-369.8670141
-904.1277564
-175.4300418
-192.0156166
-29.54949916
-602.8984054
-222.3955092
-1147.67874
-219.9949797
-357.7440984
-418.6732607
-750.9982975
-82.8909344
-348.4704546
-702.8612858
-596.0658354
-555.986764
-416.3446963
-351.7532913
-558.6779298
-32.21778066
-8827.334774
-415.3806214
-499.7328768
-22947.06624
-185.0562189
-392.5162917
-559.4172868
-3039.831679
-156.2554214
-144.642517
-145.2268933
-3698.988879
-1476.130654
-2202.701859
-233.7502484
-519.1291541
-457.5562854
-939.0377884
-133.4880033
-289.0980945
-823.5950648
-3182.050148
-238.2132219
-142.7756699
-1009.853036
-527.3185634
-99.30173431
-449.2065264
-84.30574859
-1210.93369
-1140.779
-1456.307712
-279.9563261
-27.35894749
-1062.744418
-194.117293
-190.2062404
-349.7587475
-1773.044069
-104.8262902
-96.70576232
-134.281397
-207.2182432
-1981.474083
-173.3825836
-1451.573327
-283.0231292
-935.6547224
-379.8658519
-851.5849238
-75.11727133
-57.75452327
-8684.854741
-53.47330956
-773.3463633
-129.6324206
-77.37229636
-115.7725198
-114.1576822
-335.4509062
-1812.22661
-57.30995173
-249.0720804
-87.10804879
-344.0321139
-174.4802432
-41.95150621
-340.5348754
-2524.034339
-160.4811694
-32.25793098
-412.1326222
-436.1262978
-19.77709899
-1489.815139
-97.83726089
-428.8712666
-522.977219
-2210.943024
-29.05612837
-382.0861988
-36.15311472
-60.26250574
-30.65851506
-57.97396774
-184.580861
-21.37110757
-784.8500527
-158.152685
-39.91878086
-327.5166459
-1404.813386
-125.0456715
-71.79934152
-500.465846
-86.47332649
-15.68533501
-166.4144652
-3869.347834
-5053.41155
-99.22659272
-12493.62337
-87.51445205
-260.6202239
-450.4077598
-858.6046833
-20.71144732
-298.251294
-687.9047399
-57.91366096
-102.7779367
-25.79309509
-1709.72059
-328.9291488
-321.4404759
-656.1288076
-78.58473388
-526.1133733
-649.4825547
-218.8408189
-283.5607426
-127.6105712
-157.6446354
-580.9874559
-58.18923545
-363.3600006
-12.485161
-624.8498431
-76.08600802
-123.4350013
-109.238293
-81.79326811
-56.99666044
-37.73618934
-171.0235759
-139.6299446
-4341.575518
-185.6980218
-4056.285691
-59.1205819
-101.0583485
-519.4793544
-91.35785941
-423.4037531
-20.5470716
-76.25065894
-36.2712919
-488.5199928
-1446.489302
-798.8091248
-21.76567645
-468.5647564
-856.7260441
-974.1262854
-86.73117981
-3168.989584
-5202.664235
-9.255203287
-182.272116
-2333.377053
-346.6512515
-37.58923567
-118.5217925
-134.1507253
-536.8048188
-584.9510756
-11928.81106
-80.83328605
-509.3482402
-1913.159071
-36.42115434
-16.99244666
-369.315043
-195.1175512
-98.28953877
-3246.737592
-178.3157545
-321.3812156
-8391.92189
-73.96717855
-60.11466952
-5179.949768
-93.3977568
-234.1521135
-4319.1239
-75.62048977
-24.17186954
-1326.361836
-716.319227
-160.3137374
-947.2968601
-534.508837
-4498.996859
-109.4641682
-95.50941234
-73.19599573
-149.9002465
-70.0829679
-91.6960526
-40.72451008
-231.1857439
-75.85517384
-256.6626935
-8.675034244
-109.4672011
-1770.795069
-817.9386287
-30.6518149
-105.8188683
-151.9715997
-105.595264
-306.8776117
-922.7629326
-37885.35033
-369.2968611
-31.62028012
-87.37723441
-2000.965929
-84.79093468
-56.603899
-390.3245593
-40.28546005
-72.36114289
-158.3187036
-108.5872148
-324.3060113
-889.7897051
-562.0951771
-4539.608023
-101.4480191
-536.6979877
-142.7033041
-161.6387806
-22.81083885
-121.4372179
-267.4688641
-612.3241773
-35.11233738
-517.8820493
-36.81925817
-72.54381194
-395.9378555
-20.42238456
-5509.526553
-4.218039661
-494.5640044
-1210.976721
-1067.290537
-5902.263314
-471.5468313
-25125.16221
-4834.370185
-68.85212551
-134.5204988
-100.9875879
-644.2499934
-11.52557301
-359.1905403
-3395.587098
-59.55845432
-1370.556114
-357.7105335
-2386.738049
-869.0319723
-1396.402348
-17.75542521
-320.3862129
-13.42635471
-4552.998987
-92.20959987
-76.79239072
-246.3147178
-331.7192096
-15.74423508
-227.9258974
-39.05947577
-193.6550726
-152.4020921
-180.9702835
-56.81123665
-423.983534
-39.81666404
-5392.112905
-293.790606
-170.9399346
-68.37615927
-5946.323321
-95.11320136
-260.6581572
-2012.550964
-10109.40634
-25942.87579
-392.654808
-93.92131143
-368.3029627
-32.68135761
-97.01739013
-157.0567613
-17823.53681
-2140.147363
-174.6213182
-256.182692
-9.485340955
-165.3059752
-1989.895322
-127.4248147
-27.20000777
-11696.47993
-297.08913
-1245.331294
-136.8300152
-328.9471977
-2216.10771
-101.4810074
-179.5679858
-1702.592034
-491.027165
-814.3871861
-3850.633992
-51.69037646
-1399.761899
-842.2860145
-540.5100627
-463.40715
-330.2779673
-470.5254384
-42.92328913
-2581.707
-545.9929742
-551.9303565
-144.4372868
-453.8241102
-323.940145
-909.0923629
-362.1377622
-263.8095972
-21.04698714
-34.35547282
-47.35657097
-340.0480093
-16.25774674
-919.3238497
-1033.544693
-52.97220071
-6544.15923
-110.4845672
-59.05624186
-461.2310482
-362.4951559
-11.65558614
-933.1605765
-412.8417156
-1245.935648
-118.5234595
-19.84020472
-600.5528217
-93.59280472
-47.17867236
-164.0332545
-299.8205105
-58.22073018
-40.41097455
-187.2702854
-402.8671811
-191.27716
-43.43800812
-126.5153823
-212.8172754
-197.0715497
-98.76539533
-133.6616428
-11356.52804
-91.39219585
-1370.404555
-158.3821648
-217.2370867
-557.5953088
-60.99894312
-32.28183725
-172.8110296
-297.5103036
-2034.377409
-106.6521001
-15.93587357
-182.3297372
-15.56165465
-292.1223131
-89.17337667
-423.4967853
-42.79847274
-2187.55043
-145.320431
-158.9829613
-1186.232509
-101.6342616
-249.8491606
-138.0438567
-65.83402137
-115.8244762
-386.1660286
-74.96555416
-20.54793347
-248.4584662
-350.1886271
-914.3137499
-1865.94113
-262.5623292
-3133.617257
-417.8852023
-18600.27031
-1183.937142
-151.136966
-542.011802
-303.7582504
-629.7362461
-453.524
-517.6690393
-88.85351449
-1048.379807
-443.968075
-182.6577155
-109.3910736
-176.3674933
-715.2834375
-1186.258881
-191.2378376
-231.2429708
-56.83974073
-30.77396784
-258.4379092
-332.0705351
-250.9715041
-114.5809756
-111.633653
-63.77970258
-25345.49594
-28.82743347
-701.803647
-118.7516392
-1268.871774
-21.64947914
-1043.066034
-94.90217893
-1681.052666
-25.48820767
-69.26535768
-166.1051238
-96.58381607
-102.7257973
-171240.7344
-71.05679262
-40.159395
-5009.879988
-216.9900447
-25.58627055
-82.47338255
-8.228654118
-106.4939618
-119.1479309
-127.1066848
-625.0442192
-91.38183245
-95.76835468
-136.1228198
-2222.04864
-56.5367604
-22.54540072
-2600.96522
-1104.502769
-15.34195691
-1018.56609
-223.9580096
-1680.732414
-109.4005587
-36.0168102
-169.6283892
-5443.370192
-46.33990938
-110.198133
-46.99529643
-62.85402787
-1781.636185
-400.0914467
-91.21122289
-1119.404318
-38.80984607
-22.37385106
-33.9391684
-11621.4072
-142.1550488
-1821.624213
-1109.354516
-252.7010116
-4988.954651
-179.1697011
-326.6117976
-404.5865373
-203.1103159
-126.9365435
-841.3002778
-40.39276788
-15.62310307
-49.87452222
-375.7833589
-82.59940776
-42.13479511
-94.99282417
-775.3144517
-1133.886938
-154.6113204
-107.4723122
-38.89693763
-1222.997885
-3.289109846
-381.7851263
-117.6819647
-1381.582699
-228.3706218
-116.6466859
-1670.737292
-50.27145553
-19.53541179
-480.193406
-171.4585754
-187.405962
-1227.009173
-67.72301794
-85.21287715
-1111.282217
-545.8952885
-36.86116782
-216.9057345
-63.98765875
-787.2172696
-367.8898107
-5832.824608
-181.4729703
-117.0312338
-3217.931618
-342.670318
-2254.462463
-10529.6418
-133.4252357
-136.2904814
-248.1270896
-152.6114351
-182.326553
-144.9687725
-554.9656976
-37.00337126
-23.03201526
-30.16520743
-263.5478846
-1689.470344
-64.07362758
-3103.965281
-3105.283818
-497.6673505
-13.1668934
-1415.884154
-4980.846265
-54.96277544
-56.52985459
-1963.557498
-2070.945852
-11842.07488
-602.5185669
-154.5009728
-238.773052
-36.8013518
-84.44452328
-13.21398069
-1042.763512
-12917.03238
-118.7726205
-172.0810091
-687.5228521
-42.73099823
-103.4328158
-90.06829852
-1636.876377
-36.43175442
-681.2232817
-440.0340298
-120.8171061
-18.93252956
-860.8676916
-111.1717959
-290.8919088
-444.564803
-36.00334616
-45.95565551
-39.20051376
-40.47577179
-636.5069781
-180.2112714
-46.82201654
-206.1793981
-38.96870975
-26.05011214
-493.8675427
-3968.822463
-79.24574363
-389.9855148
-104.1222207
-594.7969806
-2182.282152
-376.0917937
-49.25044663
-390.3317291
-80.04518994
-878.8069257
-53.46093367
-573.2729512
-91.22420457
-34.8674381
-36.66936877
-3391.473005
-568.2978849
-3337.210374
-145.8454115
-70.10188466
-464.1095452
-10015.89458
-505.2180739
-63.74565599
-524.9213797
-56.27527609
-6504.10268
-73.18416859
-113.814131
-252.9277097
-298.0984304
-62.76766117
-594.0093867
-265.8318712
-3557.65994
-19.37293086
-239.9010053
-203.3409978
-20.85425402
-17.09672747
-144.9517643
-493.2364564
-292.3284439
-5129.773295
-241.8600194
-538.6830345
-8847.708213
-821.8355245
-215.4900147
-495.3532707
-181.6163329
-2207.19765
-1239.190106
-73.50169963
-1740.981569
-3017.187466
-144.9040499
-50.80286495
-187.9660225
-211.2066403
-16.30778559
-238.9010626
-200.3440974
-83.28056001
-803.2714196
-340.852464
-219.2550576
-652.4333183
-236.5193558
-59.44767644
-3835.045706
-13464.3833
-10091.59874
-317.9491817
-15925.63916
-637.7915594
-263.8073239
-38.74979612
-239.1553006
-3115.958459
-910.9900504
-12.52793551
-356.8832968
-70.3971293
-8.538531825
-9.499355827
-27.64871782
-47.19760538
-1449.59138
-179.3920651
-122.8569464
-92.77507177
-1271.814025
-352.8197608
-2281.964466
-24.69759513
-459.0419303
-3560.602533
-163.6492903
-251.0453263
-390.6395956
-302.8298726
-122.2354789
-89.7001277
-314.9091576
-756.1017986
-38.55347463
-87.58699032
-6.108453105
-1249.310386
-142.6324743
-779.114172
-3577.944471
-126.6735257
-106.5427462
-218.583528
-876.3519475
-54.60873524
-285.6592261
-432.6708523
-1526.151294
-186.1818472
-4152.49074
-434.3870124
-1377.682298
-13200.08362
-105.1006343
-165.6223707
-48.63186185
-711.3817568
-260.9816074
-1121.12047
-22.60526061
-305.9946145
-136.2298556
-243.9109703
-5152.139292
-234.5970201
-372.5663795
-1484.822979
-39.54683318
-926.0811593
-154.1356755
-217.325748
-89.71902647
-9.99318927
-297.2191419
-47.86683026
-64.92282817
-136.3136537
-253.6903172
-1041.364542
-1050.237093
-340.7244387
-1241.492604
-556.3659994
-4882.455283
-211.7048585
-8.741896586
-536.5463252
-292.4207441
-6991.14675
-116.198212
-73.19786083
-1200.799607
-16.47840636
-246.6173208
-35.10480791
-221.1153388
-659.9067298
-119.4163852
-378.6679363
-385.9091007
-41.45396561
-131.0224561
-165.4479373
-1673.558432
-224.2340651
-19.47169748
-459.4982254
-18.26548749
-94.98125466
-5.518797488
-195.27793
-86.40042334
-6.079735791
-40.8283908
-485.542558
-690.7418512
-11.64317775
-146.719879
-672.7787554
-56.39884772
-178.1043754
-167.8534506
-127.9171595
-72.62719481
-870.487807
-1868.435759
-968.9026874
-32.63031146
-2207.360196
-136.492263
-465.5123177
-551.4961436
-353.9140528
-167.579698
-405.8106489
-228.7489102
-2099.598841
-103.8233182
-106.1629976
-116.7867033
-1037.361469
-471.243743
-482.511786
-86.91226053
-185.2065478
-209.7763402
-1543.794685
-47.74672113
-1389.748549
-92.99421079
-40.30278991
-118.1507042
-261.2307887
-58.82472455
-493.7726387
-145.6965937
-221.7055066
-134.2439046
-49.60064641
-90.83680359
-149.5317825
-134.4461636
-233.8380567
-21.50991718
-10.02602903
-31.54189673
-55.26640843
-3820.202406
-170.7391814
-95.08825709
-1287.448145
-877.6100765
-66.52410328
-281.9449593
-241.077836
-387.7123077
-155.3164912
-244.4951639
-69.52246168
-135.0273338
-316.3111765
-90.53656841
-191.551765
-3730.666935
-757.9293256
-117.9582746
-31493.14643
-286.8256663
-216.5301679
-42.23689998
-78.78444342
-121.0991392
-33.64548122
-45.97517309
-496.3491796
-3263.050508
-64219.36835
-36.80583408
-148.2456654
-31.20657472
-738.2122513
-196.2510663
-17.83637221
-666.8176217
-362.1772227
-3072.762347
-3091.773885
-637.1823774
-48.34145251
-96.08432843
-125.7371111
-332.5143358
-626.09712
-130.505408
-119.4089004
-43.90899821
-552.4596904
-33.68495209
-71.58185041
-246.7251464
-31.66297526
-1639.617873
-826.7028185
-167.8009346
-528.8409881
-314.1968308
-64.71910985
-154.1116387
-25.41377879
-376.1391935
-32.84527819
-559.6259907
-355.9610076
-72.18057318
-403.9337003
-1614.606555
-327.2068395
-200.3710408
-86.75264133
-352.1978937
-699.9461353
-31.54407037
-223.9182088
-206.8829153
-3326.114349
-330.5223023
-3937.317211
-211.3917711
-343.7444502
-165.2629534
-127.6656089
-1750.871944
-939.5954636
-39.37640165
-507.4375162
-5249.972789
-22.03176448
-185.6402021
-410.5660799
-84.37065657
-1457.084144
-133.7984001
-1501.4102
-404.3247633
-417.4826868
-324.6113854
-116.3888697
-125.7125565
-986.1146493
-295.6986181
-74.44626339
-452.2241299
-335.1519799
-42.51430691
-145.9500128
-275.1227383
-3763.668566
-33.03979534
-2868.034683
-141.9442298
-203.1539875
-133.6679297
-940.4046189
-693.5008948
-36.52647891
-717.7555406
-147.4800528
-223.1482154
-426.6482983
-265.170088
-774.5390463
-15332.05504
-31.27075863
-178.8183545
-14.62458717
-1440.47131
-341.392875
-56.8133729
-117.1002969
-132.6393837
-32110.17597
-1523.633984
-256.7688004
-3014.70649
-96.48727238
-2827.349859
-8884.592976
-900.8131844
-592.7874141
-117.1230839
-532.650823
-269.5465281
-958.1276821
-30.60668076
-1255.179947
-133.2028
-193.0380354
-1499.974831
-7826.875463
-1811.017463
-126.3982953
-114.1962815
-158.5384074
-465.7060851
-932.3933318
-302.2530694
-71.16354879
-6935.730365
-2099.157348
-102.614684
-57.84845563
-336.4578927
-57.43064654
-107.2778181
-937.3484343
-91.80567405
-60.70558122
-194.086922
-1550.02663
-298.9887803
-5639.689371
-190.1386787
-172.1837592
-793.4542482
-48.42918778
-150.7112093
-5727.645095
-256.3812113
-154.494998
-16.65033637
-10514.35948
-19.32309204
-1087.265441
-2192.281569
-1970.871982
-18.52914957
-126.3569381
-56.8004899
-1708.402364
-490.915652
-2317.244624
-117.3851567
-293.5353218
-6.368003067
-154.6793883
-6.71248828
-43.46485396
-29.65520357
-1090.317781
-184.8323252
-375.5275954
-662.3094696
-172.0549841
-138.883181
-1256.056494
-171.1568926
-62.48828997
-1932.618516
-1756.91998
-82.54265793
-3153.334737
-932.6627939
-2800.831181
-477.2909988
-105.4185048
-175.7113604
-207.1507144
-446.5141752
-1493.352963
-1371.907923
-42.76947519
-956.1479905
-1103.398706
-1369.338093
-233.8402455
-2609.264121
-184.4197753
-223.5945297
-190.4059051
-199.2714113
-954.780474
-394.5538085
-143.6803827
-1303.741446
-1215.557572
-115.9246187
-5644.507484
-940.7121515
-31802.46865
-487.8744953
-75.46302831
-27.67055286
-1014.089203
-196.7111884
-275.9959072
-4.756654664
-75.75916862
-81.67545749
-7388.349553
-1379.816383
-129.5602902
-83.65161144
-299.790062
-4433.764846
-777.7574751
-310.5534876
-654.9102133
-32.72406989
-732.1405218
-50.71783209
-142.490018
-773.334637
-1290.558428
-128.9999186
-719.1982798
-181.78845
-8.374525168
-137.1186748
-32.32267247
-127.5503698
-137.5102831
-66.99520321
-323.6445275
-46803.55659
-13959.01731
-73.37698952
-36.06552215
-610.4163286
-428.1495043
-88.6498466
-86.89110601
-524.3946287
-53.0381602
-587.5187814
-87.36459655
-55.50457945
-7236.32622
-135.7602608
-421.6863137
-39.30082493
-306.4744465
-2379.784956
-55.89826544
-469.6071462
-490.6544712
-300.1526465
-165.5445715
-1818.759123
-7.966900382
-96.98691343
-853.583232
-224.431123
-555.3356055
-275.1704503
-2504.163899
-121.1682006
-27.31381437
-227.9259455
-2065.46458
-318.6732148
-924.834486
-86.17720694
-15.0039988
-15483.5042
-9830.716017
-172.0625027
-102.4199635
-41251.91713
-864.3997116
-161.6107288
-103.3879118
-67.95837249
-817.9761442
-35.94583875
-944.5536441
-565.0846379
-10.99572695
-142.991113
-56.06607963
-740.8432136
-238.894222
-25270.6687
-550.021548
-4467.039858
-2731.153803
-102.4753344
-115.8140456
-356.4074972
-69.78230664
-139.477813
-339.764135
-291.0080781
-40.65040959
-150.3252153
-89.78553146
-319.6827899
-273.2340144
-406.2695715
-392.7111756
-23.52009552
-102.1779247
-166.0978119
-390.1008879
-250.7097989
-378.9158446
-3444.654826
-91.63106459
-390.2057849
-159.9411779
-82.07871726
-127.7534324
-131.8705448
-607.4445263
-2200.234671
-477.625369
-336.7454591
-21.76911585
-91.09759882
-217.0505013
-181.6562398
-24.1357752
-3113.096672
-40.72654788
-207.4300369
-91.25538983
-269.2294699
-277.5159634
-366.0705806
-138.4779737
-58.77926393
-80.27955285
-180.8092979
-131.3878952
-845.5642025
-93.94386613
-56.19248144
-96.65882636
-424.0185401
-77.50234589
-219.3293702
-66.3998694
-61.92657508
-6.733004198
-47.55602426
-122414.1542
-27.81585525
-252.774183
-216.1813262
-615.4041021
-356.698469
-211.5475878
-203.6314304
-54.06515984
-581.2718863
-130.8948721
-77.87547113
-96.90854894
-955.341154
-25146.47922
-327.4550022
-49.30597283
-38.35981027
-374.1191189
-8.323926957
-73.97831155
-56.90791437
-343.8718691
-95.6339589
-290.9630597
-614.2417477
-841.7266308
-37110.77343
-3333.098365
-47.93069848
-1192.332427
-151.2629631
-65.85636743
-905.0225325
-292.1832997
-444.3458218
-190.5862779
-3091.223908
-84.51608472
-3071.81493
-246.1098039
-104.5828014
-57.38018833
-972.5801419
-568.4717853
-1666.254999
-29.98051097
-110.6749617
-469.5958857
-161.4959744
-81.36442928
-110.8314245
-1804.939806
-466.8302632
-12.40028826
-385.7293183
-12.32958292
-115.9941375
-2796.071528
-158.503991
-1301.98612
-333.1325746
-1122.905454
-111.2546691
-116.8054735
-193.7459259
-57.49156518
-16.76851858
-100.586208
-35.14174986
-524.178684
-501.8316752
-153.7757916
-743.9136983
-319.5720877
-362.3389322
-8087.522883
-2376.549454
-228.3045334
-221.6920397
-147.8516545
-193.6321784
-1342.829923
-308.5455074
-17.31736211
