0.01428
0.0151425
0.0150525
0.0154125
0.0228675
0.0173325
0.0172875
0.0135675
0.0174975
0.0138975
0.01293
0.0148875
0.01407
0.01167
0.0142425
0.01254
0.0174
0.01506
0.0144525
0.021705
0.0192225
0.0186375
0.01386
0.0150975
0.01392
0.01914
0.0141525
0.0178275
0.0170925
0.0139575
0.01152
0.0216675
0.0204975
0.01449
0.0161175
0.0151725
0.011955
0.013395
0.0192075
0.0165075
0.017595
0.01353
0.017085
0.0170925
0.015075
0.016575
0.01704
0.01755
0.01509
0.0172425
0.01623
0.0167175
0.017235
0.0121425
0.0131175
0.013275
0.01593
0.0149175
0.0197925
0.014715
0.01263
0.0189525
0.018945
0.012885
0.0147
0.0162525
0.0184125
0.01599
