318
252
352
299
110
37
149
431
524
404
344
349
150
112
305
299
321
368
567
131
349
179
162
114
171
54
189
70
92
263
219
418
573
451
381
104
415
329
511
368
505
318
23
113
156
513
333
281
530
535
113
351
305
276
509
330
218
437
23
494
535
512
62
563
205
421
476
282
410
4
554
283
106
98
446
40
406
142
372
344
449
117
569
398
434
145
244
142
56
473
434
125
371
273
268
444
76
297
409
497
193
139
505
62
522
42
314
518
72
462
540
452
248
178
403
421
356
110
79
205
41
271
277
144
201
442
181
244
247
549
419
424
330
263
218
203
527
542
219
250
85
523
387
68
540
437
244
29
108
425
184
41
503
205
103
95
553
199
385
73
230
549
520
116
540
209
142
433
114
46
423
575
105
367
356
216
340
122
202
451
105
268
528
136
438
79
52
438
217
476
539
565
95
419
535
549
105
283
536
511
350
447
361
350
352
323
470
326
216
405
38
356
406
204
137
555
143
433
41
230
426
573
437
399
48
274
352
381
363
319
259
263
214
569
41
273
262
481
240
511
125
65
545
321
500
89
528
105
190
426
343
485
238
114
198
268
199
363
116
381
217
4
488
278
171
398
319
334
149
148
423
330
244
483
105
513
461
273
534
201
2
203
434
422
72
110
96
474
38
159
149
154
232
190
397
26
131
157
103
523
116
419
191
218
479
55
447
161
469
456
575
522
512
19
178
550
256
44
454
496
569
547
513
277
316
119
165
256
111
521
466
72
484
498
50
105
316
525
387
465
529
44
310
198
487
461
296
350
387
488
59
20
554
210
436
483
519
423
158
230
202
73
148
268
14
189
12
4
306
131
105
551
111
524
195
466
479
375
371
164
124
273
126
2
183
465
32
387
111
215
493
125
480
383
74
269
357
389
145
483
455
46
428
117
156
14
207
421
337
335
548
23
148
408
290
388
575
281
119
456
108
22
565
267
169
179
161
198
354
415
408
375
44
149
118
404
269
343
511
99
170
112
246
292
386
36
304
12
202
92
565
174
559
555
137
528
397
186
557
471
481
380
331
554
149
512
95
303
148
288
259
571
194
311
48
375
200
149
380
485
335
214
234
311
419
257
352
508
285
308
384
503
36
513
17
404
233
298
433
326
78
214
298
569
111
178
244
252
165
525
62
144
253
186
430
508
308
442
28
299
218
202
434
148
186
113
211
447
455
501
126
402
238
74
55
167
434
442
14
574
254
383
280
64
417
151
148
456
86
295
478
331
190
286
73
439
448
69
282
177
574
229
452
253
305
260
567
108
322
368
368
253
526
434
386
463
198
30
258
335
400
131
153
186
548
272
214
325
388
362
2
382
513
145
562
444
141
409
248
187
382
361
45
299
177
81
434
477
397
460
550
485
293
54
206
44
390
575
287
63
482
375
389
561
460
392
360
302
300
95
143
382
244
153
337
482
275
54
58
210
428
40
362
105
91
14
525
424
554
375
236
91
395
323
558
489
348
399
520
506
463
536
330
315
570
198
559
325
237
575
215
335
240
61
174
395
192
165
554
153
141
508
64
510
285
150
391
332
263
477
449
40
215
532
70
558
148
239
462
332
384
224
508
495
196
172
25
293
419
371
382
201
412
452
175
265
516
450
218
272
265
94
68
173
335
416
41
529
564
521
187
397
300
248
396
564
558
240
147
462
494
406
429
564
23
115
340
451
208
556
511
37
39
265
406
186
33
481
406
278
201
419
376
502
485
436
263
234
400
64
160
525
186
241
514
178
564
210
155
504
61
231
179
502
258
125
401
300
542
20
55
126
369
514
308
206
254
354
159
2
123
465
487
511
352
240
401
78
571
417
251
529
551
55
323
511
479
528
126
380
189
70
221
514
386
124
30
330
448
262
233
302
416
2
533
275
191
376
513
502
91
64
342
115
390
526
240
562
148
486
78
82
375
84
448
374
425
468
542
328
410
451
482
412
307
292
242
199
25
439
522
3
246
412
415
469
484
381
140
30
558
453
93
19
559
504
228
326
350
166
31
518
312
500
260
141
495
13
234
533
3
249
414
522
64
312
284
107
497
571
182
53
545
256
70
522
480
293
150
53
388
563
138
91
291
1
403
98
179
484
190
284
226
211
558
448
168
434
267
483
93
38
297
310
417
124
299
422
291
9
376
496
105
7
42
401
442
558
407
409
53
41
260
336
317
456
467
410
240
434
575
367
120
110
127
103
390
256
381
176
126
270
403
84
465
299
284
376
574
366
368
271
559
38
363
562
500
103
153
61
363
76
78
417
302
178
270
88
25
230
559
377
215
356
386
400
393
368
99
16
273
531
389
373
454
520
270
61
175
113
439
35
158
261
570
196
513
271
361
500
299
97
468
288
153
453
389
540
159
105
211
348
252
460
89
504
277
176
559
302
517
294
469
254
62
336
43
274
461
317
352
511
224
344
431
178
218
117
420
439
267
131
354
443
440
169
338
118
439
316
531
110
288
413
186
458
195
294
575
7
62
169
544
78
56
496
321
330
403
80
260
2
74
489
167
369
272
35
544
12
323
288
573
490
185
337
35
447
41
438
526
383
563
131
518
5
508
95
268
417
313
158
401
357
332
401
348
417
205
131
60
358
415
305
365
274
235
453
146
170
162
516
325
267
434
352
48
403
205
562
262
280
481
310
291
420
433
264
240
96
71
445
311
96
422
156
167
434
21
266
198
77
383
280
443
562
97
390
407
531
399
438
550
67
489
422
89
489
120
485
273
210
276
130
397
190
485
104
365
491
525
210
474
158
366
255
54
297
483
219
522
515
242
492
221
310
253
422
210
417
106
48
366
544
214
350
32
452
556
253
500
60
285
43
409
457
350
281
387
121
409
556
291
474
203
154
226
106
376
213
186
397
274
312
81
527
441
195
295
198
58
95
184
81
323
214
86
27
42
135
255
491
12
17
376
158
334
263
201
523
387
225
212
145
162
109
194
543
448
51
73
81
316
63
123
379
209
339
184
528
102
78
146
73
197
401
35
211
228
189
364
554
214
328
159
5
35
334
230
432
457
302
557
202
37
67
430
556
252
141
432
245
278
439
329
70
255
260
363
250
75
527
433
110
422
89
421
198
265
47
309
367
190
89
38
451
526
8
90
327
540
238
265
206
493
369
511
433
146
22
196
280
524
403
308
416
526
344
175
554
392
210
30
492
146
127
474
344
54
321
403
163
207
295
277
365
297
385
53
472
252
163
143
345
241
163
346
399
329
323
159
278
480
527
331
241
444
467
352
84
352
399
30
78
492
209
163
95
481
336
351
98
356
496
358
429
87
308
219
333
1
159
209
56
378
25
358
564
171
113
527
388
310
394
136
178
500
424
178
405
123
259
487
507
5
575
492
127
445
14
349
108
268
403
293
146
261
313
17
78
246
530
258
442
431
104
0
351
216
515
170
537
362
99
463
173
570
46
80
195
321
111
359
322
555
117
544
56
83
419
564
485
126
111
541
540
310
369
268
370
81
479
553
160
207
71
440
446
519
43
12
505
143
41
38
20
228
454
282
81
117
361
508
83
572
245
142
187
556
547
46
180
485
526
367
538
5
243
544
397
209
575
289
444
267
477
229
395
337
313
489
283
164
356
258
409
196
326
340
43
235
294
225
398
446
380
176
540
199
427
295
421
139
380
107
354
230
66
359
356
515
135
185
340
489
544
365
166
79
211
472
82
261
318
513
101
184
570
431
431
415
359
18
137
560
84
527
294
360
132
215
139
203
176
164
93
222
413
515
203
507
564
346
49
340
210
450
222
150
223
219
52
539
73
487
406
560
298
503
361
5
414
551
314
110
55
144
243
503
104
337
111
430
36
465
142
450
159
480
58
551
355
10
138
365
257
437
408
455
2
171
228
487
375
310
142
435
534
430
522
483
12
103
380
477
249
10
393
314
483
569
109
228
138
69
65
135
324
192
340
359
310
325
65
101
527
147
376
388
223
178
80
163
395
164
214
188
212
487
57
133
130
334
510
530
146
439
97
178
212
456
485
231
359
40
517
447
75
80
427
500
112
159
20
334
124
377
133
181
568
549
128
537
118
283
560
131
337
134
124
118
2
206
353
285
435
396
267
438
16
197
142
449
379
395
101
500
20
191
421
481
550
321
167
329
492
63
507
460
520
69
380
142
413
302
116
402
188
265
52
289
523
281
461
366
461
380
570
227
239
543
99
228
250
29
365
442
283
76
175
540
301
287
365
571
532
134
303
255
536
68
51
176
211
16
327
295
146
216
181
172
557
507
259
68
526
45
160
96
275
20
292
65
514
91
395
276
325
78
525
134
152
575
425
378
529
330
541
172
0
111
97
537
21
214
136
568
395
27
303
325
66
504
520
414
346
244
359
518
220
113
257
318
211
166
34
543
16
499
236
366
373
543
220
480
284
501
7
549
393
303
7
442
25
381
12
165
24
370
160
359
17
190
561
566
20
450
98
208
197
183
235
202
156
426
93
554
512
404
40
406
571
567
349
290
169
483
337
550
466
525
274
441
116
467
249
399
142
527
249
524
74
308
185
169
300
119
259
113
248
295
438
444
406
346
381
487
10
554
525
435
354
116
48
293
155
275
349
139
214
491
175
512
510
315
325
374
557
355
101
199
431
208
119
266
139
421
463
252
425
368
325
162
517
520
319
18
96
104
475
12
128
243
573
378
116
168
295
368
397
155
538
376
102
503
575
414
565
208
474
325
98
487
296
136
301
555
210
94
303
504
448
260
342
199
507
208
297
335
221
301
68
247
461
501
185
178
362
517
366
378
142
257
120
108
556
422
475
69
476
163
260
397
474
20
535
99
21
158
312
431
448
381
96
191
63
152
547
561
263
76
546
18
374
256
342
80
371
378
130
370
505
376
302
518
132
521
104
561
572
286
191
362
575
183
400
212
4
88
315
465
559
110
213
165
370
296
368
406
59
381
152
129
522
181
258
149
125
78
338
48
199
378
492
397
41
28
302
362
53
126
332
348
8
494
4
427
515
444
516
528
378
377
181
232
429
50
32
507
224
128
472
41
194
242
392
170
520
130
388
191
500
524
454
529
49
110
409
500
42
242
567
230
46
570
15
66
193
163
245
277
12
140
13
340
22
128
306
321
172
557
264
4
72
175
135
526
139
82
94
173
72
23
151
559
355
516
403
167
300
575
465
498
178
197
436
0
80
199
557
150
507
45
69
170
279
54
78
463
280
139
369
221
108
101
517
32
47
253
468
435
55
84
299
557
498
397
128
429
285
302
88
81
112
475
421
287
429
228
187
179
110
410
48
545
398
41
225
418
170
42
479
337
362
81
206
512
333
67
173
498
198
285
365
396
202
565
310
538
365
189
418
524
165
41
98
568
58
148
21
505
18
277
151
105
376
319
573
459
565
262
222
419
173
565
81
559
362
478
10
134
571
432
242
545
338
242
3
50
22
258
351
194
476
403
45
168
368
159
547
29
283
308
52
331
518
246
228
163
530
230
348
529
69
161
103
416
413
231
20
341
24
466
314
341
271
571
76
45
312
23
49
301
23
314
406
487
503
346
458
566
303
146
542
83
197
418
279
266
516
133
458
573
137
46
557
29
511
526
246
67
80
353
133
460
514
381
305
556
41
529
49
174
457
280
465
481
154
371
66
153
531
125
116
359
447
344
42
565
128
271
139
253
346
124
75
7
310
129
338
460
242
331
139
346
529
87
515
346
14
422
528
188
498
26
513
187
229
306
141
463
150
253
481
294
327
132
55
96
289
324
456
264
541
91
514
433
449
274
27
502
376
437
524
29
186
205
431
220
157
570
157
88
480
411
305
523
311
42
245
204
191
464
526
432
3
480
456
130
201
433
458
378
242
494
459
543
342
460
45
312
141
116
533
312
114
342
78
126
324
508
349
226
322
545
559
509
449
329
73
35
406
331
174
146
115
339
226
544
524
331
362
554
221
152
401
4
487
100
26
3
94
384
215
104
286
565
236
519
416
359
381
511
227
331
4
317
55
226
174
207
70
243
336
364
413
259
193
559
142
548
306
381
547
409
572
302
388
95
273
93
70
67
435
112
155
31
394
489
393
334
133
165
478
145
112
534
541
294
378
259
165
280
445
309
409
347
575
545
365
541
544
235
428
487
423
409
259
544
40
365
273
90
202
329
61
458
108
386
456
223
232
413
207
12
54
90
230
435
112
164
22
111
574
482
138
132
109
38
29
212
176
10
175
210
269
480
316
64
211
417
134
199
489
464
359
120
327
176
88
0
544
461
225
476
522
152
287
64
289
281
210
368
310
440
62
93
239
57
487
46
558
77
547
531
346
144
479
235
389
330
381
15
175
340
280
488
317
197
42
502
331
182
279
436
294
535
42
102
22
565
477
6
184
247
194
113
511
11
424
36
273
147
215
41
88
22
546
323
449
224
507
468
415
89
80
0
318
124
79
212
485
238
528
154
542
177
518
10
289
459
175
135
147
93
528
235
558
199
222
119
91
539
206
324
175
182
508
504
428
327
423
82
484
551
477
157
132
243
37
383
354
382
477
110
481
480
52
333
504
435
569
81
62
52
318
297
224
260
229
113
389
61
38
373
377
428
61
353
296
408
481
132
78
177
68
156
372
553
303
455
287
390
184
48
447
485
165
283
104
166
75
339
247
101
481
363
531
200
546
200
217
159
181
29
164
445
314
84
387
289
463
172
539
214
120
252
41
449
75
38
233
493
260
168
574
152
283
30
14
214
73
21
313
172
569
23
149
520
349
103
294
97
503
232
444
448
411
555
459
388
413
104
554
446
485
489
100
468
120
27
161
14
467
482
151
391
45
52
316
455
565
518
38
147
553
185
490
448
488
233
35
57
159
312
397
414
498
186
532
212
217
561
47
124
361
481
284
503
257
117
149
350
559
385
338
547
352
337
401
110
58
540
518
392
204
361
133
188
489
104
415
197
277
73
77
264
372
429
228
385
542
364
277
543
429
392
489
345
375
192
551
467
510
136
480
218
78
549
444
352
367
409
247
228
182
444
295
429
106
201
109
232
499
147
102
112
427
215
535
74
228
111
237
413
113
104
483
35
354
538
370
244
166
360
236
500
137
107
163
226
204
351
134
48
200
134
220
430
22
489
242
526
25
487
482
392
277
455
52
94
184
148
244
292
159
141
488
203
251
56
505
86
67
397
330
267
556
164
199
100
371
38
45
242
401
133
163
321
24
260
152
383
444
392
519
306
450
210
320
181
98
179
547
97
155
119
371
451
390
342
520
483
9
519
119
242
79
533
57
99
394
357
57
377
233
443
318
334
428
62
280
462
443
252
556
571
47
305
438
320
572
569
555
199
150
485
181
104
203
549
100
129
351
26
306
126
330
398
339
189
81
571
133
459
270
570
566
390
175
449
449
463
316
160
345
75
458
354
231
366
40
397
183
334
293
329
19
87
555
54
522
423
316
2
8
26
310
64
369
88
182
236
148
420
259
356
202
2
510
126
124
273
224
368
65
77
545
433
262
290
410
525
497
288
359
104
209
110
288
135
126
290
166
510
34
438
226
427
67
351
127
488
397
265
339
270
102
463
421
130
327
461
155
329
63
452
266
290
473
420
513
176
415
75
104
86
452
162
362
98
92
416
59
515
430
291
175
180
505
234
329
265
354
367
35
461
166
151
263
72
58
306
518
138
97
155
78
339
310
132
16
206
176
102
249
39
376
206
324
535
130
8
226
357
184
370
138
200
81
81
180
322
357
438
140
396
290
162
357
376
385
333
297
398
392
291
291
94
393
35
230
105
46
260
389
370
417
501
359
547
154
206
252
311
52
196
60
382
192
554
359
149
136
199
401
401
49
13
384
263
263
13
446
112
240
382
482
506
371
144
175
552
402
351
470
52
372
292
494
100
170
286
141
229
43
316
186
312
318
85
41
41
171
9
198
21
571
358
240
428
536
473
248
255
85
504
320
379
42
89
333
439
126
346
492
405
94
481
473
180
316
199
248
126
214
164
247
430
358
463
126
172
94
536
404
224
204
167
157
237
297
12
286
344
263
215
12
150
426
287
145
366
482
477
54
108
536
536
529
3
431
172
521
228
136
428
40
314
262
317
102
56
333
510
327
287
254
95
570
415
38
32
285
225
541
486
428
317
506
511
162
116
238
107
548
522
248
300
164
272
89
311
183
62
156
61
448
198
44
273
568
136
96
238
459
345
316
503
57
248
405
153
178
203
162
36
412
56
203
427
320
311
289
178
248
434
277
263
405
557
200
209
72
297
200
251
565
167
196
5
90
24
214
465
46
534
179
541
136
552
269
221
60
486
192
375
525
169
399
509
217
339
322
549
552
40
83
317
375
50
246
145
513
462
29
200
544
25
146
194
426
184
75
379
239
378
437
234
84
237
511
562
439
101
351
380
239
142
545
232
573
455
283
380
201
517
396
115
272
311
192
340
450
318
303
206
44
440
126
505
53
165
406
239
506
271
114
553
44
483
355
273
51
410
541
288
303
225
338
545
30
285
357
548
273
553
65
376
374
30
92
343
552
389
255
495
49
252
564
155
512
83
539
481
119
165
79
470
6
30
251
429
216
470
333
358
187
523
267
425
157
172
16
312
142
300
358
258
356
418
2
162
18
6
393
325
496
244
566
70
255
124
260
428
425
411
482
505
457
348
385
51
515
112
355
368
244
363
234
203
436
107
469
22
28
516
92
66
562
368
522
72
410
99
459
545
506
349
356
545
130
435
435
496
108
192
119
301
224
294
324
235
321
258
214
20
375
546
34
0
50
186
116
94
442
344
505
362
532
331
539
5
36
190
410
464
416
74
380
316
434
267
565
48
235
301
539
455
302
525
79
92
408
44
432
283
314
382
267
34
473
41
451
266
244
517
397
410
212
133
444
295
187
122
476
522
380
543
372
258
367
12
22
331
186
130
380
418
284
520
277
45
171
199
171
122
156
25
206
338
252
108
51
371
29
435
159
528
430
522
186
81
236
448
62
540
235
86
317
51
537
314
554
333
257
205
46
449
51
47
439
338
537
452
492
374
364
224
329
284
346
168
16
65
420
338
36
513
114
532
429
63
379
372
159
68
161
107
287
27
47
154
77
323
317
341
272
300
269
131
125
307
432
326
91
194
93
23
183
423
546
324
416
449
130
187
194
385
437
143
383
420
299
243
305
481
83
453
335
125
498
81
51
174
47
417
509
505
491
275
551
218
57
505
503
328
199
544
333
214
472
192
77
532
242
570
542
103
251
526
284
501
91
104
415
466
287
145
190
472
508
472
404
559
457
8
277
242
138
437
511
392
139
326
517
165
51
201
61
515
118
258
557
356
23
380
90
331
520
379
218
170
385
497
425
371
305
404
410
338
330
55
509
243
514
108
425
469
283
531
406
436
218
84
423
335
551
567
398
410
391
289
83
282
496
356
244
498
547
538
95
439
437
295
48
11
323
415
77
75
170
201
526
246
362
572
67
279
138
559
48
517
356
221
539
177
182
341
159
396
6
291
541
439
79
10
272
559
458
538
12
114
439
476
2
419
34
314
313
262
339
496
551
27
517
162
455
220
288
246
364
156
203
450
401
37
99
557
303
326
395
240
215
437
536
68
387
201
420
22
489
279
272
101
453
193
93
168
232
169
25
8
220
172
489
514
22
220
474
98
499
269
286
149
422
148
258
310
362
231
154
146
190
573
79
280
52
421
66
366
485
480
439
253
25
40
6
80
481
38
31
366
25
18
572
241
422
527
359
172
68
439
201
187
387
142
201
258
233
325
147
411
307
158
143
186
459
568
241
427
158
494
170
514
247
122
96
517
267
481
350
70
446
50
137
552
97
345
111
187
275
426
79
4
407
446
255
523
159
124
563
415
481
211
501
220
275
24
87
483
24
105
271
554
538
488
355
387
544
75
55
475
426
248
168
541
147
317
203
40
342
127
253
366
277
8
417
342
572
158
38
218
503
87
328
397
366
566
324
455
395
81
84
549
345
303
312
480
454
292
323
266
48
384
67
407
34
311
248
360
159
203
218
218
355
144
297
452
228
203
167
426
356
556
526
127
461
3
290
364
55
360
104
229
457
524
53
388
549
557
216
9
475
87
330
341
453
532
20
57
435
225
289
124
48
227
555
304
130
323
548
2
90
253
130
522
289
6
120
168
312
201
406
510
435
406
448
1
108
76
284
35
417
477
568
524
541
195
52
568
545
345
282
90
230
207
128
39
181
70
311
413
541
80
204
6
193
494
155
296
466
298
393
413
514
249
565
236
90
518
569
341
422
228
437
448
104
439
255
373
367
513
152
155
271
24
221
0
226
365
425
156
38
264
324
83
550
297
203
80
531
119
402
529
337
542
265
77
274
300
71
557
240
207
427
447
575
522
58
176
67
211
175
48
284
354
61
28
533
420
32
11
545
156
89
427
472
558
444
447
30
125
427
231
184
258
35
128
125
429
142
195
6
58
341
540
125
160
495
34
67
472
97
64
321
65
153
52
407
421
121
121
288
528
272
550
555
133
115
529
261
365
114
470
80
78
542
565
384
361
34
95
548
509
45
359
10
461
61
67
557
482
382
510
482
184
454
317
255
488
280
142
71
23
401
499
113
0
575
221
524
226
496
400
245
433
367
111
78
78
6
37
255
42
329
291
289
370
438
46
363
310
561
144
26
298
269
348
205
509
481
259
475
251
379
310
244
274
323
236
485
231
157
360
20
315
490
291
368
127
502
41
418
294
407
86
59
264
429
384
565
310
536
28
213
80
435
360
529
26
145
43
335
114
558
303
197
70
468
83
123
143
548
510
10
550
75
495
145
451
536
3
354
342
342
451
567
221
555
501
236
138
315
463
176
161
504
547
4
51
350
390
125
129
474
542
348
459
68
341
435
485
161
277
201
171
138
379
236
58
293
427
65
532
444
56
241
280
10
493
21
111
27
163
264
502
332
437
244
124
332
351
215
340
64
451
83
564
566
377
46
264
8
315
397
449
233
303
215
409
459
179
393
272
230
85
437
237
242
444
464
162
155
173
92
560
414
141
306
26
293
440
80
36
16
136
56
51
543
0
111
352
13
368
180
90
339
223
359
128
189
94
372
394
201
99
487
574
464
367
40
567
374
475
375
538
477
172
54
187
456
92
217
398
71
369
336
169
376
21
362
289
243
74
488
37
190
289
452
354
319
277
552
209
205
62
339
21
352
15
157
251
183
114
334
490
89
137
205
141
92
333
284
511
377
523
18
151
366
244
548
505
218
309
384
180
383
502
236
185
34
306
40
485
467
383
85
203
98
108
336
542
378
485
388
389
574
472
366
546
28
476
260
284
220
532
308
190
400
7
494
530
237
310
280
56
261
275
18
104
185
436
461
47
424
34
9
327
307
533
544
183
316
327
494
548
297
414
514
415
325
17
450
257
218
124
319
204
351
354
355
18
310
359
218
67
552
134
237
335
293
432
226
424
119
259
451
83
71
104
111
564
508
437
209
89
91
494
299
304
71
305
89
294
378
309
127
103
260
548
310
186
375
217
294
229
2
199
560
36
230
189
462
104
465
337
47
565
331
420
531
129
359
169
506
287
190
31
210
521
205
472
247
370
223
37
104
140
115
264
129
292
124
197
133
28
271
462
533
507
491
441
119
135
494
111
84
152
370
429
432
574
560
175
548
353
500
4
227
519
201
548
155
100
373
93
351
505
112
64
446
319
312
205
84
304
182
530
280
238
124
272
66
503
431
129
13
255
523
358
275
58
22
544
176
20
104
235
5
41
106
322
461
189
115
358
25
464
185
531
508
493
135
200
35
518
392
6
333
563
371
471
464
124
455
6
370
432
23
54
522
9
574
11
405
142
204
343
205
414
500
128
423
238
112
420
325
140
200
23
411
398
23
292
119
52
402
17
209
106
12
121
399
148
5
294
204
497
294
383
386
559
530
158
361
175
392
187
302
67
135
88
95
265
132
140
523
25
235
145
132
465
569
25
172
507
534
287
482
341
329
208
17
339
531
439
438
218
142
300
91
505
67
566
247
268
257
62
268
30
443
160
140
387
227
255
273
302
443
94
69
422
284
489
121
421
466
322
572
518
507
400
482
281
383
482
327
568
268
356
211
75
329
399
35
219
465
423
69
504
183
314
507
307
223
530
62
421
69
136
442
538
555
98
379
489
160
271
129
358
83
364
325
160
358
565
22
260
87
302
381
281
209
396
495
66
323
279
430
295
398
545
96
222
183
560
76
419
13
540
77
529
248
430
565
530
226
261
461
259
465
93
365
550
369
86
225
82
382
514
350
123
95
495
469
547
176
112
465
70
465
148
209
201
338
120
137
109
200
154
51
302
148
385
392
442
103
186
286
458
492
258
200
29
374
414
141
18
495
142
436
259
63
99
17
397
318
329
147
364
550
312
271
566
400
156
144
496
532
112
538
109
46
539
163
312
167
180
141
293
331
566
553
567
297
146
436
532
328
302
376
377
227
328
401
86
458
571
522
41
161
225
345
39
322
193
532
291
144
160
271
402
447
404
552
278
293
13
347
147
243
486
552
346
248
168
277
574
59
321
225
139
542
454
362
542
367
117
228
374
505
147
272
105
86
112
525
2
480
332
548
199
338
7
356
411
129
559
56
572
497
20
571
114
90
442
123
166
340
532
481
424
149
120
499
114
406
393
243
443
40
480
483
393
181
357
483
390
408
510
420
419
294
167
448
83
281
499
368
534
488
20
443
189
244
237
553
374
17
282
565
305
458
218
345
23
285
441
105
192
370
46
402
406
283
571
511
77
143
312
94
43
8
202
84
515
69
205
123
104
294
319
398
118
170
206
497
272
238
474
408
264
49
481
319
138
533
310
189
212
341
360
198
188
406
142
20
480
17
448
167
459
54
275
411
461
439
241
557
571
100
298
15
516
562
130
407
10
389
416
270
552
495
298
460
438
126
188
15
514
114
13
316
493
276
424
506
145
498
228
473
406
132
552
433
373
357
111
433
95
455
299
338
58
231
494
89
306
401
16
385
230
363
382
103
242
63
238
450
85
462
218
263
389
79
550
272
302
266
251
17
83
531
99
189
95
520
404
575
106
383
221
164
48
122
179
195
249
99
256
325
366
485
524
509
462
342
355
524
22
369
314
145
203
512
77
479
17
44
507
238
453
107
345
169
280
14
383
206
173
459
5
517
361
330
323
538
172
405
193
220
463
526
202
424
74
428
402
539
37
542
566
338
509
471
5
458
364
348
433
459
455
83
181
233
414
301
377
317
63
139
172
348
566
52
84
559
233
51
494
74
496
482
463
269
527
45
428
74
201
532
58
126
19
325
423
383
386
69
517
21
368
143
535
160
154
504
44
213
420
387
159
106
341
336
408
103
170
522
260
296
178
529
533
212
29
205
199
272
31
79
146
560
6
198
71
203
285
553
109
238
154
81
272
471
427
67
574
513
367
162
356
494
183
66
25
330
258
528
258
92
45
453
515
411
33
332
83
349
258
254
567
311
493
462
307
126
521
480
350
311
320
28
525
344
425
336
332
432
507
31
53
515
275
8
230
123
134
307
200
65
223
268
375
476
124
255
444
8
121
34
206
288
552
361
481
218
409
21
312
272
121
256
189
361
381
27
176
530
100
85
467
512
295
533
132
201
265
202
457
284
284
64
537
125
30
233
270
137
442
181
215
336
346
129
43
296
451
12
481
118
395
370
47
61
508
565
375
101
60
56
450
274
15
387
238
392
512
39
406
8
363
118
451
418
235
248
394
329
71
358
517
7
560
396
105
474
119
574
32
375
66
541
479
442
479
418
373
279
112
435
149
240
385
475
76
376
226
565
262
284
352
439
74
511
151
515
12
320
320
137
284
570
20
1
279
157
133
297
492
321
296
337
505
367
117
421
25
140
255
504
123
327
483
563
325
404
41
453
17
85
396
296
561
557
336
226
418
265
525
32
103
210
30
572
5
21
200
219
238
318
229
21
7
536
517
423
486
475
308
391
301
214
367
534
139
456
246
423
344
345
282
2
343
234
409
39
488
414
313
466
339
398
64
101
512
152
421
404
467
60
134
55
306
475
551
282
215
194
45
150
452
107
167
291
468
61
208
511
527
212
333
439
480
6
341
188
493
233
323
132
61
258
52
62
502
457
422
375
187
66
567
47
465
47
97
559
487
299
420
228
445
429
468
160
399
369
158
295
18
242
266
361
33
51
325
352
324
278
565
79
420
241
475
322
552
126
430
33
458
118
448
551
35
175
54
296
276
83
46
47
498
535
95
263
470
481
569
160
288
396
325
356
412
141
126
153
234
243
296
158
504
56
204
375
445
83
310
67
419
274
520
218
242
498
89
54
518
136
574
275
324
339
440
455
544
67
129
21
518
478
51
79
250
503
183
402
351
407
302
415
66
538
356
160
518
415
553
481
204
42
338
141
190
432
208
137
351
174
149
144
465
215
518
39
269
255
282
74
156
70
420
506
127
338
453
191
447
129
422
398
308
120
536
25
100
316
481
339
119
179
284
322
355
466
407
240
459
399
253
239
307
57
479
164
497
532
472
82
457
23
502
422
492
340
19
286
177
235
316
559
481
152
91
137
419
314
94
453
59
499
25
449
574
323
149
365
72
483
443
229
230
191
74
486
212
111
196
493
214
122
567
569
425
191
197
196
249
295
425
145
444
129
493
72
533
254
222
524
228
160
86
29
445
419
153
541
35
502
72
526
128
345
440
161
182
120
209
533
22
484
266
437
312
76
209
179
506
229
551
145
437
105
212
194
67
440
324
443
54
399
504
113
425
89
29
79
182
393
416
447
60
444
302
94
175
129
524
222
527
272
29
154
250
89
436
286
444
228
163
137
276
354
392
72
142
499
541
169
238
234
233
248
459
420
485
454
144
465
248
107
103
336
504
149
522
142
398
30
124
241
173
564
369
491
68
164
131
541
513
508
84
106
28
15
483
163
321
476
99
33
274
477
569
481
549
550
423
80
179
280
392
505
40
68
210
126
200
210
436
220
101
83
274
83
201
572
178
140
15
418
252
414
10
2
36
521
355
521
5
196
128
226
432
273
142
271
421
74
417
217
309
142
513
42
508
44
349
550
342
279
165
434
28
40
378
3
207
15
417
111
132
61
520
120
405
205
125
474
218
66
564
225
501
552
520
460
389
459
48
335
253
238
432
84
474
567
164
129
22
389
277
192
204
46
566
353
247
515
147
295
202
164
237
22
460
23
475
80
44
493
206
461
540
263
394
344
535
547
573
441
306
369
252
531
551
331
216
264
154
328
498
293
334
524
237
406
278
128
310
226
328
511
420
36
437
301
349
529
259
236
119
151
278
49
289
114
217
454
147
108
295
52
324
114
550
279
434
5
213
232
552
67
16
80
221
40
168
295
43
529
388
472
296
8
462
88
107
416
218
461
102
395
386
20
116
195
451
324
136
431
173
528
384
200
102
344
461
454
211
55
520
450
133
4
237
259
142
228
299
1
533
477
547
344
1
121
245
195
540
164
439
250
336
418
194
246
548
42
75
46
31
187
540
391
575
114
129
192
119
518
160
541
540
260
32
378
365
208
4
407
98
450
570
70
396
487
473
404
220
418
114
425
223
167
513
512
474
418
546
299
334
323
152
144
528
339
545
8
119
453
463
26
483
521
381
372
449
547
350
431
530
205
522
139
218
324
408
188
179
450
486
333
503
30
238
176
421
193
540
328
410
326
193
384
439
564
478
501
386
561
24
521
387
513
144
351
178
526
474
200
553
258
121
199
313
138
174
22
313
493
46
409
201
300
545
370
245
140
463
534
423
483
331
261
475
384
298
224
341
159
243
321
46
520
150
80
84
25
271
493
238
483
537
4
455
254
92
35
545
402
0
107
547
193
73
402
365
77
129
501
204
364
264
370
161
209
206
52
476
428
246
552
226
475
439
2
479
306
495
19
313
281
346
396
271
191
440
184
366
417
376
314
490
395
94
376
472
126
50
439
545
466
515
506
84
345
84
262
508
307
179
220
11
99
37
231
30
364
508
166
427
353
36
436
160
494
345
250
365
442
206
138
100
152
538
12
208
42
99
65
545
120
539
530
81
272
36
174
179
293
325
379
303
425
168
455
159
96
14
470
262
257
269
531
50
327
332
549
570
462
8
363
240
267
356
1
474
389
1
227
404
562
280
431
91
229
178
530
445
2
396
257
332
183
65
68
187
379
334
20
494
334
447
510
495
247
145
258
563
169
521
129
199
247
439
573
412
100
255
505
2
356
21
74
410
171
396
8
239
142
25
258
396
167
208
182
406
79
36
164
56
518
508
395
533
274
320
276
183
56
100
503
113
553
25
314
481
139
36
133
531
372
179
131
35
365
184
80
506
410
404
28
426
359
472
495
305
39
488
426
297
471
226
308
198
295
228
105
384
570
402
227
284
384
158
145
306
56
126
13
462
169
537
231
11
467
322
47
91
306
397
277
313
190
482
172
240
416
112
574
297
266
138
25
173
257
296
264
528
201
367
282
74
247
71
463
62
132
249
521
72
86
507
443
261
93
337
151
566
435
218
293
74
170
78
67
72
133
521
115
313
510
234
210
528
91
539
168
314
295
511
487
116
457
170
396
181
209
475
195
537
435
244
279
288
573
364
495
174
347
536
442
299
377
469
28
167
147
68
491
366
254
241
333
469
511
420
281
353
259
83
62
25
433
124
22
244
76
291
163
174
47
284
151
62
325
108
340
400
492
36
159
325
91
197
141
17
276
560
194
167
62
164
87
48
30
469
112
244
96
520
434
151
462
108
552
473
73
303
164
167
492
447
326
482
217
56
525
29
377
566
548
562
261
11
207
303
458
262
444
569
423
58
36
133
48
128
291
385
540
284
64
309
382
160
447
221
11
332
447
517
425
574
261
75
488
447
42
390
464
217
107
10
542
450
243
465
406
163
396
160
107
492
469
271
284
280
426
382
93
257
60
159
80
490
94
160
273
470
449
206
271
321
199
494
395
524
367
301
210
224
402
423
205
158
241
474
219
221
106
95
543
189
71
343
37
359
264
314
441
87
381
341
357
149
478
368
271
233
470
195
13
64
368
483
348
64
273
513
473
270
343
548
355
188
571
480
571
480
275
178
475
429
351
489
211
359
563
211
78
295
299
106
42
496
263
159
475
240
90
517
229
498
378
18
508
298
540
106
538
321
564
566
266
384
112
360
115
280
328
229
290
448
442
86
150
517
293
480
510
375
328
343
171
123
312
358
566
88
91
31
272
378
1
277
31
476
432
75
231
406
520
320
412
66
548
294
355
162
256
384
381
94
277
37
275
328
348
437
410
328
447
447
529
525
446
135
476
314
295
550
333
37
479
421
4
97
412
525
280
275
540
162
283
13
215
261
125
47
295
233
479
340
241
556
141
392
95
366
198
467
492
462
544
78
362
544
380
493
7
491
454
438
491
380
75
29
390
120
56
122
476
292
292
447
389
523
56
282
522
543
423
360
460
499
19
468
253
268
48
409
95
275
480
535
10
160
425
202
526
448
189
477
413
158
277
364
92
142
81
120
192
438
487
176
60
142
9
292
343
181
484
372
37
542
376
460
485
459
388
232
288
150
210
361
488
38
192
358
370
444
338
223
65
271
295
157
37
573
302
506
160
290
409
103
261
389
258
142
254
359
517
565
560
446
436
314
186
556
512
0
271
111
143
173
9
25
3
390
34
143
523
306
45
205
148
499
474
80
244
92
74
271
289
43
389
483
405
106
391
149
339
413
159
372
230
512
154
529
63
472
512
514
347
361
478
325
22
135
272
410
227
529
389
137
410
239
467
445
541
210
448
86
533
18
279
204
393
326
55
506
330
183
223
356
419
518
422
431
232
4
213
326
274
347
471
31
41
565
60
345
107
97
208
514
421
12
240
395
78
360
165
226
260
311
124
165
396
353
37
517
565
184
550
254
147
562
74
18
380
264
560
356
115
252
68
11
423
226
255
133
210
465
14
513
448
7
280
361
94
295
80
369
68
490
124
335
349
0
371
226
478
1
350
319
400
451
446
465
390
9
460
151
222
1
311
535
189
348
423
468
58
363
569
59
116
319
74
380
41
92
394
62
553
336
68
149
468
374
364
425
498
502
67
70
494
209
237
305
229
382
542
571
435
34
394
249
46
525
560
213
152
376
139
209
385
321
223
380
226
122
554
480
481
329
109
139
38
42
199
98
34
406
465
130
497
6
429
409
289
188
517
98
542
136
64
425
330
565
541
484
512
80
160
323
320
205
116
466
338
445
142
471
415
513
262
25
319
26
99
150
411
417
541
517
226
113
388
109
243
153
467
406
255
39
291
131
571
503
134
0
445
539
243
376
267
404
274
263
279
536
45
467
351
243
462
218
332
261
404
445
262
376
150
359
484
55
209
345
90
410
533
316
421
113
561
287
531
520
112
55
121
466
496
69
404
361
245
227
491
503
81
421
278
499
166
33
120
314
289
280
199
132
261
520
571
90
263
348
538
37
126
48
84
22
45
146
287
90
18
159
214
481
524
81
89
330
132
573
389
177
74
178
150
295
462
113
188
209
104
373
165
275
150
210
217
382
210
330
431
304
534
402
86
112
31
401
167
132
571
101
262
319
152
403
357
274
334
366
212
35
203
394
290
203
529
59
54
464
524
127
323
47
2
87
368
35
96
208
445
283
212
339
145
204
287
558
257
56
127
68
413
282
165
466
197
438
417
125
403
254
391
207
294
71
413
7
285
486
360
357
39
465
370
463
61
81
330
310
310
548
376
535
463
35
138
252
278
500
457
121
445
429
298
275
128
516
413
392
247
5
256
281
91
526
29
485
120
481
274
216
464
61
401
130
350
83
438
145
366
331
350
468
164
447
294
525
329
502
102
73
15
446
42
260
374
70
406
458
179
438
291
207
276
174
524
482
531
204
369
516
496
141
372
267
402
55
493
362
387
358
269
267
127
421
401
27
99
196
287
237
505
493
391
161
61
496
150
331
249
401
316
81
122
534
141
165
370
452
394
120
341
520
230
462
92
161
219
122
393
336
434
456
227
4
562
435
164
294
130
482
324
482
70
139
319
448
544
170
200
465
344
26
537
256
448
449
502
56
435
480
73
209
496
316
450
288
371
284
360
357
435
100
233
39
514
69
112
357
142
33
263
479
310
345
269
341
441
475
204
288
244
464
391
312
567
237
449
152
119
298
453
360
469
469
199
561
27
253
519
53
393
222
143
413
496
107
173
166
556
472
121
3
161
492
325
290
487
120
199
15
325
488
492
431
172
487
203
304
244
467
561
503
417
98
417
211
277
123
207
547
57
129
371
256
329
403
362
253
372
413
357
49
173
212
3
219
565
150
22
164
117
409
74
269
312
415
316
499
165
204
372
554
144
527
324
485
461
125
343
221
38
283
316
43
189
432
396
519
325
304
373
405
116
523
421
491
341
179
252
393
187
378
475
243
284
96
426
83
467
37
494
77
364
448
472
38
445
239
418
529
155
467
48
304
443
364
94
547
488
506
364
389
325
364
224
312
53
257
384
49
331
3
54
34
448
387
164
565
562
400
37
442
499
107
53
127
164
202
101
115
555
174
291
39
489
534
274
546
107
506
310
364
422
151
165
405
477
460
147
125
561
392
284
247
338
459
272
433
439
411
228
271
292
445
440
554
488
49
499
46
230
561
115
321
573
228
505
73
143
471
467
4
161
467
494
403
215
122
407
253
496
29
445
213
504
76
146
392
163
22
538
505
497
225
321
82
242
452
21
316
332
426
401
236
46
404
111
240
335
38
257
390
574
285
353
61
198
70
325
574
548
177
570
155
160
235
46
501
413
100
173
64
397
84
547
383
208
253
257
117
533
557
543
198
89
416
415
373
82
8
415
223
149
350
374
198
342
342
400
111
199
117
563
99
352
99
306
131
56
76
462
43
177
359
470
349
274
470
438
427
122
412
112
65
335
474
441
188
143
468
562
270
214
553
202
86
421
551
283
310
269
52
446
504
133
82
108
134
49
376
159
82
429
86
514
555
66
395
372
88
343
230
564
306
279
171
31
194
11
549
214
504
509
395
324
575
52
226
174
367
125
194
102
523
446
568
198
407
227
235
73
470
128
322
254
181
376
298
23
348
215
347
446
317
296
432
253
385
48
158
338
370
132
27
40
251
470
232
99
234
328
520
477
143
147
34
364
283
459
404
335
187
198
381
335
569
404
382
193
150
101
466
2
44
526
491
463
240
371
206
217
27
88
135
185
498
130
134
301
347
105
361
122
101
375
337
467
568
190
186
406
362
461
19
568
196
8
106
87
214
387
11
372
215
77
125
470
108
313
151
23
554
350
242
232
253
183
403
390
371
362
332
214
427
284
261
417
25
385
445
218
193
203
126
101
301
389
270
556
413
447
270
415
471
331
478
439
264
182
372
301
225
533
257
57
4
348
170
25
122
257
321
281
283
242
130
223
226
257
37
27
50
153
414
385
201
199
51
205
17
424
69
469
243
400
538
310
547
127
187
143
430
549
77
547
350
367
372
412
154
524
381
198
562
512
308
459
504
47
347
279
106
533
67
379
574
562
512
548
227
477
153
483
308
157
453
259
99
449
171
327
567
307
352
441
508
174
350
483
421
540
127
476
175
69
239
117
307
485
281
20
103
30
469
414
125
528
495
64
113
47
530
282
331
419
259
402
458
167
354
145
360
404
394
562
369
71
261
440
35
154
326
240
420
479
171
270
302
352
448
402
506
159
562
550
375
217
350
571
259
83
201
100
449
568
550
364
479
574
190
283
356
411
187
103
25
194
566
114
74
146
71
366
419
187
122
55
254
561
552
548
404
61
457
575
571
137
65
376
133
167
187
146
40
6
143
402
453
220
295
447
319
307
498
298
254
97
316
464
299
476
179
301
71
498
341
255
222
344
387
363
363
519
292
483
376
451
284
149
11
264
10
321
229
117
446
503
36
570
425
46
562
82
575
426
251
3
496
328
327
111
52
416
397
230
91
209
450
64
398
397
476
179
308
288
414
400
380
558
144
94
49
316
153
448
409
29
116
395
540
64
101
67
313
248
538
264
563
283
224
265
428
487
27
43
121
288
63
182
187
231
531
93
212
399
387
182
559
226
573
79
325
358
491
547
195
265
425
204
335
128
222
101
454
477
426
547
571
480
371
291
204
270
228
283
531
365
553
289
371
29
398
535
48
469
17
529
134
231
468
10
407
242
183
386
91
72
254
436
11
57
323
42
212
447
54
45
512
225
91
553
389
409
203
385
226
194
30
442
348
450
215
36
153
376
91
283
82
194
137
60
134
541
418
155
300
423
296
73
349
557
225
402
73
374
130
439
349
321
242
420
94
396
98
204
83
318
212
407
394
135
162
203
418
561
346
95
23
210
396
15
265
419
102
299
334
57
163
190
52
309
352
10
210
559
185
374
101
194
546
175
276
408
496
15
370
119
441
411
299
180
196
523
363
215
76
210
537
487
362
307
549
153
83
48
376
477
173
153
68
387
317
391
81
287
287
81
541
485
382
287
63
151
393
254
83
478
54
523
264
442
494
15
28
210
283
25
223
153
350
575
182
563
399
119
355
509
94
439
549
27
194
132
120
142
379
297
321
505
25
467
495
349
496
88
411
203
284
353
446
390
154
575
386
528
323
146
111
358
438
192
345
370
442
336
233
8
237
15
448
540
172
508
128
297
167
217
142
9
326
508
372
339
191
167
173
134
142
528
133
6
172
102
206
244
540
414
3
232
429
370
540
386
295
252
317
167
509
134
255
306
570
449
227
299
402
172
396
183
160
191
472
215
543
431
448
150
251
559
9
241
271
362
224
393
182
328
295
474
146
350
386
350
347
102
393
191
6
68
255
306
538
455
125
74
464
479
193
333
463
311
260
271
232
446
81
249
548
102
448
229
198
140
552
515
553
390
63
240
473
33
389
441
308
393
352
393
155
156
84
12
279
134
163
178
197
298
55
252
55
218
424
62
329
123
86
432
195
399
522
385
168
204
232
192
319
435
437
71
386
485
505
117
214
186
244
243
217
133
571
151
522
304
163
154
369
324
571
421
211
425
200
387
350
61
265
470
73
388
78
238
34
36
92
304
128
91
416
173
23
458
441
385
491
32
195
319
3
358
40
418
377
122
374
37
265
216
219
52
406
467
108
168
76
32
558
240
163
297
530
0
204
349
148
133
347
69
46
387
147
90
16
481
317
350
324
177
63
277
350
175
423
17
515
571
104
567
297
404
134
455
219
259
320
382
450
101
177
104
569
14
122
552
202
255
548
14
304
239
176
168
481
485
570
367
227
460
369
102
227
203
515
498
176
104
134
416
142
481
510
526
358
143
67
514
212
376
0
474
572
416
89
176
215
455
11
505
59
332
116
403
5
556
239
526
505
360
302
18
239
383
300
177
312
472
568
173
213
212
541
149
132
555
89
243
533
307
23
403
531
392
458
503
437
526
134
477
266
139
323
418
503
337
53
534
186
94
172
212
459
295
339
301
377
151
329
330
69
61
418
73
471
315
38
126
185
122
563
441
336
410
148
283
109
151
491
353
58
409
384
23
387
280
186
321
241
208
390
572
72
145
465
399
243
282
476
561
431
548
462
126
82
230
383
399
549
572
145
26
118
360
490
403
3
267
498
470
472
2
167
301
270
455
530
152
390
17
168
554
308
185
383
540
517
531
52
472
516
540
470
488
98
497
519
535
115
255
163
431
423
316
495
91
564
559
49
252
574
24
357
120
366
102
302
559
375
176
519
41
310
408
248
125
491
46
572
22
337
564
167
413
368
425
473
344
95
397
185
201
267
526
43
266
171
448
118
308
368
364
17
112
566
180
203
265
99
311
218
187
5
95
153
408
529
498
377
224
99
24
384
373
408
153
313
379
109
311
403
435
172
172
50
521
31
180
184
526
222
426
147
382
478
560
511
172
98
141
369
317
265
531
550
142
214
163
449
134
35
509
343
466
121
247
17
574
160
99
250
388
384
568
205
342
228
124
295
214
323
559
316
497
536
453
229
166
410
330
279
151
202
536
247
184
70
250
488
506
550
68
442
487
493
10
465
547
50
398
180
552
401
243
148
128
105
55
247
176
162
574
318
223
130
480
297
142
205
247
436
91
433
162
491
219
124
205
54
41
64
175
308
201
86
446
346
278
189
363
316
283
108
134
379
209
136
387
312
564
9
119
456
441
429
24
31
485
243
388
480
319
231
502
142
119
47
449
288
50
544
447
239
101
211
272
288
444
164
205
139
177
495
110
280
127
88
177
343
369
73
299
447
158
277
128
52
507
386
327
9
124
243
238
120
269
384
68
225
557
382
360
223
116
174
54
327
196
83
310
556
33
396
354
521
259
216
191
406
434
31
70
22
321
201
320
388
101
416
285
237
565
12
349
281
116
5
170
305
181
352
354
429
435
480
9
205
101
50
493
11
105
452
35
187
11
134
148
525
575
109
367
124
250
74
389
456
395
57
148
313
379
143
324
198
436
360
157
317
251
317
169
203
212
520
169
109
233
228
109
349
227
521
519
306
387
142
373
136
18
212
424
198
465
29
223
358
349
315
474
120
548
474
548
267
509
169
54
89
142
432
326
205
116
299
181
12
27
262
389
17
343
246
454
139
206
376
146
440
432
519
539
311
487
262
29
301
358
523
157
114
482
171
299
143
149
473
399
134
485
91
315
418
372
255
301
72
431
35
121
257
159
555
366
251
472
455
548
357
237
454
57
263
186
383
76
264
31
17
265
46
575
286
364
515
285
123
34
416
165
537
514
272
425
364
269
403
159
559
432
166
175
226
450
559
224
101
514
487
562
357
546
564
313
255
17
426
132
29
164
94
272
552
208
491
450
265
196
354
506
188
483
71
141
226
240
394
89
420
485
238
392
364
362
3
93
342
174
433
124
538
537
56
15
357
52
342
324
371
11
147
81
254
267
179
182
459
108
555
487
362
250
558
60
211
469
372
433
283
126
432
265
21
340
483
418
476
418
15
454
469
495
80
187
50
224
245
187
426
293
371
104
150
512
450
450
264
7
183
196
123
283
162
506
403
52
299
296
338
236
371
555
48
153
265
538
523
37
163
514
494
321
559
389
59
571
195
93
1
136
137
174
336
181
228
113
218
377
455
188
414
513
150
390
525
420
442
250
511
527
27
499
175
417
7
453
263
135
131
297
210
412
168
100
100
7
297
551
72
483
539
131
170
180
483
66
34
147
223
338
142
56
12
433
111
530
223
351
447
522
344
401
166
112
133
59
494
346
255
198
522
354
111
238
141
163
206
574
470
123
40
64
60
114
446
408
286
384
470
543
340
167
426
526
12
564
384
522
168
563
50
392
92
140
483
196
254
440
484
433
332
199
259
88
20
352
348
375
460
278
501
259
482
227
208
51
392
104
28
127
210
319
201
152
150
40
502
261
160
92
63
454
365
346
507
568
439
211
229
538
314
493
439
185
502
539
104
206
428
554
556
351
408
296
472
263
496
9
110
140
561
410
438
459
311
477
109
205
51
183
110
541
51
215
39
262
31
453
63
549
122
113
509
311
407
396
377
299
166
59
430
544
232
444
77
26
72
346
276
528
523
150
275
430
267
52
20
192
409
547
219
493
330
438
101
452
206
202
3
209
475
339
99
365
325
351
558
334
72
4
200
333
566
99
564
19
166
37
250
4
126
91
97
408
197
155
159
17
156
123
343
475
506
225
161
454
425
357
384
432
254
495
31
54
399
90
542
515
277
103
151
254
185
76
510
336
112
192
493
134
39
241
143
263
336
567
175
314
177
196
229
573
176
210
477
545
131
305
495
127
162
369
166
17
449
215
364
268
566
451
152
137
449
177
337
316
79
28
497
46
152
9
340
408
31
78
160
18
536
545
315
28
495
197
131
284
259
399
56
305
328
41
414
370
523
105
275
273
547
557
518
515
303
229
354
467
96
381
575
244
346
458
245
19
355
209
356
205
414
305
493
473
210
292
434
350
117
242
146
426
209
496
335
380
408
527
75
460
557
438
60
113
147
118
194
364
245
416
254
227
221
526
359
503
516
195
540
59
168
259
412
437
551
124
41
226
476
342
156
222
11
451
460
62
380
330
414
485
15
140
373
259
228
157
112
275
508
124
516
434
546
396
134
482
319
449
305
472
482
556
486
374
204
111
226
195
328
37
459
546
318
447
185
396
103
245
335
106
432
446
39
368
218
25
225
154
563
29
34
267
278
205
149
160
500
290
127
182
432
218
347
358
191
92
209
201
6
295
353
71
323
335
324
100
204
451
421
153
435
465
549
169
305
491
268
305
93
46
499
287
18
335
325
103
158
211
201
148
567
89
37
524
470
551
54
397
465
427
432
48
223
319
326
326
125
470
272
530
271
146
367
89
305
505
300
269
485
293
335
224
142
150
39
471
128
132
48
394
565
249
12
435
361
180
500
289
564
485
472
134
155
357
57
374
244
382
225
2
183
174
194
519
216
260
457
207
487
212
68
128
511
530
63
170
369
121
290
159
416
127
485
470
270
292
86
265
223
29
515
441
154
89
507
518
304
256
111
64
338
19
183
221
116
338
111
95
248
278
317
445
60
408
406
15
200
558
14
59
265
388
179
567
352
55
207
518
321
400
265
29
293
506
364
357
12
524
254
360
281
182
116
304
357
399
374
29
105
448
335
393
499
361
352
515
119
148
74
317
52
116
514
155
295
406
404
393
515
290
129
389
70
475
370
204
148
357
468
548
537
285
312
474
77
403
62
166
508
111
161
64
134
68
538
556
485
16
182
362
134
76
7
48
22
487
406
471
130
236
285
267
307
486
139
149
563
48
110
474
307
88
519
128
290
487
457
515
416
451
556
188
79
128
497
82
25
162
409
26
449
222
79
560
51
222
303
515
110
518
111
86
223
406
12
529
319
486
46
571
484
515
504
120
230
163
5
321
460
115
143
290
456
49
125
162
421
482
511
263
37
150
487
498
58
406
364
21
276
214
437
536
148
498
546
134
57
497
5
560
405
514
178
122
439
437
231
399
514
447
5
19
348
222
96
105
555
512
364
53
454
6
379
111
266
360
97
388
280
441
55
56
463
420
507
130
245
199
163
142
476
431
320
125
513
329
419
138
17
103
384
474
148
442
407
101
565
76
496
384
302
524
284
552
21
171
520
270
453
483
55
228
504
515
191
140
369
488
122
284
31
37
209
409
266
225
433
276
472
425
330
97
285
571
145
454
239
148
284
316
142
429
535
542
69
278
571
162
411
14
178
34
98
130
59
55
204
17
388
241
23
88
203
302
83
236
471
216
494
232
42
102
474
160
494
270
360
415
389
45
452
87
300
386
77
42
478
50
355
538
516
183
381
452
90
389
220
449
570
352
360
345
315
270
77
235
290
135
158
501
117
249
399
478
32
149
302
85
195
481
155
5
23
362
155
271
55
136
573
285
122
130
20
173
390
339
133
74
329
516
436
437
103
393
490
182
474
196
235
196
499
118
347
374
411
495
512
283
563
204
254
518
59
546
40
329
504
423
285
375
442
382
195
191
219
110
195
478
237
356
141
163
271
528
209
300
59
569
395
60
37
442
66
232
374
421
208
384
316
565
201
340
250
314
101
376
471
218
387
546
313
32
17
466
358
492
171
5
50
405
49
364
236
431
270
52
184
109
304
224
5
342
207
486
267
294
70
316
521
424
527
371
437
399
5
282
248
411
74
555
365
92
340
204
374
348
499
92
153
541
322
261
180
356
223
99
550
371
371
92
491
511
481
491
23
60
24
87
457
409
16
217
64
536
34
296
31
298
337
231
500
97
164
327
372
387
491
491
348
39
445
378
94
270
566
354
232
136
151
320
153
45
244
176
15
298
359
55
387
227
208
574
334
172
258
334
24
11
39
345
481
540
184
552
456
27
565
461
248
197
102
260
519
34
461
412
59
554
278
356
385
278
268
396
477
21
446
482
242
427
98
454
469
417
37
432
213
231
416
290
128
174
371
482
168
163
387
432
238
443
312
178
235
163
23
504
212
268
46
368
96
491
524
136
51
478
290
325
342
179
60
109
164
473
253
12
405
14
531
454
466
168
318
536
33
260
443
314
200
401
303
167
11
43
516
75
250
449
278
556
306
170
88
5
300
152
496
478
200
426
362
384
413
96
374
247
103
395
31
98
401
247
67
387
109
490
279
71
297
325
3
470
526
163
500
53
201
451
215
417
364
276
40
267
478
392
321
253
49
552
217
141
190
349
435
368
352
357
201
181
553
468
479
87
555
142
331
25
21
22
36
552
424
392
93
55
281
96
213
280
3
17
408
320
23
567
435
217
50
339
535
11
328
481
552
325
186
335
210
193
310
432
217
285
552
75
215
285
394
258
149
137
61
440
259
0
462
30
484
79
210
294
525
498
349
399
4
521
333
210
392
250
513
172
504
498
381
180
286
250
291
380
240
242
86
535
254
398
0
462
62
223
568
471
137
427
433
298
482
567
486
104
517
541
381
325
401
129
499
409
490
435
478
40
74
440
286
127
550
330
558
193
71
223
131
17
228
278
372
23
468
336
120
450
223
294
198
342
260
338
180
138
451
381
17
154
155
118
280
248
499
574
549
255
67
290
49
110
86
558
307
570
178
339
124
227
113
536
290
231
316
381
120
331
202
394
403
391
372
295
392
93
304
424
128
102
69
64
243
191
374
395
505
497
139
441
142
476
151
48
86
120
330
424
444
466
362
214
7
220
491
120
429
21
229
190
356
101
95
292
471
468
39
136
0
307
268
361
501
401
428
108
40
85
434
228
108
383
33
39
429
236
192
392
196
174
553
508
88
384
457
342
540
147
101
167
451
421
305
497
223
358
64
133
40
353
142
165
523
538
19
546
78
360
262
37
447
32
215
47
538
526
399
40
188
19
228
572
323
198
196
383
206
252
79
275
121
125
337
88
447
539
409
559
545
291
22
352
0
544
343
479
289
98
221
106
313
377
444
331
520
508
390
191
416
545
158
463
367
279
318
81
189
271
275
390
429
383
139
123
501
468
505
49
429
132
557
175
466
551
468
323
43
386
93
46
558
158
95
60
573
99
477
548
507
233
219
538
236
127
336
241
558
203
465
42
221
306
325
249
401
31
154
163
547
474
28
172
205
155
356
113
263
351
15
574
448
405
518
328
485
564
489
92
495
183
184
459
551
306
501
335
181
379
308
44
475
197
232
509
424
205
288
88
490
265
472
568
71
345
200
258
461
574
445
557
287
362
326
22
362
373
313
235
105
213
363
203
225
239
80
543
439
179
263
264
116
127
531
270
99
139
267
390
552
490
152
287
124
85
282
237
204
460
259
88
24
282
434
344
196
531
566
537
74
381
147
272
373
33
225
548
215
393
365
46
360
159
279
101
462
361
212
496
241
560
215
260
484
485
333
369
0
557
501
215
66
517
570
399
381
372
32
308
485
365
363
64
439
540
438
284
185
220
12
384
222
64
335
135
555
238
101
499
66
334
110
220
499
545
293
487
516
174
151
9
131
266
158
161
393
513
437
259
61
212
476
438
439
269
146
544
222
335
306
409
130
561
18
462
183
74
197
238
150
253
259
129
349
573
385
484
513
448
475
400
299
67
304
567
293
255
485
119
504
382
398
74
328
1
287
165
350
255
384
372
537
552
224
344
460
219
566
571
514
541
348
194
373
302
136
534
571
328
348
357
69
446
192
214
347
426
21
85
139
151
305
204
135
475
573
35
448
11
311
24
497
56
101
112
406
515
40
214
95
24
399
222
103
4
248
78
514
43
78
157
115
125
467
535
278
151
504
263
105
496
468
12
539
534
405
109
257
30
482
273
476
101
526
290
220
358
218
450
371
453
493
243
529
204
509
67
356
175
561
456
92
357
525
120
215
171
474
87
541
46
355
287
211
510
42
187
350
272
255
537
155
527
508
197
21
479
278
321
18
428
358
429
287
539
1
78
388
66
7
464
557
339
308
138
529
435
313
68
13
113
27
112
538
476
522
347
219
246
69
174
410
533
206
566
347
135
118
253
373
193
566
68
402
34
438
231
85
262
92
322
42
42
320
438
190
327
36
529
173
120
539
267
248
92
79
265
343
115
115
559
137
462
561
36
155
140
495
144
343
180
229
9
197
496
483
120
293
218
193
169
482
345
67
499
124
424
41
50
463
477
418
510
405
152
245
224
317
196
313
24
567
327
461
132
203
46
44
226
496
313
191
399
245
67
194
245
63
452
120
538
447
394
515
345
247
93
228
108
441
357
218
61
51
156
355
89
112
257
120
428
279
73
337
291
553
567
405
258
385
7
158
150
52
524
372
477
78
570
380
35
477
158
30
412
330
417
522
439
378
337
127
565
170
174
178
485
321
99
438
20
202
553
28
215
353
321
372
449
507
327
206
314
93
401
419
123
19
22
497
439
229
552
303
88
21
21
496
96
206
36
412
454
21
64
309
268
200
145
226
78
499
168
309
401
78
552
145
328
424
520
230
404
234
524
341
111
229
339
23
138
415
495
217
99
371
396
11
191
424
452
521
554
52
379
422
542
218
64
565
23
121
412
75
232
551
374
463
565
76
417
18
96
171
244
18
523
217
433
257
158
460
15
356
236
243
242
431
449
370
328
296
571
108
71
513
160
302
474
497
144
475
428
316
17
28
566
130
504
121
575
358
195
488
138
356
307
443
474
16
471
41
40
23
421
525
137
502
162
100
31
358
558
554
320
46
141
484
10
80
544
46
275
446
449
233
419
38
493
58
89
138
490
260
259
475
339
31
139
52
169
98
538
79
435
495
323
100
470
395
96
371
354
395
22
486
210
524
315
483
500
299
532
93
332
272
200
417
521
564
51
198
364
385
570
28
201
556
18
67
334
369
28
361
37
380
41
441
300
175
116
351
13
164
406
207
13
225
383
383
545
566
397
10
47
17
42
547
326
123
71
4
115
206
108
59
174
149
349
77
153
106
571
77
214
299
175
257
209
547
563
484
370
296
538
373
22
492
297
273
529
493
207
41
353
228
142
274
95
209
300
188
420
230
300
385
193
20
242
91
318
206
496
48
214
449
340
567
34
445
369
224
120
316
142
52
328
551
13
237
22
123
439
448
379
326
100
273
83
435
125
40
493
546
420
429
46
135
114
13
89
45
376
321
555
85
420
368
522
436
507
123
347
301
312
248
123
436
95
507
564
44
357
520
276
19
202
468
142
44
45
520
296
42
325
204
434
277
347
306
486
34
125
479
456
457
241
336
306
449
399
110
102
372
222
174
429
362
97
154
249
343
562
249
149
424
284
99
449
486
409
457
566
565
74
233
176
497
212
207
519
308
317
535
486
202
176
399
22
336
494
390
398
24
321
409
293
233
97
257
145
128
99
509
128
124
91
142
362
465
277
128
323
391
403
508
311
372
151
201
43
425
146
540
38
136
123
241
375
42
174
170
372
415
4
484
330
305
97
132
66
486
431
392
25
141
137
391
529
422
140
299
172
383
296
177
105
525
555
499
398
337
484
322
195
431
524
422
178
363
238
342
406
147
287
146
141
354
213
89
167
494
93
573
267
391
403
565
123
303
528
271
528
189
483
206
105
523
403
423
314
500
401
270
253
13
381
22
163
65
509
527
235
21
455
174
191
273
512
161
521
385
252
271
54
575
410
147
434
291
188
500
558
254
190
136
421
148
47
334
490
109
484
59
187
406
349
60
141
491
486
354
460
521
74
381
549
352
283
357
558
66
512
278
467
393
297
413
512
227
6
456
57
147
346
268
76
81
301
299
161
509
518
177
268
484
93
365
175
125
326
366
471
416
145
216
418
201
364
421
533
497
59
281
49
367
245
540
25
132
203
248
497
340
513
369
402
387
338
67
530
125
482
154
81
447
55
151
507
21
511
466
332
182
281
423
332
469
257
249
152
498
477
3
536
537
347
402
297
503
203
201
197
113
276
147
571
25
250
402
549
487
70
489
424
87
91
528
115
567
19
147
383
382
62
123
18
107
235
236
462
4
142
392
399
506
502
328
105
99
41
343
429
398
246
81
321
364
26
247
315
512
532
68
1
418
249
249
495
558
90
54
446
408
19
248
233
181
386
276
381
20
55
378
318
41
34
159
268
303
154
447
307
92
190
352
248
547
6
396
505
381
478
430
264
247
26
214
247
127
410
463
110
386
536
161
469
142
493
307
78
105
378
490
323
439
464
471
419
446
527
317
511
352
28
44
331
327
263
60
93
336
213
422
227
573
221
141
425
132
403
348
430
305
130
478
489
183
49
426
512
129
153
217
569
520
29
154
171
231
305
62
57
464
117
315
266
287
351
134
455
49
298
305
254
562
466
259
449
489
227
169
199
507
182
200
195
548
44
547
322
546
532
385
247
198
474
238
38
316
568
166
238
163
560
549
286
510
79
426
282
215
347
334
379
168
416
573
168
485
124
41
125
9
211
482
477
94
36
121
456
485
561
279
247
242
393
1
237
181
288
481
38
246
43
445
575
560
103
279
103
16
535
198
146
363
285
125
118
408
435
41
428
200
285
283
278
408
489
480
527
141
454
523
37
365
389
352
456
34
402
156
503
528
526
159
17
83
183
63
275
557
397
414
28
253
449
48
256
197
553
232
61
175
91
459
398
143
495
15
187
428
171
555
114
69
3
168
136
492
174
83
342
527
169
212
353
232
402
556
249
128
132
221
446
333
539
501
256
388
532
114
326
331
519
63
384
462
546
422
210
310
23
256
537
95
412
372
239
0
47
50
485
507
143
462
299
410
197
154
429
386
312
109
457
392
483
185
524
253
469
126
417
558
172
461
275
111
400
260
561
382
109
69
209
366
403
183
482
512
228
494
461
57
295
59
23
525
445
446
114
38
46
354
503
386
44
338
298
86
564
81
443
159
50
271
414
437
533
7
379
490
6
409
143
436
563
484
29
354
450
412
342
342
505
436
253
286
327
264
372
29
352
515
502
446
382
564
566
128
409
392
57
445
278
309
177
86
352
46
142
308
157
401
575
23
275
58
11
485
54
171
320
38
381
568
230
330
123
263
573
427
10
358
353
240
35
236
151
108
251
63
481
169
146
227
402
190
157
387
348
120
313
120
564
366
220
408
282
22
50
37
69
426
10
466
17
83
222
80
68
393
346
173
70
512
47
485
298
575
168
223
457
450
144
425
251
92
201
457
5
331
332
552
548
387
98
489
61
216
45
334
388
105
173
118
332
348
564
138
260
37
424
330
56
278
514
62
126
27
510
457
386
570
210
132
169
184
214
307
364
361
289
376
403
228
351
498
118
169
551
573
118
551
68
573
490
156
37
173
375
472
374
187
118
570
26
111
138
538
25
374
13
211
336
491
525
291
152
412
241
470
158
525
387
382
134
191
74
137
353
386
216
188
452
1
10
283
158
241
557
237
10
94
566
283
411
553
484
5
550
292
464
418
133
455
236
173
258
361
368
25
296
300
569
513
509
195
504
86
166
396
268
257
540
480
472
191
467
147
7
476
410
70
232
242
297
527
168
541
223
63
390
70
115
566
533
357
159
91
379
134
289
137
66
187
546
225
157
223
393
11
37
280
14
109
434
381
402
175
331
337
66
305
425
508
377
419
136
255
429
500
387
250
310
505
414
40
155
554
478
147
398
31
451
353
156
491
533
45
381
288
389
11
142
310
55
516
492
57
318
175
457
500
320
293
55
308
291
246
76
383
243
439
47
102
376
102
121
564
23
318
218
438
494
106
331
497
437
390
317
337
173
504
54
335
211
132
361
546
258
555
132
334
270
140
379
359
469
187
76
187
303
217
480
337
547
184
512
280
111
295
280
550
33
23
255
394
521
121
351
70
271
468
379
337
396
327
189
491
183
218
56
3
550
29
134
159
189
261
509
129
537
416
484
184
171
555
398
322
210
546
90
494
266
21
35
359
450
195
44
190
15
417
488
82
348
375
322
542
420
520
114
520
424
333
280
572
338
247
206
345
63
213
301
158
575
383
310
90
481
560
250
16
305
190
353
319
5
353
440
220
431
333
467
401
476
383
520
181
439
236
64
420
218
59
214
519
550
228
176
466
369
472
503
520
241
402
480
316
115
542
176
368
559
299
538
357
557
501
83
115
146
150
207
504
90
190
148
317
447
66
133
192
198
571
42
5
559
172
170
283
322
168
531
248
399
13
316
248
109
68
148
266
401
391
21
295
145
355
266
491
412
215
23
377
452
415
155
322
543
152
104
412
501
521
236
31
41
505
55
222
25
191
160
507
80
155
301
57
107
253
144
222
54
435
190
11
12
562
239
121
11
216
351
500
190
312
334
460
284
134
283
206
357
8
99
107
468
173
468
398
554
408
381
206
509
229
381
542
534
554
159
562
480
283
476
86
462
420
246
263
301
92
379
148
392
66
128
116
385
418
224
270
177
28
429
46
239
380
303
57
517
45
411
36
565
270
268
408
526
431
283
350
213
466
108
266
53
340
334
312
25
291
537
381
12
487
268
485
259
441
228
486
538
218
103
173
148
15
60
249
328
35
432
291
30
364
62
575
97
522
191
184
105
377
259
263
559
358
504
509
319
132
350
160
469
334
432
311
392
112
21
319
409
78
510
571
477
485
174
534
535
460
526
137
453
552
531
187
558
59
477
461
114
9
536
62
528
267
389
401
84
194
257
38
59
530
501
345
485
221
187
343
233
344
352
16
153
429
517
339
320
60
447
356
265
518
523
315
29
301
243
60
168
164
92
449
448
439
531
252
445
123
405
540
219
136
445
432
519
383
11
526
230
152
411
369
296
426
215
535
390
110
182
415
436
164
323
498
321
63
184
27
346
364
59
446
350
322
70
70
66
570
4
276
315
25
522
521
120
478
255
480
226
298
501
6
389
527
519
222
362
407
141
185
489
252
525
570
119
101
171
19
308
101
532
278
130
464
176
351
33
337
405
103
182
294
64
156
501
255
57
169
126
273
59
39
204
238
501
142
333
311
34
139
302
142
408
230
265
4
242
227
323
238
78
15
417
78
263
355
74
523
116
82
250
482
502
351
232
20
260
319
224
170
205
330
175
352
371
409
157
89
57
264
408
318
238
266
344
574
341
309
549
254
151
359
545
149
194
561
168
84
427
250
174
351
323
540
567
337
268
210
271
224
491
435
464
171
521
337
301
283
0
495
70
193
278
70
183
149
532
334
546
215
154
401
300
7
146
13
443
472
315
522
214
491
111
268
418
456
343
182
121
103
280
53
224
282
12
205
522
311
162
83
528
283
278
22
303
174
564
46
379
101
549
274
466
123
130
95
481
526
10
213
410
46
467
57
100
60
238
383
152
195
285
317
328
536
42
544
166
410
135
534
314
573
415
463
270
245
280
477
476
317
151
195
146
36
403
60
160
537
14
214
471
489
108
404
403
350
259
488
510
511
526
103
314
502
278
486
3
118
574
170
369
160
561
11
506
434
112
84
283
83
380
89
546
134
296
10
568
5
534
507
542
441
377
220
351
356
223
565
288
467
51
202
450
153
36
400
509
57
400
519
537
255
294
491
349
117
391
5
362
250
338
26
143
492
375
13
236
287
575
130
399
334
139
36
334
435
141
476
212
380
91
565
452
235
342
283
384
203
13
470
223
384
35
266
492
82
167
363
385
493
5
167
323
229
250
567
483
347
123
103
567
300
288
11
194
457
456
572
298
329
36
165
252
54
355
78
473
426
426
512
210
347
383
71
235
421
95
572
101
312
121
421
109
529
431
414
496
220
57
2
30
141
59
193
518
128
471
309
382
341
143
291
126
61
78
384
11
389
32
239
382
143
456
314
180
506
541
413
103
302
494
413
240
396
258
301
193
38
550
256
456
288
401
219
84
153
304
204
107
123
197
561
179
193
119
290
262
465
293
436
415
512
392
518
274
473
293
218
125
119
8
82
8
130
425
426
460
32
136
298
367
21
98
449
550
43
180
303
43
226
476
434
385
311
261
330
14
486
481
289
59
263
476
123
47
439
301
517
328
389
117
312
433
553
353
134
207
403
8
443
228
501
395
341
43
388
425
254
490
146
164
307
365
129
120
209
400
45
401
76
488
214
14
368
184
127
399
255
108
542
155
522
375
172
399
366
173
270
303
375
55
146
141
478
279
226
406
505
390
392
354
57
393
209
406
235
381
346
485
406
35
330
74
231
553
10
320
184
13
571
207
100
318
504
493
104
164
302
572
103
236
430
296
16
426
159
217
167
373
526
248
434
542
513
493
280
67
359
37
406
132
372
8
449
324
293
276
439
513
507
54
346
343
228
22
469
365
176
542
572
461
5
499
430
102
71
533
86
166
429
551
116
49
43
418
236
21
173
72
348
223
205
48
124
542
438
135
177
171
478
512
368
202
526
568
251
432
487
429
182
151
116
134
251
457
86
481
408
504
324
353
545
262
70
314
482
55
296
427
65
231
112
371
410
383
106
251
302
226
290
405
44
217
121
174
84
376
486
441
352
200
437
554
0
188
528
402
214
231
80
11
474
94
191
433
187
441
141
176
378
539
328
43
243
8
402
471
499
375
359
372
483
567
25
465
381
474
59
470
116
478
230
67
262
458
555
17
509
186
223
356
349
2
228
248
213
399
513
149
300
447
118
102
329
85
44
574
208
235
510
376
385
104
246
262
160
487
385
486
396
239
243
180
482
389
337
352
499
278
388
388
356
276
114
199
479
84
311
412
481
59
247
191
78
170
254
550
431
503
572
300
245
399
134
4
32
506
130
414
80
505
151
113
474
539
515
104
431
388
25
222
4
20
288
437
574
125
245
464
510
179
88
227
575
503
231
465
352
416
4
222
374
24
193
214
245
408
40
236
554
13
355
118
104
142
500
156
388
105
448
337
399
89
32
10
338
80
511
183
381
134
280
388
105
142
515
185
395
126
417
532
118
77
280
355
558
90
186
450
329
557
325
94
495
274
75
557
211
495
38
52
430
71
530
442
226
168
111
316
82
401
470
89
66
560
41
560
557
105
552
26
254
334
245
475
209
97
512
51
415
430
484
2
89
355
45
377
155
556
556
556
307
229
271
358
293
508
341
297
101
463
330
397
152
383
340
358
330
385
168
431
10
83
371
503
256
275
284
400
284
506
63
115
439
442
439
296
97
69
205
134
242
24
18
475
497
532
176
194
298
377
148
183
566
262
395
552
213
115
334
506
116
93
447
501
371
315
488
337
174
453
33
81
73
268
83
452
556
244
232
335
468
119
15
545
206
377
462
102
24
253
259
164
116
531
243
554
376
135
431
327
436
347
24
459
90
17
336
248
494
449
169
21
167
391
351
505
488
214
272
457
146
267
492
266
135
195
196
170
154
271
289
73
487
70
50
270
18
321
14
205
384
124
374
436
335
317
193
210
269
441
400
167
169
170
444
261
100
447
460
371
531
26
81
339
504
460
573
73
511
48
355
232
58
204
73
407
317
188
495
38
18
50
104
242
336
214
90
492
574
79
185
478
498
120
85
50
358
417
187
406
462
531
522
339
488
246
298
532
295
432
11
249
240
526
37
397
558
286
393
495
49
344
397
181
54
483
484
301
209
255
382
85
391
521
448
420
520
316
113
521
467
131
240
530
206
483
327
132
393
208
427
336
414
485
379
404
22
200
298
22
179
404
525
122
193
459
339
172
497
510
547
416
370
420
128
349
371
271
345
444
550
257
212
172
212
210
136
550
465
266
497
214
147
210
255
285
528
259
397
20
537
427
139
103
150
555
89
413
22
160
257
297
517
194
179
203
575
111
87
83
309
404
45
68
420
544
227
449
9
372
474
255
77
8
28
444
167
546
126
301
286
240
562
67
292
541
307
492
240
139
140
308
300
165
78
483
134
123
20
542
75
500
288
372
80
432
412
349
493
332
71
193
256
488
240
104
39
415
526
303
521
200
482
37
485
311
35
527
336
84
550
367
541
418
485
55
249
82
361
256
50
391
530
271
532
494
203
276
474
238
35
554
96
64
156
119
419
194
413
382
321
77
514
509
374
463
412
541
311
126
393
197
73
530
353
4
267
449
391
350
309
421
177
10
314
178
92
390
30
155
522
529
209
433
166
129
434
336
201
517
283
239
317
62
396
357
73
201
517
13
357
350
473
240
268
260
356
348
258
51
411
106
276
368
557
256
370
427
386
279
523
343
391
171
516
142
315
386
20
525
15
449
500
513
473
307
362
461
362
270
26
53
354
463
324
388
312
133
356
336
56
218
490
332
94
421
26
218
152
392
498
113
253
103
149
328
488
523
206
280
499
478
452
270
314
42
202
322
43
414
198
540
286
328
82
75
545
94
425
346
544
135
133
465
11
61
481
415
568
107
94
483
131
572
92
125
553
197
220
80
332
142
505
209
228
300
33
382
299
401
341
354
478
335
68
256
246
45
26
517
347
504
338
341
243
547
573
301
335
6
28
561
201
187
339
307
429
182
78
228
541
481
263
4
536
280
418
39
339
46
200
222
256
349
80
382
143
79
433
54
337
564
286
224
319
108
560
14
322
169
470
335
399
261
528
284
358
575
572
466
382
49
470
286
440
401
398
19
116
529
267
442
553
31
263
77
419
555
300
347
532
49
279
446
19
376
69
401
80
516
147
231
376
279
478
356
61
71
50
71
495
495
218
347
131
341
113
140
470
17
443
353
271
458
455
366
97
67
72
511
309
522
427
53
155
513
465
542
537
550
99
354
49
20
131
234
97
375
433
388
156
555
240
129
231
422
151
417
296
471
87
513
332
256
308
122
194
354
444
575
312
506
276
575
65
280
418
328
501
203
433
436
451
540
240
122
462
541
81
245
561
169
26
407
242
532
150
284
433
426
241
482
39
485
161
170
4
443
222
399
320
60
84
195
64
115
376
74
151
197
404
572
326
482
376
38
500
76
28
276
241
417
252
246
136
423
283
421
268
300
44
143
186
41
311
401
184
480
71
159
85
280
392
99
461
159
543
352
232
480
76
423
370
114
136
37
421
396
429
500
575
226
475
501
137
328
551
479
51
346
37
123
12
245
538
548
498
162
501
132
408
476
261
89
438
510
524
384
435
196
406
171
374
46
505
398
346
417
73
233
283
270
376
197
48
461
379
307
358
536
13
505
93
454
307
408
38
347
74
442
340
452
397
428
574
262
467
281
175
114
59
289
158
505
329
234
530
482
380
48
152
146
15
148
168
197
16
107
132
92
15
493
94
145
167
454
25
533
141
85
429
370
226
432
333
470
559
250
358
533
441
343
530
395
437
380
206
123
308
490
508
557
415
411
281
532
441
110
34
329
490
386
167
85
216
199
463
171
99
23
521
557
548
64
377
365
250
450
405
197
470
98
479
352
201
147
474
119
322
8
273
8
409
565
132
334
317
247
192
555
560
295
12
93
177
426
511
207
573
454
468
546
383
57
436
540
494
23
493
564
270
482
169
395
45
519
291
301
64
342
286
38
245
39
442
570
348
165
157
359
373
50
32
99
51
451
165
289
243
319
307
35
485
144
444
70
2
204
47
47
312
472
24
510
18
84
498
48
409
260
414
249
484
342
558
345
523
394
133
399
328
164
19
48
145
188
105
421
527
335
188
154
37
145
399
443
294
565
181
123
56
235
460
345
266
524
146
36
0
406
188
401
221
117
55
455
505
520
298
500
350
523
271
460
181
489
411
257
348
8
294
404
67
161
402
560
46
501
496
209
388
281
433
245
354
546
454
109
46
38
94
28
535
488
169
560
575
93
406
253
257
224
198
114
127
83
8
156
245
151
91
525
20
153
470
260
390
138
297
463
435
511
554
372
252
66
110
381
29
83
280
140
366
513
366
496
535
41
489
558
325
506
541
379
239
448
566
525
571
388
474
243
55
439
325
450
357
248
482
512
465
120
243
354
41
237
41
130
411
1
285
515
294
354
334
127
23
49
325
555
149
288
286
484
367
110
571
75
566
438
555
207
358
141
526
418
132
356
575
130
298
448
413
508
189
152
128
526
370
60
520
292
3
555
244
285
274
386
441
209
117
227
19
224
20
121
87
243
110
352
363
49
76
394
394
503
478
290
465
549
163
171
371
441
430
303
185
62
98
380
126
98
108
31
116
8
507
475
394
21
180
214
2
475
15
298
431
482
517
420
417
528
137
217
253
140
575
309
279
408
62
478
231
246
478
322
438
139
446
513
242
152
427
507
338
402
458
287
561
401
64
433
528
179
537
142
378
335
297
386
420
346
402
240
344
549
385
129
179
439
463
342
413
334
143
36
368
387
151
198
231
539
364
204
272
369
167
116
231
314
468
438
262
449
204
194
309
381
123
267
279
60
161
91
367
139
160
140
346
70
120
109
237
464
129
201
67
412
423
12
311
514
190
159
190
263
126
61
542
53
537
376
112
461
391
83
327
480
92
266
469
63
92
522
292
511
460
464
432
42
553
512
143
560
366
430
225
169
211
358
521
150
38
513
55
258
4
313
163
371
469
212
39
14
316
521
428
62
394
513
131
143
177
511
340
323
70
35
44
379
75
128
51
67
240
31
271
529
553
319
370
549
58
270
137
394
78
432
271
545
505
88
278
365
502
27
119
413
23
405
229
156
283
153
374
346
440
18
381
317
365
293
392
498
427
423
154
502
234
564
249
4
421
75
88
190
20
67
155
26
538
475
494
153
27
24
448
119
293
42
521
128
18
356
571
153
240
202
2
123
174
125
8
317
382
327
123
540
197
119
151
283
1
190
259
461
313
62
319
445
131
96
555
137
160
370
148
416
49
183
65
374
296
359
532
341
106
157
82
371
413
432
31
255
82
8
206
49
31
384
506
481
398
545
383
553
256
248
429
556
559
542
34
283
543
133
440
49
85
393
94
200
156
270
549
469
127
346
353
462
110
399
365
38
365
491
2
153
460
554
309
112
422
101
328
43
280
402
314
505
417
154
155
101
404
396
159
502
319
530
41
415
145
123
440
447
526
97
88
90
27
292
447
476
356
362
379
43
47
453
369
341
198
115
275
54
311
103
106
299
290
6
58
54
457
221
151
519
365
270
133
464
451
95
426
185
138
84
554
348
49
151
83
198
544
262
448
92
279
157
290
525
500
307
89
169
123
49
166
334
129
310
354
241
206
318
304
449
237
342
55
390
426
283
40
351
390
174
530
544
410
406
279
503
413
471
248
476
201
531
115
471
161
478
225
474
127
388
70
397
203
279
433
180
374
44
503
119
123
241
374
205
379
204
196
169
366
544
332
460
219
291
411
189
111
264
402
335
74
95
251
343
570
340
254
423
540
38
92
571
107
547
540
301
271
443
116
410
319
192
52
81
493
365
399
263
357
390
231
203
211
126
337
528
351
439
122
446
471
519
423
263
101
529
206
76
189
353
352
34
475
192
391
455
166
330
270
472
391
375
451
446
380
321
572
531
432
182
574
394
558
327
512
356
502
233
66
275
125
232
262
180
481
28
371
311
164
477
450
284
388
39
562
439
369
417
160
536
131
329
169
346
39
279
452
180
122
232
115
157
508
196
520
434
181
66
302
200
355
422
529
34
139
429
49
161
301
450
474
321
9
498
2
119
428
162
306
440
192
526
268
168
199
237
575
98
266
407
137
52
378
200
108
494
349
287
499
50
67
99
215
291
279
252
137
111
408
448
119
253
34
213
452
553
301
79
145
571
210
245
563
516
202
268
365
305
294
293
495
161
112
109
194
507
319
256
447
434
215
480
61
284
335
277
343
121
526
240
151
480
479
319
61
293
262
303
279
300
525
271
416
437
261
232
451
71
374
229
196
254
97
97
289
447
164
156
158
117
291
129
355
424
146
516
285
421
29
508
46
42
221
404
186
74
133
6
567
373
223
413
507
432
473
503
428
477
87
435
205
575
385
112
537
95
198
535
571
322
145
15
125
557
81
266
19
481
459
338
329
373
571
451
558
226
182
375
323
366
16
383
48
76
281
108
434
274
383
75
167
83
325
119
547
301
101
506
112
210
39
306
164
126
359
30
325
404
526
505
538
115
159
13
226
445
367
20
313
286
233
199
294
88
503
231
446
484
526
169
83
291
272
457
289
367
22
525
1
463
171
247
221
144
313
125
388
97
140
131
501
422
104
485
349
222
240
306
75
538
348
117
428
381
574
458
416
119
438
297
404
460
537
172
120
284
293
448
239
305
169
538
322
7
275
199
29
365
574
315
84
163
339
486
3
102
196
294
327
248
59
335
537
426
418
194
39
336
123
279
238
411
393
372
383
59
448
251
494
411
487
1
417
57
355
417
160
355
124
393
388
94
317
75
323
142
170
330
383
139
525
119
513
148
51
300
32
134
480
116
60
279
178
15
91
66
26
293
156
314
352
156
448
291
376
59
271
279
229
124
149
59
93
545
22
294
501
300
424
453
78
453
378
323
96
393
66
294
529
337
25
550
33
472
389
204
513
212
358
252
446
441
68
542
121
561
246
88
397
518
45
383
332
417
126
100
463
433
259
102
69
414
205
264
132
389
128
8
89
211
170
346
264
475
221
570
128
397
501
177
312
125
142
39
479
256
377
148
144
520
334
130
433
150
168
424
320
520
298
24
255
321
485
522
103
474
260
338
128
281
15
456
446
196
10
346
131
415
33
296
113
238
555
10
508
51
399
4
372
156
24
294
95
345
316
347
61
152
215
461
339
540
517
410
246
20
296
182
413
239
540
364
326
224
460
568
501
317
393
530
131
435
72
165
144
118
392
429
82
509
3
412
367
515
341
402
276
108
44
89
278
347
36
420
282
419
50
435
130
39
284
178
161
125
575
506
0
181
443
260
411
324
108
527
243
46
84
89
433
386
559
292
402
19
54
251
564
280
28
528
535
358
12
387
457
426
183
41
0
335
314
448
204
464
9
37
342
148
501
480
492
360
329
229
323
510
280
488
294
285
60
227
108
342
22
549
107
224
30
192
221
326
337
493
454
87
454
341
210
346
43
516
28
370
54
309
299
128
77
460
253
549
493
159
476
542
306
507
156
180
203
395
505
383
222
491
90
7
77
10
288
21
210
495
422
308
161
63
491
2
197
347
21
399
556
549
493
387
519
351
263
528
271
347
544
157
484
288
178
105
183
535
288
556
78
0
282
557
569
328
521
445
164
298
98
272
263
505
337
130
160
112
145
127
547
380
296
117
338
342
337
449
259
448
9
169
553
492
275
507
541
566
230
207
200
466
307
534
332
37
349
75
541
258
53
97
217
558
224
195
80
321
553
456
518
541
119
293
438
484
197
325
265
329
97
161
351
506
58
110
97
565
491
476
5
97
526
507
98
480
169
438
396
491
283
453
562
355
61
15
82
349
126
490
567
497
123
191
504
156
196
557
143
124
410
90
282
271
286
123
39
319
379
1
239
6
307
192
87
218
544
325
20
483
376
291
296
551
129
385
294
259
219
460
197
256
355
449
403
247
362
131
248
457
339
41
448
396
100
321
320
365
407
392
517
546
385
197
302
370
144
96
439
204
218
401
406
268
445
335
183
542
325
460
540
295
540
529
70
256
490
281
473
504
393
1
343
363
475
540
535
557
376
154
10
199
511
301
412
521
412
320
1
216
476
568
34
27
399
264
37
549
278
179
414
207
160
530
343
501
393
553
392
365
416
339
326
1
70
197
526
32
484
46
540
24
121
114
54
519
450
167
451
327
149
536
98
383
540
530
556
144
154
434
487
248
48
53
209
378
216
476
346
169
449
473
291
355
44
119
33
454
348
554
313
9
219
318
71
208
444
361
216
255
224
489
568
16
365
388
331
86
489
208
71
20
4
383
164
208
37
459
311
150
508
13
235
40
312
227
347
111
317
328
451
104
308
505
401
256
81
535
323
269
219
379
346
111
217
477
75
7
181
183
464
4
362
442
327
553
337
380
427
193
308
24
150
427
107
132
552
515
409
120
18
14
145
52
131
223
211
195
24
102
172
182
406
285
303
245
304
141
171
542
251
57
301
259
311
462
540
369
441
167
31
320
212
387
389
169
28
127
500
61
333
512
286
120
292
20
471
546
552
98
13
280
557
290
233
3
502
52
370
196
35
153
11
473
147
56
20
478
125
43
410
542
459
471
473
308
294
422
123
193
368
251
531
564
178
412
568
91
551
125
288
155
208
418
428
200
477
204
132
234
343
438
324
368
477
561
282
46
439
116
168
104
204
151
209
81
248
530
462
290
405
279
481
368
138
12
320
6
188
138
551
454
552
200
267
566
92
303
508
7
51
280
258
568
567
73
22
434
535
114
178
539
29
509
236
94
139
294
154
221
263
528
564
452
229
120
410
282
318
326
556
366
565
500
315
559
86
357
348
575
344
253
507
300
110
274
428
366
535
263
530
194
128
539
480
118
33
3
316
207
300
252
323
383
297
143
542
94
194
183
407
254
257
229
327
73
32
228
310
494
471
398
225
398
181
144
337
331
197
29
274
211
167
331
270
442
541
575
381
421
350
562
234
567
490
283
173
473
309
164
218
419
194
49
7
500
448
408
378
287
197
84
102
109
283
379
481
8
514
473
392
357
391
505
257
541
237
412
37
48
212
55
223
131
315
270
95
16
202
40
451
71
464
452
149
71
484
27
30
139
564
560
29
456
459
416
133
38
310
395
441
4
569
77
440
378
487
188
317
407
149
73
370
147
191
279
151
258
272
96
169
126
408
10
275
188
565
340
328
188
247
453
13
512
520
251
521
272
68
404
224
167
304
548
328
550
164
569
472
65
575
237
102
24
46
139
520
139
310
211
314
98
85
444
162
566
496
202
491
505
214
564
194
561
447
408
339
523
558
263
525
534
375
558
132
549
550
155
40
297
291
532
295
188
517
40
470
111
498
438
530
121
519
561
51
362
98
559
372
166
303
61
42
547
174
108
449
394
33
451
561
407
372
46
566
197
542
430
168
451
164
440
86
301
286
570
400
498
40
13
70
7
255
533
45
16
104
329
111
489
42
561
231
101
309
21
104
99
265
334
431
141
573
569
39
76
101
95
34
450
132
31
426
18
159
81
13
145
203
554
201
403
157
311
6
233
110
156
498
246
403
220
395
498
321
563
407
182
565
52
166
181
301
74
410
480
239
412
292
570
379
8
393
94
311
566
340
368
349
426
288
141
553
329
21
251
472
171
146
60
36
388
449
447
320
491
227
412
397
102
536
562
7
329
70
188
79
231
267
52
518
309
520
176
501
365
251
171
411
367
450
566
60
202
347
106
438
390
191
463
463
90
525
530
392
489
497
322
228
197
224
136
544
369
197
406
4
548
380
561
157
546
360
314
498
49
457
102
226
346
392
327
117
82
272
395
42
88
565
267
523
473
8
168
399
326
178
495
145
553
139
49
522
265
6
53
334
6
300
509
146
15
497
58
42
8
339
455
33
74
496
515
569
307
194
67
362
288
231
410
297
87
252
457
421
380
168
51
133
480
401
145
166
142
524
145
158
112
491
194
537
564
373
1
375
522
301
256
217
473
301
512
314
388
498
427
395
176
287
163
400
110
297
194
53
289
480
105
371
358
317
69
554
301
59
216
0
111
274
291
56
546
10
14
128
240
348
372
115
454
95
175
372
430
78
285
315
122
162
353
131
46
127
148
96
35
426
345
66
335
60
484
235
522
465
573
128
491
369
482
266
151
503
137
426
496
5
325
452
445
480
160
53
265
375
515
322
165
388
200
145
34
115
324
162
0
231
169
140
112
255
127
212
169
274
41
281
305
322
448
537
443
227
282
122
329
572
196
297
289
46
193
200
122
570
63
41
229
0
305
485
160
230
370
226
424
424
272
93
498
97
538
466
120
80
420
397
571
273
23
332
401
195
21
420
513
566
510
532
14
268
96
161
177
292
274
76
498
211
268
47
305
567
314
66
391
194
65
156
273
150
80
116
509
170
201
515
573
420
170
537
103
337
153
134
149
494
295
177
203
174
8
88
194
402
113
554
575
419
553
413
464
391
6
35
153
255
159
330
151
554
533
526
91
382
480
403
16
352
513
322
405
116
264
468
477
137
549
71
110
47
449
164
104
192
27
381
40
49
74
148
373
313
482
48
543
535
444
74
540
511
251
297
203
35
362
434
265
532
122
319
561
86
335
150
312
434
61
49
449
407
284
424
296
28
490
254
70
383
319
7
386
398
203
441
252
206
179
113
13
339
108
179
381
331
70
257
502
567
199
70
407
462
116
170
341
88
122
315
482
117
536
195
376
111
413
363
421
421
481
260
334
320
163
347
510
565
199
262
253
216
354
9
285
394
370
450
403
138
572
203
365
169
205
410
487
99
407
398
216
182
362
269
324
279
479
390
120
512
97
281
512
135
475
490
47
491
30
518
25
243
63
116
104
111
113
441
310
501
93
249
240
403
296
537
203
404
481
328
297
64
509
353
500
42
50
392
55
165
449
207
270
237
425
502
398
410
545
349
501
192
406
313
142
204
464
517
56
407
16
80
270
438
157
127
121
7
99
180
574
93
2
426
283
344
262
92
123
400
339
564
175
40
45
542
446
507
303
366
389
103
564
285
25
211
80
419
563
574
575
32
228
153
97
204
203
314
13
166
450
275
383
21
285
189
60
194
473
256
245
129
474
238
6
188
270
62
417
301
235
271
544
118
477
0
573
36
134
462
450
514
106
342
463
527
504
535
496
527
268
402
250
74
210
241
522
392
421
557
287
483
92
213
500
94
223
284
145
36
120
27
513
386
30
571
480
188
239
312
116
239
318
222
500
442
564
438
65
27
368
145
242
353
149
206
391
254
364
460
544
268
193
381
29
237
512
172
183
103
314
107
541
386
238
211
370
307
314
108
357
413
422
444
254
220
49
144
330
124
149
171
138
19
234
482
185
60
541
266
441
519
322
266
568
136
554
243
388
16
391
478
210
187
380
457
448
511
468
542
107
16
306
256
357
376
369
490
26
220
299
380
573
492
300
499
423
196
108
124
35
82
204
298
112
527
294
387
379
208
184
403
529
155
222
83
13
361
259
124
86
529
256
468
401
467
236
156
410
506
534
564
465
88
511
529
296
565
63
310
250
192
38
32
297
156
519
502
134
133
243
1
493
316
304
446
269
69
136
173
26
43
166
107
179
469
347
531
518
524
382
349
278
106
113
155
235
347
475
414
490
483
168
55
510
423
482
251
509
466
442
475
359
475
311
561
501
206
48
103
506
169
76
252
370
417
374
506
481
457
139
249
446
479
397
469
147
169
172
187
91
83
26
466
116
241
123
435
379
163
50
360
523
428
352
7
101
376
393
510
539
88
199
43
522
262
95
455
87
358
500
501
231
83
423
446
518
562
321
351
483
108
141
512
76
252
469
84
309
172
15
467
565
262
133
545
326
520
16
478
76
394
470
36
511
233
372
362
514
384
482
295
490
117
4
561
55
165
77
371
459
358
512
497
149
561
0
163
474
277
101
414
238
259
350
172
488
316
396
121
406
43
143
32
485
410
9
557
393
32
204
228
436
409
95
199
50
309
430
418
271
398
247
277
108
349
487
550
97
571
506
103
56
226
299
216
501
385
129
435
63
384
395
473
472
312
502
226
403
175
443
38
219
382
344
337
249
412
3
317
136
144
48
342
342
314
470
66
453
66
478
435
437
153
238
442
221
103
358
136
388
389
475
33
326
338
342
195
399
111
235
260
26
234
491
138
163
87
330
150
170
90
13
203
57
107
45
149
409
553
295
269
483
219
87
173
452
431
136
246
28
357
330
54
126
124
178
331
322
22
451
14
501
87
391
353
432
300
48
41
393
210
197
436
431
132
290
432
547
436
335
469
546
105
567
290
436
437
336
380
359
361
438
545
517
430
432
60
210
430
387
111
251
565
529
201
462
299
517
315
152
380
347
220
307
307
511
365
428
201
380
209
138
458
567
99
442
490
485
209
85
450
76
162
45
144
546
130
292
416
183
397
181
71
482
183
281
94
441
85
28
462
20
267
135
369
361
531
382
57
51
328
348
384
542
384
283
121
439
171
456
166
69
393
448
564
69
329
63
478
452
503
220
51
493
113
548
6
416
566
187
44
365
7
383
292
443
162
330
199
528
7
90
448
414
405
344
449
330
279
439
396
509
396
350
4
179
326
174
402
504
312
475
306
16
313
418
163
405
369
420
567
194
51
346
252
294
193
293
110
124
416
278
313
206
365
299
325
261
408
79
86
63
272
120
205
290
338
132
361
418
206
144
522
460
519
471
487
89
242
261
65
571
24
165
44
236
123
129
81
138
419
522
182
314
216
129
541
515
390
433
312
189
205
327
452
430
74
461
570
475
282
422
282
520
296
338
565
299
475
70
343
148
408
526
436
117
141
132
286
374
543
172
502
91
350
565
193
349
92
196
35
560
144
205
104
452
471
448
561
524
550
374
233
541
233
393
504
309
366
474
167
294
162
68
489
421
117
231
230
570
68
497
17
101
35
152
180
115
123
525
138
512
350
248
190
180
304
80
194
9
561
357
172
503
100
406
312
368
135
383
76
371
101
151
199
142
435
197
76
491
363
311
414
518
185
142
532
395
113
306
441
465
33
391
132
285
377
479
144
108
491
129
526
458
119
284
76
69
409
163
143
341
423
372
257
557
229
500
119
20
279
158
82
19
17
391
241
158
334
465
219
209
85
78
388
454
353
306
367
306
403
127
111
391
137
85
106
56
115
66
356
524
257
126
79
175
276
163
130
233
193
380
524
536
420
319
60
356
429
99
307
554
164
303
332
27
524
158
70
557
430
221
145
175
299
521
193
121
557
329
284
405
193
308
70
373
126
540
144
405
421
282
249
415
390
193
271
42
332
350
48
480
103
551
530
547
561
416
60
542
243
388
469
280
189
363
19
362
264
114
319
108
165
134
425
147
102
392
54
525
48
48
189
233
216
459
498
187
526
425
431
19
485
466
42
257
153
0
237
431
77
313
186
444
427
58
192
166
28
200
202
472
147
518
487
386
392
399
384
115
498
372
338
31
359
344
138
425
216
235
392
115
246
482
384
325
129
535
527
93
505
360
84
44
126
480
207
190
307
138
382
377
486
178
75
228
1
85
12
517
560
389
313
313
129
383
410
15
559
139
102
107
80
279
91
105
29
182
425
459
123
249
17
288
233
75
18
449
292
188
96
290
71
489
524
227
90
458
492
398
226
96
546
129
191
354
103
44
394
427
528
551
459
93
163
404
495
107
457
559
155
233
325
416
479
224
550
509
508
410
234
223
299
454
240
390
178
163
38
260
423
356
275
292
540
131
28
133
8
135
444
297
219
541
408
256
282
180
115
176
229
443
440
112
246
432
212
351
96
550
432
160
143
275
430
390
96
230
44
505
70
271
548
157
219
33
123
114
96
34
292
572
113
497
126
484
4
123
114
443
203
141
85
526
148
3
105
129
183
140
165
556
392
549
79
244
230
505
462
33
514
429
225
150
505
209
225
463
569
355
263
35
377
483
122
143
135
115
427
441
18
60
322
408
215
354
170
315
521
188
154
20
32
352
482
465
358
532
505
351
318
123
415
181
296
79
392
415
338
210
356
223
531
488
111
302
60
126
25
378
75
529
115
400
10
314
471
370
21
239
407
113
307
20
371
338
426
391
517
468
532
16
116
149
199
469
482
144
106
328
57
138
183
443
184
37
107
468
471
398
421
519
419
158
346
328
338
76
55
533
6
385
96
56
107
377
338
194
551
319
469
138
353
505
231
351
67
400
402
355
518
2
193
537
466
20
308
381
480
362
521
83
66
234
439
146
421
113
224
561
27
551
346
488
405
426
519
107
201
408
391
460
304
355
185
22
412
18
184
420
239
111
378
407
392
474
61
65
411
450
484
16
492
43
424
115
10
380
261
428
58
249
266
374
430
18
77
284
74
551
234
235
131
223
156
298
476
114
260
109
148
280
163
91
476
291
522
236
454
221
100
154
571
469
521
550
128
13
185
42
224
79
313
231
172
492
40
1
206
433
231
420
223
265
565
333
230
115
518
487
180
445
94
31
428
520
467
392
412
107
544
20
35
2
94
487
152
507
454
232
375
431
237
497
183
385
156
222
306
479
549
12
545
404
463
4
432
13
385
345
40
436
86
26
335
371
345
351
309
176
459
573
29
396
138
464
376
315
297
523
159
464
526
433
340
201
490
254
462
385
529
276
320
234
167
355
371
79
317
219
180
490
537
242
561
165
235
380
530
299
426
348
340
501
418
245
429
547
271
94
372
105
529
435
434
386
167
115
499
331
236
246
532
418
75
213
67
429
74
131
415
426
503
443
320
488
415
564
246
494
397
533
546
29
171
100
306
171
443
294
35
118
529
252
182
435
148
399
497
309
24
202
18
465
546
361
223
118
238
34
272
493
28
267
306
546
217
350
568
475
404
18
474
277
466
568
90
450
96
462
383
75
174
507
417
486
226
8
183
62
225
230
224
46
291
306
449
148
328
487
4
34
120
561
40
383
467
247
185
547
55
176
466
13
530
266
252
351
121
1
110
553
235
568
563
224
228
382
557
404
539
384
557
446
98
240
252
113
344
157
406
540
323
253
205
100
51
303
442
568
100
231
457
329
243
338
8
454
228
434
283
504
561
348
513
15
118
14
342
194
388
333
99
110
466
131
24
548
83
48
205
452
64
47
485
445
186
204
273
149
266
140
232
54
76
307
341
238
113
432
383
374
58
91
183
498
266
372
317
238
173
65
456
466
400
280
87
446
502
211
456
410
408
141
116
490
57
366
272
262
262
530
552
179
493
390
431
261
202
117
349
353
34
30
123
46
87
295
400
248
157
228
310
10
289
155
477
163
224
486
270
352
406
556
390
184
22
83
498
16
183
408
561
43
556
462
20
288
464
457
163
266
529
464
257
247
326
102
69
404
262
514
216
540
38
473
295
496
466
127
60
144
234
54
380
441
163
96
452
388
46
129
346
102
39
380
276
346
30
371
510
301
60
1
392
106
255
141
444
84
3
141
43
147
166
489
381
156
39
31
330
119
43
540
214
26
395
462
226
143
532
229
528
214
201
78
171
39
503
129
161
294
399
271
498
107
346
202
276
183
531
301
131
100
514
550
17
154
226
426
67
226
431
286
456
250
275
410
499
250
375
96
131
247
301
11
440
391
397
135
549
554
414
486
244
34
228
557
341
518
183
411
298
278
450
154
79
345
227
425
401
195
212
69
486
433
91
519
131
52
187
388
199
533
34
91
562
541
320
66
25
563
60
298
371
344
176
531
21
491
263
131
524
366
330
332
77
76
277
287
152
333
406
113
341
56
91
22
495
24
397
147
217
457
41
463
131
352
247
253
461
232
101
101
35
560
71
11
202
306
152
323
101
317
213
397
191
499
519
434
293
560
116
391
199
65
530
218
196
234
345
542
141
494
171
436
451
30
131
534
343
412
217
46
466
456
476
274
348
260
271
157
322
522
372
345
159
374
380
215
295
398
256
453
345
310
560
537
307
335
458
47
312
65
352
109
382
380
570
151
151
389
99
530
15
512
56
15
22
260
312
163
32
27
330
339
308
279
167
253
302
148
511
272
45
10
289
561
429
534
307
494
575
373
104
88
323
255
52
17
421
295
459
208
207
268
310
53
177
68
123
307
102
320
97
393
534
15
295
323
97
36
421
95
313
573
131
208
377
124
233
502
279
331
411
564
196
204
234
425
432
453
65
136
75
509
491
355
329
542
434
460
374
152
367
227
238
309
362
254
502
307
143
218
244
251
457
131
158
130
553
146
97
494
345
329
534
358
431
437
251
256
528
168
163
432
347
570
542
87
376
410
266
335
70
120
131
253
73
271
294
87
148
196
102
326
137
190
570
136
416
538
528
99
0
323
72
125
407
199
407
551
240
564
538
388
188
315
216
569
323
103
499
329
79
404
3
36
122
75
152
291
573
421
520
85
19
497
294
400
560
80
231
412
522
347
553
422
206
486
118
326
99
518
97
434
221
372
541
138
340
57
422
44
419
19
384
17
573
434
498
416
7
568
197
303
444
424
103
235
390
573
18
232
371
199
57
518
269
222
298
305
288
204
347
461
490
288
315
451
381
479
557
554
515
459
436
428
178
71
322
198
201
350
134
58
499
372
101
492
375
455
544
127
388
487
419
516
356
0
430
206
40
2
264
135
127
290
167
147
118
121
399
181
362
137
203
121
269
77
323
33
529
167
333
388
171
49
284
564
504
361
568
14
451
187
197
328
529
222
172
420
528
168
211
45
423
183
430
266
393
298
153
311
543
85
288
201
534
492
334
240
258
574
440
369
137
55
169
547
50
240
93
0
26
39
300
235
4
399
260
571
554
176
528
520
419
52
186
172
39
489
0
542
64
27
190
358
240
451
364
141
283
397
462
487
309
135
36
56
301
513
413
16
406
227
451
372
426
131
407
485
72
62
528
353
2
213
502
315
17
470
44
175
109
551
168
290
359
212
133
399
558
494
129
4
293
313
408
502
76
62
408
352
62
7
574
39
283
290
515
190
71
245
81
76
221
93
315
212
291
436
137
316
529
166
521
505
123
364
364
283
516
168
53
17
526
205
49
496
309
17
24
245
109
158
554
481
423
463
87
175
486
424
316
502
374
494
376
108
285
86
519
44
569
526
568
55
300
435
196
326
411
158
76
455
103
129
324
328
397
97
526
175
40
339
167
131
510
97
473
447
382
247
186
387
158
336
86
66
191
402
247
354
80
444
94
63
394
129
43
487
531
555
485
153
415
282
394
436
265
66
494
394
240
42
141
227
430
33
86
313
541
198
99
157
557
309
0
339
29
508
253
292
309
487
319
214
437
468
523
56
152
148
45
230
340
344
179
13
438
338
528
163
451
404
420
66
430
49
542
175
148
58
131
365
93
487
87
191
297
52
535
563
380
118
566
450
141
265
495
449
183
428
372
564
511
332
168
163
312
263
408
179
510
308
319
169
292
131
120
315
486
369
129
87
468
556
223
522
15
148
343
283
323
317
548
351
323
351
182
565
496
295
473
180
297
271
436
100
271
345
338
500
163
26
562
496
151
343
323
445
132
48
241
132
125
448
394
237
89
393
109
336
92
437
427
194
69
31
95
440
430
106
322
447
133
58
125
23
194
8
199
31
473
512
575
192
123
65
180
510
365
17
96
198
344
237
266
98
398
558
449
436
95
149
265
520
333
183
197
263
152
564
292
51
64
114
0
