-1069.375914
-3746.849504
-492.1289011
-921.4258502
-285.9605276
-1636.26673
-615.7383904
-940.8823706
-1294.921688
-4157.809505
-704.2816696
-604.3591926
-568.5777397
-890.0060541
-374.9822072
-1453.656226
-3126.806078
-441.837385
-126.5272096
-427.9750137
-718.6172495
-372.1185822
-259.3737627
-469.6392882
-682.0545484
-177.9272777
-882.0163605
-331.6834738
-986.2374489
-1371.086865
-281.1797121
-271.6399856
-225.7173994
-107.4324378
-586.081479
-488.7559747
-834.3487173
-257.2736526
-854.2958507
-233.6834902
-386.0161816
-2777.572074
-3892.462817
-876.1951463
-495.6864046
-1170.22607
-1691.626831
-1660.936699
-761.1482467
-2186.458936
-801.291966
-985.9330589
-545.0711695
-199.3888881
-417.0517265
-464.1502392
-353.41383
-383.2444249
-430.7652151
-479.7585461
-366.4393466
-373.6240716
-691.8146621
-621.1820513
-211.3679712
-191.3778958
-329.2466709
-537.5334461
-132.9701497
-2841.133638
-267.6790271
-2668.849615
-624.0910447
-906.2428527
-85.50522527
-487.752482
-276.8362546
-291.3354392
-758.7465011
-284.9826195
-700.5491258
-268.6027922
-778.4710785
-447.5859621
-231.8743244
-479.4361429
-4857.751884
-367.926125
-654.7828152
-3095.714517
-359.3142363
-300.2750959
-753.1949586
-1344.114234
-1051.974828
-622.1296554
-1311.1243
-355.0490884
-256.7627814
-212.1386945
-822.69315
-624.1726585
-140.9671896
-223.4156581
-1557.164265
-1332.089197
-176.6778298
-794.0514829
-105.296415
-397.6071874
-646.8355574
-241.1339575
-1095.960702
-176.9617115
-952.5802745
-302.1322104
-230.81679
-1722.765283
-469.4371747
-895.0660443
-3500.825805
-974.4075261
-644.5595245
-373.0270177
-1783.452098
-503.7608607
-461.8689823
-299.3288155
-267.0539065
-275.3409759
-1058.273641
-1335.676204
-699.2102074
-172.630808
-1432.456752
-282.4380616
-355.8379198
-761.0244165
-346.8717823
-698.309028
-6135.572106
-461.1995378
-502.0674632
-877.6781598
-608.330795
-402.5424667
-768.0072562
-745.4754318
-724.0019182
-546.5334679
-323.06036
-907.4253727
-136.5309131
-518.0951981
-1048.47708
-1023.68932
-728.5482362
-5472.889693
-658.3812507
-1718.098179
-440.2726147
-393.8159261
-256.5941622
-254.2147312
-443.226777
-130.8952985
-569.575547
-674.7453928
-815.6699267
-519.3506898
-290.5849062
-510.6595334
-1307.946008
-422.6563121
-620.9390218
-637.2644859
-192.698324
-898.5667505
-2904.530117
-1229.741248
-402.8851925
-634.4727152
-185.6049043
-740.2387863
-1420.224271
-1258.70864
-290.1514254
-794.7107816
-981.1782089
-831.5339242
-1269.558431
-246.200819
-1405.361925
-277.9142713
-330.3241395
-316.9480646
-675.2839357
-1609.573625
-514.790999
-794.8347639
-448.1214621
-1677.488378
-833.6140046
-259.384875
-396.3583725
-591.3450697
-324.5622502
-592.9424836
-553.1512271
-579.0664646
-372.3831793
-728.4889923
-323.6751773
-588.0373853
-357.8019995
-420.3865847
-419.7667166
-302.7441942
-235.4921171
-867.1808852
-750.7375176
-225.6840725
-1071.078978
-209.8395253
-200.8060277
-226.7279333
-524.2170764
-345.6754199
-9370.044753
-607.5618471
-750.8132949
-265.9165625
-422.2675492
-717.1972983
-691.2179275
-190.6554487
-328.0712628
-185.0945911
-223.809952
-690.6518241
-1056.180122
-302.335936
-312.1795249
-112.7240914
-675.8894002
-953.8652109
-938.910644
-337.2648318
-601.5863034
-1360.468489
-221.536381
-630.8391945
-388.0154019
-601.391045
-4090.69231
-5773.245354
-749.7760709
-1335.937548
-1117.783794
-271.5551115
-168.0722
-147.4281634
-1458.37724
-783.9443516
-552.8916645
-533.5017042
-281.1549077
-144.5704149
-330.7624635
-751.5636225
-1512.098111
-422.5649869
-408.086186
-809.4658646
-241.6442796
-2449.845381
-845.1859382
-301.0547131
-366.8612357
-350.1866672
-418.1920121
-1019.808692
-296.1509993
-469.6569382
-131.20456
-524.2328384
-742.9877759
-778.6226083
-6419.72391
-220.3037167
-443.5398775
-357.3372269
-1073.806936
-673.6143975
-928.1510869
-563.0701383
-453.4614032
-456.0105817
-667.3990756
-197.0795714
-292.6918832
-623.687631
-3111.794916
-3311.404343
-1103.457614
-479.8380264
-653.2653994
-492.400358
-318.1475583
-430.3576393
-1015.650573
-1054.816491
-1386.64972
-2431.848305
-584.3129415
-564.9313338
-4352.37252
-1173.621189
-618.1728636
-1230.763862
-745.6671451
-301.1928948
-465.7150315
-2280.072433
-527.1599921
-814.1366396
-415.1581761
-175.2043756
-573.9182793
-591.7166893
-539.4610018
-168.6042615
-664.7217453
-113.3904643
-227.5522275
-583.7933958
-831.068342
-348.4828557
-511.7657847
-1613.947252
-385.5052819
-1746.361713
-622.6923913
-317.8302272
-454.4290268
-193.6849709
-554.4284464
-186.2942795
-679.4569317
-830.6645604
-551.2802225
-170.7904932
-741.0648288
-432.7618569
-195.6415268
-5852.296079
-469.2339624
-421.6983789
-437.1364991
-1085.449285
-1122.798371
-745.6268586
-559.5556292
-271.2995574
-495.5529803
-435.2605187
-532.0702183
-934.150996
-893.3559033
-913.3257944
-1276.878352
-382.6267691
-376.8093106
-1355.415252
-553.0747448
-1327.440374
-1162.938265
-126.4171699
-1219.569686
-446.3832334
-746.6364959
-1560.260301
-316.5515525
-323.5028776
-252.2296637
-497.7531853
-341.5140442
-1174.626716
-263.7608556
-318.9235607
-1170.090906
-225.5334877
-199.0611349
-269.0697237
-430.6067756
-499.3183185
-414.874561
-1535.72216
-554.1967925
-646.330611
-462.1977419
-2368.798161
-592.0749116
-1018.940899
-1387.973104
-989.5230662
-1511.669072
-158.6102486
-288.1331634
-1370.844536
-485.2509006
-573.2864882
-510.0562833
-639.4081838
-1572.335453
-317.9903038
-101.4278329
-814.9494718
-819.3904657
-269.0894497
-457.806523
-276.4932608
-279.0552249
-176.0077371
-324.037203
-1143.73699
-233.8994301
-538.5688757
-233.3653011
-410.0705283
-1030.700475
-2355.45192
-510.5992618
-869.9264567
-460.4264191
-544.332451
-769.7586577
-336.5792394
-168.5826684
-395.7944723
-428.4069434
-304.889318
-947.5780573
-509.5278905
-523.9585773
-578.721805
-517.7875275
-232.3873535
-1741.990436
-1408.277452
-872.3239612
-158.894639
-364.3012077
-819.9320017
-332.0054762
-276.5785422
-658.5492358
-730.7072014
-403.3508203
-241.1352154
-751.5276937
-705.2966611
-513.1396508
-316.3028235
-732.9465961
-3699.806639
-421.0067536
-562.7693703
-426.2781008
-660.2475593
-561.0708453
-244.2450689
-395.4649402
-358.6145153
-5777.369924
-1572.201894
-319.0719983
-1103.854362
-573.6183319
-599.2199472
-87.97460509
-136.0823843
-800.3849392
-310.9527171
-718.0554291
-364.9103548
-269.3521205
-431.2327005
-192.1223448
-195.8745915
-3868.317622
-483.5752082
-359.5724622
-805.517466
-448.5083838
-302.7834248
-960.9540978
-218.0015463
-1084.603799
-2137.004052
-83.08381342
-236.5401069
-560.5971624
-1588.643305
-282.4228767
-544.956167
-854.3262764
-650.6393238
-314.5062405
-94.03058797
-1344.360204
-469.3637577
-890.8537859
-578.6133382
-234.0179441
-527.1636323
-295.6422614
-253.9626594
-3692.013087
-236.7537198
-4391.298659
-1090.278481
-267.6707242
-249.3912094
-911.6658377
-213.5642967
-340.6147783
-382.3103015
-348.5019012
-645.7289672
-7617.539638
-1078.97886
-341.953552
-336.7089761
-1160.824077
-144.0069543
-329.5362271
-523.1429153
-1087.423484
-642.6844058
-586.7465045
-327.051169
-167.0034239
-406.137372
-239.675334
-1686.607592
-351.4209141
-227.3525018
-316.5610656
-764.9702933
-1896.679818
-150.6133991
-465.4060137
-485.6384913
-486.7092371
-585.9029884
-3417.493728
-893.2157918
-205.130767
-695.7624854
-607.5331199
-447.7671692
-403.8994795
-728.0058835
-240.8671676
-315.949855
-1565.61896
-1031.299015
-755.3891828
-489.3882658
-297.5660938
-574.2642478
-336.8617066
-788.1746834
-1317.632934
-423.4218558
-802.4122821
-317.8386077
-478.6168787
-1593.904269
-997.8979008
-224.9772122
-1443.458821
-167.9897204
-647.3333426
-234.1159587
-912.7237868
-778.4992637
-461.5565493
-441.2839915
-571.1868576
-519.8804158
-3641.990102
-845.1654872
-238.1097141
-278.1275771
-412.1404912
-218.9963079
-452.8622575
-500.0289513
-382.5747716
-385.2554111
-211.330854
-460.2129268
-773.1721208
-1238.141601
-131.6418264
-883.392916
-1222.428066
-1432.401344
-606.5764382
-856.9242237
-486.7598504
-272.0321971
-596.8662211
-1197.419006
-1249.354969
-1394.131711
-745.1893939
-600.4658659
-784.3519644
-343.0926098
-363.0999153
-486.5359527
-1488.568883
-1767.668675
-1777.872297
-185.0611136
-1089.797844
-375.6364499
-193.96546
-278.4875827
-1336.344227
-235.7396152
-639.5925724
-842.0928844
-2227.24218
-653.6045962
-256.2101048
-562.8799171
-409.9401108
-459.4975236
-2820.957127
-437.5907382
-610.0841399
-576.3728788
-247.7838166
-2086.275384
-358.6211892
-925.7778338
-192.362548
-288.3222155
-1080.108478
-2665.570625
-322.7515942
-511.0851798
-336.4999988
-2423.547299
-901.9954589
-3694.692221
-191.23626
-628.5203174
-815.2728271
-517.3545312
-901.3490978
-1055.722725
-483.4393385
-211.9858388
-885.7948591
-480.5357461
-173.9072127
-993.1435501
-273.1667424
-672.866172
-831.533966
-242.5957616
-844.2861043
-565.112624
-332.6377669
-511.0798025
-336.1750562
-250.6188798
-450.0057062
-1047.910653
-312.4286748
-756.0732545
-315.6671274
-1098.936104
-1242.074472
-247.8110567
-786.2529859
-299.4013178
-1750.418949
-406.7925608
-191.8317281
-595.2204567
-554.2218857
-1682.677452
-668.1937246
-496.380611
-472.5802731
-876.1237519
-179.4915476
-130.3740062
-477.959874
-165.8574304
-290.5454318
-694.1378981
-338.2554892
-585.3487843
-1196.73483
-483.3188092
-1370.347005
-318.9303139
-364.5499773
-374.8311349
-324.6155985
-321.9452309
-196.0452141
-279.9187218
-738.3105327
-1325.508502
-311.3400054
-204.3879815
-1862.159227
-346.9847512
-114.1579554
-329.8667113
-4777.871093
-724.4625965
-534.0907991
-566.5412986
-335.805845
-2108.514571
-332.0283627
-1201.018832
-1183.960054
-680.0683563
-362.6519587
-490.394413
-149.382168
-451.4292342
-1344.079248
-974.18707
-389.6990189
-456.0342245
-862.7729768
-563.8817351
-282.2051436
-4791.983165
-412.2541317
-324.3067899
-795.0102539
-183.8235108
-940.899461
-869.2769187
-1088.855661
-367.4612989
-370.6393369
-332.3034501
-173.1253514
-312.8776902
-412.3721754
-664.7678918
-1054.979529
-366.8931192
-250.6032992
-312.6645287
-435.731609
-388.9004649
-1078.884722
-578.7485248
-1227.497054
-243.4319482
-843.0591311
-507.6126949
-443.7895965
-194.165538
-2336.730851
-309.5865548
-508.3283623
-501.2548549
-288.5474311
-1265.675222
-475.7100887
-1395.173267
-536.9259562
-245.7194766
-514.2621173
-358.4454983
-347.192551
-617.6694275
-1854.005707
-777.5477191
-909.8189378
-713.0630872
-140.8666717
-255.192568
-207.6773993
-530.5053416
-2054.256905
-593.3591928
-949.8648129
-691.845359
-2863.099341
-229.3881838
-565.6926812
-242.3415194
-241.2865382
-319.1959878
-265.2247178
-497.7143833
-741.3489264
-598.5871205
-697.78451
-363.2936168
-1121.388607
-330.4473262
-609.6792316
-230.8340185
-482.2875439
-491.9854159
-368.4551294
-893.0259175
-582.4543325
-1284.822314
-721.7113279
-437.350064
-728.7671891
-262.7349675
-735.0128578
-1564.152849
-368.777084
-191.9252316
-511.6242158
-2999.065523
-968.255063
-468.8672776
-459.3295484
-344.0812649
-167.2281481
-463.1203505
-497.7840883
-323.1706393
-566.7414329
-228.0832821
-219.0468819
-852.0385402
-687.4756586
-1018.916665
-829.7905683
-590.9578506
-2965.229873
-889.5348321
-1812.119655
-791.6947722
-1718.302038
-260.8124098
-252.4315726
-233.7748778
-1336.027472
-524.518934
-429.797277
-376.7289689
-862.0854124
-390.2438023
-444.5159475
-783.2268266
-1111.50604
-461.9310386
-373.1597285
-501.1286606
-1684.677075
-1558.302194
-543.4535312
-364.7403705
-1791.899662
-136.4394126
-2331.378804
-1849.404476
-487.7978527
-105.6919766
-430.094739
-793.1734615
-4402.437374
-261.273195
-576.4643412
-570.9159855
-746.8875633
-266.1903246
-1751.126155
-2119.23816
-218.2071901
-492.8782931
-1007.065971
-371.1149818
-461.710275
-1036.993119
-546.6807519
-376.5918651
-731.7215275
-796.6141513
-728.5864138
-628.3301825
-4118.845521
-585.6897264
-287.3384228
-170.211415
-1801.549411
-530.2393102
-783.048117
-463.8641295
-1314.865551
-610.9253189
-112.633965
-1683.481812
-669.0145156
-347.6191718
-1035.756321
-230.2725451
-285.7165814
-106.8730884
-274.2579045
-499.2500445
-283.7721943
-307.6335679
-521.9628365
-940.8291272
-425.9349127
-1042.566223
-347.5548582
-410.7086986
-695.7159864
-474.4274005
-815.5895008
-878.7581382
-292.7318554
-405.8582767
-1468.117361
-494.8646776
-228.5214846
-732.4094124
-289.0835942
-1027.57713
-1869.15326
-779.9099955
-236.8309073
-370.8680854
-488.5733837
-1016.669603
-1234.720293
-1034.021815
-404.7775224
-4175.287863
-351.3103135
-589.3552911
-230.6687695
-1252.090351
-322.5546372
-359.9980328
-984.4732962
-375.2602646
-1179.378782
-2162.356578
-4087.738896
-688.7616412
-634.133803
-151.2091592
-397.3725873
-468.4189619
-147.0913534
-328.6796438
-1287.293405
-1135.915698
-1052.402403
-168.5095306
-294.9439613
-423.2632319
-945.6908504
-511.0571079
-748.1989943
-257.0337627
-312.9496838
-353.2768993
-536.0911458
-852.8145554
-497.5185115
-859.3357513
