    0.8116030571     0.7146747279      1.246543356       1.44753957     0.9369756323      1.082913836                1     0.7612819141     0.6877961758     0.4547810675     0.4140398148      0.280669373     0.2248197579     0.2561488561     0.1185944074     0.2469821625     0.1251973297     0.1103769124     0.1136439497    0.04442873119    0.04174003763    0.05385023618    0.03230193123    0.01629073534   0.005752297629   0.002786580432   0.001794472681   0.001552371243   0.001396090687   0.001232993787   0.004050852448 
       1.4225345      1.438666871      1.009436734     0.7781154323     0.7161471462     0.6027878945                1     0.9290368398     0.9836527891      1.413951416     0.9441175798     0.7165614056     0.4883385694     0.4408874373     0.1592683926     0.2642285485     0.1367007322       0.20944999     0.4846317525      0.391960604     0.4788474471     0.5425007949     0.1994690952    0.07408211187      0.040740519     0.0861597859      0.179286671     0.0999417716    0.01810244488    0.01129432645   0.007599100284 
    0.9699389242      0.741463775     0.4383095233     0.7763998239     0.8961277173      1.440543543                1     0.7150535195     0.8661057944     0.3468040856     0.2071396353     0.1551931433     0.1360188672     0.1405551466     0.1576045373     0.3289817069    0.09712411716     0.3703726248     0.1779900064     0.1529053834     0.1334018427    0.02935342428   0.008539175355    0.01572376424   0.008676219865   0.003697023865   0.004023206609   0.003719939021   0.006677926181    0.00423956075   0.006069188156 
     1.447002666      1.748836046      1.449559129      3.218148214      1.357012283      1.057110098                1      0.677923668     0.5366730215     0.5954907311     0.3875863217     0.3233409581     0.2576271994     0.2289630495    0.08171339974    0.07142573795     0.1641272897    0.06784855507     0.3761705685       0.25070276     0.3609503159     0.2842383448     0.2229170584     0.1600183573     0.1466424437    0.04928822184    0.02854206714    0.01472371854    0.03883112719    0.00891690707   0.005383825527 
     3.304865439      2.395306735      1.471375951     0.6723509197     0.5376275715     0.5534843945                1     0.7210348281     0.4488394801     0.6258600294     0.5305338514     0.3942112748     0.4221127937     0.2475499403     0.3441257613     0.4784072079     0.1517629403     0.1288844584     0.1137978468     0.1176755028    0.07347870004     0.1046824461     0.1871339494    0.08556893259    0.03345479173    0.03435601139    0.02117661775    0.01529471226    0.02324236624    0.01369989488    0.01172296373 
     28.10489819      7.781862459      2.619663357      2.103396638      2.497248856      1.506505152                1     0.5291172695       1.38502377      1.333032436     0.4046854015      1.604354446     0.3683866704     0.4428776291      0.399621563     0.2879772804    0.04484677969     0.1593127727    0.07189320416    0.08014390684    0.09615553971    0.04878774513    0.02176656318    0.02809813091    0.04841456299   0.008930277172    0.05836873286    0.03601074127     0.1549442726    0.02675051591    0.03934381829 
     1.050334342     0.9494693425     0.9774369895     0.9185203155      1.140581231      1.265683316                1     0.8527147305     0.3426227132     0.2191756668     0.2613870077      0.194569031    0.07827301767    0.05824880549    0.05310309074     0.2753161144     0.9325919823      6.898097845      1.839310125      1.576417199     0.7116951893     0.3672097327      1.212588387      1.579738396     0.1339479381     0.4432134692    0.09687619029     0.1112890462     0.2673906107     0.2509218667     0.4044098037 
    0.6109099551      1.735214313      1.859855236      3.338481468      1.905560305      2.378285676                1     0.9489028281      0.589014187     0.7097678087     0.7603113308      0.869978253     0.6985702165     0.4568695574     0.7544409767     0.3495465282     0.1942706145     0.1801392054     0.1340433054     0.5145922798      1.173195069     0.2018277221     0.1123934158    0.07711752719    0.01812003446    0.01508000299     0.0156151707    0.01096405022    0.00245981064   0.002421179462    0.00378861099 
    0.3168149713      1.736356292      1.677272054      1.429238559     0.9201261572      1.165557859                1     0.5502769375     0.7982637981     0.7301210052     0.5498780395     0.4748326445      0.491129071     0.2603625232     0.5687997274     0.1013505722      1.554865885     0.2910728218    0.03720624878     0.1191152828     0.1064788886    0.08373594185    0.05243906314    0.04814782103    0.06157560873    0.06511341219      0.168429904      0.148962906    0.08956443976    0.07252336058    0.09720895934 
    0.4391400978     0.3887289017     0.6729878428      0.718081171     0.8877889124      1.244964871                1     0.7099305391     0.4609508473     0.6265079716     0.3837978699     0.4892688432     0.4292097144      0.153392274     0.2440566418     0.1159989421    0.07557031234    0.06554875997     0.0916664192    0.05440464913    0.02757974936    0.01366168419    0.02196204632    0.01561178051   0.005726973961    0.00882204822    0.01280748909    0.01069049997     0.0127892783    0.05715906313   0.008771731857 
     1.679055382      1.189850884      1.510073443      1.492516207     0.9167524705      1.262191785                1     0.7970556953      1.041789133     0.5735009677     0.7548713938     0.9734372798      1.520834862     0.8002395065      3.006082152      1.154420798      1.076249089      3.995005765      6.198987573      2.547726723     0.7793759109      1.919870826      2.103207077     0.5511774342     0.4365116053      0.370499807     0.1850430627     0.6452267065     0.5876277433     0.7018494074     0.1855224024 
     20.07619149      47.17742939      10.31162295      1.553477654      1.767134896      1.064681828                1     0.8978888828      1.021865645      1.207879281     0.5953936401     0.4366546615     0.4671184274     0.1847966287     0.2971777168        1.1807402     0.3052020267      2.092912382      1.499982752      2.102029076      2.527302259      10.89183236      9.755369255      17.33885263      16.01875182      6.031073908      1.643375521     0.6826087174      2.011725503     0.2085467899     0.3158496784 
     1.842210076     0.9195366729      1.104235347      1.269572181     0.9246630002     0.7862063008                1      0.560732043     0.7437682105     0.8326467395     0.5748334591      0.754767825     0.3438393456     0.3337488549     0.3243203543     0.2335294135     0.2645704979     0.1476891638       0.10980902      0.142215641    0.08270412665    0.04633072536    0.02509693949    0.03063039745    0.01309649012    0.01421771093   0.007178069787    0.02241078568   0.009557483993    0.02095486932    0.01512209816 
      3.69379425     0.6708774438     0.6879278325      0.321128595     0.5776203694     0.6519932969                1     0.8962072656     0.8652243346       0.93659386     0.4730694301      1.097549939     0.4464735647      0.395893709     0.2079129186     0.1145499397     0.1127499014    0.07234075608    0.08252347861    0.02114921844    0.08557551832    0.01303484342   0.005679845101   0.005352820419   0.006061590289    0.01177880181   0.003789952992    0.00593143901    0.01381553307    0.01215732607   0.006811903693 
     2.635825006     0.5652453297     0.4532345838     0.4393502359     0.7262789241     0.7214980352                1     0.6551860234     0.9116666267      0.660857686       1.07376523     0.7536874895      2.796421427     0.3828145794      0.359638464     0.2183532317     0.3158245598     0.1028094352     0.2557967978     0.1612963445    0.05325517697     0.3845132259    0.06242394848     0.0680643984     0.1125698807     0.1300654079     0.1176685906    0.01568334411    0.01297476384    0.05616567996    0.01861513222 
     1.658432188      1.269351323     0.6665717771     0.9357720636     0.9129701882       0.71400025                1     0.7639304687     0.3831393167      0.450374599     0.2935751021     0.6148845724     0.4021591838     0.3862225837         1.076597      1.746191197      5.877848115      1.527469794      2.057575858      3.038337966      2.392778617      4.166201308      1.448285618      1.009285381     0.2695053745      1.544643701     0.8578237544     0.1464551817    0.08664986935    0.01535840893   0.004307514974 
     1.097620833      3.355531425      1.726697792      2.734819647      1.138550683      0.855490668                1     0.6991458672      1.141410021     0.5154608348       0.41681883      0.448871607     0.2194145004     0.2087574996     0.2148031662     0.2768513026     0.3436072922     0.2087314023    0.09023749654     0.1786683858     0.1872102879     0.2250910861     0.3341600099      1.585594908     0.7976333293      0.670164307      1.165255097      1.588781752     0.2552645884     0.8386556013       0.22594323 
    0.7288984916      1.131650286       1.03050767     0.6183887332     0.5227401946      0.632474582                1     0.5288391016     0.5828784493     0.5730872224      1.297155124      1.297725442     0.6340566131     0.6754792849     0.2737436382     0.2588763396     0.4136413555     0.2239314213    0.04743047932     0.0432623745    0.07064766843    0.03074456924     0.1200270426    0.01690200716    0.01279406609   0.005020484836   0.003686314806   0.002183795225   0.001685182755   0.006267625905   0.004024373906 
     0.981981281      2.301209861     0.9458633812     0.7528936605     0.7179681805      1.006301336                1     0.7102059648     0.9338168198      1.055938628       0.42490998     0.5677036979       0.40415427     0.3841005503      0.654158191     0.2071329094     0.1831576616      0.070910838    0.03522733485    0.04257880088    0.06427627053    0.04671011522    0.05490146943    0.06335767067    0.02415840553     0.1795994163    0.06687971793    0.03048028659    0.08818696856     0.3146728947    0.08204330708 
     21.85869661      13.36862394      14.88302975      4.208853798      1.494883107      1.704987098                1     0.7895303711     0.5553388691     0.2135705831     0.2251475518     0.2204979988     0.3599123666     0.1703144255    0.09108411504    0.07850669652     0.1116236169    0.02161100715    0.01024430287    0.01455542023    0.00644425959   0.004342446097   0.004862425848   0.006005779859   0.004064151698   0.007087818113   0.001556000108  0.0009236204964    0.00157630738   0.002609451985   0.007143743522 
    0.7443066149      1.054102894      2.348385637     0.6853069332     0.6060660224     0.5675154063                1     0.4421979648      0.361234421      0.300904608     0.3861095998     0.4876723917     0.9287356377      3.827666182      2.356735875      1.493911444      2.190150354      2.291811793      4.580780938      5.569797586      4.279795776      3.143445285     0.3894727115     0.1264817674    0.07599205259     0.1402428412     0.0341082221    0.02225506646    0.02470089631    0.02367014713    0.07422356217 
     1.011696582     0.7275534763        1.0119952      1.272749191      1.337970814       0.86378725                1     0.7297892148     0.6424905288     0.5099314225     0.6281518998      1.566706079     0.6902996961     0.7818419699     0.5381219314     0.5437816738      0.419264693     0.2576861521     0.3168500271      1.877975177     0.7295738139     0.1853127335     0.2253883526     0.3839422613     0.2661056744      0.513904225     0.1386271867    0.06663272613     0.0692681859    0.06748574597     0.2708328414 
     1.113675718     0.4611626132     0.6585384909     0.8186565839     0.5623973674     0.9063044922                1     0.7496732852      0.763063512     0.9025750312      1.044036402     0.4229939083     0.2873932251     0.2315223273     0.1215460813     0.1721394678     0.3042435725    0.05007677464    0.01900022883    0.01428359347   0.009662893278   0.002644543314    0.00299993645   0.002976459776   0.005174892713   0.002489064786   0.001316190092   0.003318379092   0.001353404143   0.001047093481   0.001873519572 
    0.3802075636     0.8962874384     0.7416938678     0.4862473664     0.5988391387     0.4134802422                1      1.082355344      1.186928077      1.420559973     0.9073328605     0.3172684205     0.2193342784     0.3131965784     0.1185116692    0.09303038344    0.05642304149    0.06711848509    0.03041824748    0.01487009787      0.011809489    0.01734462342     0.0127471855   0.002744896197   0.003854205707   0.001683994381   0.001372439449   0.005660780034   0.003061687181    0.00324367776   0.007312113389 
     3.116469852      8.157223529      5.717921371      5.209321912      2.914229351      1.761631773                1      1.268769953      2.011287587      1.580753467      3.173579164     0.7995447513      2.776759196      1.152581394       0.62801822     0.8124709911     0.3601989961     0.1891233012     0.1011251733    0.08007407221     0.0810396724    0.08200197923    0.02197312622    0.03824884964    0.05885266532     0.1184754302     0.1296965972    0.04488522269    0.03121603103     0.1382363583     0.1104457141 
    0.3472036652     0.3877516705     0.4212867512     0.8042737764      1.429282271      0.793178207                1     0.7630609492     0.5218397654     0.4619752773      0.445652596      0.791043478     0.7825999534     0.5003797626      1.047991687      1.986711314     0.9683355617      1.479108915      2.035690717      2.365720791      1.050848188     0.4598527802     0.1145510893    0.09131024242    0.05965380519    0.08378960773     0.1571734113     0.2234460243     0.2275285007    0.02536938371    0.05803314902 
    0.3267763029     0.8642569769      1.046774099      1.991069476      1.126524925     0.4487053398                1          0.64705     0.4521812786      1.339753405     0.3224950469     0.2747873674     0.7483979337      1.159124391     0.4600374688       2.14841026      1.459585338     0.1602523067    0.06211518121     0.7102396843     0.3701376941      6.669484803     0.5997585338     0.6133991267     0.4840302848     0.3264555719    0.03766921571     0.1515863778    0.03485335862    0.01197016458    0.01536254944 
     2.800539014      3.078926933     0.8627127511     0.7444435081     0.9148845002      1.130557809                1      1.215369895     0.5556976627     0.5974103142     0.7306338132     0.2538428697     0.3543800467     0.5774532275     0.3433834676     0.4182441529      0.638032552      1.700940232     0.2061735414     0.4255538301      0.425166333      1.095757773     0.1530239523    0.08458222576     0.1124816215    0.05947574967     0.0666610283     0.2189205845     0.2519908779    0.07163122029     0.1091836137 
     1.661314022     0.9012171129      1.041016273      1.037913794     0.9012735017       1.11164684                1     0.7902855156     0.5116540088     0.5002306591     0.7394559788     0.4321656037     0.4661844067      1.127647064      1.056950757      4.940572993      1.871880062      1.628339025      1.907091739     0.2273390127     0.1373994632    0.04779525781     0.0481758791    0.04032127556    0.05593853618     0.1579657019    0.08692638559     0.1856829162    0.07500023741     0.6015809482     0.1100911283 
      1.22020805     0.5389408294      0.463202251     0.4993975846     0.7140752819      0.461755293                1      1.034382719      1.061585953     0.4633252524     0.3181217857     0.4562500459     0.1701765704     0.4658014381     0.1290000722     0.2544833492     0.1546127488      0.287727585     0.1444232654    0.07503472703    0.05024244192    0.01909360949    0.01042628357   0.005210171352    0.00765391424   0.005174627632   0.005008037205     0.0100506986   0.004532265113    0.02740562869   0.001188710938 
     3.582073471      3.817297264      2.024917433      4.028938742     0.9768204385      1.372584238                1     0.6573271562     0.2534825413     0.2506698621     0.1990334484     0.1620564424    0.07597601204     0.0423628589    0.04002962067    0.05898452281    0.03704216553    0.02422431333    0.01866976949   0.009735358362   0.003637403018   0.007315487216    0.01087500566    0.02001069677   0.003361838768   0.001912864569  0.0007819411959   0.000847839094   0.002191435661  0.0009434944205   0.000732759987 
     1.081246312      1.454166582      4.930728983      2.022581308     0.8746486226       1.41416916                1       1.55564043      1.206558475     0.8291210314     0.8279880713     0.9213374301     0.6124985201     0.3025751528     0.3586288352     0.6035019055      14.52637816      1.483205254        1.8783099     0.9588257501      1.245373399      8.907734909      4.477952708      0.687835748       0.19568971     0.1864681221     0.1108982616    0.03561547824     0.0276853085    0.03765478332    0.01714039013 
     1.130405508      1.025198678      1.449260379      1.201274613      1.344547011     0.4777329648                1     0.5378827773     0.6961656184     0.6687211133      0.358682328      0.305019513     0.5155040003     0.9101420851      4.700145181      18.92055761      10.18801849      7.928614909      26.61565612      70.30980882      50.00334003      106.7909245      96.84286185       104.938766      303.9822548      136.9068423      33.90036183      49.85302818      40.06258536      1.400492662      2.846775822 
    0.6256149586     0.9819153372     0.9021869905     0.9331002573     0.8369391338     0.6149419609                1     0.4618288516     0.5252124524     0.4087111668     0.1938338324       0.14885151     0.2588180379    0.06167242679    0.05624885598    0.03425167629    0.02815433512    0.03370942096    0.03479085866    0.04243207125    0.01752205225    0.01796691627   0.005478048665   0.003440498449   0.004078968296   0.002379146871   0.002515691324   0.003642614295   0.001469428631    0.00187316468   0.002647090861 
    0.4698505455     0.2079734265     0.1624845384     0.3248396785      0.361640147     0.3988048516                1     0.5703676211     0.8789013247     0.6496427595     0.8075451702     0.6098041213     0.4166966479      0.546941298     0.6226625355     0.6407634749     0.9598168467     0.3632669785     0.7438295826     0.9753647846     0.3641808346     0.3216598041     0.5483469491     0.2618811804    0.08663105065     0.2010985626     0.1781504978     0.0729691491    0.04273986126    0.01622504246     0.0121700128 
     2.255214505     0.6829913774      1.189403113     0.8390881312     0.8128915945      1.230689242                1      1.031838285      2.231081999      1.227928522     0.8843355099     0.8982830873     0.5146445219      1.259769013     0.8282424855      0.572627316     0.1826589956     0.4391635199     0.5130638203     0.5528395312     0.2750630125    0.07419153617    0.07784741638    0.01158999334     0.0104222598    0.02202629188   0.006449158835   0.006250300297    0.01698365328   0.006901310161   0.004005237292 
     1.637537111      1.667160606      1.109733595      1.177383032     0.7895925383     0.8431619453                1     0.6766667148     0.7166740725       0.35112792      0.324088971     0.3170689046      2.466536064      2.732936382     0.2355407545      1.117151514     0.8874315248     0.3406183418     0.2671108094      1.006122775    0.04746986778    0.05347175392      0.179049533    0.04506594337     0.1265664305    0.02156732684    0.02302949684    0.04514895617    0.04957265878     0.2107298923     0.1094879293 
    0.5008755565     0.2556394961     0.2745315566     0.5011297969     0.6032691327     0.5147422891                1       1.02233534      1.270603007      1.200478159     0.9571101319      1.832782723     0.8289024497      1.179020033     0.9714703694      2.236802992      0.736977521     0.6220183844     0.2616062165     0.3750832954     0.1616835883     0.1150085163    0.04012243006    0.02400217334    0.03813501273    0.03464237385    0.01514222445   0.006185083912   0.003005524832   0.001716708953   0.001630668153 
      1.32962403      1.329857778     0.9286736041      1.431899203     0.9499947468     0.9541929883                1     0.8491796992     0.9865346794     0.3175354309     0.2969247389     0.2566379478     0.2220579981     0.3273062245     0.1489646929     0.1294707313    0.04497918608     0.0447061636    0.01915553449    0.01325696077   0.008305032222    0.01129699849   0.007220404962    0.02565909941    0.02678249949     0.0161408721   0.004356411995    0.01762446369   0.006689654768   0.008480139976   0.008932882299 
      1.37069682       1.45325617     0.7998591595     0.5867282097     0.7129386221      1.097815152                1     0.8612179258      1.249199589      1.354853048     0.8370212617     0.8751295427     0.7800029831      2.377871689      1.133511866      1.457125967     0.5712412755     0.5253991721     0.2679581555     0.4647198029     0.2718416209     0.1237883642     0.2861797757     0.1294196029     0.1371317827     0.1735597217    0.03962651568    0.05026448518    0.04212552984    0.02990991062   0.009408198903 
     2.772318445      3.914197987      2.434650874      1.418970758     0.9340437285     0.8047421523                1       1.28522268     0.7450331677     0.5778165861     0.5952304641     0.7084812219     0.5670165248       0.73744362      0.545098913     0.3063676921     0.1770303886    0.03673467986    0.03671844238    0.05537665014    0.04741233037    0.02275942277    0.04923076459    0.03933631961     0.1312882866     0.1260595839    0.04495183665    0.01697632807    0.07435126025    0.02050878903    0.03455911386 
     3.454551551      1.393824502      1.360375793      1.057133809     0.5459597837     0.6703198164                1     0.6778406406     0.8277174751     0.5458402169     0.8849756074      1.284003763     0.4874851004     0.4864203785      0.214259727     0.2281271873     0.1993857421     0.1773122626     0.2657670778    0.07031932248      0.199416615     0.1471625623     0.1458369586    0.06578007088     0.1269495024    0.01503145877   0.006891657813    0.01006142471   0.005507032877   0.008789134326   0.005979881615 
     1.169446044      1.192898587     0.3560142349      1.423888147     0.6834557346     0.5656905625                1     0.6430391172     0.6860763796      1.025063048      1.024420431     0.7695996766      1.185207115      3.506211227       2.78624832        2.9198652      6.660933414      3.912611658     0.5064781737     0.8985427844       1.66891101      1.071128103      3.976926525      2.323608893      1.761932297     0.9646560843     0.8404224576     0.1380504197    0.04443443389    0.02729671644     0.0512906147 
     1.812782085      1.619328962      1.131597356      1.134001958      1.590981749      0.698100918                1      0.584847918     0.5181721914     0.5127598666     0.5184324775     0.4295951042     0.3075484919     0.2610989002     0.3025899168     0.2474361978       0.24909253     0.0477549008    0.05870763823    0.05733861864    0.06989198701    0.09182918208     0.5577122588     0.3446088267    0.06990402212     0.1530413861      1.832230602     0.1428236547      0.163962502     0.1634810343    0.01585686608 
    0.2716800724     0.5917749793     0.8224123138     0.9460073771       1.06252551      1.055914387                1     0.5725035977     0.5543439231     0.2970218288     0.2599298729     0.3877568444     0.2572051069     0.1076931672      0.157422394     0.1226042233     0.0378562694    0.01748481798    0.03004846724    0.03695633244    0.03082057262    0.01564454349     0.0151245049    0.01387114412   0.004950370069  0.0007127407458  0.0008897589862   0.001075030749   0.001172827309   0.002063929551  0.0004141150023 
    0.6315527026      1.028383384     0.6568123565     0.8540895026      0.872599197      1.281209488                1      1.303362344      2.157887437      1.051707811     0.4748977344     0.5699874818     0.6132727076      1.300766728     0.8652621693     0.3343856815     0.1199535317     0.1168129214    0.07244340642    0.06590024662    0.02479343261    0.04963767284    0.06774845144    0.02200148981    0.02237451533    0.03271562344    0.04970253472    0.02187331901    0.08671999121     0.2075137903      0.220954936 
     7.375426213      5.821039358      5.406375499      1.313631863      0.834606339      1.051668871                1      2.055068441       1.38510934     0.9227529713     0.8204604335      1.265883868     0.3205628933     0.8774387859     0.3987780706     0.2248451429     0.3476025196     0.1852509705     0.1556953759     0.1351704547    0.03810578758    0.04989813528     0.0242847846   0.008840708039   0.006507404318    0.00258635985   0.005536232737   0.005020549661    0.01649034239    0.06785392227    0.06024649514 
    0.4194970501     0.2215963638     0.3104435753     0.3625253486     0.3140696053     0.9392663242                1      2.129627395      1.238302399     0.7358981666     0.8427668085     0.5193625925     0.3078582514     0.1894501357     0.3322384869     0.1717949567    0.09978379203    0.08704806677     0.1867191597     0.2130998181    0.09121492595     0.4246688519     0.1014114164    0.06017456904     0.0135829443   0.003584711803   0.002849734038    0.01674621471    0.01319949652   0.002816830469  0.0007068799088 
     2.666680935      1.644009035      2.269266504      1.461787688      1.430526035      1.552501422                1       1.27679459      1.341762017      1.375598458      2.438460252      1.759599664     0.8940998756      1.356194598      1.180674047     0.2178862971     0.2260402669     0.1471352771     0.1069156109     0.1129169648    0.05643599185    0.06054359065    0.04333121616    0.02283419215    0.01115597681    0.01058831224    0.02559658968   0.007576883665   0.003470180352    0.00292093518   0.001548425634 
     2.221323094      2.267792469      1.388130328      1.666642481      1.304830444       1.10151509                1       1.48978484      0.611094521     0.7237076573      0.839700491     0.4193314974     0.2038082164     0.3301905423     0.8169957458     0.9936443429      0.487756903     0.4957879463     0.3850377481     0.2343401462    0.08951728121     0.1972943125       0.20915422     0.4031842047    0.03247775419    0.02375841677    0.05858946133    0.02604840866    0.08406653341    0.01819818243   0.005785519869 
