388
222
148
396
390
373
2
89
326
377
182
89
30
38
173
349
357
199
1
126
345
4
390
220
326
40
96
282
309
136
28
93
383
215
165
381
32
126
260
78
376
62
145
234
349
115
360
96
266
223
11
96
328
260
131
338
126
197
239
215
37
371
197
232
115
134
113
357
396
24
309
273
131
159
37
167
228
251
6
248
48
242
218
62
292
22
349
367
154
358
397
240
134
129
393
375
391
116
219
381
381
75
104
125
62
78
379
17
305
68
242
248
298
99
379
171
172
90
236
96
29
9
231
28
274
34
186
82
298
92
17
32
160
220
259
367
200
382
74
344
4
158
276
355
92
187
257
203
180
205
69
155
131
13
384
191
329
370
147
161
253
203
62
262
70
366
251
200
88
200
45
120
126
366
206
162
266
344
197
258
204
48
204
248
384
187
251
245
210
158
172
177
193
309
352
155
88
363
191
139
390
222
272
152
2
393
207
215
373
112
260
293
373
375
213
270
186
169
208
397
41
69
239
189
227
300
242
354
188
196
238
236
168
202
189
188
6
201
176
227
231
342
244
331
109
150
195
362
244
48
306
45
345
291
104
23
302
294
178
390
116
285
148
384
33
153
285
276
60
94
88
218
145
46
373
363
298
6
292
260
20
206
227
99
48
60
145
384
163
87
334
243
329
352
59
48
329
379
225
323
323
340
128
57
154
45
365
256
350
316
10
293
31
114
84
262
162
99
324
364
313
343
62
189
254
223
53
159
302
290
152
379
37
62
77
339
187
15
90
187
104
348
154
25
222
112
365
104
325
62
189
168
319
316
330
42
127
283
114
211
293
347
68
9
55
267
317
58
37
378
330
85
31
302
171
35
81
118
64
217
84
314
158
352
133
290
152
332
48
29
272
358
187
31
382
390
336
4
203
334
68
207
267
266
183
122
276
285
122
90
31
157
325
62
150
292
380
217
149
251
372
34
366
376
331
243
149
219
121
249
366
360
249
9
279
84
209
40
211
29
188
99
198
267
197
378
211
139
47
325
344
199
307
180
309
163
353
311
370
328
133
240
322
326
254
122
288
283
327
204
387
278
285
207
61
44
199
117
273
184
92
147
63
27
278
337
70
346
45
202
210
34
293
180
210
374
146
20
94
98
354
283
231
206
246
70
267
283
236
310
352
115
272
392
343
366
210
138
266
290
319
129
360
212
219
271
172
61
393
350
368
338
111
334
350
115
363
0
240
200
192
344
222
28
348
285
117
370
199
288
180
71
389
31
283
83
337
230
351
57
307
175
281
66
5
37
230
145
293
334
136
222
210
143
379
348
113
99
339
344
280
112
2
213
298
95
289
207
249
35
234
154
153
84
283
178
338
124
293
298
160
87
84
30
261
63
305
275
245
264
28
64
100
70
256
268
213
223
30
105
225
149
308
266
61
82
365
290
379
353
310
146
379
168
166
306
357
76
111
101
141
140
8
295
28
149
77
50
314
311
66
276
8
212
21
2
243
350
303
313
290
266
192
338
262
269
139
161
56
11
163
197
223
336
378
41
93
18
153
304
281
5
366
244
391
39
387
72
62
192
311
267
147
5
23
362
94
70
163
65
82
227
240
122
323
399
295
285
188
397
119
133
301
376
338
399
274
280
51
301
46
361
119
94
386
199
143
231
193
346
314
41
12
193
193
296
94
212
119
44
305
204
233
0
95
373
139
282
71
31
353
133
314
107
16
282
119
279
243
173
83
122
160
113
279
146
163
113
296
162
329
26
176
70
2
0
149
49
230
194
180
387
311
312
20
122
37
238
283
245
146
314
98
350
264
84
343
7
166
11
222
67
249
339
119
240
7
225
119
240
176
386
87
196
131
325
31
142
195
357
221
113
56
139
126
243
368
94
117
153
262
0
87
259
378
6
233
143
189
273
389
71
159
135
17
388
122
184
181
360
160
204
230
28
202
37
159
102
272
93
316
202
186
236
103
164
55
208
133
236
82
65
365
389
296
274
52
79
339
156
72
134
315
268
107
247
316
66
32
381
221
131
246
126
327
184
341
391
290
237
122
28
29
259
317
381
95
58
168
160
305
361
40
366
79
282
293
227
231
186
33
128
223
0
178
146
363
151
339
1
68
262
248
202
278
146
44
272
203
73
22
350
145
146
350
154
327
313
387
132
145
119
317
257
135
196
310
244
259
143
343
341
15
223
26
387
64
57
387
254
80
362
12
251
378
349
274
172
162
272
368
317
88
256
324
344
33
116
377
339
54
88
328
120
181
154
337
3
68
116
139
75
203
360
123
150
154
114
79
317
387
125
176
129
153
337
218
369
280
251
290
56
367
221
53
20
298
231
347
250
12
132
23
193
171
107
41
98
94
196
379
354
397
242
39
18
68
366
161
317
232
83
15
218
181
266
281
359
314
115
9
288
327
203
9
16
49
348
260
327
54
203
330
374
324
359
369
338
322
143
260
108
313
176
10
73
128
207
10
253
108
157
241
253
11
42
96
130
58
233
222
83
288
260
308
355
361
286
4
249
145
123
83
145
273
167
249
343
23
163
12
111
286
72
7
103
45
80
233
85
94
226
142
176
262
83
88
321
325
380
28
168
128
294
4
110
310
7
264
320
383
132
86
354
164
369
262
89
177
254
264
136
347
64
192
327
177
230
362
271
217
216
216
235
190
106
216
218
106
132
341
87
187
116
291
99
100
398
24
155
27
179
174
159
53
100
65
177
177
241
254
140
133
122
135
69
71
166
374
320
288
339
128
58
236
63
176
321
3
135
322
186
179
227
311
216
128
264
166
69
337
117
238
249
359
286
364
73
336
371
94
145
358
381
99
170
302
156
293
258
117
59
300
29
331
121
98
89
95
293
57
364
245
227
158
253
179
282
226
372
115
322
201
348
291
345
209
208
233
322
149
108
347
82
252
258
320
203
237
195
178
348
169
325
166
381
120
162
71
260
187
364
321
64
107
183
136
336
247
23
310
211
259
28
243
374
53
23
31
233
51
219
302
262
7
398
290
38
138
15
79
253
38
313
292
1
164
105
60
86
248
237
155
190
159
48
49
162
342
32
279
119
268
354
242
331
354
336
354
353
94
245
97
296
196
136
109
360
372
336
159
306
340
3
338
228
42
362
339
29
393
226
110
27
23
45
35
268
190
379
55
157
186
53
278
392
259
394
51
114
256
259
251
141
295
21
188
25
338
117
248
190
368
250
290
394
340
55
129
373
125
181
86
288
366
115
196
112
15
33
77
63
332
67
380
117
246
66
209
347
311
111
380
385
79
259
384
178
91
97
177
294
108
5
6
126
356
144
154
150
88
74
156
196
66
276
285
233
160
73
282
179
71
259
105
195
201
29
381
182
190
123
364
298
13
43
166
164
141
86
22
357
60
251
54
392
64
35
85
344
398
257
114
91
98
56
176
395
246
136
369
223
16
75
226
124
233
346
219
46
377
100
303
274
41
254
294
51
349
4
235
345
223
14
18
258
5
347
346
267
249
34
79
289
153
84
196
315
271
166
143
223
256
163
218
289
235
148
262
65
72
37
343
238
377
108
138
303
106
319
168
145
237
316
211
256
133
317
32
77
254
191
91
210
287
319
85
291
269
176
158
6
272
376
39
40
277
127
108
48
85
199
293
111
77
353
303
259
369
356
97
385
124
137
93
304
347
36
87
293
52
329
394
39
226
54
262
97
186
184
335
53
345
277
36
169
59
31
259
337
69
349
13
239
28
303
34
35
112
374
55
50
182
152
342
39
355
256
137
327
330
361
68
316
362
330
322
185
36
392
28
51
390
154
190
187
296
64
263
365
212
225
189
246
307
305
328
177
109
285
224
341
314
210
49
105
336
349
286
289
179
8
393
202
156
2
51
100
239
184
333
181
46
151
111
355
60
115
304
210
376
241
247
87
101
386
129
25
152
129
34
65
41
142
375
115
391
120
319
42
195
109
142
230
239
361
343
320
101
250
356
228
262
374
175
106
315
29
362
186
103
321
166
58
256
41
373
390
1
265
184
2
166
281
32
230
152
13
194
98
41
340
76
307
319
333
128
378
87
19
368
351
107
257
312
99
104
378
100
247
281
378
375
27
209
87
315
45
14
292
166
257
311
363
239
229
269
379
276
321
301
260
308
27
207
302
351
395
392
261
33
239
257
306
303
77
24
378
333
246
393
44
35
283
230
78
46
314
346
80
7
318
266
330
228
260
230
21
293
228
175
158
181
274
52
174
189
157
72
303
85
263
50
131
30
31
349
173
381
265
360
236
359
81
108
62
148
39
14
209
257
226
199
232
240
159
228
120
95
246
277
266
20
178
252
194
193
49
7
185
315
123
179
194
172
349
84
270
318
54
180
46
352
160
77
290
244
342
139
125
79
241
49
81
30
126
261
233
228
12
318
254
361
128
242
20
113
344
36
290
279
293
332
198
276
279
57
369
260
224
126
220
40
367
156
67
249
41
29
159
246
99
73
283
204
18
132
260
208
226
306
18
240
138
140
38
288
189
171
73
145
337
172
69
320
28
369
303
300
367
172
49
295
37
149
267
141
49
268
130
392
110
265
79
172
244
116
50
387
50
181
171
78
354
283
129
71
265
163
203
1
165
156
19
339
363
353
340
137
164
75
95
104
269
263
129
307
232
246
161
274
294
56
277
164
163
264
171
355
213
308
112
181
303
0
227
343
9
111
78
309
213
124
150
182
195
271
283
373
49
343
159
333
158
213
150
352
333
377
62
7
276
15
15
9
271
91
253
73
288
219
330
65
334
369
255
83
119
90
272
276
177
337
338
9
78
234
130
116
57
378
232
253
342
96
192
90
241
67
164
32
201
145
141
55
369
145
349
338
352
112
164
192
110
73
6
355
10
168
257
203
0
113
232
51
109
250
250
150
178
185
241
189
392
197
185
213
396
239
63
281
343
54
276
287
190
66
339
362
58
285
51
142
395
234
177
126
333
152
147
43
25
337
374
12
255
390
306
135
9
9
374
225
178
326
0
140
131
25
237
58
128
226
346
63
346
330
247
364
49
9
126
109
128
159
188
298
52
344
235
381
110
247
181
361
105
332
272
12
381
285
165
12
135
216
242
339
9
277
233
262
43
16
298
9
363
43
275
91
176
220
275
72
126
285
70
29
186
381
388
294
316
290
21
175
241
192
228
16
46
365
165
41
196
14
128
136
51
199
69
296
59
159
59
192
90
277
237
94
315
72
72
110
176
66
205
292
230
122
271
106
113
283
205
391
392
126
158
391
109
16
239
223
23
26
396
281
94
63
171
278
230
119
228
295
293
207
221
214
311
73
369
88
388
123
207
388
372
46
135
368
84
353
43
158
279
94
36
152
58
207
57
347
212
217
281
229
368
283
182
135
8
207
46
227
391
57
57
159
181
125
49
106
158
161
280
105
262
182
87
212
48
136
278
307
378
136
347
105
47
149
178
217
237
389
213
217
200
198
290
301
165
369
105
381
88
373
105
55
118
73
116
303
277
101
223
107
235
54
388
378
158
237
181
101
182
83
49
340
77
73
163
182
55
242
118
399
58
262
327
300
176
375
93
399
212
238
208
93
81
134
214
217
302
215
224
105
25
220
153
35
254
307
94
371
225
225
235
192
339
399
197
152
73
220
235
215
199
307
214
237
309
327
349
363
47
217
124
313
371
6
389
248
39
95
314
220
119
253
116
159
76
0
305
239
47
196
42
207
388
302
307
198
198
316
379
394
142
136
363
255
35
142
106
271
376
110
273
170
105
191
176
197
377
161
364
216
88
78
118
190
236
225
176
368
78
35
144
217
341
337
315
208
209
188
139
87
157
341
146
149
367
322
163
207
68
271
322
324
128
13
195
380
20
366
238
13
360
392
376
74
302
34
276
282
3
93
249
108
399
398
225
77
254
223
382
112
191
179
380
213
106
31
226
132
124
31
16
25
226
89
77
140
58
162
113
364
290
152
25
393
74
62
231
143
156
11
178
101
177
282
57
59
339
359
186
339
201
208
359
380
258
30
8
156
331
258
57
236
242
357
367
383
382
225
121
316
233
271
204
29
277
59
35
99
131
146
236
114
54
328
354
343
301
292
147
293
306
168
272
143
301
281
223
266
105
272
187
248
63
151
154
368
315
357
292
306
80
110
285
120
155
361
96
370
301
361
197
397
192
114
108
309
156
156
239
328
120
368
36
50
322
250
285
261
255
290
359
26
87
210
302
395
395
197
178
179
345
85
171
227
58
53
316
359
186
130
112
361
214
75
386
195
178
293
166
119
354
234
321
98
180
300
220
221
63
37
49
273
177
28
198
116
302
398
71
71
156
384
155
300
206
190
324
2
271
259
235
307
319
78
305
214
93
201
276
311
300
71
303
169
325
39
68
90
297
295
339
349
240
297
87
177
126
113
384
197
90
232
54
68
221
347
180
18
150
389
369
293
10
309
80
302
184
110
231
54
253
54
369
225
177
360
207
240
283
291
372
162
107
84
31
385
49
365
237
329
93
258
119
227
11
263
358
100
17
265
299
339
156
19
14
74
319
123
208
190
139
359
245
223
252
141
192
282
282
241
118
299
88
8
270
180
59
109
30
59
207
366
106
393
92
261
346
88
205
288
241
109
236
83
258
293
97
50
278
395
387
14
11
42
366
87
184
102
70
270
25
68
362
355
219
128
31
258
360
75
266
194
384
151
120
120
49
92
107
158
368
207
40
323
147
93
396
107
38
304
129
295
384
8
32
56
381
56
265
165
161
179
50
158
2
164
232
297
399
295
169
213
9
68
190
335
315
190
59
58
336
280
292
260
0
127
156
29
297
311
147
135
368
130
152
116
156
385
165
32
220
191
193
46
350
226
171
44
260
75
282
246
347
252
393
139
33
179
213
377
312
22
151
343
220
179
150
312
194
312
293
100
190
158
232
108
323
27
388
256
266
211
50
294
399
219
395
309
89
15
343
237
320
72
178
313
330
49
327
68
247
143
57
161
129
237
131
85
45
33
387
309
77
395
50
21
159
214
165
7
114
316
60
230
2
9
364
6
345
362
6
384
202
342
208
281
85
325
345
96
19
287
159
38
336
98
256
50
290
80
305
98
396
212
293
20
32
228
118
95
268
37
57
77
283
330
53
249
19
219
350
197
114
274
316
205
198
248
206
291
256
287
141
36
0
91
368
182
342
382
35
141
321
153
333
395
383
74
137
339
30
377
233
0
6
297
204
272
229
361
377
59
20
30
229
391
232
35
397
59
162
391
43
325
140
189
196
314
356
326
347
364
163
31
80
252
282
166
67
223
166
185
84
274
180
267
9
394
399
216
102
395
196
309
11
399
347
33
121
115
360
91
77
60
137
391
18
28
264
11
399
326
389
364
395
178
128
147
375
191
21
69
262
73
192
234
376
303
391
165
270
327
325
361
115
22
327
37
248
13
79
58
304
210
126
353
129
282
7
137
198
376
272
175
61
171
60
310
274
207
310
207
347
158
140
147
133
11
195
57
130
367
245
1
47
208
367
164
117
167
317
221
181
25
332
31
185
181
267
85
324
276
135
339
46
394
179
179
264
33
122
88
189
373
396
53
351
145
83
183
74
339
256
132
283
256
195
160
361
281
225
144
309
222
20
248
38
130
322
229
188
84
184
167
258
7
121
24
127
233
230
158
99
322
68
121
132
352
354
373
262
69
74
60
287
373
92
137
178
206
208
393
307
272
240
144
64
52
221
272
245
97
334
271
327
49
10
50
267
103
109
317
1
41
152
341
349
122
74
178
5
370
124
312
257
38
220
332
361
329
150
122
371
138
82
241
361
389
148
390
122
12
387
150
165
334
375
238
94
116
266
383
306
29
387
214
220
310
161
183
86
249
390
102
200
335
237
313
219
170
61
346
107
377
383
350
123
208
371
332
206
116
154
335
24
208
2
266
10
173
86
234
196
184
6
266
247
0
203
358
241
280
179
174
101
350
243
286
41
321
203
1
110
192
95
37
297
82
106
47
52
310
184
222
396
95
225
294
9
204
269
333
123
222
371
171
1
16
108
392
44
86
71
87
202
28
136
312
353
351
150
170
258
168
282
371
162
326
358
29
317
18
136
157
360
212
346
254
103
310
154
64
96
333
19
382
121
328
98
20
59
329
38
234
320
153
374
111
335
311
204
218
257
130
314
287
82
387
196
379
181
153
329
321
331
329
8
85
320
256
335
334
237
57
95
128
57
226
262
47
29
61
64
146
111
397
215
226
275
38
331
190
309
147
90
392
331
374
271
219
135
173
370
278
219
86
25
362
206
198
249
158
73
387
256
100
112
215
237
190
374
297
19
82
104
67
360
184
47
338
69
137
122
64
55
0
318
366
205
191
193
334
179
360
136
362
245
174
82
63
273
270
250
134
2
289
124
384
59
193
56
200
46
131
30
221
294
131
0
359
208
196
199
64
40
132
23
103
122
20
31
59
4
20
154
22
350
356
191
250
12
23
362
377
336
246
187
221
91
221
394
284
339
339
363
154
294
302
188
150
373
246
31
54
23
170
150
292
35
174
4
64
126
268
297
125
161
182
122
362
174
274
39
348
35
210
296
56
283
267
369
86
346
0
97
170
263
84
111
296
358
216
365
174
244
331
61
160
184
124
126
126
151
320
330
357
248
101
336
122
31
219
300
360
23
357
356
27
377
175
178
225
369
292
102
124
288
54
172
66
32
317
42
312
125
233
371
92
259
308
84
174
106
7
258
87
323
15
87
58
183
94
284
220
75
399
354
22
380
323
76
166
107
177
105
151
325
399
166
17
1
333
7
203
260
365
89
190
206
131
125
335
242
389
172
14
334
223
17
316
12
380
308
284
195
155
210
51
218
201
223
365
226
183
294
212
97
236
268
176
26
255
221
236
182
183
17
186
231
292
229
87
216
366
107
19
148
287
171
290
0
288
154
83
87
166
152
108
111
1
223
116
71
201
85
10
298
305
125
124
335
295
106
373
195
52
92
383
398
323
295
171
192
80
366
226
67
344
172
101
123
199
295
398
125
199
164
364
159
46
357
306
388
26
388
125
272
270
387
289
346
172
343
326
177
152
325
87
190
47
399
373
329
346
283
26
372
102
388
147
77
316
159
316
228
378
159
119
339
378
317
190
320
69
0
332
10
285
387
305
15
321
236
286
167
377
343
364
193
40
348
61
21
56
125
186
357
174
5
267
225
228
23
286
158
272
186
36
8
177
384
397
117
6
124
317
365
207
223
346
158
235
204
352
139
267
87
132
57
224
134
24
263
196
37
300
392
284
100
150
396
49
350
235
23
94
2
68
73
391
220
40
351
302
174
184
79
23
192
137
290
397
40
206
3
357
208
114
281
378
117
51
321
223
42
292
136
342
283
232
180
198
159
397
211
68
65
50
54
396
398
47
31
134
321
348
134
60
342
290
273
128
291
142
86
68
136
84
323
143
227
196
227
316
161
154
372
326
377
127
222
395
363
192
274
392
155
89
366
18
350
37
65
335
106
170
263
244
305
255
192
276
205
27
277
110
105
179
249
283
119
142
132
279
194
198
140
350
166
78
41
366
396
57
119
67
362
10
380
341
324
60
127
188
255
196
353
251
39
1
286
106
234
390
67
172
354
151
257
283
362
162
198
146
393
140
133
150
194
315
151
198
9
211
365
78
335
72
225
53
275
146
277
191
387
369
185
315
195
194
180
34
45
261
28
399
368
73
121
336
361
207
6
79
126
373
385
184
7
236
5
50
35
329
204
82
16
291
20
133
2
197
210
309
61
123
75
350
329
62
266
286
232
14
37
384
330
251
390
397
127
343
222
284
128
311
390
30
55
216
11
250
397
82
354
30
204
261
129
141
43
141
65
288
33
151
210
315
67
321
322
0
343
191
191
49
334
312
50
397
27
308
160
125
139
153
116
73
136
184
317
292
167
367
42
57
234
263
365
30
355
244
14
134
37
103
205
323
86
334
355
222
26
333
205
338
294
51
380
79
289
146
27
114
399
298
144
129
27
126
235
395
126
294
286
321
167
0
111
42
368
117
249
395
32
157
350
135
42
67
329
162
188
345
250
261
125
220
42
345
23
331
366
115
227
303
287
369
131
95
251
172
239
219
98
98
305
340
358
265
306
280
18
377
136
292
285
90
162
156
135
209
209
253
367
239
356
329
302
376
375
278
253
368
300
337
332
363
85
277
234
131
173
13
82
104
220
40
277
204
199
29
237
226
155
72
73
145
390
0
281
15
367
86
388
302
293
6
40
386
93
172
338
110
304
313
244
63
6
44
118
156
239
330
251
358
119
280
285
301
90
219
269
312
265
270
259
13
148
253
182
169
341
134
357
205
248
3
320
45
237
251
28
155
173
326
125
222
147
118
221
343
98
16
216
237
131
82
164
212
142
81
353
57
66
28
292
32
118
280
16
149
248
122
256
330
230
125
100
70
144
210
45
129
167
258
309
301
64
364
303
276
226
354
70
50
387
265
129
366
226
122
51
332
256
65
175
4
141
128
345
188
117
35
182
264
28
266
76
41
269
59
18
99
89
23
294
244
398
270
163
145
157
132
181
145
269
285
123
390
272
354
309
387
98
223
259
306
95
391
121
110
355
270
317
237
80
70
12
355
225
86
327
244
324
48
337
135
8
103
356
185
21
296
64
200
11
201
319
175
163
271
144
163
132
206
16
123
141
247
207
378
4
41
222
88
24
197
13
4
70
110
145
252
376
317
18
6
363
65
156
373
271
285
364
269
16
342
126
274
229
398
327
194
293
214
334
348
325
375
355
193
298
1
395
265
64
93
210
11
233
123
327
320
10
217
217
10
398
140
250
104
342
215
304
349
115
303
213
361
314
293
387
24
97
395
364
364
264
302
107
51
215
296
221
87
81
387
348
109
292
184
171
280
135
32
46
37
233
275
385
217
304
96
365
179
148
299
234
149
332
119
340
171
41
106
172
388
126
16
157
107
321
154
114
126
104
313
277
325
280
292
302
108
321
23
270
280
398
277
203
43
230
44
96
55
277
9
111
201
37
116
396
114
24
96
184
273
183
302
263
65
114
228
64
250
198
372
88
200
265
132
27
114
236
282
330
170
92
106
116
346
237
103
346
55
185
11
270
324
304
110
265
139
294
131
71
304
27
21
273
361
338
31
65
387
126
38
242
201
361
372
148
58
29
331
38
354
233
177
287
54
27
122
85
247
194
250
24
170
251
318
226
90
4
103
126
109
293
147
275
141
194
345
47
341
159
194
331
197
151
291
221
312
280
36
284
260
320
147
208
69
38
161
210
329
189
157
51
352
189
207
372
183
51
221
356
241
226
278
386
57
271
222
10
192
357
246
331
18
333
197
152
275
389
131
382
28
44
88
398
131
34
369
101
41
344
115
189
25
368
226
284
126
38
385
97
222
356
132
189
264
320
313
35
194
316
77
210
284
307
89
396
39
273
372
366
46
323
292
69
329
189
350
178
283
76
333
132
197
234
40
204
138
39
252
75
32
25
323
190
299
338
213
334
53
145
276
229
130
145
198
110
75
111
42
226
125
389
159
190
161
38
90
135
221
126
19
245
46
29
77
383
92
138
124
58
251
263
123
114
337
346
261
137
297
175
266
309
347
81
170
290
399
373
364
6
240
42
313
339
338
256
83
275
296
284
88
203
373
216
84
187
14
157
49
175
42
138
51
126
55
366
77
262
323
365
146
124
70
322
314
272
240
34
46
294
90
228
337
77
370
330
374
102
249
53
7
36
363
261
272
264
280
273
358
349
152
386
387
5
310
132
300
376
386
372
339
299
374
128
295
176
263
222
169
344
283
120
300
1
85
258
56
187
393
127
18
25
150
322
162
366
127
279
237
236
263
143
274
85
130
62
8
396
386
124
8
191
345
208
263
294
301
137
283
90
387
18
160
263
56
17
254
283
70
19
37
108
96
172
323
124
261
246
238
186
3
349
294
80
367
297
303
238
22
178
40
38
75
170
217
203
275
95
379
46
153
310
114
131
146
102
128
371
152
196
147
159
362
216
283
139
159
25
107
203
132
299
185
95
146
187
34
367
389
333
263
109
347
138
177
328
277
20
182
208
263
397
96
207
399
243
185
178
268
396
164
273
155
14
150
242
0
376
322
265
52
265
352
399
273
328
2
185
170
358
177
51
399
190
75
188
62
141
278
301
56
158
159
128
150
254
266
27
386
172
291
386
15
287
174
267
138
105
133
339
98
170
256
246
302
69
217
209
270
263
293
263
87
201
250
68
98
367
174
301
13
2
310
312
76
278
141
204
138
66
385
237
356
255
328
5
394
393
219
47
134
68
283
278
1
287
153
187
32
116
57
89
29
259
266
247
124
205
272
228
332
172
135
223
289
115
109
318
347
52
276
144
68
182
83
150
202
330
120
86
70
343
232
37
23
116
53
134
228
232
318
347
218
66
82
375
22
289
366
58
186
361
225
152
252
107
262
303
235
58
186
160
378
375
146
397
155
368
286
164
74
371
177
55
358
68
290
309
243
181
133
46
238
163
322
152
355
278
375
342
221
240
225
73
391
60
146
169
187
55
228
47
333
122
191
112
246
266
255
216
205
324
114
77
325
356
212
291
357
133
55
292
289
88
333
324
375
318
159
195
153
256
73
110
3
303
4
162
243
134
98
346
334
247
204
34
155
50
15
10
47
246
349
120
398
169
260
333
224
386
348
230
56
6
56
120
38
265
112
51
123
290
287
387
355
319
32
78
4
106
147
280
147
35
153
93
104
361
359
240
395
2
388
115
142
180
187
85
84
6
222
390
147
30
35
99
216
167
168
133
155
102
189
27
282
379
159
162
167
158
110
340
28
302
169
387
335
255
149
203
273
276
151
163
33
48
249
348
62
28
291
192
187
24
211
121
42
380
264
390
132
205
71
349
282
338
185
319
312
249
30
285
36
9
79
299
310
367
263
286
49
340
311
142
304
205
64
322
241
191
302
116
71
136
58
133
229
353
138
20
100
334
397
377
42
101
361
327
22
31
56
51
344
223
142
281
191
200
221
142
27
147
230
346
235
340
62
346
338
348
167
307
91
254
25
248
263
238
178
148
74
49
326
210
345
381
58
279
144
297
141
9
266
107
226
71
187
261
101
322
144
297
303
70
94
186
303
70
300
399
335
231
242
306
205
348
242
22
290
268
360
10
113
257
306
133
345
269
130
31
392
227
81
231
188
149
81
207
5
188
165
130
110
245
165
251
310
117
275
360
296
73
148
69
240
132
43
156
84
43
293
198
376
4
244
34
245
60
245
139
389
133
178
142
187
57
187
154
378
268
195
15
346
301
284
213
296
226
113
132
207
218
345
28
349
28
371
290
39
169
117
187
256
339
151
116
209
271
176
325
142
176
389
249
52
360
141
213
256
345
28
28
140
167
5
288
244
4
290
279
213
243
178
398
14
83
3
345
318
137
210
116
191
150
362
353
2
372
99
304
67
305
309
21
54
59
130
57
268
331
343
324
331
340
288
279
115
149
191
63
273
168
143
371
45
379
57
150
241
242
80
141
20
248
78
61
268
123
287
341
181
192
330
274
397
291
375
78
187
91
141
60
285
330
150
140
256
0
16
186
75
159
332
22
179
169
298
215
368
250
193
364
30
368
134
227
280
41
281
148
126
87
183
164
384
312
150
49
286
247
286
274
141
337
99
362
335
149
134
104
44
50
395
345
50
155
236
283
304
5
258
323
105
246
222
105
218
200
164
134
103
152
11
249
5
110
210
106
289
134
202
207
335
233
200
76
317
99
6
183
141
138
261
14
212
243
76
341
39
232
221
74
81
173
335
261
157
185
117
36
79
254
68
158
157
275
42
52
120
385
7
199
19
243
242
71
30
188
153
260
125
189
281
67
78
139
287
36
82
259
344
218
164
74
339
213
65
180
201
82
128
193
42
42
335
86
247
397
257
221
300
376
174
2
65
285
365
149
236
205
395
372
179
194
182
260
43
351
257
128
269
166
380
177
323
2
223
200
122
309
203
28
308
35
378
310
252
260
170
326
218
99
285
225
163
381
125
384
21
373
110
19
286
164
19
180
149
33
211
259
101
375
29
302
128
350
278
49
35
202
34
17
326
49
353
53
14
308
381
376
133
352
156
299
384
187
320
9
229
98
172
326
265
210
120
315
226
325
97
370
311
67
119
340
81
310
3
110
340
308
49
3
108
229
9
99
174
91
173
356
209
78
102
327
55
144
302
186
2
156
373
388
303
290
251
286
341
115
156
338
195
229
121
150
151
372
127
224
61
101
134
272
164
189
199
35
87
301
231
284
48
350
141
275
204
215
242
61
31
333
173
370
53
160
229
277
398
91
243
21
236
255
68
17
241
87
35
39
312
345
142
125
362
361
286
191
94
367
370
210
189
167
124
301
79
225
29
185
2
189
81
70
399
250
289
296
376
95
338
31
388
70
269
143
146
180
109
187
294
180
145
380
122
118
199
319
388
301
268
212
101
334
380
284
139
181
286
370
312
2
340
275
374
42
60
60
181
42
108
291
389
319
296
55
0
370
337
132
357
269
43
229
18
88
191
188
117
140
54
239
255
233
204
166
274
310
30
330
375
221
267
258
274
250
375
377
132
317
244
164
79
178
174
286
61
97
295
171
19
252
375
327
225
177
226
33
131
251
209
52
391
97
140
343
244
72
326
46
398
82
208
304
203
352
253
229
196
103
46
336
195
42
377
34
85
202
187
202
338
388
287
142
218
71
67
257
286
19
53
207
399
200
115
218
14
76
301
312
377
182
132
292
163
11
26
208
34
257
340
11
343
9
291
338
207
145
63
230
304
125
324
83
274
296
192
326
256
376
301
27
83
51
61
174
46
115
261
212
365
138
375
337
12
377
210
315
160
298
264
163
216
20
330
66
234
207
376
125
340
288
165
383
60
379
243
366
213
165
210
328
220
70
311
220
73
184
332
222
182
262
372
336
85
61
222
79
123
108
182
63
98
200
201
84
295
395
49
390
291
295
200
312
191
398
21
290
12
382
278
262
362
76
114
35
369
244
91
379
91
304
139
200
156
369
93
59
85
187
381
307
294
223
268
275
97
377
21
350
332
21
124
396
286
386
335
105
208
242
311
145
294
82
193
76
208
144
187
260
166
121
160
70
247
89
217
115
76
30
59
87
92
90
374
373
103
396
96
168
215
57
94
87
183
195
9
281
111
115
235
70
204
196
304
332
102
359
94
183
104
374
373
317
318
303
2
381
266
362
307
362
208
35
50
30
312
195
233
362
363
393
167
275
90
243
197
356
220
72
306
203
203
105
188
70
181
22
201
133
294
46
50
87
229
208
281
201
374
106
389
182
329
231
129
331
337
221
135
365
61
24
5
20
150
305
201
51
72
379
339
357
327
145
279
378
158
195
240
306
286
46
262
303
336
270
265
170
85
143
275
171
231
258
19
368
12
53
62
13
356
29
182
10
277
212
298
144
284
78
200
246
386
184
170
168
169
5
215
246
290
385
274
143
246
231
143
306
235
44
95
382
163
200
91
216
390
316
59
202
10
393
334
150
78
232
385
61
135
352
57
74
167
291
31
359
107
32
337
167
335
392
223
319
171
73
112
367
337
183
98
220
395
259
110
91
369
51
198
316
125
282
313
395
148
313
23
18
276
392
229
242
81
23
341
80
334
170
229
220
299
215
369
384
90
272
60
384
39
356
354
73
0
326
192
294
279
359
344
131
64
378
17
79
255
352
181
279
294
304
29
87
259
39
231
247
137
296
225
301
335
365
32
46
316
195
150
352
381
40
211
302
188
223
365
29
166
207
386
289
33
168
57
258
369
23
249
79
226
365
379
239
152
199
135
202
74
170
80
193
384
222
78
386
198
386
359
51
305
95
262
236
14
161
133
311
300
320
365
384
170
250
46
42
257
69
334
179
29
262
325
34
111
334
194
42
148
15
95
27
193
94
106
29
141
177
193
33
25
126
93
68
107
2
148
340
68
365
380
353
311
76
362
375
364
106
372
170
291
10
115
170
44
192
89
89
288
163
83
95
316
115
351
14
178
304
249
252
149
161
25
141
113
378
8
104
0
391
163
203
112
250
344
184
249
158
242
92
371
333
281
158
268
365
334
171
221
72
113
250
161
355
134
221
309
64
301
353
80
288
25
347
288
325
301
204
365
108
268
324
283
190
223
304
17
182
155
175
216
155
393
104
141
286
234
346
28
294
371
115
131
251
216
221
184
316
62
0
44
393
313
278
280
259
394
197
274
348
79
64
214
142
254
282
353
283
18
219
195
334
161
90
229
44
170
206
186
187
254
114
181
266
23
193
270
197
253
270
159
92
123
379
231
202
267
106
15
279
92
154
318
394
193
348
373
81
116
297
360
97
131
92
382
133
49
121
166
44
166
104
0
0
134
105
389
372
48
138
268
14
140
229
4
298
84
51
238
303
97
4
142
264
219
122
152
361
38
38
125
83
382
89
201
355
280
360
124
219
258
159
208
319
160
282
341
92
364
301
188
72
186
153
251
286
261
95
136
74
129
73
398
233
212
99
395
256
192
226
95
41
114
119
396
58
106
57
125
70
251
354
45
225
46
1
268
379
215
87
15
259
70
155
155
126
134
251
108
35
50
215
335
249
323
380
74
177
353
179
377
203
216
247
104
72
225
91
225
105
232
261
214
211
387
355
137
208
301
177
188
16
297
212
374
394
257
57
238
177
395
232
327
197
192
379
261
305
366
139
293
101
113
87
258
220
138
185
280
47
379
229
212
338
354
293
370
104
43
354
234
17
332
341
240
177
234
166
265
10
62
95
125
318
266
312
61
251
17
12
320
366
151
215
72
162
281
341
75
313
32
26
134
371
285
5
3
147
317
222
155
249
272
43
341
335
394
150
222
59
377
324
105
178
214
166
29
145
28
353
76
312
258
332
330
268
47
164
53
163
173
235
261
313
134
22
229
327
217
38
80
157
292
371
18
192
41
397
156
140
280
180
249
158
42
14
265
29
324
293
165
45
328
63
191
303
269
49
395
87
154
368
371
130
175
320
249
327
222
220
92
393
345
314
202
118
130
237
172
223
105
180
189
209
196
162
299
111
24
266
345
356
390
155
189
351
209
192
301
273
387
285
334
282
378
68
186
355
228
23
257
101
383
74
344
18
249
262
303
339
168
118
52
109
162
118
16
162
390
336
244
204
113
42
369
249
156
130
77
86
188
23
257
49
274
377
262
300
269
85
378
141
319
227
159
388
50
109
15
146
16
154
242
185
194
225
329
344
29
322
146
299
379
67
52
285
109
155
353
175
250
215
36
7
388
298
338
285
346
35
216
54
181
309
39
339
337
301
203
135
301
388
133
30
138
63
397
339
338
166
383
33
337
381
103
35
171
54
359
118
94
109
120
24
8
214
52
136
98
51
24
98
216
260
161
132
120
10
2
95
158
371
334
238
354
143
26
347
340
138
267
190
97
201
195
284
238
233
276
291
187
393
230
60
72
72
110
244
190
113
225
316
205
372
268
74
98
191
228
207
3
348
84
346
65
261
260
72
264
120
391
228
239
248
207
187
159
322
366
189
350
197
15
109
113
152
332
387
166
261
284
289
207
178
160
8
248
79
352
387
205
77
175
101
359
45
183
58
9
6
274
92
183
170
274
205
292
47
391
55
315
84
286
54
223
274
391
276
234
227
223
89
350
125
154
89
173
166
334
350
268
174
348
186
235
360
72
386
331
282
341
359
340
104
14
303
127
314
14
359
161
234
11
271
313
33
209
178
36
242
300
58
1
359
163
78
131
123
126
380
131
43
186
394
101
293
251
48
76
375
128
318
113
269
328
11
303
278
115
163
162
331
97
340
237
362
40
144
243
70
215
264
397
148
373
10
102
160
234
101
0
232
87
384
10
164
104
279
164
343
197
352
82
59
72
216
29
178
83
302
361
294
232
190
163
10
196
219
225
59
74
94
106
72
92
399
399
197
114
199
364
184
161
116
94
145
9
300
256
89
223
167
273
141
377
217
301
291
276
5
312
291
76
25
166
130
220
40
119
275
220
49
190
299
235
65
81
253
309
301
21
128
28
342
303
108
281
391
33
114
112
40
270
275
339
35
337
343
272
282
391
299
38
214
177
212
215
361
94
373
229
380
15
316
347
315
242
231
123
384
9
297
82
122
343
243
279
310
87
387
20
15
160
339
199
235
99
89
351
181
309
317
40
317
56
353
20
90
2
163
131
70
212
172
177
391
337
279
139
72
6
335
147
385
308
59
117
351
213
33
100
276
182
300
118
33
80
343
369
2
101
322
64
213
117
273
93
44
40
154
321
223
148
229
83
246
212
362
397
198
266
91
355
324
1
251
262
28
17
270
211
178
273
301
231
3
141
307
95
89
106
321
63
321
95
33
295
196
176
246
38
227
386
321
108
100
346
373
267
370
340
310
109
257
249
214
380
198
0
75
173
231
24
38
13
241
364
266
61
301
66
59
33
102
351
251
25
261
371
198
397
217
60
265
161
371
80
332
381
397
99
137
249
174
107
342
364
258
50
93
366
105
284
253
217
44
81
216
130
306
233
144
349
360
369
124
2
208
22
54
261
388
364
157
376
162
98
36
157
395
321
302
183
164
251
377
167
15
370
384
222
210
165
395
3
18
46
323
9
121
359
399
185
217
144
74
113
292
128
34
161
29
120
269
237
343
324
65
94
302
124
201
217
251
94
124
342
75
64
148
2
201
15
121
349
162
388
320
280
241
173
277
131
21
94
185
235
387
153
272
93
384
162
154
219
367
156
23
385
336
363
59
393
0
280
232
101
345
4
286
253
321
384
314
359
387
302
345
372
237
56
237
369
123
255
202
90
345
185
65
122
331
327
339
90
248
48
52
233
237
114
326
180
146
36
376
366
264
15
170
202
20
348
82
327
59
67
395
283
218
345
94
86
39
303
139
396
202
154
154
32
322
393
385
372
59
142
112
8
61
394
215
145
82
276
99
97
310
396
353
62
341
181
108
110
20
121
341
212
353
143
260
21
355
179
76
2
37
187
66
342
314
229
171
49
8
212
204
58
140
258
160
135
166
26
325
375
268
210
173
88
214
32
156
142
340
240
7
90
375
122
224
315
219
212
255
284
30
219
376
202
111
158
348
344
158
112
64
156
385
129
321
90
217
28
214
26
60
375
271
60
283
274
137
300
100
131
351
102
24
171
368
207
219
290
234
115
47
169
149
181
239
178
323
187
134
229
344
342
332
335
149
26
114
313
75
311
377
188
235
288
265
282
75
261
231
176
214
115
197
69
182
298
246
26
40
158
229
276
351
243
249
335
21
107
95
182
62
327
111
389
58
28
237
182
33
15
306
114
207
367
240
131
388
264
235
208
26
157
17
287
231
149
374
221
63
59
366
197
221
196
124
273
221
372
328
63
193
384
270
397
398
140
43
184
10
173
247
265
161
340
57
362
234
174
136
18
10
290
388
281
82
260
299
317
337
1
166
389
178
134
18
265
196
161
51
269
0
396
212
130
126
51
269
354
208
88
230
29
297
252
295
365
94
350
168
345
337
99
337
223
380
225
51
59
242
57
250
105
99
354
204
94
257
205
223
387
48
313
206
46
51
217
77
207
284
276
196
311
290
145
338
262
356
311
222
288
40
397
120
381
291
216
231
134
188
41
63
382
382
70
69
108
51
57
161
204
126
287
57
71
328
19
322
59
121
325
130
209
10
64
71
133
364
130
230
99
325
130
223
76
97
27
312
362
85
59
23
320
168
166
359
128
81
259
53
69
92
223
125
245
330
318
209
237
293
47
319
107
265
57
377
149
99
121
267
370
293
79
207
216
47
84
243
3
392
291
10
356
245
46
391
214
127
202
84
113
235
59
380
128
382
354
15
250
223
209
76
164
203
148
96
251
46
324
1
329
81
243
94
194
160
82
248
106
218
190
356
289
37
114
301
201
153
84
258
264
315
8
191
318
1
271
265
381
236
272
266
103
149
32
276
150
259
120
49
91
64
215
282
275
394
51
190
153
307
168
314
383
383
301
325
170
100
166
168
240
152
307
366
304
306
252
116
3
151
76
85
321
352
120
69
248
181
174
290
33
153
152
77
374
125
8
149
237
137
397
245
335
312
100
362
104
328
176
272
137
164
69
240
84
314
211
272
275
1
116
308
312
392
111
352
132
312
197
176
6
355
172
27
329
392
166
104
93
147
280
314
366
250
19
280
373
220
147
104
310
84
35
50
91
120
55
245
309
216
201
20
91
204
352
112
389
35
137
52
354
318
335
96
306
1
250
366
366
103
174
45
103
1
76
7
192
295
58
315
162
320
340
374
128
133
204
296
329
71
55
291
389
28
394
104
390
66
385
66
378
27
93
234
154
390
139
207
284
27
11
18
93
20
203
50
93
49
204
9
334
89
294
112
189
303
9
243
369
352
384
116
306
117
311
310
9
240
62
147
213
5
361
199
393
335
309
12
3
27
353
283
391
399
81
216
327
81
372
373
149
63
278
259
284
110
151
370
278
265
105
215
281
318
162
288
189
235
300
261
292
177
80
148
382
301
202
157
37
216
373
165
391
143
305
256
54
22
367
313
261
314
234
235
59
324
290
194
61
159
344
216
392
152
369
388
330
219
194
133
109
125
23
299
130
61
31
269
174
129
45
43
359
112
32
198
341
137
223
205
34
112
376
180
284
322
270
271
106
87
94
274
351
137
232
75
327
105
27
250
151
116
294
27
88
259
286
55
304
316
56
352
254
191
319
54
190
313
34
93
20
49
178
46
228
61
54
58
340
289
249
213
24
52
127
380
61
54
276
127
198
218
99
304
49
397
108
18
288
319
42
2
77
301
341
138
314
292
327
57
58
84
138
288
75
262
213
235
178
367
149
90
255
105
52
372
53
303
169
15
171
251
239
123
155
39
315
24
129
385
237
93
388
241
165
50
61
329
211
241
112
212
323
246
46
2
259
241
93
106
239
361
281
104
386
346
124
109
336
85
267
239
131
161
177
127
240
239
318
70
314
304
30
44
48
44
256
120
212
246
324
65
6
3
267
380
157
229
300
293
26
24
229
234
237
29
95
343
115
85
386
352
314
140
297
229
357
169
393
166
289
206
112
389
4
206
10
32
40
380
240
332
331
79
115
286
343
371
192
131
108
228
19
281
316
49
157
93
35
159
170
133
301
330
218
350
1
331
262
249
31
162
97
376
147
100
369
83
379
239
162
339
370
98
51
301
282
258
115
317
360
127
268
305
82
317
58
33
221
90
373
80
350
392
56
361
289
380
57
373
391
26
18
258
36
221
271
282
144
95
300
192
253
106
282
315
205
106
97
225
307
227
345
318
262
333
137
23
24
63
237
198
197
1
83
352
335
108
245
138
361
243
335
350
39
190
113
227
93
227
318
379
111
205
233
93
161
111
331
350
262
178
380
384
198
337
92
198
39
5
346
138
120
301
227
226
351
45
91
209
304
257
168
239
370
15
245
170
112
67
333
393
168
379
57
198
113
351
67
45
239
155
85
26
224
374
308
94
110
38
40
278
333
105
257
193
350
292
111
36
270
391
341
132
129
309
224
331
345
331
270
361
146
300
324
147
220
33
257
144
258
146
204
398
349
186
33
273
215
149
104
316
41
187
222
105
57
165
364
299
243
197
348
60
195
248
333
253
131
305
191
239
279
299
88
239
6
178
270
67
4
234
360
155
239
294
371
325
4
202
276
232
266
216
282
232
204
191
395
303
76
95
222
341
333
243
286
211
399
343
5
132
107
213
194
265
67
140
161
343
135
224
391
226
265
246
140
62
64
72
219
173
228
86
248
290
158
323
69
107
371
311
376
111
134
163
228
155
296
315
57
376
99
317
226
279
256
186
295
374
345
117
160
228
363
338
304
207
43
193
217
52
103
296
253
22
246
374
344
372
115
226
48
209
354
330
28
396
380
395
345
201
118
73
218
288
246
383
141
193
307
73
348
4
65
219
352
283
52
372
162
81
257
272
121
79
194
342
273
235
22
13
322
134
26
358
307
233
94
319
187
229
172
273
137
152
283
379
65
315
388
114
67
62
98
333
95
158
322
202
318
311
76
203
286
368
304
349
187
345
222
230
353
304
256
180
240
290
109
162
297
322
301
394
362
376
280
311
38
336
46
327
266
380
10
133
158
350
381
381
43
355
354
209
217
4
131
263
86
355
305
348
151
21
50
162
297
337
127
330
358
391
302
61
143
56
381
167
207
280
12
170
67
215
81
204
315
200
15
205
133
352
63
91
26
298
63
330
131
37
236
241
153
29
153
183
134
239
33
147
355
10
330
242
28
217
73
91
67
56
231
104
323
86
147
104
178
183
359
340
47
256
37
136
100
371
258
346
383
155
95
145
237
343
104
304
391
174
128
221
267
35
334
267
389
76
138
252
229
344
360
143
231
114
41
98
85
311
16
142
227
147
262
333
387
346
94
46
181
60
360
258
159
0
43
132
395
184
0
64
275
345
322
216
48
225
151
142
145
339
241
98
152
311
362
59
86
241
31
392
181
171
26
356
348
129
331
23
170
141
307
396
65
228
318
197
43
163
10
122
362
171
48
339
32
95
128
358
85
328
171
48
113
9
335
360
302
384
329
246
399
342
258
67
23
254
381
48
152
27
246
313
279
3
139
214
58
146
375
56
165
224
324
219
165
171
87
71
366
222
120
360
138
129
73
230
302
278
27
137
222
74
170
314
356
66
307
394
120
278
94
211
382
85
173
150
55
324
138
302
325
191
342
279
234
85
220
11
234
357
331
110
21
66
214
36
128
392
0
155
359
342
38
11
9
398
341
266
123
241
255
386
373
216
170
245
135
61
304
140
183
60
323
289
250
92
395
123
120
305
268
54
123
35
75
127
285
251
239
323
365
305
141
349
63
190
294
58
82
16
54
70
304
146
173
8
189
113
322
351
154
41
16
38
271
303
226
119
324
55
33
157
326
395
293
223
55
35
237
175
122
393
266
343
115
269
277
36
290
387
5
161
310
353
209
31
372
55
182
133
157
3
188
317
158
263
41
281
305
161
217
387
306
147
280
218
380
338
326
17
268
318
189
268
234
395
177
66
112
31
233
300
349
60
359
210
101
245
381
157
353
393
159
168
367
19
324
109
257
128
210
287
101
221
228
196
72
48
399
55
152
365
233
326
257
359
186
71
242
287
244
377
383
217
83
93
357
295
265
71
39
189
14
127
341
89
212
238
264
108
169
357
260
10
261
168
274
319
285
4
138
26
399
179
262
238
203
200
167
49
363
13
169
308
72
356
36
125
210
88
168
196
123
37
378
352
343
205
2
105
145
13
115
371
60
187
198
235
155
351
267
125
12
378
190
290
317
123
322
88
48
252
39
272
37
134
204
338
358
384
69
85
346
233
205
205
145
338
342
26
92
199
320
263
357
42
320
333
300
196
9
301
42
306
115
220
252
157
250
336
232
25
124
53
156
368
256
76
268
290
183
147
76
324
280
163
60
86
45
296
221
167
385
209
326
294
238
200
45
292
233
270
235
233
323
354
241
126
215
208
208
158
343
205
210
305
287
282
361
91
75
345
396
117
99
319
367
135
310
81
238
268
346
20
296
24
205
24
337
27
322
175
248
397
393
233
174
217
326
76
153
235
187
153
69
176
242
269
48
312
22
161
128
127
18
348
149
30
183
36
86
99
219
182
367
205
137
312
245
4
327
99
159
190
305
377
137
84
105
348
390
22
395
119
129
52
287
94
163
231
136
200
396
180
112
321
163
119
377
12
264
205
222
292
309
149
387
207
354
156
100
224
31
203
100
139
333
214
237
180
380
177
258
11
240
10
342
352
196
391
247
260
176
323
180
73
60
334
79
377
245
131
227
270
145
49
355
308
388
103
205
366
397
40
199
375
190
128
40
390
342
348
206
226
239
23
200
367
158
96
111
226
71
349
44
344
1
294
343
272
275
283
81
146
395
387
34
356
388
23
371
72
114
334
243
102
386
182
102
195
47
154
206
293
17
139
192
258
268
40
166
320
40
281
93
76
93
22
341
180
235
130
136
74
50
335
324
137
237
67
59
50
250
377
321
84
357
384
42
275
179
250
191
290
358
345
153
333
144
290
250
54
327
42
19
375
359
290
338
367
198
385
95
103
19
364
277
4
102
179
185
122
268
72
111
316
31
7
22
7
0
93
158
183
203
372
31
46
67
327
387
74
311
70
31
385
115
98
219
161
274
215
104
185
168
222
309
387
160
136
13
301
7
237
183
111
70
99
111
144
106
76
179
254
337
255
341
30
179
220
46
184
385
133
178
272
99
327
78
208
113
286
277
346
23
259
70
51
4
89
205
290
331
59
251
340
16
185
394
92
61
54
365
121
110
43
19
87
338
388
184
312
196
207
255
173
120
153
89
113
360
227
252
78
181
170
181
109
259
291
188
381
277
128
380
71
66
213
250
113
179
130
282
288
30
61
154
103
169
112
83
6
44
328
75
23
30
269
88
298
318
274
11
216
238
246
381
51
198
251
307
114
340
16
35
360
162
132
205
64
373
40
159
190
224
155
298
248
121
272
299
173
52
386
162
30
357
234
219
213
240
34
384
399
94
53
171
60
116
261
354
55
346
198
347
21
351
278
275
289
204
213
303
240
199
300
186
199
58
24
198
228
50
188
47
319
340
399
108
222
93
87
370
140
199
9
179
350
201
99
53
24
277
306
216
253
298
307
228
222
73
235
276
65
364
347
47
315
322
16
214
148
90
74
132
365
259
160
332
252
398
329
72
226
64
332
24
305
99
331
315
260
290
93
145
176
302
312
114
381
304
329
178
363
321
26
292
258
302
260
15
312
376
342
222
149
71
180
225
342
283
82
224
23
82
64
225
282
136
23
227
142
390
42
161
302
210
88
236
84
30
276
181
210
86
260
64
210
290
65
391
345
336
97
3
171
289
376
52
373
304
72
160
225
164
328
245
224
329
116
92
260
139
135
385
139
208
99
6
215
104
183
364
222
128
397
1
99
391
62
26
244
385
66
246
108
329
396
219
327
295
315
35
261
359
237
21
58
57
40
152
310
160
149
385
30
90
235
131
197
371
365
65
145
175
331
397
95
335
148
286
365
291
9
245
76
398
227
290
148
21
180
333
199
242
0
130
225
13
200
76
153
289
369
2
9
132
348
370
59
10
216
113
9
274
333
231
195
70
151
160
119
315
190
35
111
290
35
351
278
70
132
250
167
69
334
292
199
308
86
289
160
332
367
307
389
121
62
398
21
178
389
2
139
65
332
60
155
187
188
210
167
304
145
152
139
233
152
129
388
386
57
53
249
201
164
122
155
34
181
117
238
250
76
305
2
274
87
369
11
64
370
227
149
64
95
387
335
331
170
375
139
64
229
166
206
222
363
279
139
270
87
4
153
188
242
18
66
206
67
22
159
372
109
69
28
11
2
317
371
327
78
390
54
191
180
381
19
320
175
398
160
315
318
347
128
212
35
389
396
349
153
120
308
256
337
304
350
233
207
279
119
6
323
159
76
160
369
335
50
22
88
343
281
175
348
220
213
333
392
241
213
42
4
336
26
322
46
159
249
79
176
176
173
165
119
204
340
108
20
128
242
347
42
356
207
65
305
283
41
179
291
176
369
60
179
65
12
76
177
382
358
375
61
191
214
246
44
127
372
350
302
392
246
211
102
348
317
213
238
154
396
108
60
26
38
159
359
372
376
102
368
129
350
59
128
28
149
32
375
132
154
77
209
180
233
139
258
206
91
234
190
253
121
397
271
320
296
380
183
102
321
14
216
63
289
71
393
105
166
149
96
289
142
77
104
59
211
46
6
189
381
126
45
50
28
358
379
72
326
147
34
241
235
145
72
62
235
231
362
323
228
264
93
209
105
184
175
31
368
2
164
222
271
205
27
216
17
213
151
271
332
383
276
320
138
272
311
73
35
370
208
142
136
41
218
264
175
367
50
183
198
382
188
357
170
43
112
230
108
240
319
383
249
130
112
33
23
354
159
126
70
338
228
33
195
257
145
104
373
235
126
34
85
307
284
354
318
56
374
177
303
102
319
88
14
267
338
215
92
338
228
171
363
169
16
76
264
258
244
176
119
257
387
366
29
295
23
137
153
193
354
374
65
221
107
82
219
325
148
364
172
345
226
338
219
204
251
135
179
62
374
25
104
19
210
371
193
370
370
390
391
91
324
85
319
287
229
218
390
285
166
104
16
16
253
141
43
326
115
162
87
364
285
121
141
88
162
80
75
318
352
284
135
86
228
219
379
182
300
303
5
398
191
28
391
88
112
399
167
298
191
83
347
149
261
149
327
397
287
193
244
71
85
117
133
387
265
30
99
56
148
190
36
56
28
4
6
201
26
85
363
148
87
106
129
288
223
328
300
290
50
50
106
363
116
116
203
328
295
100
227
94
295
63
353
341
112
296
190
98
206
169
377
150
328
83
137
206
106
100
147
215
213
160
93
370
235
67
243
302
305
378
340
341
371
262
197
283
127
323
126
116
49
258
25
299
178
258
82
377
132
330
310
392
98
55
94
256
359
219
184
367
120
219
82
334
213
10
157
146
251
1
176
69
109
108
242
355
183
376
160
318
347
75
319
52
377
313
222
340
265
179
236
72
191
358
179
43
40
203
208
372
112
266
63
304
261
242
313
181
338
15
355
52
196
299
196
109
188
338
393
183
81
56
177
380
376
392
261
348
314
175
231
43
89
86
184
214
132
262
103
361
155
174
251
222
287
53
20
347
372
328
396
6
310
393
203
104
267
288
213
376
61
47
352
104
272
346
382
272
136
282
176
347
131
281
346
254
175
265
99
47
292
157
91
36
122
277
339
191
316
251
39
259
297
216
180
289
180
285
367
350
254
286
200
262
82
383
314
256
176
189
107
15
10
339
171
48
254
291
223
270
279
155
49
348
92
246
348
3
182
292
31
254
30
195
164
258
353
47
33
169
234
44
215
215
216
302
109
236
341
293
269
262
367
72
62
260
259
140
57
251
288
381
78
318
169
11
350
302
44
306
102
328
118
256
369
207
307
74
124
278
338
128
388
143
117
288
350
313
154
242
389
53
119
388
215
98
189
128
108
226
30
247
153
75
205
119
276
285
262
303
175
297
149
120
368
340
226
338
45
322
328
232
187
229
265
244
118
113
308
21
279
192
109
53
126
308
142
34
260
78
359
314
156
75
117
270
287
359
327
384
271
67
247
291
170
359
296
208
300
236
129
15
365
19
308
62
40
50
51
259
98
21
177
165
142
269
235
89
230
350
384
193
128
341
157
83
36
276
382
341
260
249
142
73
110
350
323
79
291
312
201
224
204
24
210
271
23
240
355
327
284
173
336
174
13
209
316
241
120
382
151
287
77
368
249
352
398
170
37
265
254
143
399
357
100
284
266
217
30
108
249
69
159
279
260
264
325
88
328
66
20
378
142
377
196
158
23
350
4
398
227
386
242
399
341
333
236
381
102
201
322
204
230
321
281
333
184
98
307
244
287
352
56
329
205
337
64
47
246
183
384
373
26
322
135
94
48
282
353
19
120
300
351
210
141
368
56
246
210
172
321
224
23
293
305
46
46
217
244
196
380
338
63
289
181
314
214
255
204
66
136
396
381
59
263
153
396
247
79
341
105
3
275
102
84
75
115
62
385
163
398
188
62
360
6
34
196
202
315
150
188
385
379
93
247
61
259
224
358
61
213
37
390
69
279
258
356
211
100
116
175
149
289
12
202
45
213
188
145
288
219
274
19
41
288
130
235
286
83
123
355
282
240
279
151
59
319
235
42
286
77
151
149
250
267
315
214
379
269
288
3
392
326
202
353
211
245
278
71
147
255
136
20
92
178
237
279
178
242
33
301
34
47
100
53
38
293
40
397
308
129
130
297
69
242
353
94
157
20
143
145
313
100
164
122
276
335
219
293
251
156
304
37
237
55
55
370
42
187
337
168
366
209
177
171
127
199
398
42
337
37
179
385
310
179
185
67
305
378
7
239
382
278
66
396
251
138
57
138
211
276
179
262
326
312
385
366
272
2
294
125
145
370
50
40
19
156
160
184
27
89
350
266
371
282
209
313
277
14
266
226
310
392
40
390
396
311
75
336
352
64
212
377
378
30
336
110
245
95
20
69
319
156
133
343
377
317
311
332
363
110
102
50
59
48
204
229
35
54
343
42
355
75
355
323
329
132
130
308
189
113
95
206
90
327
7
164
276
187
355
10
222
212
234
61
393
172
117
34
357
307
205
164
293
6
279
293
248
236
324
69
194
69
56
319
318
232
278
38
83
148
307
388
296
201
181
15
215
129
365
54
64
25
145
340
259
337
228
322
31
117
356
188
4
384
289
270
22
232
195
220
240
44
323
267
379
327
198
315
149
25
167
180
74
389
66
253
106
224
213
78
334
267
224
33
281
51
114
150
269
332
142
199
306
69
168
240
252
13
64
103
226
321
9
273
388
363
123
203
45
10
159
153
182
61
222
89
113
74
284
386
282
119
62
298
312
148
306
316
181
96
119
334
197
208
185
273
33
309
369
315
188
122
271
44
176
341
181
384
181
179
85
228
15
282
25
291
31
331
7
314
250
383
307
325
348
282
153
242
140
101
363
344
29
187
228
7
133
36
258
329
40
363
127
192
272
333
119
165
183
44
350
9
112
74
180
89
296
134
291
51
322
347
269
317
284
68
71
6
222
1
186
338
318
384
325
109
396
189
123
306
101
212
217
222
373
96
325
300
380
30
313
104
286
230
299
300
224
334
112
114
47
211
67
23
330
324
370
256
132
276
66
0
292
228
266
104
134
332
397
49
59
282
207
229
289
135
89
102
79
220
280
363
88
92
241
87
280
200
225
11
215
274
195
87
336
218
5
324
218
168
378
242
209
393
56
232
361
328
74
346
69
351
103
75
312
68
319
375
70
15
73
299
387
204
232
189
273
42
45
2
207
327
397
32
375
104
253
398
233
152
384
103
103
215
35
218
65
384
200
321
9
189
350
340
96
167
399
152
15
75
75
96
226
392
268
398
286
350
393
358
324
134
98
87
287
23
186
299
137
27
227
243
355
102
4
268
268
395
100
299
203
151
371
357
218
35
210
92
380
213
351
347
62
351
137
219
114
331
310
11
19
46
290
326
185
103
161
95
315
347
361
28
264
108
77
392
147
390
246
325
131
272
14
285
233
354
14
144
161
17
231
156
361
38
362
70
209
153
260
250
391
288
16
311
117
304
367
14
297
325
260
44
244
354
13
103
241
300
213
20
287
199
241
141
160
309
84
189
190
171
205
72
238
103
160
321
30
238
25
226
104
207
227
206
93
314
338
327
275
287
140
343
108
192
218
212
274
141
105
65
355
215
35
264
43
212
192
8
337
95
24
96
349
377
26
159
77
89
51
133
393
298
384
147
13
117
105
363
165
204
321
312
398
106
238
171
235
330
37
264
49
388
363
348
131
140
8
128
6
168
234
352
352
354
186
84
223
385
331
59
374
16
122
101
267
384
384
76
179
119
172
183
84
165
139
374
1
205
167
0
11
262
304
374
231
90
322
86
80
353
183
197
122
269
281
37
117
73
94
184
64
296
382
81
120
369
186
114
132
12
184
343
391
310
132
283
336
217
104
23
12
364
398
231
356
129
371
356
25
255
255
299
163
34
299
94
308
89
272
314
198
201
166
130
43
238
91
21
38
332
211
388
376
336
54
322
5
66
199
117
140
114
187
282
376
86
198
88
335
86
324
251
310
37
187
314
201
319
385
124
108
246
283
388
262
98
53
25
98
266
181
243
158
208
123
82
42
93
373
295
110
327
206
352
22
87
367
324
110
174
388
207
287
158
136
198
156
209
361
0
277
359
42
308
87
381
228
5
66
206
3
107
398
309
263
386
10
217
64
119
92
322
66
366
38
304
370
16
391
331
352
168
78
193
343
309
189
161
143
212
381
241
5
280
109
55
97
249
182
241
265
127
193
227
140
329
167
22
309
77
287
395
238
392
310
83
16
90
91
188
72
283
374
227
75
166
41
255
227
30
237
332
135
360
212
11
119
74
123
354
361
51
350
120
227
196
45
217
141
263
127
92
206
368
123
190
346
270
270
77
303
310
36
357
180
158
332
66
270
120
14
374
154
385
92
368
156
329
99
143
368
181
43
346
23
350
380
254
236
36
141
17
314
171
231
183
8
164
375
318
191
227
212
96
51
169
66
194
236
216
38
325
386
138
367
184
267
322
267
391
243
31
155
353
162
53
135
310
142
231
210
323
283
392
103
259
97
188
36
378
186
167
248
115
186
195
398
248
364
45
184
36
280
84
346
313
114
313
356
169
167
266
166
77
321
152
322
382
244
104
310
89
165
295
72
337
61
294
169
138
198
285
382
316
214
126
258
45
273
309
227
117
21
217
78
59
329
21
276
131
276
62
378
291
13
269
103
174
13
67
70
125
367
266
250
33
182
210
324
294
83
363
278
186
83
127
156
371
267
203
182
194
344
175
152
344
322
115
2
393
258
285
210
347
116
188
168
201
194
171
373
319
356
50
294
45
315
156
378
208
315
52
334
89
239
187
170
390
382
151
44
83
28
174
286
302
113
39
165
44
188
25
5
264
145
309
160
78
154
390
146
318
114
137
244
233
326
114
164
120
217
74
58
329
41
289
138
302
360
215
16
294
383
96
231
109
377
178
269
130
245
297
159
126
144
218
150
82
265
28
96
187
78
73
146
34
307
182
357
128
367
114
20
384
113
159
184
295
351
364
250
79
325
255
48
103
323
295
146
312
314
329
113
216
191
187
110
286
179
53
377
384
182
196
113
46
16
289
349
260
119
122
142
213
227
145
150
206
104
181
367
5
373
136
158
41
42
39
175
27
112
398
8
373
213
160
211
381
203
110
232
331
126
196
190
203
261
113
29
304
238
345
332
126
309
332
219
398
253
256
362
113
198
4
350
231
387
343
234
259
389
222
160
160
320
280
114
93
41
201
21
383
385
61
275
226
244
14
381
260
36
81
185
367
40
13
294
228
259
254
129
4
127
182
352
93
185
125
25
246
272
260
137
322
158
357
174
177
260
161
159
333
397
324
359
242
303
88
363
91
211
349
244
304
186
390
23
122
8
105
119
136
38
301
30
370
43
95
387
225
217
261
149
119
42
275
109
58
88
201
250
7
91
169
231
70
206
296
257
8
275
126
299
155
2
196
77
387
399
50
41
229
358
275
374
26
63
57
140
121
111
380
65
317
366
60
177
198
101
171
339
21
20
246
99
278
100
373
4
323
210
128
373
173
352
39
182
28
167
298
358
119
150
143
340
225
116
129
135
390
355
169
218
175
375
182
167
218
88
276
27
108
332
375
383
186
295
4
386
112
314
191
179
109
212
228
289
333
304
386
140
206
304
102
49
4
358
19
90
176
353
30
340
355
171
366
179
302
231
303
62
221
218
59
59
201
375
251
216
244
110
60
91
381
38
90
358
234
266
159
191
133
1
35
11
88
293
94
324
36
175
275
140
141
63
249
305
23
50
85
209
331
132
190
336
363
9
228
160
271
312
254
303
257
364
159
147
139
198
55
216
276
274
175
352
291
323
242
62
167
105
198
279
14
355
44
43
210
290
305
174
356
314
174
348
323
39
165
60
184
250
67
264
22
129
171
182
110
246
326
55
159
5
242
308
70
198
322
89
295
227
354
126
161
258
64
362
190
68
28
356
309
200
355
255
28
281
213
390
317
230
147
347
255
322
130
244
66
268
96
359
86
303
365
83
249
309
89
333
130
83
118
125
223
372
28
305
68
33
66
352
332
94
210
195
369
46
32
69
101
117
393
109
270
359
306
76
314
118
335
385
337
72
372
308
242
171
270
77
364
40
127
87
200
244
378
118
129
104
348
118
144
392
381
180
191
269
101
274
278
7
5
67
270
145
226
371
151
143
266
394
116
378
382
208
307
200
143
309
92
46
6
180
101
262
161
186
137
226
194
363
50
109
258
30
272
191
181
141
136
312
276
362
104
121
14
306
279
253
270
146
28
233
191
217
391
125
166
86
6
147
393
57
254
58
193
244
258
188
191
391
378
107
309
149
257
398
319
263
211
236
49
251
266
82
101
9
91
58
392
64
81
279
188
25
243
258
94
367
185
274
391
58
93
214
54
229
274
226
243
276
137
121
127
1
246
18
11
332
243
200
263
314
112
109
46
248
248
185
107
30
345
217
312
348
277
10
88
3
130
233
215
385
243
1
243
314
369
395
253
107
150
209
296
109
182
361
77
72
164
153
91
143
325
204
262
196
233
249
43
275
90
298
133
210
385
184
2
202
150
301
283
160
382
146
362
381
43
391
323
51
271
331
50
40
77
252
4
298
341
231
388
385
97
131
209
340
212
338
81
258
374
46
288
62
17
35
57
6
390
218
264
369
80
154
17
93
115
222
41
14
227
150
68
75
66
6
291
266
337
202
213
381
379
67
223
298
130
281
182
4
391
61
277
182
25
21
266
44
278
17
133
329
38
117
103
101
34
168
10
255
172
266
344
246
291
146
9
390
292
207
365
260
61
32
316
158
201
331
19
187
149
51
15
70
308
106
358
200
242
10
152
292
393
341
35
153
296
242
284
105
191
292
237
321
47
346
93
115
361
216
191
87
44
222
192
175
85
347
314
114
175
199
31
93
40
335
332
264
175
109
0
122
387
67
390
91
397
169
143
13
368
361
323
322
23
22
45
384
328
358
90
9
329
262
153
367
200
108
198
167
355
52
292
25
32
249
225
163
78
177
308
111
322
234
346
344
315
26
73
185
80
38
135
88
77
58
54
20
185
298
216
390
390
267
69
392
367
279
16
242
184
234
182
142
344
173
315
71
277
308
361
391
369
75
364
206
177
263
39
148
287
361
108
82
298
292
1
106
329
262
105
273
20
190
144
183
250
51
51
220
155
82
157
213
390
276
314
190
229
179
29
32
107
141
303
171
116
186
148
13
148
28
249
300
104
122
347
271
359
241
202
383
146
16
160
292
346
294
355
142
138
273
271
223
128
235
145
305
343
218
24
48
367
318
273
332
303
332
220
74
221
137
362
164
78
25
142
89
207
212
317
305
116
275
398
5
152
85
202
211
183
214
122
147
325
316
106
18
39
0
385
251
146
210
21
94
145
384
89
95
39
109
24
318
92
235
246
255
51
75
389
270
84
374
70
359
345
395
318
332
213
250
356
95
138
374
31
292
188
98
357
172
154
87
282
352
36
5
387
19
374
301
78
361
98
32
269
228
218
213
326
232
184
167
200
296
19
274
325
76
32
227
11
13
381
56
336
206
277
199
176
278
271
377
78
375
84
389
352
77
261
24
186
233
268
351
385
69
133
348
242
142
238
210
154
64
359
361
175
221
72
137
105
240
0
100
139
125
83
30
237
276
393
59
183
248
160
76
28
283
29
92
337
118
148
78
94
385
280
385
183
194
199
81
280
319
340
268
259
238
208
315
347
83
206
4
74
160
326
92
59
357
181
22
164
149
147
148
245
347
97
46
140
348
180
194
223
253
328
56
7
383
200
61
14
356
342
268
213
309
99
114
305
143
360
132
144
100
202
241
328
29
231
376
93
132
279
122
283
337
271
59
85
3
373
395
12
194
154
250
328
244
332
305
396
50
328
397
244
221
138
42
34
123
296
80
149
72
366
117
240
193
202
265
119
387
221
372
376
258
266
165
118
110
177
85
78
213
149
119
2
3
186
250
353
106
117
28
36
261
143
392
194
339
117
98
256
329
136
173
106
63
80
93
230
30
328
396
191
51
287
175
74
153
352
104
212
236
119
11
16
297
56
148
242
191
316
372
292
262
72
244
254
191
318
27
247
325
388
164
329
203
74
260
391
391
312
374
262
146
334
331
140
331
0
391
292
335
58
295
27
305
69
190
230
113
87
117
155
55
259
242
374
278
82
185
102
118
3
163
326
336
115
245
335
13
292
311
4
19
195
343
70
351
8
130
39
223
317
277
176
89
243
107
378
95
378
16
248
169
169
360
41
46
25
183
166
193
127
226
376
81
127
38
360
149
7
21
330
128
72
269
385
353
76
288
351
231
3
262
356
84
47
16
20
151
156
121
343
2
218
64
116
10
239
334
131
241
159
290
210
37
239
250
81
131
114
354
176
291
250
126
231
370
163
111
194
14
343
245
195
241
378
195
399
169
154
63
91
176
369
145
210
53
154
354
162
340
351
105
173
275
82
13
36
198
194
302
72
171
258
289
318
155
125
355
79
115
317
274
49
156
324
134
170
208
27
135
345
220
318
40
215
114
288
180
84
303
155
240
358
176
165
303
345
307
105
65
395
176
317
125
253
336
185
49
327
85
200
234
12
186
349
109
143
172
363
63
137
161
380
38
68
239
93
93
340
104
73
297
241
239
373
286
212
26
260
369
94
317
254
326
288
384
308
391
234
31
394
217
239
140
24
161
387
183
38
258
161
369
111
372
330
32
84
258
60
108
392
353
32
85
122
154
133
47
362
138
46
119
160
180
54
89
397
75
49
191
32
209
312
81
394
394
45
245
146
7
148
37
68
229
174
180
43
181
34
311
45
348
274
136
357
135
178
94
389
63
364
90
233
267
345
271
163
217
380
288
244
90
96
247
84
286
354
324
309
289
97
298
46
304
150
323
142
223
184
173
174
291
8
237
140
74
1
162
188
110
290
367
148
270
220
142
268
128
235
323
227
275
192
246
85
133
395
354
164
183
187
115
166
395
124
48
89
304
19
113
249
311
357
12
326
123
365
351
317
295
398
258
365
248
295
314
164
291
44
284
100
71
163
220
170
30
227
372
383
286
334
365
385
148
164
24
318
214
172
205
94
89
32
182
396
230
249
324
32
242
364
92
89
156
125
324
281
208
128
170
317
46
53
74
226
8
37
26
115
344
113
248
92
194
106
95
323
150
286
393
151
18
336
382
182
116
110
337
77
187
168
395
336
340
112
270
179
63
25
57
129
336
274
36
350
352
226
348
14
33
201
220
322
189
331
245
2
357
311
106
183
346
323
231
97
365
100
8
57
30
115
75
249
337
89
239
14
316
19
226
392
85
85
134
315
158
396
239
185
321
261
212
213
46
251
312
144
273
145
162
121
133
79
91
157
40
268
273
375
149
136
106
59
79
157
280
381
152
290
96
170
72
68
207
100
18
297
234
339
157
174
104
157
148
46
317
2
166
18
136
68
124
297
175
64
362
118
74
262
203
339
130
321
284
343
186
358
204
285
365
108
271
257
256
210
59
124
300
17
284
24
24
17
228
149
51
66
48
76
180
271
265
34
304
37
123
341
89
332
359
100
117
158
82
274
143
58
209
216
6
287
123
286
40
185
276
210
165
211
214
145
133
104
356
396
286
78
292
85
244
322
192
43
254
211
152
397
85
76
21
308
96
96
110
191
235
350
110
96
140
282
172
315
249
204
257
232
85
326
376
12
54
200
67
268
194
217
111
271
288
262
27
390
131
319
132
349
37
161
218
234
218
245
322
381
90
209
372
390
361
261
63
29
29
117
217
72
287
212
188
209
305
66
165
153
6
265
356
109
325
90
155
286
262
98
89
76
371
51
160
360
318
190
298
35
307
296
217
339
7
374
43
228
262
228
381
115
25
368
59
267
8
346
188
99
297
118
307
127
286
240
128
373
240
356
173
346
385
262
226
283
5
124
134
395
172
326
140
329
187
272
308
157
351
377
265
246
13
384
211
288
43
22
115
40
284
256
375
102
187
380
193
59
285
228
260
124
232
305
81
81
239
8
185
319
207
289
136
256
211
48
312
301
361
230
371
349
97
333
227
377
395
134
391
127
182
287
363
26
207
294
368
377
66
100
329
227
347
288
239
164
43
99
100
374
226
160
157
66
216
240
350
148
244
349
305
292
56
263
184
16
114
325
16
261
227
56
398
319
104
293
174
213
266
322
216
1
249
82
77
270
27
226
163
258
114
158
39
383
51
38
101
175
69
325
166
5
294
90
217
0
137
215
154
152
265
72
134
263
130
242
361
112
97
305
220
129
188
334
127
126
208
194
101
40
116
204
365
348
188
196
285
217
231
347
138
306
85
85
262
82
151
147
322
256
306
349
292
164
186
305
114
157
386
377
361
278
193
251
300
158
272
150
226
318
127
84
296
242
244
191
244
333
275
152
218
44
348
276
391
100
0
