-513.182511
-590.2445175
-494.2028992
-1708.026855
-9367.220709
-1344.793292
-522.1180888
-649.8290577
-5197.522553
-640.0129129
-1612.063279
-569.4255509
-1306.583371
-1341.074591
-1407.618155
-921.7332659
-1228.589242
-1347.405021
-1269.516944
-599.8167057
-453.0971227
-897.0138148
-488.9686743
-743.9430044
-705.6116028
-1737.471611
-530.6444851
-1017.475756
-485.5300011
-790.9209405
-920.8711093
-984.1914269
-645.3424529
-964.9403393
-2047.178574
-610.9822294
-713.8082498
-1298.684456
-518.7777295
-8657.926125
-3609.487083
-870.4819992
-1069.11677
-503.9819122
-1065.871561
-912.7354337
-1884.910267
-888.0189766
-1259.330585
-692.5503249
-1375.098141
-983.5878677
-1290.39344
-1065.107506
-2393.062275
-701.7711881
-614.4190037
-1400.490464
-431.4060379
-2086.061023
-1636.964513
-612.588092
-1281.429887
-2918.296499
-439.050315
-654.7101609
-778.7769649
-8018.151601
-664.265601
-1537.131547
-241.4729884
-843.1520803
-1046.230547
-614.2693724
-971.9043187
-366.7698046
-1728.990092
-786.1713006
-780.4182881
-1052.529223
-556.735162
-755.3036956
-586.6526229
-900.8552336
-619.1195674
-3957.665811
-1137.190319
-1763.358108
-1761.460189
-1040.702551
-1988.881405
-605.9412131
-600.5810835
-1991.006552
-633.3064583
-692.8181707
-1076.195391
-664.6284167
-716.2100926
-1147.143324
-2595.126108
-2166.805664
-1026.657182
-1168.078349
-542.4267582
-4611.589219
-649.8629023
-420.8945292
-1584.232215
-748.4843774
-469.6629985
-5067.278538
-1114.104363
-1226.392092
-748.8980047
-1486.382863
-981.8181603
-275.6226158
-1168.430865
-888.4686902
-4131.928573
-1154.494127
-1334.856811
-743.1963446
-810.6805054
-804.3961712
-862.4148602
-1498.867225
-572.1440744
-957.4245169
-941.4967566
-389.4415992
-1071.532568
-935.6016588
-784.0606647
-509.2666309
-1038.340587
-705.5513252
-674.9128285
-1313.715706
-1714.73793
-744.1517298
-734.2944238
-1717.897356
-747.9709681
-665.6258172
-970.1292003
-1600.738003
-802.255725
-1164.180401
-819.5500744
-399.1084199
-571.8729344
-1885.435661
-504.0270331
-1194.693065
-1005.708412
-2592.617728
-694.0550003
-674.4847312
-724.1826624
-1143.724739
-5098.627941
-1242.223182
-1094.315082
-1186.07551
-886.0576257
-821.1812427
-1649.377323
-650.1767293
-930.3552667
-1025.396038
-928.1245184
-944.0881816
-2182.568623
-822.6381453
-1046.298187
-774.7816482
-448.3268848
-665.7673664
-1292.645877
-764.9305383
-1518.623761
-703.5719012
-2032.059483
-1435.156376
-666.5204649
-1499.745003
-1458.983068
-888.8941025
-2726.356234
-3192.06855
-1642.910148
-4487.805867
-485.3806256
-2416.615076
-672.6550576
-748.0527949
-1026.643318
-901.6671152
-931.8805925
-416.9586498
-1058.483828
-797.5653709
-980.6844982
-1063.653868
-1069.0783
-1366.277016
-933.6599006
-2035.237656
-1513.332611
-326.1818537
-547.2344639
-1226.278844
-951.3147587
-676.3865666
-1163.049148
-530.2398439
-465.5614668
-1525.220876
-1737.969178
-454.1359266
-805.8681221
-1004.957301
-730.0953646
-695.1841033
-1130.55707
-996.9325389
-1188.426933
-549.0947395
-1086.938576
-1350.128301
-949.2701248
-1387.751192
-558.5522622
-1047.603607
-2322.654527
-1091.337642
-745.7499837
-422.8991067
-1047.112805
-1644.687024
-845.1734131
-703.9810653
-1849.331859
-2448.312054
-3247.404666
-891.3635951
-1817.819536
-1014.159659
-416.7582394
-1572.401913
-1189.592997
-1013.954522
-1712.041901
-3534.796833
-1460.697846
-1618.306809
-641.9087308
-1412.48055
-634.5157925
-698.5293915
-2258.414409
-779.6771116
-922.9612088
-1195.996616
-1246.826188
-1743.777593
-689.5651342
-2839.092743
-996.6362891
-875.8505992
-824.9648886
-597.4898769
-789.7010629
-956.4677205
-1335.630022
-1228.158062
-930.1955261
-344.8260143
-1253.939792
-637.1421119
-871.0312673
-460.3373313
-575.4521713
-1337.036518
-1668.936381
-732.0383193
-15924.1969
-1113.633484
-1292.284412
-993.2763543
-630.2042029
-948.0670279
-525.4175841
-1240.738526
-841.0967755
-491.2795586
-640.5636802
-1213.628735
-531.997961
-646.8091582
-534.3119829
-897.3648584
-490.3420864
-602.8467937
-901.379782
-998.21996
-1345.500426
-1130.848638
-1196.830335
-1946.495728
-1654.231461
-701.2565424
-629.4873622
-2472.787471
-664.9104541
-2152.117996
-1680.200706
-1570.496928
-1480.097889
-1301.619528
-358.885579
-552.150912
-1955.013369
-855.593953
-832.9062866
-614.621302
-730.5071655
-312.6136304
-509.4245323
-726.0036047
-1181.309479
-473.8486828
-941.4193815
-530.2812095
-1667.635727
-1129.881888
-602.9568659
-718.7273007
-3094.014032
-1194.167873
-992.8760952
-747.124661
-866.6954861
-957.3222729
-3338.292997
-484.193986
-3185.344628
-2026.331098
-1303.424547
-3119.530905
-950.3411586
-925.2184485
-777.3276724
-795.2646743
-1116.960619
-377.4882501
-539.6281391
-475.1252557
-685.6210625
-679.2461929
-1082.469632
-350.516889
-916.0450651
-558.9887615
-455.9306168
-1323.958344
-836.9577262
-969.5844866
-1108.285749
-656.8094275
-1079.167926
-614.9946919
-1411.122542
-571.4293266
-1069.139953
-841.93609
-2317.961497
-694.368144
-524.6297291
-851.7821852
-2671.70465
-1689.19128
-1060.645419
-452.9503069
-810.4063346
-462.5682486
-1634.00658
-2374.220159
-1348.945987
-763.8277362
-1074.334399
-1202.218908
-408.5525126
-738.6394563
-905.1264812
-1437.718535
-802.480018
-1235.292768
-836.154777
-2043.025278
-473.827784
-934.2424424
-475.7606152
-981.4567031
-2597.434966
-2157.228898
-422.4251783
-1418.626449
-978.9599749
-723.2810906
-930.3113446
-1059.916465
-1721.052947
-803.4496351
-1125.357543
-915.932344
-1418.024441
-983.1997721
-813.5381447
-539.157653
-433.9948053
-2267.143311
-911.577942
-730.3687059
-1015.434034
-1465.820859
-571.97544
-1847.200285
-886.7100908
-1325.526613
-864.3320831
-647.2968516
-1578.741258
-1015.988466
-1054.869231
-1749.325845
-536.7926595
-628.6692785
-1936.014463
-703.0142745
-890.883871
-521.9249136
-655.8325114
-3044.206374
-810.5556483
-525.5704479
-1210.824732
-401.767526
-624.8002543
-1891.411917
-1077.715909
-700.9430131
-1328.03785
-906.0017704
-587.0835398
-571.7279302
-564.8315394
-646.5411683
-1008.277437
-656.8265737
-2420.826053
-823.6158788
-1012.484878
-748.0673466
-1225.939989
-813.8097897
-766.3446682
-545.5189311
-450.7356508
-1456.174794
-1236.444951
-579.059434
-743.7970121
-895.7161622
-2269.735669
-590.646309
-1467.458051
-1052.039465
-1465.897238
-825.6129301
-486.4840641
-566.5197598
-814.6663084
-978.9174587
-1306.108841
-855.9974883
-1419.111616
-936.1683518
-1003.826647
-1554.063773
-877.7193903
-1396.275649
-749.8105983
-1951.826592
-1484.196627
-498.4012724
-617.6326882
-618.1469946
-2809.763217
-1224.942317
-426.6601655
-1159.906177
-1933.950876
-696.5855352
-502.8735773
-1207.246853
-504.529096
-1049.15384
-3313.889954
-1180.915406
-1010.620778
-1150.292754
-2635.577731
-522.5995594
-1452.861336
-1019.232583
-1332.212854
-1727.979461
-518.5084675
-1343.293165
-1465.66049
-1246.57537
-1071.491529
-782.6382905
-957.6134992
-1023.293833
-1190.867425
-963.0898049
-2159.659193
-684.0091635
-1396.775377
-450.6038583
-2385.475254
-473.0910426
-591.7699399
-1100.321948
-1119.981972
-1619.319442
-1682.468496
-1216.105607
-883.0989712
-1109.578977
-1339.81683
-561.2823823
-730.0188539
-931.5379479
-654.9194546
-1696.466206
-910.7336528
-1531.49774
-5520.49582
-734.5529632
-973.3807423
-562.87232
-485.9780578
-729.269903
-706.2050054
-830.0165788
-1843.845137
-1863.229358
-1865.522392
-682.2447496
-3635.326994
-1406.135513
-1074.107068
-560.6800731
-313.386678
-3096.471273
-1406.786347
-690.4757344
-1937.961066
-1500.724888
-972.2140806
-677.608346
-642.3470831
-1271.261914
-952.2146466
-5410.238392
-1331.945131
-1545.524274
-710.6830876
-1027.305203
-1396.812866
-468.9564444
-1315.899711
-911.8171279
-3740.050272
-1347.588128
-2683.174295
-1078.858272
-520.5384314
-377.9634287
-1924.399068
-495.9887258
-1189.061785
-788.5348166
-2072.887039
-690.6952616
-1539.071181
-1922.428989
-498.2741689
-980.2536479
-1245.105266
-1340.347219
-606.2333563
-828.5144698
-898.4314058
-1006.689362
-1061.712204
-936.1869525
-824.8202876
-1454.434934
-648.5530226
-915.096812
-550.7536811
-1927.185592
-1641.236939
-3193.561725
-3309.555807
-398.6011654
-2479.29933
-1041.702905
-843.5371066
-682.4623082
-933.9161659
-940.9144022
-2975.341977
-642.6080066
-1148.489363
-571.2346675
-225.9309841
-2001.516268
-1804.878614
-675.4650212
-1177.219157
-3040.555263
-1421.168866
-1118.51255
-905.8471306
-802.4783759
-1121.033218
-1776.936514
-1077.663
-599.4966601
-1186.999551
-641.0565241
-1056.84586
-356.4013097
-1965.167369
-1116.638568
-686.3492233
-657.4749916
-1522.590572
-1299.482448
-1527.029672
-649.6530644
-699.4616915
-802.8879115
-477.7972263
-968.0585804
-1651.024129
-699.1057336
-1226.307054
-633.3292222
-607.4756772
-1029.433143
-1607.528995
-742.9751767
-555.5643488
-2217.046353
-1254.357797
-951.7177977
-1534.81474
-487.8889796
-1946.900484
-1157.889861
-1136.451952
-1933.443556
-788.3346926
-1101.229169
-936.4694008
-1300.043344
-1187.095956
-430.0752371
-3758.24829
-1360.889428
-550.6576324
-1295.84093
-2943.931079
-1031.934604
-1002.712454
-1304.123481
-535.9227791
-1630.123669
-1856.916883
-1177.185114
-1238.28621
-433.5774472
-617.7811924
-1382.457494
-2527.200074
-879.345379
-1293.823814
-2161.323273
-1421.329189
-703.3673352
-845.3802113
-1448.590471
-1308.847196
-728.3636768
-1254.844484
-1388.315161
-1590.304278
-935.5994908
-481.7931392
-646.915988
-1225.760714
-781.0003564
-701.7989183
-878.0387914
-552.6066659
-924.9172185
-535.1069171
-806.3102162
-3837.350512
-912.0013786
-736.5320579
-841.8677319
-671.8450985
-1104.052287
-799.0173994
-1312.026399
-1184.589704
-2400.26214
-975.0922251
-2212.972347
-918.9133858
-882.8977407
-1039.468988
-718.4886314
-1457.725838
-1052.847129
-1731.669916
-1117.698108
-3060.578426
-292.5941081
-1312.941295
-1232.175855
-2265.311272
-1247.480205
-807.3511782
-838.8206914
-954.8932546
-2706.709731
-1219.592246
-1203.419381
-758.57128
-1244.451832
-927.8984026
-694.6212848
-2541.710006
-1172.295844
-1336.335752
-634.1863808
-604.1209381
-1191.968615
-1844.433827
-1115.20629
-810.7237005
-1965.836917
-687.5077243
-783.4730723
-1068.069519
-863.9905754
-917.7605039
-2453.838348
-874.8355934
-1996.278838
-1223.160512
-1413.925545
-549.5852424
-1810.683678
-1035.123866
-4040.155089
-2449.765754
-1235.631118
-1620.177533
-257.7647398
-2546.313274
-1402.19798
-2587.453066
-611.5071871
-432.7452955
-829.9555235
-1801.535601
-1199.534811
-796.7377556
-1061.854365
-1024.54946
-984.5507753
-1380.228653
-748.1553096
-1100.962012
-1396.578962
-1335.139761
-507.0789948
-981.5567562
-1519.184785
-696.0184748
-618.4787795
-2230.382058
-2130.984917
-712.255805
-457.2340811
-1174.492745
-2588.314996
-551.7932255
-950.443469
-1379.752593
-972.7958374
-425.5998909
-1033.620999
-731.685035
-738.1677271
-1205.483767
-729.9090176
-867.8812995
-696.2556268
-1542.581578
-564.1625061
-1089.753656
-1026.583013
-1235.412993
-985.3313554
-2128.188945
-2816.982255
-608.2859091
-2003.756822
-555.7319842
-899.1133015
-1036.259589
-1417.647645
-1247.156931
-780.3198021
-1577.481937
-657.0419392
-345.732774
-1949.480817
-620.4519784
-398.4098452
-1011.411092
-837.7607215
-1112.796522
-1877.157044
-1477.536325
-993.7347094
-528.4305281
-605.7005435
-466.7018203
-1632.515892
-708.3414516
-1017.906397
-750.4754351
-399.5129453
-945.0379462
-1683.327949
-636.9454094
-887.5690282
-554.3164659
-1656.141106
-746.0739145
-1347.894049
-607.7274154
-570.2608077
-1963.533238
-432.2042425
-1647.928138
-596.6076223
-1002.441575
-506.3010665
-1095.610578
-689.4502907
-1989.397045
-403.5886491
-613.7070384
-1079.760926
-727.6363505
-830.6865744
-650.9554717
-14217.60663
-1064.301902
-857.2232102
-1125.561286
-604.1436504
-2071.401414
-1285.358612
-1029.8141
-1775.578463
-1547.292049
-1105.590444
-1167.12493
-2000.950171
-754.6586507
-4591.771579
-914.4919602
-720.0256021
-667.2995998
-666.9736348
-2159.465856
-1735.390084
-1961.798212
-779.3329012
-1134.922852
-903.9454888
-645.9684663
-1597.166901
-2789.838316
-611.6673874
-1096.126643
-535.2684248
-711.6794375
-703.2181624
-795.217233
-1174.877728
-2609.132099
-909.9108689
-465.4989353
-565.7833182
-768.3875048
-4494.194465
-813.3488749
-945.2198894
-566.854802
-326.0970319
-835.0719109
-1300.725751
-1657.515696
-926.2811329
-566.0309836
-1639.723725
-1780.269334
-6944.895921
-2055.381825
-558.1857213
-562.6102217
-1034.645586
-3744.088016
-1081.446345
-2269.699451
-1120.589169
-579.755247
-777.8587661
-1001.382729
-838.881289
-975.8097559
-767.6106762
-431.6902323
-350.9873704
-2067.516482
-1092.362073
-843.3036339
-619.414624
-628.1268072
-1829.207062
-1560.396017
-1414.836621
-1092.654275
-1287.115417
-395.8192405
-1410.734136
-1200.781889
-3251.60337
-586.6024443
-1809.475763
-570.6016239
-883.4724346
-754.8778367
-2677.0702
-1084.101376
-1098.851918
-738.0809593
-1096.414818
-1027.729614
-726.7981413
-1131.835572
-1975.442077
-4036.169467
-1622.044932
-785.2168517
-1333.141657
-536.8062469
-1402.895382
-1462.541246
-1222.624186
-680.0755114
-1362.63765
-1787.802463
-525.1018552
-1875.636711
-1160.723576
-1421.054518
-1746.303951
-714.8228123
-1203.188121
-570.8424553
-1587.140133
-855.4094542
-1066.664655
-432.9940817
-931.5625202
-1070.208327
-557.1527332
-1353.999097
-925.7480034
-1985.54267
-1292.363237
-2477.59367
-984.0924897
-541.3912903
-707.7013991
-1177.462465
-1298.019009
-2360.735985
-1286.285545
-1714.630629
-919.9214611
-530.2129283
-603.1872514
-1808.560693
-630.5688929
-934.139516
-1405.121477
-801.9898462
-1486.855167
-813.2902695
-547.8472289
-817.3779896
-939.0736076
-2364.988306
-703.7298928
-411.5746913
-1156.348622
-1016.664541
-1161.657803
-505.5330767
-1709.208124
-1325.927686
-452.06286
-670.6694716
-738.7572033
-892.7597292
-1317.096291
-652.504723
-1702.568839
-659.4871063
-2916.851411
-1074.246441
-837.7883923
-1298.27716
-1344.702151
-781.3387158
-565.2423966
-891.5956021
-910.5556693
-984.0104216
-646.7793115
-992.4886881
-3625.61424
-714.7676667
-1175.590002
-799.5043317
-1047.934023
-1264.115961
-963.101692
-749.5927895
-846.0857247
-1083.259615
-768.1403849
-914.970407
-587.7883169
-1294.332827
-1922.13562
-883.0727526
-995.4609039
-509.4427468
-1132.985421
-2222.170276
-2039.979228
-596.3236722
-935.3765299
-1077.263758
-1004.378016
-1084.836858
-507.9810504
-478.2475734
-1412.45353
-669.7586453
-1163.748675
-695.5470992
-2739.797871
-1019.404786
-846.6746259
-2516.260781
-1278.559975
-679.1671746
-1084.17743
-665.3932994
-437.3948101
-1629.499215
-563.1732622
-1121.799788
-1291.989049
-1247.192136
-636.0521805
-4398.026199
-950.3666797
-251.5318313
-941.9674789
-618.4651127
-714.6922984
-998.8310743
-843.403267
-747.6712842
-440.925285
-594.3096459
-1859.147843
-1686.74651
-469.5545827
-534.7709375
-805.4566897
-1087.047619
-1328.544557
-1274.000979
-1485.897581
-1926.335882
-463.7820839
-348.9840632
-1208.688911
-2090.680588
-613.9253331
-1451.320068
-808.0671478
-1011.039092
-1538.879495
-956.6542832
-543.3740112
-853.4299081
-582.8274935
-889.430212
-2136.936933
-1137.674998
-427.7657363
-899.2187647
-762.7470613
-798.4542568
-279.0012782
-3258.541172
-436.480749
-1109.635318
-710.1301036
-1904.754114
-1389.552177
-2135.248372
-482.6374757
-801.7063896
-637.0768409
-1399.456539
-792.8170301
-791.9836836
-1530.229827
-1398.744744
-3886.538617
-1135.339444
-2243.402332
-1974.105922
-1393.581593
-1956.51141
-2190.432577
-421.3921331
-689.8236456
-638.6375518
-569.6967348
-941.2788476
-814.3173515
-869.1087687
-1160.765004
-1319.26439
-2054.288539
-485.7311234
-1185.416656
-595.0410954
-1732.832166
-1265.781855
-903.9566572
-183.4051208
-1088.395986
-1401.496181
-2269.332076
-937.0190168
-671.2598718
-1090.707966
-1416.630355
-1320.516556
-884.8873755
-961.056535
-1005.791133
-898.5939369
-958.3379656
-1582.284907
-784.6812974
-731.565341
-768.9650361
-4104.946559
-740.9692817
-1997.987521
-1014.520691
-404.2398678
-473.4336198
-711.1391648
-298.4393559
-1155.107665
-1056.277038
-832.418997
-872.739182
-743.6294712
-700.0108219
-477.1800288
-645.6612946
-543.3117873
-1008.338447
-631.7428016
-881.4201902
-601.9393941
-1404.239666
-743.0664145
-612.1205369
-1351.790332
-3025.882405
-853.1067728
-603.6428388
-1080.459997
-565.5122871
-295.5200508
-778.5468816
-1352.624415
-1669.302788
-2203.116086
-1192.439923
-417.202057
-564.6973265
-1045.648194
-1443.78924
-1653.360651
-929.2447634
-695.3511178
-533.0921564
-660.7886054
-764.4747763
-1052.024507
-704.7413799
-709.232431
-1063.759208
-2001.21329
-639.7609466
-1787.331358
-2305.270757
-649.9605382
-1649.002234
-924.5936128
-1676.015308
-645.0284696
-426.4582627
-1567.178126
-1021.07865
-1237.072093
-241.5085487
-812.7824766
-1195.979974
-804.4585483
-420.7972744
-1990.020298
-742.7727242
-371.098566
-2327.397363
-781.0955001
-2623.95253
-1611.111172
-893.205831
-1544.117781
-507.7742712
-1597.306238
-1091.488114
-1339.316212
-264.7016364
-780.1233106
-553.9588086
-558.9256587
-520.2943851
-848.5907747
-1072.718855
-853.1479374
-1114.56111
-514.9440448
-735.5390022
-1357.028718
-1417.934778
-787.2109379
-834.5791563
-1219.327052
-1640.16993
-2366.854502
-803.6020876
-667.8859179
-804.4495981
-2146.553966
-5215.550095
-1190.025379
-681.870576
-1353.304515
-998.1375461
-907.4158881
-975.2479368
-942.2689525
-599.8263834
-654.7223852
-1163.052131
-1279.397869
-643.0690313
-508.4365432
-1045.792027
-863.4663144
-1335.607649
-2449.936042
-1156.410211
-2462.519839
-668.4076327
-1568.153001
-589.2893287
-1035.212157
-4305.113917
-1069.473005
-702.2232918
-467.1302969
-615.4678191
-1209.850237
-482.2682705
-1018.385843
-734.1325025
-741.7711704
-2154.65164
-3886.220746
-787.3238637
-628.5072507
-1126.59634
-1901.603271
-770.7132138
-1237.69926
-791.2376475
-968.7220966
-632.0551058
-977.1205477
-937.3923073
-1175.082825
-1726.924567
-333.0185619
-1056.254369
-744.3544675
-819.262614
-1013.304811
-727.5186526
-657.8958611
-582.4950911
-485.7612778
-858.0122317
-890.3824274
-1218.148359
-1120.042845
-2462.825347
-657.3529367
-1359.90085
-2536.08742
-1038.364032
-590.1282582
-1063.359763
-2489.935507
-1256.68195
-803.0910884
-493.2208216
-1787.148046
-2182.350966
-1140.209742
-943.4312727
-2075.484445
-1142.997807
-858.0411694
-1324.626927
-1089.7533
-1318.869589
-2366.992141
-781.9161699
-1014.881028
-1279.465637
-697.6339687
-1665.833308
-1009.152613
-718.6595809
-1330.451612
-997.9006664
-1462.900494
-479.9517132
-495.6658181
-762.8792892
-1725.506479
-768.8678201
-614.7550463
-1275.053034
-647.9781164
-1111.753086
-1795.970902
-629.8195682
-934.0722398
-1403.403131
-1814.348562
-1293.08248
-913.1840795
-919.9008099
-1514.027359
-694.5609164
-534.025031
-1295.145662
-777.0483118
-1151.801638
-674.1374765
-833.2439421
-1008.415949
-579.2628674
-770.5762922
-1134.743588
-738.9199989
-1338.857517
-584.8400071
-796.342014
-1952.796274
-1973.050618
-729.3802664
-790.905676
-1181.097499
-349.6248775
-1094.601718
-2088.008283
-950.4129804
-1046.15834
-611.91959
-775.5436195
-726.3669048
-516.5873697
-812.4847102
-1611.026771
-1074.785074
-312.1613997
-1447.30119
-735.8466512
-1230.535027
-1331.977856
-685.159475
-2406.451801
-1808.710444
-1012.114846
-1160.359144
-1711.548589
-902.3172497
-961.1674419
-703.7363006
-565.1745203
-663.8901764
-1100.121356
-1025.536756
-798.80214
-714.5257374
-919.4261388
-1766.400036
-819.1255967
-2309.09685
-806.5256185
-1401.94718
-879.5021199
-2483.665964
-518.4883609
-699.8375594
-558.2323107
-1006.718957
-1096.280504
-1700.758935
-4057.351542
-1257.387193
-977.0232806
-1170.137896
-922.2270047
-1087.811006
-175.895181
-1462.552672
-453.0640098
-421.12248
-1979.687998
-1052.005059
-1246.900471
-604.3549696
-1074.241737
-2546.046016
-1470.650469
-438.4094955
-1167.15467
-1163.425242
-802.5039585
-1654.476796
-938.0271866
-753.8742847
-1021.853647
-3672.752284
-2226.764362
-710.8081198
-1654.986881
-1606.837225
-816.393913
-1553.778099
-957.2345895
-917.824612
-503.986185
-807.7342006
-1731.12342
-1176.238682
-834.9011007
-1310.915264
-996.0978002
-516.1609854
-791.0254956
-1004.657913
-1076.555338
-691.6271925
-1732.940105
-650.3214409
-2044.400558
-693.0737387
-1007.816783
-1099.335751
-1107.997333
-625.7621026
-632.1917554
-1406.468633
-478.7614906
-1144.476404
-798.9686884
-689.4599803
-3002.457301
-866.873526
-886.9375066
-883.2644035
-1814.055226
-1170.609052
-731.7312675
-3105.640916
-687.4987763
-1463.888522
-499.7054369
-470.5004424
-1995.177704
-1103.321421
-482.4580749
-1009.266486
-978.1660004
-1228.898912
-3154.188465
-877.6355023
-394.7690869
-1300.381753
-1177.648843
-2804.594166
-593.0149753
-637.1872966
-769.9645646
-1294.630411
-629.1259422
-545.1956226
-722.9563674
-349.2988402
-689.9082186
-2765.188624
-1362.868559
-2163.687736
-646.3484189
-2488.312844
-3424.996943
-1076.755884
-1137.453439
-719.4979692
-1682.370594
-971.5948581
-1198.517771
-2078.433868
-768.9946987
-907.8192804
-2122.571788
-1875.608794
-755.547227
-666.5449934
-864.2996443
-1305.70616
-1552.024977
-948.6236355
-1182.921159
-810.6506648
-798.0982701
-1211.276986
-525.1771204
-713.6428253
-1235.003234
-1950.267841
-2243.915989
-527.2409686
-875.5110053
-1635.778597
-2743.0379
-484.3739903
-687.2260325
-1123.839231
-996.0690346
-1121.449685
-992.5136191
-1048.766594
-1073.764806
-1762.542219
-734.2803363
-735.7377454
-884.8895178
-797.3350375
-885.7042446
-805.3097099
-1008.018858
-848.5444994
-1460.485255
-2355.827544
-626.8189859
-510.8145304
-1593.213876
-1516.695964
-2151.143227
-865.8782261
-1503.582749
-2336.020822
-730.712548
-673.4869298
-833.8266888
-535.3979475
-832.2670476
-1095.244916
-659.5493779
-508.9070847
-762.6637716
-1192.208994
-993.137311
-861.1755693
-954.9836647
-670.1692126
-1756.696081
-1947.864412
-811.1832484
-629.5506481
-605.3557718
-1202.374585
-1263.502852
-1350.44738
-559.2948611
-1235.602089
-1114.14199
-555.0831277
-564.4763437
-1931.6557
-786.6466662
-1326.971751
-865.1673732
-1713.101217
-384.9008181
-1931.612084
-1519.758903
-1013.082504
-3183.332656
-1097.761478
-797.5461347
-783.1810311
-1230.935102
-708.3564326
-1907.830344
-1618.866018
-727.0663704
-1213.563378
-876.2004575
-1214.164905
-776.5876392
-791.510713
-1842.236435
-632.387852
-505.0210928
-766.1133684
-2194.571497
-1368.638157
-1196.762722
-914.3692148
-1601.714665
-1038.503633
-1260.705284
-636.5909505
-2134.454071
-874.1271371
-1604.487744
-463.830594
-660.5806657
-1369.535194
-580.5655405
-1030.89844
-1016.248294
-820.7453466
-756.7200834
-850.7364084
-1029.510646
-748.0805668
-929.2390112
-1890.639607
-1579.04686
-1953.3365
-1698.101037
-4296.957629
-1361.635604
-1841.42031
-968.9068851
-850.2379183
-2771.195667
-1007.16353
-2291.043064
-760.2429293
-1256.543072
-919.8175294
-736.9758883
-816.1827996
-851.8874074
-3063.126721
-2699.48094
-1503.593824
-1023.253352
-1182.845592
-564.5797302
-700.3213392
-651.9610216
-642.925381
-1853.957856
-3291.747231
-1017.499163
-1377.023194
-652.7107733
-610.9004786
-780.3659466
-1465.571412
-1980.108267
-460.4952036
-1076.038936
-1006.034676
-1098.26579
-833.399171
-1147.053
-899.6801842
-698.0505725
-2062.012197
-839.0674458
-892.9811052
-1962.712438
-942.9485277
-2948.866965
-1445.57451
-1162.573797
-661.6129281
-625.6349888
-1430.185822
-1607.297381
-693.90729
-1099.860804
-468.1620614
-603.0922557
-744.2061682
-1003.130189
-931.1722268
-1445.799408
-1064.952654
-1189.524383
-1187.408437
-502.9110021
-593.8911821
-1380.318127
-746.0288086
-521.7556643
-641.056634
-729.6582145
-937.6740019
-818.2000211
-1058.572941
-619.8650721
-868.6972035
-1002.898448
-859.0897063
-482.7626049
-698.7295401
-811.5460285
-801.9117569
-2504.474859
-1236.474623
-461.7045878
-537.9483888
-744.3226685
-2294.853972
-364.5865117
-1408.474872
-687.7902459
-874.5879225
-856.9363869
-2342.313196
-551.4931657
-1126.681336
-656.0139577
-1172.910174
-988.2998911
-4781.869712
-1054.861976
-3241.673335
-556.2105439
-470.0634453
-1068.499653
-797.6031838
-1786.893689
-635.1046753
-1913.581764
-721.0188685
-1615.95371
-500.2191405
-831.1393357
-1022.195709
-1105.970382
-1251.20039
-930.4905517
-1839.921432
-1225.386347
-1377.844353
-825.4044858
-1091.693243
-394.5056564
-1866.736091
-3032.352891
-1510.759673
-494.8391942
-752.2950106
-920.5970726
-2385.809263
-1464.92962
-2754.549695
-1423.808372
-1495.475357
-280.169359
-1027.316572
-771.4213987
-1038.025361
-1164.464122
-678.8062222
-1248.183965
-2498.961401
-863.398925
-444.01195
-708.4288696
-1076.328868
-1067.155121
-2675.691553
-2660.692719
-1313.728812
-1306.048597
-1175.776872
-2295.779367
-1251.573995
-2088.470081
-1760.396528
-2177.891396
-683.7282736
-1202.103405
-1352.707882
-1561.464542
-1399.874943
-963.4498662
-2018.615292
-1752.606621
-540.9198541
-354.0475315
-1182.000576
-755.9332308
-1037.035396
-1193.453674
-868.6418518
-1051.477244
-1198.01085
-526.8586994
-520.5740012
-1161.493622
-586.8013528
-737.2079225
-902.7006988
-714.1537463
-1335.601306
-936.4789578
-737.2959306
-1903.444346
-855.2295856
-976.5334533
-1022.789806
-863.8953089
-1244.304679
-1772.004909
-1823.419562
-1384.033867
-504.190025
-398.6705399
-1798.762961
-2597.17125
-1189.279045
-1361.729779
-999.5842334
-1785.48733
-1232.530295
-1397.617086
-534.3381903
-1450.101849
-432.1579946
-549.6096283
-745.6001747
-585.6831906
-792.4237065
-1106.318884
-837.4566234
-1957.630832
-588.375217
-531.719291
-721.9264572
-873.6000433
-2624.201243
-1178.254146
-2360.03427
-1577.403402
-1163.075363
-507.3378406
-2430.256597
-403.7665351
-584.021028
-543.6844787
-791.9911509
-547.3170146
-809.6685393
-1420.518218
-863.0564423
-1132.048551
-761.9592317
-762.4567832
-425.4017108
-2340.701537
-759.2800542
-1113.891332
-754.6432028
-1477.123939
-622.4751802
-347.2523198
-1348.316958
-435.6060396
-573.7749193
-1051.381562
-1162.860024
-1091.350886
-2149.206547
-621.5106603
-1081.33389
-1074.561864
-1157.089046
-448.3173378
-1303.806399
-1918.650888
-665.5620643
-619.3371624
-729.6499354
-537.186718
-826.1595686
-875.6677547
-800.9333145
-1144.210441
-466.1645096
-1145.682309
-1203.708118
-974.8620494
-2682.42121
-1181.140677
-750.0454556
-882.4756443
-906.0408667
-381.5699867
-910.4449141
-816.0514544
-1134.280392
-750.7272689
-1328.088731
-822.3131724
-541.4348485
-1697.254762
-388.7671209
-457.2584222
-897.1213662
-1495.892566
-538.7321326
-324.7802099
-488.0847342
-1121.91315
-4266.596028
-1171.406134
-1495.75598
-603.2373849
-963.7463235
-2294.462433
-1048.86396
-1369.737019
-1062.277385
-932.0184112
-2142.869187
-2107.825578
-625.0690481
-1598.008393
-639.4078385
-1751.667709
-849.6621357
-2352.38903
-1515.944139
-665.6549639
-881.8641387
-707.3463084
-1281.013421
-1566.107837
-554.9141938
-2990.321666
-604.0503562
-1270.870262
-984.015007
-4055.00277
-1918.03995
-1484.527558
-1086.135421
-1251.934892
-681.2268464
-2128.052556
-612.3974177
-1004.074864
-1427.9221
-1014.373635
-603.1797671
-620.4627622
-647.0555628
-452.8457495
-1226.428467
-478.721681
-524.3225934
-1715.442499
-962.6671106
-1506.59502
-1316.527886
-714.4870451
-1139.89065
-800.0138141
-1468.24618
-1368.752766
-1813.47598
-914.9119782
-763.6274443
-904.1424342
-1167.724457
-1026.162225
-1607.254627
-598.9280828
-1623.642938
-619.7748197
-1150.975712
-641.6757041
-1633.00081
-957.3279472
-785.4868545
-1091.295483
-1084.017056
-941.9685111
-2761.356251
-651.0792877
-882.8153897
-1219.464156
-921.0153233
-1343.344589
-1505.850683
-1669.097581
-1211.146144
-577.8077641
-469.4228787
-915.9151898
-579.1211208
-1979.535742
-1045.794793
-837.6444974
-1419.428725
-1056.874622
-944.6088854
-3522.836042
-358.5051387
-873.203918
-605.4579543
-1986.091403
-638.5450508
-2358.304823
-895.2573105
-502.4042009
-896.2833402
-1492.650897
-874.2751729
-466.868169
-966.0951063
-1942.093652
-892.0005436
-1393.523219
-529.8421098
-977.64173
-492.1231244
-1000.829793
-697.2761958
-801.0073215
-413.75498
-1038.10076
-519.3280187
-794.3467527
-935.4942815
-841.1406096
-1687.204361
-1768.512245
-501.1496676
-2516.3673
-530.6986641
-688.7002837
-7404.270606
-1631.963925
-988.6773992
-2216.496152
-4361.985436
-1160.761685
-1066.127107
-1617.100307
-2150.65647
-1318.977698
-1593.760603
-678.3645738
-1166.588331
-1028.149686
-726.1321751
-496.1996051
-987.4821056
-1768.860603
-1228.332199
-736.2448106
-1005.124634
-1353.335734
-1117.291284
-1496.998282
-1358.869028
-759.498038
-1929.967551
-4708.370863
-2041.331447
-1362.02696
-797.7328597
-3730.87956
-1985.281128
-1449.246555
-1187.951494
-1532.423163
-2035.706313
-540.1325564
-763.9573304
-835.9193558
-879.1372862
-1106.025374
-1178.295365
-3543.755669
-1009.787658
-747.4828123
-600.6956571
-816.2617198
-2034.283066
-968.6137908
-680.7651905
-1585.909134
-896.1859545
-1738.783814
-826.1458109
-1229.335302
-1555.820105
-1910.763757
-653.1122468
-1418.270922
-775.2265246
-2668.471275
-1009.550813
-1435.964907
-1249.803606
-695.8026094
-1102.652782
-909.2605648
-2051.246505
-1102.695911
-2306.906891
-287.531751
-791.430511
-4905.97593
-1826.030608
-819.7963684
-1154.677218
-1613.116095
-797.3913556
-1097.043417
-523.1372538
-3388.763074
-936.5715068
-867.670931
-895.9580948
-967.3857528
-741.5045926
-465.8157061
-617.7764567
-1055.561294
-525.5918997
-1011.395722
-988.5995814
-628.1541749
-376.6153322
-577.5730368
-936.6681733
-2066.466609
-682.6914508
-1015.70551
-2128.108339
-814.8093489
-932.4169628
-1288.066704
-981.4922499
-1070.722849
-1482.202029
-863.1958532
-811.5130948
-631.0578415
-793.4965151
-1589.121565
-850.9054858
-912.9650194
-2405.479257
-624.4971016
-853.0067064
-627.502605
-914.1932544
-1619.424051
-703.1668414
-1157.202861
-565.5655027
-937.4162234
-490.9126927
-620.5385801
-391.5890908
-843.5633092
-407.0105682
-1204.474979
-1618.61365
-1934.894325
-12993.59479
-859.8868989
-1628.487196
-1547.081042
-1123.392635
-2064.489605
-932.7038281
-822.1700393
-557.1085397
-1600.975658
-838.8734906
-1078.662396
-1182.016669
-747.5119892
-866.1380749
-916.2997145
-1442.914713
-1039.577932
-589.7833696
-549.0960438
-710.0815271
-928.4524279
-3333.53334
-946.1198318
-755.4441541
-2689.998269
-747.969974
-1080.784081
-1028.944812
-1803.320703
-1198.922069
-1236.239916
-847.8611636
-1724.335879
-941.6387388
-4271.306545
-1486.663872
-391.1512718
-1706.156926
-1085.53338
-856.6095595
-2011.010019
-669.6590626
-703.1546513
-924.9604352
-1194.894798
-1690.74322
-1147.358312
-1791.59573
-566.1892466
-626.0301985
-474.1719877
-2783.296466
-642.4077775
-1707.972566
-440.6481109
-927.5673722
-1339.878036
-972.4749907
-1225.899714
-751.5115323
-909.4517205
-936.6738416
-464.944161
-631.2736369
-3465.48882
-885.8317677
-896.9107341
-1185.569404
-932.1694693
-892.1859083
-1543.435722
-778.4086975
-420.4390803
-1370.684783
-794.2042855
-429.3666418
-1233.93412
-817.3388104
-686.5133609
-1628.387567
-993.3396326
-550.2028098
-1173.459749
-683.5940923
-1433.410279
-801.1742114
-1419.956771
-1297.452421
-661.7969746
-993.8753814
-1259.364488
-1397.027593
-791.5418845
-5565.757532
-1579.542423
-1688.995047
-799.5108919
-1079.610491
-964.1377832
-1592.064967
-1178.363124
-917.6857197
-1200.903255
-585.1154745
-760.0112341
-519.9851951
-1358.924426
-3554.711881
-1683.95945
-778.7349944
-1047.80341
-776.3102714
-621.6183466
-581.3484814
-1743.814389
-341.3817549
-969.713351
-1849.615393
-1271.533568
-831.5209205
-1110.466315
-975.0553335
-867.608143
-966.347968
-1191.655597
-762.6776771
-429.9313064
-802.1629911
-766.6183291
-1589.112756
-641.4952405
-464.7481061
-1065.225652
-1015.57723
-730.0500543
-887.2669249
-864.1688078
-679.1523007
-461.081662
-718.9385203
-977.3325047
-765.6047038
-823.5952727
-859.1047286
-837.3710517
-1180.021115
-593.0509387
-1449.488065
-1750.509234
-894.1338389
-298.5929211
-903.1774519
-1075.110841
-2046.564097
-1845.29216
-993.5351961
-388.5236054
-1026.978821
-1475.600306
-964.0661524
-624.4068478
-521.8718559
-737.0198114
-735.0797951
-1532.995911
-664.6120344
-1215.422664
-476.3072705
-1400.146006
-1133.381718
-1450.504208
-621.2282345
-2325.881842
-1071.559823
-782.1922199
-1292.107115
-3455.720342
-751.524434
-731.7039124
-879.2328122
-823.5257428
-896.8499567
-453.8492245
-711.3699501
-1292.60998
-1424.89985
-1676.436119
-4236.588235
-1049.148412
-742.1789871
-824.3266061
-759.5438304
-528.9455115
-1193.376943
-738.8526704
-1002.227253
-1429.645428
-1287.271327
-2443.628575
-1580.646503
-1410.995941
-1204.041462
-1595.088147
-304.5488635
-1208.233894
-455.914856
-805.1626286
-698.7978341
-769.2661721
-929.6770734
-693.528716
-1455.154718
-803.5936087
-1531.238276
-708.5564785
-1225.182307
-3774.900344
-869.0620198
-848.6501685
-686.8725966
-2094.388215
-1665.630071
-1393.346794
-434.245109
-1634.060491
-448.6665655
-674.8909561
-1003.214886
-872.5159556
-559.3123014
-1952.414014
-710.8182971
-475.5698076
-749.9583657
-1635.104087
-1106.212324
-1339.611768
-633.0126943
-452.3282878
-1428.922511
-1081.544916
-1279.542006
-1575.258769
-645.6303795
-1043.261348
-2416.751748
-951.5581796
-4198.81551
-1127.751909
-1990.205426
-1645.145925
-753.1118451
-1190.777817
-1120.587121
-784.8030351
-684.9774239
-664.5163084
-514.2731989
-946.522088
-5345.199067
-1746.518546
-1809.358538
-1050.016361
-1192.741768
-1127.379975
-1360.230413
-1296.139193
-774.7030475
-1314.361709
-841.7384148
-743.0306218
-1318.716519
-679.724573
-535.4345718
-762.1734298
-945.93089
-1633.497491
-2565.558197
-263.3113097
-1626.498016
-584.9712863
-800.3664393
-788.5362414
-1556.05739
-1846.390138
-502.8052693
-834.7108469
-1213.80449
-1541.980577
-1269.310721
-1749.111429
-581.0944053
-1488.0555
-741.9327267
-1124.146884
-1156.869473
-980.6567833
-653.9281575
-972.4483464
-697.6418646
-1844.724872
-1555.257641
-652.3560418
-2791.371912
-864.609536
-854.0169955
-711.3858401
-1535.31977
-1148.510495
-2499.721677
-667.3275268
-688.9269716
-377.3727781
-961.9464539
-1121.067232
-623.3170662
-1433.386117
-1247.950307
-858.2682673
-1142.614339
-1747.318545
-680.380706
-1148.725376
-950.7111828
-1265.093998
-351.1331946
-1033.837905
-535.3083446
-1202.533485
-841.9837628
-812.5652257
-537.2340027
-799.5843374
-1370.280474
-347.3413654
-883.3759615
-1001.416517
-1145.021537
-1444.030807
-520.5941914
-2482.802708
-1282.577566
-785.2751587
-1329.77009
-635.5216634
-1577.004257
-3699.412496
-2405.652199
-672.0796388
-1984.146301
-460.2820051
-897.8131809
-821.2447139
-664.5395149
-677.1411396
-2319.0459
-613.4273108
-1403.596894
-3169.24195
-666.9636121
-536.4770823
-1277.93285
-600.8573424
-581.7693808
-1132.860679
-1005.719389
-1200.108816
-789.4044192
-2259.150972
-4718.901097
-640.4883275
-1040.384813
-593.3483451
-433.8317237
-2176.116163
-456.6513866
-1195.133875
-471.8658818
-886.3485308
-1610.863518
-1222.598109
-607.851073
-906.4122981
-764.9138323
-891.8631737
-2124.265558
-3282.818656
-1148.171902
-1169.868862
-1154.728518
-829.273733
-584.0381168
-613.6868544
-1561.906945
-844.7073013
-831.6505154
-1326.630273
-1453.802755
-1010.66115
-942.4286415
-1490.162958
-2121.708624
-1486.664733
-432.9355418
-1000.53595
-606.9404003
-853.7296847
-1958.193219
-548.9248098
-255.7192963
-690.908547
-1935.866666
-385.798432
-1750.599256
-1603.770861
-1493.215297
-653.0947372
-520.6428271
-2129.469827
-1226.007987
-783.1450766
-7520.541472
-1064.184507
-977.7991851
-736.8892614
-1880.425838
-978.6411458
-640.0687652
-1650.360131
-1513.306632
-1561.319722
-1370.349516
-1566.157175
-792.6626975
-1930.445524
-497.1940522
-1141.191569
-971.9946792
-1592.202488
-1345.693871
-417.517574
-767.9419095
-515.8561453
-392.9853793
-424.1115115
-1977.019208
-756.8940457
-1838.559262
-1639.008542
-1929.447822
-427.7821904
-719.7766168
-455.3879521
-542.9739147
-835.4938437
-601.7657806
-780.6880581
-878.4407454
-1467.858985
-455.6160367
-1025.495123
-681.4825388
-1615.626681
-361.4268978
-745.3892208
-1668.564908
-1278.339563
-484.4734957
-3850.204662
-893.2120138
-522.3356976
-806.6864112
-1358.774508
-3964.752593
-586.0172587
-811.0732648
-1277.826517
-1108.862891
-1138.795674
-1095.190207
-978.3361247
-448.8798865
-520.0145526
-2223.659747
-843.6404283
-769.8818043
-683.0488825
-1041.121448
-3147.154849
-943.541501
-1683.787096
-600.2054649
-1266.700791
-1712.519093
-961.6284382
-471.849034
-1120.669997
-969.2760736
-379.0028782
-558.9250273
-3036.319419
-2512.236722
-1611.531168
-798.9904675
-923.0137084
-1172.811641
-672.3904134
-4631.924468
-3216.164921
-1784.841587
-1126.337366
-1419.384465
-681.433055
-1412.775082
-670.9927996
-1793.386349
-1040.962473
-651.9076468
-837.6519129
-836.5904728
-1269.32621
-584.4861099
-725.6438721
-353.3829439
-538.6828523
-820.4300984
-791.8713582
-749.1250166
-1051.897818
-1416.479756
-1746.775028
-742.8422177
-1745.073343
-1178.414816
-1484.979507
-2094.446174
-788.7684115
-958.4138302
-1297.200051
-773.5687089
-1296.43062
-1286.830733
-921.882228
-790.5663516
-1784.727073
-782.8660303
-1127.48342
-629.2557701
-625.3985997
-826.9476159
-1712.48192
-2732.099923
-967.9562349
-654.2025456
-1992.701922
-1263.553428
-540.8094142
-541.8530384
-954.4717317
-494.2462796
-588.5669947
-593.5251067
-646.3304079
-1900.952874
-705.3408017
-455.1616011
-795.1162935
-1260.358667
-2259.661865
-1115.36431
-403.3685142
-691.6558429
-1313.268285
-734.7616277
-1321.131679
-1107.17865
-358.4242172
-760.0678144
-2087.695643
-730.3697582
-567.003543
-1827.256776
-595.2689365
-1940.035312
-1385.078782
-773.825609
-927.920841
-579.1923905
-1329.962682
-1353.890284
-575.8445339
-899.4505477
-1145.093921
-740.485674
-1717.902464
-353.2904825
-1269.275587
-952.8911331
-593.5543973
-2274.791176
-829.7971853
-496.1912793
-1489.106261
-527.1476454
-596.7759196
-609.8184237
-839.5822815
-637.976952
-822.704854
-1814.314789
-1058.643753
-1658.615874
-797.821618
-1552.620853
-3375.236787
-729.8668799
-2175.526318
-1960.612621
-987.2795895
-1698.923168
-1451.10992
-1065.463145
-660.3229905
-2271.330009
-1306.27087
-728.2872996
-1846.031411
-888.5977252
-1389.953963
-2341.492407
-491.7756007
-964.5382494
-703.9424722
-1308.67994
-672.4628838
-1596.577514
-6510.884654
-607.2763626
-1382.547877
-1130.039481
-525.1550427
-623.8221018
-1885.961828
-1725.813829
-2722.997037
-2126.533683
-2167.099983
-1692.719937
-1292.756658
-312.7163397
-1005.478481
-769.137648
-729.3118318
-1265.339342
-784.9269022
-836.3500347
-595.5906438
-1160.909853
-2371.123964
-1085.32395
-616.206643
-1447.021652
-1734.711479
-2413.320366
-775.4036341
-1427.982033
-1713.548722
-1139.356863
-973.2542147
-613.6105202
-1545.484249
-1147.187101
-1002.873187
-2244.838184
-524.6974635
-3686.415067
-1654.819082
-930.2465438
-407.8081297
-1018.635343
-3414.35445
-1613.67659
-809.8417486
-939.7173603
-1440.867478
-4502.324702
-443.9426718
-635.6994852
-1682.44392
-771.3653723
-971.7769788
-423.1936762
-1232.704952
-640.0447162
-914.9591735
-1493.817444
-1501.174549
-945.2204448
-604.7291814
-542.3094348
-1025.312098
-1112.704639
-1323.411452
-1241.960947
-836.2294091
-1229.972916
-1333.492008
-536.7136203
-1943.158154
-899.7385176
-1490.363204
-378.2508941
-813.9472394
-1243.439561
-967.09784
-318.9196736
-400.3030143
-1190.202895
-260.9567447
-966.142481
-1045.808025
-984.6704629
-959.0804687
-481.9466519
-1427.394063
-1026.547579
-1676.01673
-723.1384581
-1012.402943
-846.9416541
-461.2094825
-617.6715363
-395.9766981
-1538.523427
-289.9438235
-441.4921495
-386.0129368
-1059.735542
-2248.68474
-502.1424572
-1326.917273
-689.8629355
-1179.792294
-1277.744206
-568.2083237
-1428.55095
-611.1578983
-707.0941627
-1321.47849
-1497.874012
-779.7689164
-354.9380838
-1188.161872
-861.3449236
-2292.863296
-535.0848253
-496.8527302
-831.0558402
-759.1370334
-1713.022754
-813.7410969
-685.0957509
-552.1325372
-395.4037362
-498.3515183
-606.0903645
-775.8648037
-1037.081924
-392.38772
-1165.294385
-788.8069461
-3891.679339
-7141.12608
-662.6947979
-772.6928436
-644.5111857
-1360.56481
-1335.566036
-933.5103711
-1082.733145
-1379.751269
-628.8942441
-1868.320107
-507.081706
-551.9069107
-1627.512732
-762.4834942
-521.2792111
-1630.780624
-1204.629729
-798.6891223
-1192.539324
-1097.181905
-1083.926601
-784.0447112
-483.3462076
-1139.303573
-489.7566943
-1470.070513
-458.9641287
-601.3969328
-1446.425131
-1049.347559
-2283.189419
-893.993463
-947.8137222
-1753.433327
-825.5985112
-2140.731348
-1771.88878
-1536.825475
-1763.862909
-785.5408333
-582.7785749
-820.6300207
-817.5541212
-1031.949634
-773.2792745
-630.8928976
-665.4362075
-770.7285643
-664.8238462
-933.6627767
-1880.351788
-600.4311452
-983.9548694
-906.0399429
-942.3269992
-1668.401186
-1379.217112
-1510.631553
-1012.258084
-2661.965879
-1875.68026
-628.1628492
-2653.124112
-389.3346633
-2483.871207
-1101.886127
-892.9612274
-659.3553916
-1897.220953
-2908.106666
-616.7448079
-1066.913014
-777.1098168
-1976.511304
-369.8508286
-788.9081987
-1463.146323
-945.1588567
-1066.412799
-297.6774251
-556.9985588
-1445.444076
-664.2716743
-269.4018854
-596.9003455
-459.0861129
-1618.27826
-870.8279806
-1089.992306
-904.1667219
-1160.339589
-1139.032832
-834.4527785
-1103.050559
-1764.579541
-899.2840139
-1944.204027
-2616.40065
-607.5005999
-1153.081177
-1241.578901
-1760.973749
-1663.954135
-765.7346306
-984.0491734
-2381.902165
-492.5701403
-1303.107971
-2034.85582
-993.3791192
-2516.140905
-629.4368602
-1097.834412
-1036.052793
-1164.333822
-1691.505716
-747.7499148
-1344.789024
-2048.062277
-594.0406977
-819.9985918
-1096.110441
-591.6161554
-1084.488207
-742.8049034
-1262.547679
-1128.811494
-515.5425633
-827.7861073
-693.2945362
-935.7867385
-1022.079865
-856.7951475
-1141.398215
-620.8227165
-956.1089203
-2180.202531
-504.1047502
-1697.656006
-613.2666464
-2126.161169
-749.0852833
-776.3497905
-620.5732165
-770.0226599
-511.215117
-981.1092079
-921.2056876
-583.6084617
-602.0646312
-1308.513365
-1823.346744
-1186.822724
-504.0354191
-1094.577412
-672.9131415
-1143.644887
-1369.176641
-1221.313666
-563.3651753
-1793.180417
-1276.616794
-1434.513965
-1661.26454
-1190.795908
-356.603466
-926.3442252
-841.9546886
-2024.107245
-693.8704869
-1853.029389
-975.1698457
-1060.277985
-343.7938999
-1345.147482
-1084.468678
-1771.490409
-737.1680343
-1547.06816
-4778.624174
-2253.899727
-1181.845333
-1062.575235
-725.7947908
-826.9449773
-1489.562398
-878.2090048
-1545.637587
-1208.345251
-516.9408174
-717.2830907
-623.535049
-1373.504745
-1788.518634
-1211.16716
-996.3874547
-1417.269499
-1060.719665
-4472.877581
-1215.620904
-2145.825543
-321.1619923
-591.7478038
-437.1867991
-715.0589253
-736.9958354
-1071.430328
-1243.247156
-1171.227391
-1073.507218
-347.9815963
-1687.012382
-1242.37902
-1018.849576
-426.2950517
-1619.301445
-1025.731903
-4972.038824
-1011.218656
-653.227472
-1227.500026
-2737.646504
-1283.153128
-636.8717588
-963.8247541
-689.2024499
-666.9847762
-622.5483989
-965.910277
-1972.37677
-1044.192882
-742.0079002
-725.6177069
-2556.088035
-3696.10959
-741.7370949
-1798.832125
-970.805153
-761.3296095
-682.863746
-1704.966943
-1694.262386
-1893.428872
-610.653747
-1366.599022
-1703.172805
-1200.272357
-1156.493327
-2274.997467
-1584.172372
-751.8368286
-987.048005
-1114.708039
-1713.412957
-2348.383251
-575.8387207
-984.7485926
-1064.718207
-657.0731565
-1055.911954
-1352.8176
-463.7302809
-1403.582473
-1216.790681
-1135.34242
-439.7242578
-684.084719
-666.1136882
-1137.166334
-919.2091474
-1857.698484
-768.1277865
-971.148887
-603.7107839
-929.0503329
-680.0335919
-408.0085382
-1785.090115
-1492.152239
-3483.634137
-590.6411642
-1473.597462
-1771.177976
-589.4397137
-1359.51703
-1275.128411
-811.3273122
-531.8521699
-834.8185405
-617.1045821
-1865.672841
-688.4732122
-1581.215031
-4007.600249
-636.1061231
-1066.137668
-355.7311339
-1232.171179
-1225.546324
-399.7910556
-1874.894224
-727.9896904
-1078.4821
-1637.521674
-2004.400025
-2298.849023
-806.7584177
-549.8673813
-411.865221
-1261.683027
-403.6308175
-788.7537364
-1491.771877
-1171.778759
-1760.44884
-615.3133065
-1292.628066
-771.1261693
-1224.349605
-1601.401588
-488.7021216
-866.1417949
-1621.512748
-1266.769144
-788.9434479
-840.7536806
-843.5997942
-2266.437197
-665.8782282
-1033.569028
-1481.069057
-2961.618831
-1100.928732
-721.7161649
-668.6859711
-547.472182
-1013.290979
-1044.750533
-1065.662373
-870.1579403
-402.0570803
-1825.226584
-606.3832295
-1265.254493
-809.3179037
-1084.572905
-817.5746299
-1353.075612
-1217.386289
-1408.771993
-372.5618964
-566.7809079
-2775.045641
-746.6255467
-769.1685285
-1322.587691
-676.2389933
-997.5961198
-517.5699742
-1850.218679
-1260.730334
-1049.21001
-905.7665253
-2037.649704
-1311.793174
-480.3637257
-2385.633118
-2698.53871
-845.4821973
-1313.981707
-1673.052565
-652.315751
-942.0341429
-451.0344558
-893.7100463
-2777.836403
-848.0100646
-692.6594129
-919.9464792
-1046.76806
-957.4770814
-501.4060276
-1501.697244
-1009.5842
-973.4237864
-1862.600318
-1368.999401
-974.3873094
-1254.364378
-716.8688834
-528.1612713
-7068.128269
-913.6927986
-1169.13968
-1089.497794
-635.7436871
-733.5384615
-1119.203857
-2206.8255
-732.777719
-852.4096452
-1450.861405
-1175.4609
-1297.630407
-3568.978868
-714.9383883
-1524.317418
-971.542286
-640.2081648
-1685.148461
-1290.29959
-821.668841
-1440.906795
-1022.516362
-649.7725128
-922.4656082
-1522.134577
-555.7179849
-643.057471
-1352.721779
-1566.164907
-1810.363837
-1668.889981
-1898.059548
-796.8933079
-2663.554632
-873.4817729
-727.3558941
-354.7845083
-2688.437859
-2200.709865
-911.7613754
-345.3328249
-840.4299068
-1501.247484
-1069.154729
-857.5808092
-443.3745892
-1685.100807
-1047.700782
-2267.223732
-1732.756881
-691.1083045
-669.756366
-1593.086522
-1321.718201
-853.0632323
-1280.491339
-1313.931579
-585.8995723
-1563.888637
-815.6168471
-1537.854728
-1710.411908
-954.5322796
-1976.101541
-1181.35039
-1123.783322
-1946.634641
-843.3570691
-1425.612054
-544.7405889
-605.0199908
-544.1014414
-1865.08614
-1047.623244
-1211.008645
-920.1618598
-556.0691088
-856.4747601
-1332.587523
-894.0345217
-3187.198977
-1009.623097
-1285.677423
-337.7724901
-2571.762262
-809.3716735
-397.7914311
-915.2066792
-1111.966372
-787.5504139
-825.3918315
-1094.174721
-1121.803874
-708.4982032
-629.5610842
-1421.380105
-1126.978848
-1211.108355
-1721.849502
-616.0434914
-368.6368062
-2885.560582
-648.2503951
-1350.014988
-2224.819125
-1034.857575
-814.5997077
-774.0198367
-623.3325399
-1212.674214
-1281.206429
-1037.962964
-2115.049949
-824.2506
-643.9684632
-683.4240373
-1564.043377
-1423.230869
-1044.80962
-651.5251741
-1069.489601
-1613.241322
-530.5967993
-776.0827118
-650.3296396
-448.5069175
-815.5590274
-877.4762769
-642.7047105
-602.3253943
-699.557691
-957.2923353
-1732.91894
-852.2560321
-1041.118296
-652.8646567
-751.6837875
-683.3468665
-1050.956212
-1260.36061
-1095.375321
-769.9692142
-1823.323997
-1625.522843
-1055.275864
-460.4153082
-360.4799532
-1084.228554
-1196.856002
-1154.22957
-2648.452268
-1699.221023
-947.2502481
-966.9519797
-950.8139231
-1074.822252
-1292.13405
-1209.568161
-1509.826322
-986.7382906
-215.650548
-1184.857204
-507.0626634
-2610.725232
-469.7537589
-2351.402802
-676.755675
-857.6086094
-894.6107131
-991.8302525
-958.8463754
-537.542331
-1120.525348
-646.9887943
-2208.413113
-1198.579876
-1896.268073
-839.2037901
-533.3466422
-1774.690002
-1366.443831
-697.5516056
-993.7511911
-396.9915141
-635.2060635
-1264.53414
-711.6647899
-631.6607442
-463.3674657
-1567.281112
-755.1108785
-2134.649974
-334.8180714
-1550.467537
-493.1969923
-1587.044868
-518.796807
-1237.822369
-1920.931593
-1496.234085
-662.8530964
-9462.318474
-388.1865538
-1106.962987
-1401.07179
-593.4299138
-1292.970286
-1102.228165
-1141.403398
-1134.015335
-699.1418905
-703.8545069
-645.3721092
-914.8373697
-2436.857111
-1061.91301
-1353.567609
-1332.406918
-849.2439584
-671.2916977
-2309.469213
-994.1979252
-291.6527396
-2687.785741
-1095.212235
-829.2112748
-1021.87498
-1150.798662
-556.0940486
-550.4355168
-915.1210806
-3375.506263
-1032.725486
-1666.021349
-503.9554979
-1039.840565
-1114.891055
-1365.179004
-1891.678469
-525.0617969
-594.9359613
-2069.90174
-1734.468183
-975.1767309
-2123.898466
-703.6649171
-482.47001
-960.0909345
-880.3838231
-1109.649267
-1203.236781
-230.5050779
-922.8267397
-868.6812899
-1292.556042
-2534.57686
-1572.062434
-806.5764203
-2987.883673
-1601.994404
-607.253926
-692.460176
-424.3889122
-557.6400143
-369.605392
-591.2212939
-906.8706772
-1131.568473
-1629.50066
-1704.418128
-358.1887542
-895.4829964
-2385.046924
-777.9027377
-742.7730142
-1517.902835
-897.4584832
-758.4463215
-331.4273425
-791.1737309
-947.275302
-780.7767756
-1008.927933
-1132.991663
-1037.682234
-2285.627058
-895.7612927
-904.4988595
-672.3663273
-1699.89162
-617.4485149
-826.8084021
-985.3739541
-782.3441045
-1328.993185
-653.5397859
-1042.284555
-1260.518544
-435.7119317
-811.2114272
-438.610319
-681.7631993
-1634.526586
-1318.290335
-801.7049463
-969.8366956
-1097.079628
-1813.49413
-1155.82137
-707.3158186
-1529.286243
-1426.462369
-1686.772666
-2173.203378
-755.5831173
-1010.624293
-815.618981
-2958.403895
-1650.860617
-758.948887
-902.0398246
-1011.899063
-645.3270579
-550.376627
-1445.478011
-763.1274057
-1610.641816
-2549.554325
-1218.156041
-621.8497886
-938.5202859
