     2.920474508      1.252022326      0.724265106     0.6444047678     0.6820016719                1     0.7238302305     0.6202025366     0.8088645518     0.4163437787     0.1807480272     0.4114487248    0.08072847064    0.06400986286    0.09263225952     0.2477524343    0.04718787335     0.0113791939    0.01789752818    0.01746085827    0.01396861913    0.01915461769   0.007748350716   0.008744341661   0.003756591437   0.004028266883   0.003994291423     0.0058883939     0.0152344038    0.01788502072    0.01423671606   0.005239986093   0.005486537366   0.004717887828    0.03445481386 
    0.5292213739     0.4022327985     0.5302626297      0.483286552     0.4887735898                1     0.5979405176      0.508378176       0.26373723     0.1409184274    0.07983115734    0.08529013858     0.1097588157    0.07910154964    0.05991365821    0.05262377459    0.04536559949    0.04214628973    0.07009367502     0.0391227909     0.3061921976     0.7791040639     0.6238420697      5.934402071      5.492053924      1.149265485     0.2905103539    0.03310226752    0.02385423134     0.0761401635    0.01453540078    0.01218851636   0.001624364366  0.0003454621788  0.0003000952782 
     1.320254395      2.119313225      2.421225085     0.9046828149     0.9077363164                1     0.9274831289      1.066815359     0.7855113405       1.75244624       1.02834256     0.6467077235     0.2722344866     0.2115074811     0.4936117286      1.780484325      1.404078655    0.08318286854    0.07818490158      1.187869814     0.3515319469     0.1804369122    0.02006718972     0.0730897556    0.04635259166    0.02155304602    0.01137443149    0.02003487942     0.0108838611    0.00379696034   0.001901458533   0.002266872155   0.002000552733  0.0005385213073  0.0004407422663 
     1.271193048      1.545629187      2.217924955       1.45068407     0.4935766406                1      0.596749043     0.5499959673     0.4910759381      0.945902005     0.1712304872     0.2053989658     0.2720604235     0.8481661035      0.395476792     0.9682720992     0.3718720193      1.077546334     0.5242180861     0.3174026978     0.2379732108     0.1618099473    0.06588297037     0.1173527709    0.09558009839    0.03662476559    0.01224203227   0.004949778711   0.008627107434    0.01426689827   0.004254788283   0.005086294625   0.004976426185   0.002111583689   0.001682597085 
      2.20751107       1.34946419      1.859544141      2.405280115      1.223182006                1     0.8143198691      1.796285496     0.5660945939     0.3755832061     0.3400285843     0.2325674887     0.2776787746    0.09668171458    0.07342024762    0.07061997163    0.02838817765    0.01415251262    0.03265505923    0.02373594673    0.06717099581     0.3169962241     0.0606460905     0.1219684972     0.2101423761     0.1242021756    0.03623981474   0.006936730424    0.03702408706     0.1773536612    0.04024554949    0.06128129835    0.01252441954      0.120046186     0.2348435074 
     3.026581975      1.416698255      3.050188615      1.748616855      1.590734559                1       1.27763852     0.4923227808     0.3839998278     0.3776545586     0.1890610879     0.2827098794     0.1296492207     0.1983075331    0.06986364536    0.03106621481     0.0539698727      0.268557352     0.7971084902    0.05915248882    0.02576316441    0.03204486442    0.01257590503     0.1054951779     0.0274022262    0.06316818794    0.03296530903    0.03452709041    0.08523322418    0.07229121294    0.05329771963     0.0327337334   0.008434927093  0.0004247224889  0.0002821249903 
      1.03128487      1.545672739      2.002624637      2.297150382      1.081808002                1      1.053204842     0.9972955672      1.015419871      1.654317958     0.4058318886      0.349523231      0.266843942     0.2049061511     0.3689722264     0.7884566263     0.1776064337    0.07185906658    0.08763196237     0.1134332341     0.1665790666    0.01963604714    0.03775723983    0.01331180827    0.02028704165    0.01749306033    0.01560497331   0.005706022539   0.008400680814   0.004730635707   0.002316516156   0.003815830256   0.004775384963   0.008137146454   0.004577500771 
     1.467002755      1.371303301       4.48590069      2.004214492      1.042952309                1      0.831389002     0.9257505701     0.3704624731      1.223491685     0.4706511897     0.7677705081     0.8390645113      1.159220883      0.565002498     0.3739921374     0.2671722802     0.1021150702     0.2275526694    0.04671746241    0.02610912185    0.01439457945    0.02018768973    0.04035017906   0.005556854524    0.00366533104   0.003159301187   0.003979012475   0.002489340481   0.001163143849   0.001917428826  0.0005042333732      0.002300471   0.005104356317   0.001315486455 
    0.7303510851     0.7093320227      1.314616685     0.9808598645      1.276185477                1      1.128483658      1.750487536      3.287495423       1.23806467     0.5624389453     0.3611495204     0.1706692613     0.1263614521     0.1592142202     0.1147689363    0.05165717795    0.05008678524    0.05813337213    0.07525560582    0.03473201299     0.0326910298    0.04108099617    0.02407425432    0.01797173005   0.005454734074   0.004377954339   0.005993651825   0.001451588558   0.000592837615   0.000710403996  0.0005540899906   0.000304182902  0.0002910827506  6.376722996e-05 
     3.221233517      1.818012393       1.09950285      1.054743798      0.833637748                1     0.6194149277      1.461245326      1.233150942     0.7279229683     0.2696910079     0.2638324025     0.1454977281     0.4079315139     0.1259281939     0.4032210149     0.2438187375     0.3036475846     0.6117856968     0.8378808867     0.2583176552    0.05774247305   0.008231546505    0.01499864535   0.009150508153    0.01514155174   0.003354930615   0.001804999999   0.004311011787   0.003144122988  0.0008710836379   0.001114731141   0.002619868236   0.003627411644  0.0003920921942 
     1.132396756      3.023410939     0.8869579109     0.6026106309     0.8664784551                1     0.5147841445     0.4646526196     0.5832668935     0.9755833467     0.9088868317     0.7607713107     0.2079104618     0.3254535212    0.07841734357    0.07396256721    0.04504155206    0.05987947716    0.01897724216     0.0263155855    0.01951406681    0.01034592448    0.02555951764   0.009752085671    0.01562510835    0.01638357633    0.01053726644   0.009676881201   0.002269786559  0.0009829709592   0.003313330972   0.003465070743   0.003681435543   0.001642784611   0.002103549528 
    0.3129615002     0.9002910428      1.355480575     0.9362436696     0.7848670742                1       1.03207277      0.549692804      1.064636238      1.634008149      1.038226977     0.9331140015        1.0908864     0.1977909791     0.2017733749     0.3197709851     0.4576278306     0.3586997196     0.3890294046     0.1891249429    0.06089564311     0.0880728696    0.05700565045     0.1215852038    0.07140820276    0.04725025157     0.0518054382     0.1954978805     0.0749840184    0.05986276082    0.04659116909    0.02179651383    0.01630337327    0.01687408462   0.005782963895 
    0.1667653828     0.3065419981     0.3043988086     0.6700405175      1.273657711                1     0.6834010937     0.6886931868     0.1585684008     0.1685049342    0.08861629439     0.1048611259     0.1416074253    0.03445616002    0.04613498563    0.04117028384    0.07571092434    0.03183593927    0.03131829012    0.04343333534    0.04249473815    0.02054008593    0.01481556934    0.01273161339    0.01210577854   0.006665740106    0.01733576288   0.001648546166   0.001288948026  0.0003671413855   0.001153622512  0.0004601772831  0.0003891928792  0.0002093174952  0.0002737800994 
     1.066416985      2.653541335     0.6837126576      1.175020592      1.034449309                1     0.6199056309      1.519874067     0.9069608566      1.484004016      1.226918123     0.9588878901      0.670014893     0.3207164635     0.2777092882     0.1273225933     0.1593045967      0.493420954      0.418621223     0.1802611656     0.2454074963     0.1293638404     0.2310403989     0.1147226447    0.01988055624    0.01750428476   0.007516253474   0.005350511862  0.0008793511289  0.0002978402847  0.0001862812244  4.688817454e-05  1.031472935e-05   6.88881923e-05  2.074098419e-05 
    0.2959376546     0.4816825259     0.3356930824     0.3329844388     0.5838990078                1     0.5383972129     0.5666006833     0.2854624855     0.1891992748     0.1769687322      0.272593486     0.2001433814     0.1891746574    0.09132629879    0.07330982367    0.02583712611    0.02208012582    0.01061307168    0.04153193206    0.07766032093    0.02961758825    0.02307411744    0.01969677478    0.01464224076   0.006641125158   0.003247444756   0.003450730951   0.002092846805   0.007855413789   0.007772735172    0.07635456947     0.0537203283    0.03877914552    0.07164529086 
    0.4420266749     0.7989176915     0.5524206956     0.7022235691     0.8054426797                1     0.8797521973     0.8432298639      1.153253153     0.5991741258     0.9334418365     0.2449765019     0.3750042121     0.7110766833     0.4335183401      0.399755469      0.973038599     0.2019916752     0.5232137399     0.4677994529      0.902716855     0.2203273419    0.07770412446    0.07870592404    0.01485349706    0.00438932854   0.001593597457   0.001668809778   0.000482158208  0.0004835377602  0.0005926724935   4.69409619e-05  3.751481009e-05  5.186444702e-05  4.602678799e-05 
     1.882739219      2.362722859      1.612321211     0.6991144529     0.8257116797                1     0.5728926016     0.3034735438     0.2422507595     0.3641529344     0.1799763903     0.1626586527      0.126192015     0.5852037422     0.6779590872     0.2062145612     0.0796131244     0.4322085563     0.1656526452     0.1218247339     0.1285886995     0.4873643701    0.08108222724    0.06394676199    0.09432598742    0.04569042371    0.01186616629   0.005854226156    0.03970541564    0.03577447399    0.03046756365     0.0270308306   0.002162230563   0.006122066257    0.00942055474 
     3.041644926     0.6528318445      1.345688388      1.051625045      1.377650545                1     0.6072135977     0.4205788459     0.5319737908     0.3009534722     0.2987139666      0.583262951     0.7927405039     0.7606045167     0.5315313236     0.4574585687     0.4231522112    0.04884728577      0.128928732     0.3976876917      0.221893891     0.0914722598    0.06477640698    0.08359514208     0.2516642218     0.5325999899      1.393213799      0.182167081    0.09991696149    0.03786118936    0.07180859561    0.05283191676     0.6552159922     0.2012158514     0.1190048074 
     1.618469641      2.006850737       3.18253538     0.7373396319     0.7392260098                1      1.253785871     0.8330790337     0.5723177221     0.5602954237     0.3891202187     0.3758645799     0.3658116552     0.7513393667     0.7032191593     0.5315223327     0.3553795149      1.432012643      2.101915417     0.1763027277     0.6385568143      0.358846149     0.5257405839      4.296136733     0.4413981343      1.589562795     0.9131262355     0.8147766494     0.4254808357     0.1607354443    0.05348408681    0.03629377974    0.07375048287    0.04236155548    0.03009198973 
    0.3698898719     0.4930321011     0.6229892897     0.6076800949     0.7379472852                1     0.7780695625     0.5512688888     0.5792266783     0.3362649169     0.1879720176     0.3429793199     0.4137192699     0.5255384979      0.665250604      1.122401481     0.4348219822     0.5770894873     0.2538115618     0.5217998887      0.734737943     0.2295673729     0.2935021116     0.4748430063     0.1486878313     0.1686072077    0.01316470586     0.2400625655   0.004373320869    0.02205419626    0.09763603498     0.1428097869    0.02587987149   0.009348681767  0.0005791209255 
    0.5147934175     0.6461865675     0.5609062159     0.7536619846     0.9567063457                1     0.5128649668     0.7197313999     0.7747951274     0.3194534907     0.3954783519     0.3588839782     0.2614867917     0.3649874026     0.4054830338     0.7318740557      1.851915619      2.342868133      2.342425603      6.066938274     0.5138240483       0.77257938     0.7724459812     0.3283598514    0.05242660251     0.0313696091    0.01644135422   0.003189381858  0.0005685806681   0.001140146706    0.00031790532    0.00111416494  0.0008038208875  0.0003564512176  0.0004491637029 
    0.9174550431     0.4342402472     0.4854308192     0.7211596919     0.5208865625                1     0.6138322559     0.6842499341      0.725887423      1.351487067      1.820511559     0.5691080256     0.3893781232     0.1817324997     0.1024943411      0.176068862     0.4024070182     0.2661409406    0.03515108804    0.01184862704    0.01884102785   0.008564351322   0.002203325607   0.003019640189   0.003038849281   0.000949992035  0.0004691993671  0.0005944038194  0.0002332235704  0.0001668117871  0.0002600423989  0.0004159273891  0.0005987960735  0.0001093704976  3.978662225e-05 
     1.012023975     0.6194215694     0.4128205066     0.5802861772      0.662589248                1      1.129669068     0.6149372863     0.8375957303      0.748071823     0.8763285606      2.058503434     0.5605536094     0.8527333323      1.553250937      2.575791386     0.4500352788     0.1955119966     0.1951709351     0.3030450973    0.04525345186    0.02398944773    0.02092416326   0.005666257542    0.02397785639   0.002047200137  0.0007851040341    0.00145457578   0.001968386369   0.001827825496  0.0004436666017  0.0002084902676  0.0002904024843  0.0002326261075   0.001149862055 
    0.4765608062     0.6923069235      1.790387493      2.004397599      3.489984494                1     0.5641018125     0.3404023896     0.3619790749     0.2164969691     0.1176852309    0.06337228103    0.03620446575    0.01877826509     0.0286239893    0.01271573034    0.01801408953    0.01362774389    0.02364288528    0.01667866359    0.01703341836    0.02552931082   0.007051027891   0.001941854804   0.002430408214   0.002981322357   0.001191636112  0.0007334402835  0.0005372839721  0.0002347689153  7.603387651e-05  3.031699358e-05    1.7632606e-05   1.03844466e-05  4.517068021e-05 
     7.314643881      4.713277076      1.678232257      1.349032007      1.401399051                1      1.083956693      1.045170119     0.8050655687     0.9399411324     0.9242837833      1.117858594     0.3179990521     0.2382121983     0.2098964272    0.03068960639    0.01834357923    0.08054742871    0.03816590361    0.03459605369    0.01337324569    0.02229331201    0.09577267308     0.1320649181      0.281799098     0.2402874836     0.3874733637     0.9663911636     0.5147174046     0.2432081028    0.02822625324     0.1311544003    0.09922132016     0.3414866263     0.9410197139 
     4.523297774      1.387235673      1.172144905      1.013597534     0.7361537969                1     0.6892204121     0.4718854958     0.5432501107     0.2050366912     0.3278070905     0.2200653792     0.5031384926     0.1445863258     0.3338186775     0.1699467581     0.1731048883     0.4098016644      1.300907625      0.582114688     0.3105548768     0.6660489172      0.641331512    0.06120549188    0.09741186549    0.03905589759    0.01162365675    0.02469791724   0.007669289791    0.01133809418   0.002266431734   0.008183629999   0.006913166099   0.003256221042   0.001388237622 
     4.887113321       7.20603952       2.01490273     0.8527676328      1.092741055                1      0.745735793     0.3943730253     0.4003106862     0.3022932154     0.3625788304     0.2267652779     0.6314140643     0.2006354071     0.1032167783     0.3122916935      1.059320822     0.3510521316      0.479838106     0.2074369848     0.2379319802     0.2470739967    0.03225715709   0.005591632797   0.007756207341   0.005786196093   0.003389828186   0.002417600877  0.0009339082334  0.0002579817864  0.0007947178466  0.0007783323096   0.001120223373   0.001309336496  0.0004726101428 
     1.531209326     0.5466691583     0.4072452016     0.4882370891     0.7141757246                1     0.6452212227     0.6153230881     0.5137103134     0.3573521098     0.3708862371     0.5112082661     0.3362631736     0.2376682111    0.08437268882    0.02974527744    0.02674070756    0.02152358004    0.03588771585    0.02589034076     0.0594110778    0.01798026059   0.008183830177   0.002592735749   0.003183754861   0.001369140924   0.000597565486  0.0006488751494   0.000408431039  0.0003155522311  9.163910472e-05  0.0001048620286  4.852276785e-05  3.765372404e-05  0.0001240357177 
     1.121120733     0.9131217624     0.8755718895     0.8938960798     0.7144214141                1     0.7651541387      2.662579183      1.581444638     0.7878449949     0.7631825135     0.7311041661     0.1161742465     0.2278860265      0.186604532     0.6646074701     0.1731392576    0.07134745092    0.07174327823    0.06364180365     0.1011438635    0.08359350655    0.03038216547     0.0332958475    0.02274729358    0.03467878173    0.01957802452   0.003560286468  0.0005386722906  0.0002323263007  0.0002081690735  0.0002584272798  0.0002855379995  0.0001649156656   0.000302680119 
     0.797298972       0.74685917     0.8200879668     0.6641236142     0.9389943125                1     0.8492827441      0.592807144     0.7307981984     0.8752037736      2.161504494      1.244107632      6.108665065      13.31568445      3.448948593      4.603600186      1.266521599      1.730999672      0.488792218     0.5843480241      1.277110454     0.2917652444     0.2153925132     0.1680708685     0.2064105757     0.1387306748     0.1423963727      0.162849531      0.411336441     0.3327350859     0.0569620926    0.03002050997    0.01210449117   0.001504945502    0.00711970179 
    0.4758253284     0.7223531607     0.9038800422      1.113504203      1.106553492                1      0.959725252      1.346968207      1.517827412      1.419758349       1.04281053     0.7942240302     0.1558731901     0.3096930029     0.3733844007     0.2104002473     0.1002809216     0.1564931574    0.04916809102    0.01157455602   0.003804089607   0.004492860123   0.002952708304   0.003149375724   0.006629309363   0.003215467744   0.001713235181   0.006558048078   0.001974917705  0.0003664987655  0.0001070111002  0.0002388873907  3.368413097e-05   1.54145709e-05  1.838756025e-05 
     6.064513848      1.777797631      1.620136701      0.675729177      1.133637457                1     0.4946529746     0.4207692648     0.5461993134     0.2367377623     0.5441511207      0.178601818     0.2206083993     0.1412729968     0.1753153419     0.1866966007     0.1049648126    0.01515026122    0.02076077985    0.01986969244    0.01696434952    0.01068475505   0.009993078958   0.008214377247     0.0183906622   0.005842584205   0.002809799914   0.004497470401   0.002960891921   0.004783361814   0.002881849088   0.001320370344   0.004560936082   0.003726466464  0.0007055691712 
    0.5213922339     0.7142190795      2.508788751     0.8420564788     0.6481711426                1      1.129415945     0.5541009896     0.7847389262     0.9080273762     0.2985422677     0.1598012933      0.161081376     0.1557564503     0.1188859137     0.1014687359      0.038074289    0.04166827009     0.1505109146    0.09200640318     0.1946018832      0.112633377    0.01230606371   0.008560734357    0.01712473695    0.05695706007      0.161563311    0.02456794035    0.03046123006    0.01118280495   0.001120711712   0.001424496618  0.0004132237078  0.0003999755664  0.0006354903362 
      7.48804607      13.22914955      3.608761186      1.826249727      2.053973229                1     0.4676042168     0.2519994448     0.3285337974     0.2390627946     0.3987115319      0.267686109     0.2969613876    0.04568775545    0.03776252484    0.01775183775    0.07347563827    0.03301804338    0.05789027276    0.03167931688    0.01902883185    0.00217561794   0.002588076784  0.0003930214309  0.0002841122721  0.0008094397559  0.0002252416675  0.0001696158724  0.0001268806103  0.0002823452532  4.897953525e-05  1.988275089e-05  3.502634372e-05  2.599185158e-05  2.417880287e-05 
    0.3139873565     0.2534853803      0.613730927     0.5806655466     0.6908653633                1     0.7918597266      0.818483484     0.9258685216      1.441411805      1.018973481     0.7209298807     0.5891833875     0.7464862974     0.1604797511     0.1970433391    0.05433064883     0.2017241435     0.1677951868    0.03872902107    0.02022843051    0.01856808674   0.005308856795   0.001421559207   0.001184324252   0.001609529561    0.01286548668    0.01017261684   0.001972270879   0.001972738622   0.002740276658   0.001702276373  0.0009892686383  0.0002311956964  0.0003398698351 
    0.1193980988     0.2451490108     0.7462630263     0.4553400694     0.7276450645                1      0.886412002     0.8391904602       1.00260904     0.4911398659     0.5835491797      0.192488952     0.2458578918     0.2300262556      0.252816801     0.2902930156     0.3622175959      5.695087956     0.3450877627     0.4665453463     0.2010739524    0.06870405288    0.02068999316   0.002564330231    0.00304549297   0.001253580264   0.001043590659   0.001219266928   0.001234044477  0.0002444182868  0.0002760471468  0.0004004386695  9.362058536e-05  0.0001871513242   0.000288661925 
     1.784938154     0.8896124146      0.855311174      2.383651511      1.235716605                1     0.5735907266      0.410759751     0.7529036816     0.7862838953      0.537768937     0.3416199058     0.6448972887     0.8911699511     0.5204248581     0.1477862716     0.1278630491     0.2343900522      0.101245729    0.08792889593     0.0828916945    0.06605554216    0.05428092305    0.06301733041   0.004539787419     0.0166674748   0.008134218459    0.09594307109   0.007303089698   0.008859341492   0.002529174414  0.0006826461192  0.0009524907799  0.0002989694097  4.861996891e-05 
    0.3502616705     0.8935100205     0.6153480124     0.6645197766     0.7556968203                1     0.6818651816     0.6913862461     0.5681447288     0.4606379821     0.8693621261     0.7378743649     0.4145104015      1.017528713     0.8332782293      1.110454797     0.2669425528     0.1802164966    0.09342517203    0.08272921085    0.05512571986    0.01759117484    0.02716044513    0.08571914055    0.03385836876    0.01219388758     0.0233775025     0.2778785657    0.04268496171    0.05850072151    0.02417683553   0.008400162295   0.002113900081   0.002658533023  0.0007137761564 
     1.434961652     0.8426883401     0.8234082657     0.8203494429      1.129714971                1      0.694541293     0.4546673408      0.366215879     0.3211065488     0.3808351935     0.4176508344      0.237148838     0.1263562097     0.1345500264     0.1076592318    0.06393823962     0.0179395672     0.1054509747    0.02344804694    0.01481716873   0.006582780793   0.007792892903   0.005405633133  0.0007922010519   0.000251717151  0.0001817304008  0.0003449903168  0.0001006087489   0.000129473012  0.0002000234784  0.0001626581916   3.42379962e-05  7.531996017e-06  7.213493979e-05 
     3.454638583      5.322621548      3.457717761       2.36668399      2.436110199                1      1.443406441      1.249331149     0.3721022173     0.5725392379     0.5076116061     0.5986170787     0.4675310941     0.5015765618     0.6129123166      0.382811986     0.2870759644    0.07665756568     0.1566524163    0.09786437252     0.2243797315     0.1995581567     0.1763796415     0.1527380804     0.0396580464    0.04501198494   0.004894975376   0.003478249502    0.01355354361   0.009506176178   0.002802487408   0.005198294405  0.0005204115499  0.0004177101762  8.328943673e-05 
    0.3097794409     0.1825181635     0.2670425799     0.3509524387      0.527203623                1     0.6194688164      0.672447765     0.6253407044      0.677057402     0.2513494937     0.1877766602     0.1715184838    0.09989241548     0.1024737144    0.08560035174     0.1028291123    0.05668077005    0.05224483954    0.03458314707    0.02516532689   0.009212968049    0.01838987159    0.01184859605   0.007225592828   0.006768943085   0.003776953723   0.001567258507    0.00179671941   0.001029532166  0.0003828637593  0.0003828516104  0.0003477699471  0.0005405919565  0.0001693867678 
    0.7525283583     0.7839433079     0.7849008343     0.7125720632      1.436360418                1      1.211896955     0.9154765236      1.191679696      1.615161424     0.7292729191     0.2275290086     0.2639754585      0.107158262    0.01763438676    0.01571210081    0.03748278354     0.0717086077    0.02060383814    0.01050322637   0.005147753094   0.002679320903   0.001086377741  0.0009095902042  0.0004175473866  0.0004260957221   0.000216918455  0.0003461018148  0.0001026036054  4.546591211e-05  3.344404653e-05  1.578866125e-05  1.959560791e-05  4.712403194e-05  8.617322275e-06 
    0.6254615441     0.7218340905      1.020148137     0.8820158918      1.001935109                1      1.293450289     0.8215844488      0.978202117     0.6015147387     0.2110691895     0.2647489019     0.3053919795     0.1776990129     0.1869081784    0.02855133243    0.03798116258    0.03235169119    0.02894990715   0.009112321978   0.001944509136    0.00188872989  0.0009335440792  0.0007625928614  0.0001746382046  0.0004315501405  0.0008612580599  0.0001638204388  0.0002715300669  0.0002162383977  6.125522734e-05  3.820298517e-05  1.718007806e-05  2.770507482e-05  1.479527701e-05 
     10.91058997      4.481787902      3.009317172      1.371356809      1.513899564                1     0.4459033008     0.2815241861     0.2023016102     0.6721354005     0.3777017802     0.2036529907     0.1212717603    0.06411424498    0.04351759756    0.05179649608    0.02452544347    0.03095186893    0.01332000849   0.008824027796   0.009164704227   0.002355327343   0.001069425604   0.001706489077  0.0002731030463  0.0001489069222  0.0004661651934   0.000107018412  0.0001528042065  5.697250863e-05  6.383566359e-05  3.395006771e-05  0.0001035725119  0.0002958478937  0.0001350450667 
    0.9193964254     0.5627034361     0.5911296873     0.4012665627     0.9661211055                1     0.8138822012      1.204920192      1.583997984      1.167968868     0.7379652424     0.9145796758     0.4290058868     0.3964636521     0.7924209473     0.3287917025     0.4616155273     0.1302927389     0.1251116673     0.1438911549     0.1899432476    0.01767382981    0.02617365799   0.008851744528   0.001797663959   0.001606948955    0.00363900802   0.001880075123   0.002275688208   0.003682846892   0.001370075902  0.0009522208439   0.001139673819    0.00109144366   0.001114714253 
    0.3204662893     0.6725575513     0.6114820468     0.4594261542     0.8937697031                1     0.9407967676      1.203913442      1.127140877     0.4031853192     0.4025357402     0.1692940505     0.1744242797     0.2602116041     0.2707250878     0.1689377681     0.2664355207     0.1217822911     0.1360098295     0.1013196277    0.05092453896    0.02702721548    0.01407890708      0.022750353     0.0225565455     0.0225669702   0.003720866788    0.02586031975   0.002768656506   0.002656652661  0.0008377537378   0.001004931435  0.0003812399136  0.0002653806042  0.0001294562632 
      1.78685092      1.886281533     0.9770504054      1.159184157      1.751918102                1     0.9900881523     0.4114082296     0.6587337297      0.864207064     0.4881370429     0.1761437832     0.1136281137    0.03642627971    0.04930442994    0.02744790938   0.008947907819   0.008654786454   0.003704421552   0.004211666814   0.003323956631   0.004336860082   0.004170859847   0.002086923247    0.01362838709   0.001877772187  0.0006003606917  0.0002817604908   0.000113930045  4.829374791e-05  2.836375436e-05   1.80293462e-05  2.152963974e-05  5.309314444e-06  0.0002591161193 
    0.8650439815     0.6712697784      1.108301488     0.8842879067     0.9124608691                1     0.4691316895     0.5009511617      0.280026321     0.2528062685     0.2776721315    0.09349413072    0.04723199659    0.03315247829    0.02323549621    0.01719899459     0.0229859145    0.03192208358    0.04192286263    0.02391711866    0.02095866049     0.0280699325   0.002265833073   0.007942385856   0.001818851302   0.001769163709   0.001613258762   0.001480767105   0.001498176418  0.0009938398819  0.0002818957478  0.0004933740224  0.0003077943394  0.0002751550365  0.0001010122615 
     4.982431087      1.706344295      1.184999662      1.155341324      3.426314811                1     0.4436564883     0.5503736004     0.4858833435     0.1626051543     0.1190251299    0.07606901671     0.0429629513    0.04472508323   0.006965194611   0.009726149453    0.01206623993   0.002573092237    0.01330497675   0.003553039314   0.003790312837  0.0006319819814  0.0005789465664   0.001538848814   0.001082825902  0.0002916901778  0.0004599410034  0.0002606840313  0.0009938425338   0.000267388995  0.0001672789874  5.478598676e-05  0.0002349055635  1.605305396e-05  1.061713852e-05 
    0.7163372976     0.7018236715      1.171046557      1.447898179      1.531355477                1      1.239276998      1.466458792     0.6533858642      2.029305625     0.8088129727     0.8370127441     0.5113048002       1.31576644     0.9331641556     0.2022429225    0.03284475295    0.04128017802    0.03157335925    0.01029739367    0.02586921901    0.03111295274    0.01397455325    0.01371483007    0.02955665781    0.01695063516    0.01537456212    0.01435974849   0.008797712336   0.008314449991   0.007247314594   0.003204058454   0.005956624633     0.0128043137   0.003715559278 
    0.3989359492     0.4659675654     0.3713905739     0.5519879105     0.9085198437                1     0.6632251816     0.6081726727     0.3644316628      1.021182452      1.136699307     0.5241586076     0.8243952342      1.362550924     0.6790399527     0.4418247343     0.4149343003    0.06963438955    0.09673454488      0.143243564     0.1920614581     0.2597091196     0.2854693548     0.3608423138    0.07008332471     0.2514677394    0.02524236252    0.01442333643     0.0243081491    0.01404163009     0.0129804998    0.04312219028    0.01058263322    0.02107318317     0.0180245365 
    0.6829625707     0.7089376446      1.030566508     0.7175092486     0.4532318027                1     0.8510053672     0.5329704077     0.4304659377     0.2617013782     0.2863053441     0.3306072972     0.1753263449     0.2407016995     0.5797915848     0.1510415557     0.1530579579    0.01350633328    0.01584143442   0.004102202861   0.001639821385    0.00179914137   0.001055109799   0.000968752728  0.0009626003001  0.0008297879671     0.0025260174   0.001180682674    0.00284213264  0.0008382889891   0.000131581848  8.284895948e-05  0.0001430432738  5.921592161e-05  5.944389091e-05 
     1.507678675     0.5592660384      1.909391853      0.688704379     0.9380728418                1     0.8627064512      1.410421115      0.501045227      0.529491656     0.4258749909     0.1397786828    0.07441598347    0.08432476366    0.07530701822    0.03545838911     0.2446063087    0.01346656188   0.008245934245   0.005495938587    0.01474186163   0.001592344436   0.002090351033  0.0005733922742  0.0007610208376  0.0008582375264   0.001618802093   0.001258215421  0.0006658878788  0.0003014680182  0.0002822633119  0.0004234055893  0.0004896862951  0.0002699987987  0.0003019222134 
    0.3353122607      1.102197462      0.920754617     0.7359840198     0.8713865176                1      1.763378328     0.9737456494     0.8199956188     0.7564493794     0.3840973446     0.2514822101     0.3783219857      0.237879961     0.3850989148    0.09190728848    0.04473357181    0.04373049166    0.03838060816    0.03029884599   0.009147369395   0.004790072423   0.007202334911   0.004097743531   0.004785759788    0.00345566108    0.00380091003   0.002934639581  0.0005610309937   0.001868320732   0.002119748802   0.001830372931   0.001192992772  0.0004175963715  0.0004702340192 
     3.844649653      2.159684899      3.633134685     0.9119458579      1.802609342                1      2.883705223      1.996261356      2.692433298     0.4487314333     0.6234435793     0.3483392252      1.667822968     0.1914912169     0.3793509476      1.772190968     0.9360933379     0.4327727242     0.7104197786     0.3213800974      0.223962327    0.07263917615     0.2141305153    0.04197788733    0.04436382329    0.01335732567    0.00389512262   0.004230325316   0.009184874337    0.01104308573    0.01313811214    0.01229860322   0.009149240043   0.005674020362    0.01206812411 
    0.6039523905     0.4218187914     0.7748268642     0.9035787497      1.107907012                1      1.071198377      1.880249577      1.125128744     0.7989281098     0.5884712618      1.261220328     0.6123110156     0.8582579958     0.6958639211     0.3019925584     0.2389268112     0.2851161306     0.2247767947     0.5021323701     0.2750045702     0.3769973872      2.412624156     0.7661722876     0.5922822122     0.2111942574    0.06925312054    0.04101197971   0.008203674311   0.006822187747   0.002657833714   0.003465972189  0.0003567566114   0.007451856377   0.008881652851 
    0.9182707699     0.5294738337       1.02886354      1.050904456     0.5970924062                1     0.6722689238     0.3491201481     0.1789764454     0.1742232503     0.2193582375     0.1100368368     0.1081490162    0.05351277853    0.04408351518    0.03132479633    0.03535609171    0.02325812764   0.007793856475    0.02275367877   0.009234854188   0.007273282715   0.006131250546    0.01013476285   0.002817172138   0.002806474574   0.003496219236   0.004727216654   0.001588077127   0.001750960162  0.0007732606168  0.0007848754454   0.001316348192    0.00121357687   0.003029947845 
    0.7681743649      2.429363546     0.6086770025      0.743931522     0.7424512852                1     0.8365665996      1.438836884      1.392143612      1.988765101      1.517778288      1.177561369     0.7783074418     0.8988851307     0.7767915611     0.5050706684      1.484925127     0.3750851541     0.4258421001     0.4446225382     0.4775422259     0.3804636715     0.1601384009     0.1560001141    0.08834043218     0.1739908665     0.3101922836     0.2873173538    0.09112345463    0.07706118915     0.0670519243    0.01398503194    0.01206416903   0.002537364439   0.004860180409 
     1.547907513      3.112449715      0.979215993      1.289982375     0.7686995117                1      0.650072125     0.3393099309     0.3321573674     0.1764994884     0.2351538324     0.1247223858     0.1686511743     0.1052429349     0.1540378568    0.08571467323    0.09132953666    0.03565278552     0.1013178208    0.02389725758    0.04657975145    0.02809975035    0.02717959965    0.01346377313   0.007105639063   0.005427642727   0.007680630404   0.004394305885   0.007748404638   0.005817151502   0.004750692849   0.009272936308   0.001316505189    0.01035700506    0.01120384367 
     1.014912793     0.5750265158     0.7302320433      1.288822187     0.7881185137                1      1.539860693      1.561994291      2.719336576      1.260512247     0.5312199033     0.2020032445     0.3708377793     0.1457801238    0.08575047927    0.05469905724    0.02345386481    0.03395818487    0.04077062283    0.03349705938    0.02371613757   0.002758731427  0.0004872523887  0.0006114089704  0.0003207346581  0.0004141886969  0.0004159892127    0.00243050924   0.001388841203  0.0001222140312  3.637017551e-05   5.34750214e-05   3.13296036e-05  1.744932453e-05  1.125139597e-05 
    0.1797832462     0.2346000643     0.5563965385     0.4800556294     0.9988328867                1      1.129470523     0.6688084899     0.7366065432     0.3264119876     0.1126047579     0.2435883851    0.05885002006    0.07190776383    0.04275376493    0.05193967445    0.01209109929   0.008692178922     0.0106598699   0.005101691239    0.00572574291   0.004250898796   0.001001168969   0.001014612464   0.003045590604   0.007625237937   0.001843656439   0.002628611889  0.0009517873163    0.02231162565    0.03854302955    0.00992056028   0.008983632952    0.00587028054  0.0008965411088 
     1.082676355      1.059943499      2.341332022      1.428532624        1.0520715                1      1.255795852     0.8492319229     0.9923787755     0.5489405194     0.6647037217      0.367597262       0.21013076     0.1065051693    0.04487022273    0.07219193039     0.0481690783     0.1128911537    0.03941538151    0.01203820558   0.007962749813    0.01022514296   0.003723753453   0.004763905656   0.004543207647   0.004798860178   0.001775113824   0.001010620484  0.0006421356625  0.0002854385948  0.0003584002342  0.0001622194263  6.617371138e-05  2.473710214e-05  1.619763615e-05 
    0.9283746739      1.805454295      2.479220478      2.450762059      1.286848055                1      1.517141031     0.6802469423     0.4542258968     0.7347798819      0.350475384     0.6378062108       1.07679322     0.3393991261    0.06551834445    0.08615754855     0.1164171605    0.02160218113    0.03584337416    0.01171294022    0.02521505476     0.2173938266    0.05995494162     0.1331007124    0.01674955646    0.03930326118    0.06303972509     0.0861058639     0.1387417576     0.1650908267     0.6716837784    0.07006790523    0.07447854032    0.05559137974    0.01712855889 
    0.7956017458     0.5839444194      1.203441835      1.284433069      1.365370488                1     0.5650230352     0.4766812584      0.243543659    0.07372500003    0.02878024528     0.1043036852    0.07977599815     0.1055287091     0.1089702292    0.02672643515   0.007223003268   0.009445674115    0.01237339872   0.006332488435   0.001177545586  0.0003963253027  0.0006323002052  0.0002336602131  8.328053851e-05  0.0002450083172  0.0005512969923  0.0002326926652  6.579670995e-05  2.870065969e-05  5.503466815e-05  2.403872231e-05  2.976704816e-05   1.16364243e-05  1.154461994e-05 
    0.4871375561     0.4335399699     0.4432832528     0.7704844229      1.416437344                1      2.228050365      1.889871402      1.931463352      0.888944656     0.8787322311      1.122036334     0.2399393323      0.349700997      0.305598887      0.224337502     0.1334935795     0.1330864643    0.04213877008    0.06200152096    0.02614703583    0.03535562939    0.02252715281     0.0123590768   0.006396415508   0.005967327905   0.006569609961   0.006665037022  0.0009137102605  0.0008047446721  0.0001263787309  0.0002173289842  0.0001781430994  9.937724024e-05  5.874545893e-05 
      2.58034933      2.339623668      1.086145821      1.440158151      1.003298852                1     0.7466715547     0.5307418606     0.3794011017     0.2561346547     0.4883394474     0.5784618621     0.6551922111     0.3272806703    0.07546869984    0.04261154306    0.02526377031    0.02172007637    0.04339660998    0.01695128561    0.03732886956    0.02328947814   0.006294141458    0.01356244342    0.02042811093    0.01730762409   0.009033372131   0.008330932928   0.005530630985    0.01140401059    0.00183579923   0.001068551239  0.0005624923738  0.0006702889507   0.001270487953 
    0.7623041433      2.281790237      1.184516652      4.597589505      1.828944363                1      1.051146297      1.126940121      1.449948348      1.025656817     0.4615205468     0.5923054825      0.436687344     0.1853523164     0.2724386668     0.3246328537     0.6373207551     0.3409467125     0.2899767831     0.4240149598     0.2836501081      0.162593816    0.05735614178   0.004652270856   0.006116707006   0.001258681928  0.0003629966271  0.0007907843874  0.0003408213237  7.355408032e-05  0.0001454025309  9.723228887e-05  6.188739481e-05  0.0002199422146  0.0001304238924 
    0.3434556272     0.6601909107     0.7277276218     0.5707967689     0.8799358262                1     0.8710340977      1.387019905      1.633153276      7.292589715      25.56472266      32.31408575      6.112045546      10.61902296      21.30157654       32.0129005      16.35476326      52.72486787      13.11005449      4.634486272      8.011413655      5.085908496      44.00917302      37.74159471       32.6563357      18.84979208      16.46676237      7.809518647      15.90872682      1.260834343       1.38883708     0.7756766725      1.248560231      3.252953051     0.6953966619 
    0.2172229558     0.3063861668     0.3580896353     0.5591148007     0.4917888848                1      0.687318377     0.2413909044     0.5037793342     0.2700955222     0.3675835918     0.4540611606     0.4672541909     0.3640943952     0.1445996785    0.08311315307    0.02129141872    0.01439606448   0.008833308804    0.02365068586    0.02986371935   0.007615014343   0.006803890833   0.002531735535  0.0008558150876   0.001827619507   0.002707855482   0.003667809873   0.001274451562   0.001997682049   0.006053935918   0.001862850862   0.005769699211  0.0007062785511  0.0009799478106 
     3.225635523      2.763849223      1.528606096     0.9776864564     0.9641298125                1     0.7480673691     0.2722574996     0.3131345488     0.2304025072     0.1381552707     0.2044763953     0.1584614637     0.2076755403     0.2962491726     0.1299303488    0.04317260256     0.1137448229     0.0469426826   0.009891832807   0.006804411675    0.02991419447    0.09366426132    0.01969329674   0.004026644974   0.008939385834   0.007233436791   0.003163239953   0.001249425778  0.0005166543353   0.000155108734  5.817028207e-05  8.287488544e-05  5.943271835e-05  4.476746795e-05 
    0.6525503625     0.5890477878      1.338830602     0.7848973932     0.5719271152                1      1.324836299      1.230866518      1.211918272     0.6151645246     0.1978644524     0.1005315924     0.1298604683     0.1281035229     0.1273542854    0.07881335102     0.1409232864    0.03568173297    0.01128805393   0.008309165474    0.01648869699   0.009622682311   0.004532636673   0.005638484872   0.005701037903   0.002477253509   0.002263681796   0.001396320399   0.000509703022  0.0006797557244  0.0003169749013   0.000140275782  4.906065171e-05  5.465039741e-05  4.649235032e-05 
     1.810089435     0.9988713417     0.9856450424     0.6621989639      1.107928926                1     0.9689669043     0.8589531475      1.156134273      1.152956712     0.4898801815     0.5062156036     0.5387855504     0.2066611476    0.08768355227    0.02654648254    0.01178096808   0.008433909817   0.005427395364    0.01039655416    0.02255332181   0.007868081453   0.006039174723   0.004131650944   0.002237753012   0.001582379594  0.0005555342648  0.0003483569508  0.0003718485325  0.0007434045698  0.0004375263529  0.0002074529365  5.074914285e-05  0.0001668461748   6.71497502e-05 
     3.298965305      5.944088474      2.382711055       2.31035678      1.207994068                1      1.649054189      1.576233644      2.232604813      2.274259133      1.026809549      6.869576228      1.774351029     0.6000327584      1.259601532     0.2859163907      0.167817553     0.1001694907    0.07905000495    0.02076925713    0.04046124141    0.01574133193   0.006061213427    0.00355425891   0.002323695293   0.003464087639   0.003474793901   0.005521281656   0.001353225112  0.0009171028889   0.002700895958   0.002288117742   0.001555189922  0.0007296702678  7.615114871e-05 
     2.626692483      3.526632521      2.196755128      1.073756516      2.542397953                1     0.9501612168      1.097502036     0.8496036255     0.4372998317     0.1418515687    0.06539248119    0.04177088839    0.04428207407    0.02980547507    0.02993808957     0.0118393339   0.004966062606   0.008090837968   0.008002359779   0.006755597168   0.002177845788   0.002243959951  0.0008092081925  0.0004592505194  0.0003827458442  0.0004298266012  0.0002748055352  0.0001033776452  0.0001221268341  4.559501278e-05  7.762653505e-05  4.613775642e-05  1.899069578e-05  2.226812934e-05 
     2.296010909      3.036497433      1.987515285      1.260019869      0.833967248                1       1.39875623      1.773158547      1.379884428     0.8203970556      2.979981298     0.8423810901      0.397847825      1.201186793     0.2719188411     0.5574468892      2.593946672      2.354550264    0.09359854979      0.148535453    0.09578543559    0.08738181435     0.1650417435     0.4392731772    0.06859645916     0.1732792264     0.4798546911     0.6307607962     0.5501317647     0.6726094113      1.042854358     0.1467270997       0.59825049    0.06864594866    0.03314103048 
    0.4720990763     0.7102753009     0.8005394792      1.150416511     0.7763341816                1      1.232118564      1.091784138     0.8238095427      1.485271564      1.345542141        2.3128624       1.98737629       4.14063089      2.444340582      10.21821334      1.289637425      2.146753349     0.4000447103     0.8208401406      1.760744005     0.9330115579      2.547682312     0.1103299149    0.01965150985    0.01371485216   0.005371715471    0.00758222355    0.01217114262   0.005828222702   0.002005247924   0.003843835242   0.003856437536   0.002392884377    0.01099215416 
    0.8479742425      1.674177693      1.400612941      2.003080153      1.740616814                1      2.253369199     0.8891454604      1.333293378     0.8117107888     0.8204845773      1.145749481     0.9153556348     0.7822815427     0.8033271469     0.5143631678     0.3261160179     0.3592045269     0.1777095545     0.3117335945     0.2181685762     0.1546045111     0.1792614208     0.2318869886    0.07509137238     0.1769171203    0.06896624488     0.1492995103    0.03000570551    0.03745156793    0.02405132909   0.002074234699   0.003455602747   0.005338666844   0.001334457144 
     2.488557578      1.625100912      1.254775751     0.9172083745      1.145854002                1     0.8402580488     0.8578884843     0.9567662627     0.6384078017     0.3004359262      0.573943538     0.5630609114     0.9172684781     0.6508483998      0.939958115      1.629390427      1.362532163      1.508766557      1.016200501     0.4930256223     0.3403706352     0.3760775654     0.7467847382     0.3113613977     0.7003788763     0.2664916773     0.1666831022    0.04403161345    0.00930512378   0.003525837053   0.001568930786   0.005281135195   0.001700280222   0.001591705117 
    0.8851731282      1.270007456     0.6188831725     0.7760528309      1.013771119                1     0.7075755332     0.3105834235     0.2409479898     0.1443978605     0.1590092671     0.1412712529     0.0810562184    0.09837922427     0.0322018952    0.03142214225    0.03414568214    0.01433545552    0.02486010201    0.02683523956    0.01691309396   0.003417176689  0.0008315463972  0.0004575678411  0.0003800072297   0.000674893727  0.0005491842606  3.635153195e-05   2.84728113e-05  4.223705054e-05  1.197031952e-05  3.757591727e-05  2.285718393e-05  9.588140443e-06   1.93479467e-06 
    0.6097981581     0.6870047928      1.333659693      1.273675365      1.288830711                1      2.066561152      1.044514186     0.8617672441     0.6457145624     0.5139060732     0.2043126171     0.4555890826     0.1610088693    0.03553997487      0.166514693     0.1977647283     0.2541728849     0.4371054938     0.2267277473    0.06490170403      0.158346323    0.07162049959     0.1032054389     0.1364127655    0.01137056066    0.01263186708   0.004050388324   0.002737218132   0.002093341241   0.002627889161   0.001656698569  0.0008087312421  0.0006268199688  0.0005650943449 
    0.4077775755     0.3411565803     0.5317955042     0.2303885268     0.3796265684                1     0.9191586699      1.391505322     0.7325335927      1.288150067      1.034419942      1.125772483     0.8905261189      1.492731594     0.2844953111      0.435620752     0.4794795908     0.6397980377     0.9785727106    0.08102665867     0.0428743329      0.015179114    0.01091667983    0.01682573115    0.04749796138    0.06601754884     0.2023959379     0.5030337781     0.1958197726     0.1318067396     0.1237359211     0.3419722585     0.4234138629     0.2652403039     0.2003544913 
     1.589783632       2.51103285      1.504568569      1.282041501      1.649841242                1     0.6500224121      1.403174508     0.9749830133      1.521926901      5.199082926     0.4971911729     0.7843239932     0.6511661451     0.4372548674     0.1937427703      0.280312099     0.1622099212     0.4779038936     0.2401426713     0.1705231998     0.2975422794     0.2234861163    0.06880037921    0.08498697603     0.1487925885    0.06861585606    0.01875085878    0.03779891981    0.04171496548   0.009106928506   0.009293661351   0.009014769813   0.001302668725   0.009680906145 
     1.374751796      1.356642975      1.147340986       1.70821694      1.021483361                1      0.420625418     0.2449925568     0.1048681054     0.2195797348     0.3055619566     0.5401545195     0.6882178484      1.648556619      1.539232903     0.7912119953     0.3363080647    0.07710515869    0.04720083326    0.01800572707   0.008998610428    0.02278097007    0.01770486855     0.0522668266    0.07369104183    0.06012744319    0.01915636682    0.03200639871   0.005900632055     0.0267409304    0.01343475358    0.00631879867    0.01070374529    0.01322058192    0.00653420274 
    0.3072777628     0.5168861239      0.608336969     0.5746378954     0.9734421328                1     0.7143337012      0.744531274     0.5128329132     0.6480323558     0.4782924014     0.3424078277     0.7641129622       1.07670698      3.063877735      2.191716148      1.003945795      1.333170846     0.8534678741      1.194084184      1.219623344      3.196686202      1.131034644      1.502251864      1.559166095      1.246363681      1.028735504     0.5274492473      0.108647526    0.09267006346    0.05977005911     0.0150053254    0.01370446594   0.006829759554    0.04461922399 
     3.746232482      3.946884907      2.835778677      1.538081459      0.782334623                1       1.06913352     0.9728857036      0.641359976     0.8246528136     0.5447710098     0.1489330236     0.1389769109     0.1770664065     0.2363978668     0.1470924886    0.06057690714    0.06008181501     0.1471599171     0.1546722187     0.4605594043     0.1506732215     0.0728619219    0.03600140507    0.00866681463   0.003439376979     0.3038072712    0.03843053366     0.1046971642    0.01860062091    0.01099801415  0.0005489716323  0.0001039427597  3.826619803e-05  2.087095351e-05 
    0.7377962447     0.8660618407     0.6288216212      1.271799879       1.31815274                1       2.00529307      1.634895418      1.894817983      1.998195755      1.323904531      0.430090121     0.4004062837    0.08610320219     0.1832631294     0.2232660386     0.3616331584     0.3551236977     0.1343141114    0.03239407883     0.0567716677    0.06936094989     0.0141540088    0.01256735377   0.005092652745   0.003275243457   0.003229903018  0.0003505206517  0.0002897052193  0.0001527045989  0.0001100479108   9.54440196e-05  0.0001473389972  0.0001440024753  0.0001544142269 
     0.773729127     0.3570742107     0.3122881824     0.2865031601     0.8768943027                1      1.037738633     0.8561354097      1.795369811     0.9802499061     0.7764895605     0.4903122618     0.3039659164     0.2167629705     0.2223399562     0.1455502769     0.1277701144     0.1224479691    0.07210955686    0.07329354039    0.06707607982      0.017791516    0.01848710787    0.01212868198    0.00584350198   0.006720808898   0.005502253988   0.005272329507   0.002749019873   0.001489170254   0.001006847754    0.00176337032   0.001089988303  0.0001936793461  0.0004068561924 
       10.089708      3.682246319       4.19236049      2.188949385     0.8236616035                1     0.8237723359      0.729516644     0.7159379655     0.2879351701     0.4784014969     0.2923252669     0.1860179577     0.1359948346     0.2110679788    0.06103114171    0.04704475543    0.06324339362    0.05895803667    0.01089333845    0.02239890541   0.008371656507   0.007245551437   0.004460003393   0.003453597875   0.001055386734   0.001298194617   0.001285225009  0.0005112806039  0.0007457351841   0.000193202917  9.953370979e-05  5.859988532e-05   2.77304741e-05  4.292161908e-05 
     3.318471929      5.648065113      3.153572226      1.226086627      2.250647723                1      1.577012748     0.8301858218       1.08517016      0.768375427     0.5642731556     0.9568852781     0.5302997282     0.6266401212      0.545488735     0.3343943051     0.6244932339      0.512316878     0.4426321145     0.1882317888     0.5502516606     0.2371040133     0.1792045492     0.1031085364    0.07291501365    0.04120841715     0.1262809231     0.0811597052    0.06681158439    0.04191844323    0.04701380463    0.01474996405    0.01280470849    0.00957829134   0.008213856485 
    0.6878201847     0.5862907098      1.019794287     0.7797693152     0.6387693359                1     0.5254823613     0.5068309236     0.3740003658     0.7267311565     0.3493082983      1.104582983     0.7085749903     0.2462559852     0.2452187564      0.131018244     0.1455594112     0.1585360781     0.2680789708      1.202460032     0.8881080209     0.1855405847    0.02137457474     0.0116189605   0.004812901388    0.07979823973    0.07007564022    0.06367671539     0.6726768213     0.1760424382     0.1400618876    0.04317733416    0.03293179537    0.01611139395    0.03227456283 
    0.4862201408     0.3743898008     0.2569880167     0.7741884571      1.266656578                1     0.6225386211     0.6401825454      0.522837987     0.1875453579     0.1420359845     0.2534406783    0.04435592746      0.125690187    0.05908666529     0.0225240248     0.0385882855     0.0130951926   0.008563646621    0.01646698233   0.007457216088    0.00731769864    0.02135426145   0.004989536556   0.001149251394   0.001249241849   0.001334835077   0.003129551693   0.005208948573  0.0008979654364  0.0002314366084  0.0002058492828  9.332594186e-05  0.0002624748232  7.876935242e-05 
    0.7535155097      1.000853885     0.9323505858      1.211990962      1.455188775                1     0.5199536621     0.7867249844     0.4599726108     0.5500702954     0.5012124603      1.131044885      0.277335683     0.2776362717     0.2555126092     0.4886310694     0.1237051652     0.1099541809     0.1951966293     0.1765496164      0.146051297    0.07057836584     0.1090259271     0.1008252642    0.07229383554     0.1268974077      0.050692642    0.03737274851    0.03504825989     0.0663248849    0.02516302773    0.08542009086    0.02054555324    0.01830831088     0.0228713166 
     1.307352914      2.105759359      0.333254823     0.8438853741     0.7081446562                1     0.4861307852     0.2742077194     0.2551136309     0.1223451006    0.08714523777    0.07127476616    0.04889966977    0.03246575372    0.06052998982    0.06899726146     0.0286837043    0.05395346801    0.08620922519      0.168625352       2.43787679      2.420191085      7.140639625      2.557997959      5.285055103      1.016546853     0.6977163358     0.3448375575     0.2208737307    0.03234961109    0.01797289467    0.03059284832   0.009525229202    0.03430037827   0.004412351014 
    0.4466732809     0.6341879557     0.5712031622      1.127802051      1.740418432                1      1.170754922     0.7411965746      3.197831202      1.716905651      1.681249812      1.526968329     0.6405663796     0.1464591002     0.4461792821      0.279034985     0.2575646237     0.2153369087    0.03855258789    0.01492556944     0.0106107026    0.07083958099    0.01783378585     0.3778170302     0.0886716384     0.2890771532     0.3212538971     0.1893732499     0.5656400575      0.244365818     0.1731828152     0.4043055187    0.07041894342    0.01426070694    0.02319394304 
    0.2799328294     0.2781556218     0.6057918158      0.938342517     0.6383582266                1     0.8529479043     0.5532332209     0.5722852502      1.681731713      2.549197875      1.808056001     0.9416804758     0.4434397938      1.781951747     0.8062428445     0.4080613226      1.067918507      1.198909342     0.3667574726     0.1877100642    0.04545493116    0.01255363184    0.02104361373   0.006403713782   0.002331804839   0.006800297258   0.001110109465   0.001579566786  0.0006707359177  0.0003481526063   0.000183445039  0.0001071553282  4.316272648e-05  8.827148619e-05 
     3.610090287      2.606952595      1.974436051      2.419746084     0.7933467715                1     0.8031912441     0.4353634705     0.6430913543      1.090063096     0.4250868502      0.447839858     0.6192298597     0.6686507071     0.3813910414     0.3335915993      0.344084582    0.08039781829    0.05486061976    0.07300300456    0.03092984157    0.01807643331    0.03311899437    0.02111676632     0.0766598064     0.0204393919   0.003035899265   0.002853476745   0.001252664137   0.001747064929  0.0006527527412  0.0001515099552    9.0599825e-05  8.983003714e-05  0.0002584274057 
    0.6735454717     0.5468389258     0.3266822492     0.7287376903      0.451819791                1      0.376724877     0.2982472377     0.3575781424     0.1856712905     0.1100971557     0.1820546187     0.1776671822     0.4938286705     0.1844739594     0.3174927246     0.2600333826       2.29623346     0.7420769208      1.530528218     0.1045553963     0.1094865679    0.06760784129    0.08932931475    0.06565948654     0.4865082447     0.2093737047     0.2770602263    0.07127074463      2.786917272      1.953094255     0.4404778527     0.1344336952      0.111174759  0.0009263885087 
    0.2563706502     0.6438467324     0.5242406075     0.4739297715      1.160252039                1     0.4934225312     0.7990884326      1.059016064      2.967598329      2.076901618     0.5763082046     0.3964210235     0.4796133384     0.3496018406     0.2296793448    0.07422162853    0.03081084005    0.06690303488    0.05049831918    0.02623741675    0.03358994885   0.005332252811   0.001105385978   0.003994612238   0.004281634932   0.000716713944  0.0006476866906  0.0006666834795  0.0003917684459  9.958010068e-05  2.367146115e-05  1.533630173e-05  7.074308773e-06  3.797207805e-06 
     1.926378295      2.077287351      1.816584584      1.921716799      1.326546848                1       1.90957533      1.623003083      1.576835407      1.825883482      1.591406706       1.46177669     0.9760292789     0.8671709726     0.6151172496       3.79795844     0.6435466035     0.9433617825     0.6703181158      0.629507696     0.4142472378      1.327823311     0.3053617332    0.06412443622    0.06891013988    0.03228828205    0.07562505246   0.005196740326   0.002564036271  0.0006922291637   0.001065589421  0.0008441305004  0.0006378943724  0.0005030468255  0.0008742285229 
     1.907966992      1.995329323       1.18474461     0.9689661108      1.068188246                1      1.073738803      0.934767166       1.12086592      1.556049049      1.388042758      3.889473065      1.358200225      1.002001362      2.363662777     0.9335495828      0.144012872     0.2889736192     0.4500908442     0.0674800856     0.0270281006    0.00405122349   0.002639824073   0.004841322863   0.003558931775   0.001275339366   0.003940541491  0.0001576269216  4.922400947e-05  2.230594811e-05  1.706846766e-05  1.927069638e-05   2.53741645e-05  8.145320835e-05  9.521189833e-06 
    0.6821224245      0.477069414     0.5639889592     0.6449613525     0.8893905371                1      1.361922965     0.8529044922       2.25761071     0.7503557025     0.8487710212     0.5344795166     0.4111385493      0.361288294     0.2721620769     0.1968801935     0.2820275334     0.1714232541     0.1754506792     0.1185242204    0.09900375081     0.2224855527     0.1082736668     0.2547658925     0.4897032566     0.4599158256    0.07950641015   0.009229560612    0.02142353289    0.01340044884   0.002088556646    0.01476161681   0.003489540105    0.01830600069   0.006623623217 
    0.8781036923      1.066138625      1.027012997      1.127548339     0.6937172715                1     0.8571727559     0.7292854901      0.588351592     0.4169112442      0.228421483     0.4933107525     0.2630654787     0.5591849582     0.2141789263      0.153307204    0.03792851789    0.03525894034   0.007817933422    0.01271517532    0.01198532545   0.004854455155    0.01429094561    0.02745415664     0.1715595346    0.08499109506    0.07390181466    0.06017712861    0.04213098436    0.01979718357   0.008899109775  0.0009446736914  0.0008898169407   0.001334192788  0.0005626831905 
     1.440478902      1.368431909      3.189343725      1.983366902     0.7943647695                1      1.028874971     0.8618222574      3.220902469     0.6810408755      1.042029995     0.5674511115      2.156604183     0.4360285199     0.2054757909     0.1936165662     0.1539533996    0.07720338908    0.05539648934     0.1597970797    0.02863360151    0.01516407996    0.03594570713   0.007327589098   0.008714450286    0.02780921929    0.02114142385    0.03654639469    0.01810929137   0.009515804928   0.003516066151  0.0008727626424   0.001690339805   0.003766001873    0.02915154133 
    0.5734280668     0.2973349376     0.6149198798      1.172645638      0.554256125                1     0.4915292559     0.3880096018     0.2421812386     0.2040243681    0.07658588631    0.06555084111    0.06644524837    0.02724282267     0.1272434194    0.07460582413    0.08881817902     0.0969277896    0.02810939807    0.01019635577   0.005018343138   0.007463092697   0.004474408285   0.006781309554   0.008358233771   0.004117979194   0.002261457917   0.002109895343  0.0008354947423     0.0013071308   0.002195786534  0.0003470176597  0.0007095925472  0.0002116080623  0.0002371946858 
    0.3764050332     0.3984369843     0.6102875141      1.119875296     0.8392387246                1     0.8119870547     0.6444848137     0.2617857353     0.1666260929     0.1388556528    0.08472765931      0.105949087     0.1903776298      0.233050459     0.4974389928     0.1665117722    0.06739959215   0.006209940305    0.00303846818   0.001455001694  0.0008707640071  0.0005826463444  0.0002516608175   0.000220233598  0.0001162974989  0.0001494464738  6.025247843e-05  9.146719085e-05  7.114477261e-05  0.0001116563191  0.0001165010412  4.142018807e-05  5.227365823e-05  5.823917596e-05 
     2.338923077      1.223001114      3.491195131      1.663475549      1.037057393                1      1.010240605      2.018003664      0.967313035     0.5924329982     0.3435608686     0.3241375224      0.161673525     0.1158940647    0.07517232201    0.02008132755    0.02994376053    0.01320983342    0.02756593042    0.03155668018   0.008255317015    0.02668131613    0.01486745054    0.02129112889   0.003407529409   0.001907281427   0.002571863318   0.001534242349   0.007348805334    0.01076084256   0.005643582934  0.0008854564452   0.001156247819   0.000654198451  0.0005568619432 
    0.4799638326     0.3275885172      1.286839342      0.497378671     0.7515475059                1     0.6795714121      1.055882359     0.7284741866     0.4510852476     0.2435284259     0.4055557409     0.3791261283     0.2188758992     0.8373191652     0.1238614583      1.411786339     0.1571637751     0.5249976425     0.1331466653      0.651683326     0.3569084571     0.1111249748    0.07370951585     0.3421787603     0.1544522493    0.05497789642    0.04572337045     0.1179199389      0.008821469   0.001303116237   0.001317980265  0.0007398023028  0.0002787753141  0.0001033230001 
     4.898186191       2.37874498      1.450154796      1.919485865      1.390921682                1     0.8706140781      0.639939845     0.9061968884     0.5926325792     0.6673809456     0.3702774155     0.3068024826     0.1696535621     0.1123599689    0.09911067479     0.1716007374     0.1980349546     0.2273094705    0.03022217011     0.1471794535    0.03288207015    0.03078342278    0.01002588751    0.02799043348   0.006153509715   0.001375473039   0.001522460109  0.0003774981714  0.0004324715755  0.0004872519266   0.001118514949  0.0002430404921  0.0002275073212  0.0001387930965 
     1.170611744     0.5089915967     0.1664426852     0.3332833127      1.136362295                1     0.7507858086     0.6844450816     0.4117129454     0.7154095411     0.3560148001     0.2975075917     0.1869765923     0.1995295413     0.1602576576     0.4317754676     0.2590626735     0.3569231111     0.1718750027    0.07494330215    0.05075897031   0.008321611813   0.007811923169   0.006502000545   0.002873925987    0.01051872408   0.002839029091   0.003596446802    0.00374013806   0.002217217313  0.0008769258443  0.0003441003457  0.0006955282974   0.001350692792  0.0003222797909 
     1.796628453     0.7106088586      1.337014886      0.753568967     0.5636422246                1     0.4453840762     0.6833679881     0.3451107007     0.4053716687     0.1086255096     0.1597245917     0.1245533064    0.07650749267    0.06745888537    0.03397876131   0.008943613629   0.007027011233   0.003205072313   0.002419172224    0.00301894688   0.001180369023   0.002043873879   0.003172504915   0.002275544696   0.001527225365  0.0004709589106  0.0001428096333  0.0001639389543  6.924343189e-05  1.958010241e-05  4.744165209e-05   6.43559458e-05  2.970184947e-05  4.159129962e-05 
    0.4497113084      1.049007426     0.9342613874      0.536837146      1.512977234                1     0.4206043184      0.805090469     0.4521357636     0.6092054408        1.3879982     0.4659799254     0.3174487645      1.580491069      2.857314451      3.666821703       1.21770376      1.729689346     0.9457933705     0.2475257903     0.1172849766    0.08436405547    0.09154495033      1.045984792     0.8222006611     0.5195672842      1.538003782     0.1886015372    0.09459787897    0.05045611575    0.04516429413    0.01431708632    0.01469494115     0.0310942438    0.01457756334 
    0.3906370016     0.4696473572     0.3468027129      0.761104246     0.3931758906                1      1.120679141      1.213967081      1.775086453      3.172555255      3.609631751      1.017017993      1.105748904     0.3631054112     0.2547953843     0.3251452754     0.2388491222     0.1651199147     0.2315953857    0.09537669206     0.2991968745     0.2545724063     0.2170994735     0.1442664515      0.124267648    0.01289653056    0.02307884551   0.007189387104   0.002139154618  0.0009079491973  0.0007842573079  0.0004646100353   0.001039340479  0.0006745214383  0.0007973548838 
    0.7731043207     0.4057361208     0.5493659455     0.7255028879     0.8347520352                1     0.6545973633      1.158951083       1.16190712      2.102458755      2.548701279       9.81943235      65.97255565      5.263674993      10.13608686      1.877364409      3.578025584      3.807385467      3.088546641      3.579742948      2.728548264      1.963461871       1.54054074     0.4172218126     0.2159942264    0.05050680862    0.03424662973    0.03907238408    0.01664190446    0.01232543841    0.01675089978    0.03951265603    0.01608315244    0.01122485203    0.05159742813 
     2.564319875      5.310321442       5.55069314       4.21325953      4.659008119                1     0.5556878516     0.4621977131     0.2044983802     0.2218279414     0.1616989703     0.0551453213    0.05485192542    0.06941558726    0.05451405391     0.0436709878    0.04352461418    0.02435063536    0.08093144274    0.03442872669    0.03483747731    0.01609609255    0.04300958304    0.03580336109    0.02191944182    0.01492725479   0.008556255297   0.004779042617   0.004545364648   0.001059393983  0.0008126898551  0.0006163684923  0.0002170881692  0.0002815701807  2.699181463e-05 
     1.073484785      2.468970463      3.811057902      2.347937323      1.156842717                1      1.228829687      1.241016707     0.8266053978      0.223404587     0.4709533883     0.3439850396      1.030027753      1.009167253     0.3546425672       1.06933047      1.241878399     0.4262222849     0.3104825521     0.2061599137     0.1085518976     0.6724771242     0.1511077862     0.0229348625     0.0292513689    0.01220001777    0.04371276207    0.05317676375    0.00503077073    0.01001296372    0.01445863202   0.001595229339   0.001991970051   0.006385996068   0.007214244828 
     1.576678373      2.347259712      1.415695167      1.962680233      1.225168832                1      1.760132641     0.9388321763     0.6567698074     0.3864551621     0.3400885242     0.2529737941     0.2446431087     0.4762965482     0.7157328144     0.1151668915     0.2402903283    0.09008107724    0.07250286946    0.05410925787    0.03495625352    0.03099566448    0.03127506543    0.01392536486    0.01729843883   0.003009843377   0.008314224409   0.005872711808   0.004842868979   0.003430055068    0.00329647686   0.002214755989   0.002208337866    0.00123190619   0.002889550512 
     1.332210989     0.6427602481     0.9996828788     0.7731812823     0.8250549609                1     0.9423333203     0.7717017118      1.364730319      1.696933517      1.151173861     0.9084366511      3.123561859       3.39720954      2.009533987     0.3336753184     0.9665742388     0.2733007488     0.1454198372     0.2205901517     0.1175006627    0.02192861833    0.03056387561    0.01311544779   0.006364413609   0.008191836858    0.00200339588   0.006473410398   0.002419935783   0.002754986669   0.001550530005  0.0009145558632   0.003029983757   0.002282146173   0.009061499213 
     1.012138724     0.8509841245     0.7575648864      1.248308688      1.346815658                1       1.54849575     0.7293887512      1.205502722     0.7164094673     0.3596034178     0.3555757589     0.1723821407     0.4494147085     0.2015566037     0.6607988479     0.1709265798     0.4488641332    0.03717814763     0.5910179739    0.07097706237     0.1301089823   0.004783104298   0.005243532746   0.007678964377    0.00132197269   0.007118548412   0.001172354665  0.0001118211419  8.038005496e-05  4.288648219e-05  3.194072271e-05  3.087249732e-05  3.705907158e-05  2.772303669e-05 
      0.48248967      1.298491072     0.8551648473     0.9789283618     0.5812983613                1      1.189562687     0.9307760842      0.495752425     0.2511959825     0.3130200801      0.125939708    0.09707176909     0.1240949072     0.1504030075    0.05629479214     0.1462763343    0.07316151679     0.1581933151   0.007145480867   0.004583696525    0.01695085783    0.02112063605   0.009518521586   0.007457951175    0.02565648446    0.03790591284    0.01505828128    0.02209993165    0.04195429299    0.01996685879    0.01042811629   0.003642456064   0.002698996738  0.0001437388338 
    0.5344271225     0.6609885648     0.7092081807      1.148844986      1.321706811                1      1.301189189     0.6088042961     0.5156438704     0.4173300804     0.4764222773     0.4069336209     0.1969107569     0.1056876954      0.227260618    0.06428360276     0.1608271914     0.6139424185     0.4985580488      0.286115722     0.6774808961      2.000448079     0.4434649941    0.09488558482    0.05298034677    0.02041147992    0.01193730719   0.007619883744   0.002479746511   0.001647391402  0.0008221701593  0.0002635195201  0.0001133118414  0.0001712109911   0.000127217205 
    0.2373048553     0.3995620476      0.373736822     0.9221133865     0.9773169863                1     0.5996958516     0.8791627112     0.3769200594     0.3576108201     0.2283856971    0.09819842967     0.1120201716      0.123403926     0.1333921528    0.06042765883    0.01950139619    0.01066085945    0.01440439866    0.03140105672    0.05977107646    0.01276129668    0.02216021077    0.01809976904     0.0793423423    0.01718953939    0.02651973393    0.07174517562    0.01704835009     0.0038412149   0.001524207586   0.003132089277   0.004024216623    0.00491843946   0.005860415816 
     1.223531466      1.247817982      1.726851085      1.171629878      1.113804176                1      0.965187291      1.402783683      2.535101569        2.6093378      2.449598197      1.224601322     0.4853096766     0.6370127462      1.862863785     0.5107053948     0.1062458882    0.04012036241    0.09349606662     0.2457426802    0.02759436646    0.03422204102     0.1259410289    0.05697205403    0.03460905285    0.03019504675    0.02688215681     0.0281114503    0.06866473773     0.0236886023    0.00184578268    0.02475714952    0.01839562687   0.009440814258  0.0008306314578 
    0.6194020386     0.6075397208     0.8070089638      1.093646866     0.8907821152                1      1.472724563     0.9647799858       1.03047719      1.699816854     0.7283891629      1.158050441      1.690648713     0.5608067849     0.5269630083     0.2731631038     0.4101847824     0.2225557566     0.2945691017     0.3036284082     0.1753586462     0.2059944669     0.2603099474      0.064887632    0.07756932474    0.06385658107    0.02661922363    0.03717929257   0.008696016335    0.01259806435   0.009049084063    0.00614660793   0.002725262567   0.006797529367   0.005026092046 
    0.3782610868     0.3580512958     0.5484079535     0.7213816884      1.418116154                1     0.7866519629      1.126682115     0.9997495594      0.717542572     0.6784442661     0.3256089813     0.3296430363     0.1647200797     0.3719021329     0.1212736983     0.0579251024    0.01965383521    0.01621286705    0.01923159985    0.04953263997    0.01849318862    0.02580051417    0.02293968289     0.0238196287   0.004510614078   0.001892378962   0.002217811667   0.001614802314   0.001157759942  0.0009914248615   0.001140507343   0.001703069046  0.0003861948441  0.0001802180968 
    0.2870001097     0.5438657006     0.3407409191     0.8275216812       1.13600666                1      1.026153729     0.6576666793        1.5482371     0.6065105617      2.042952024      7.114820798      4.050955025     0.4350647773      0.233161039     0.1302259861    0.04024247173    0.03756520041    0.01377008479    0.01225039451   0.008053023659   0.005667545884   0.002943756282   0.004097068139   0.001612427095   0.001563961589  0.0005384810478  0.0004300608886  0.0001744005264  0.0001504671318  6.436206779e-05  2.580490122e-05  5.994795262e-05  3.020526158e-05  2.540528633e-05 
     2.079633293      1.779106677      1.447238878      1.519865522      1.123046312                1      0.482334623     0.8183327114     0.4504028842     0.2193046279     0.2335793255     0.1476360867    0.07245583281    0.03158821451    0.03523620367    0.01563289776     0.0152509645    0.02050168679    0.03196758331    0.00821492476    0.01027283877   0.006938378433   0.002467678899   0.001341601052   0.004288851822   0.004193565954   0.003857057242  0.0007752219882   0.001199200592  0.0002105185658  0.0006242850983   7.30608364e-05  2.379261177e-05  3.783170833e-05  6.866581397e-05 
     1.472249422      2.993352757      2.533219148      3.755051578      2.427015947                1     0.9435448418     0.9995379293      1.149955707      1.090155952      2.827129732     0.4349257697     0.2467366249     0.1722656555      0.102737734     0.0204331349    0.01478168242    0.01080178306   0.007098024765   0.007885156269   0.007431501207     0.0141164018    0.01786931016    0.02060120643    0.01912461595    0.01005018498   0.009331154236   0.009201441339   0.009842984223   0.004527161652   0.007541736373   0.007949187257    0.00852658729   0.006347628911   0.003154833186 
