17
147
181
129
126
110
128
118
20
173
172
27
193
172
183
199
36
183
52
39
58
32
163
134
85
122
127
172
154
9
84
71
139
34
20
77
41
32
17
123
163
149
118
215
177
154
110
14
31
101
76
176
64
125
38
5
210
25
135
66
176
87
166
114
27
163
27
129
153
139
123
59
203
203
156
31
2
31
33
36
207
140
190
78
176
103
38
74
87
2
151
195
76
144
66
207
150
147
19
110
113
182
31
215
115
7
16
33
162
128
22
20
15
61
47
25
119
158
30
55
115
136
61
30
89
118
175
87
155
47
158
159
144
167
125
26
111
50
101
168
31
177
56
59
75
35
174
72
115
34
130
70
110
104
162
50
155
135
10
144
53
192
10
104
167
103
91
24
30
81
194
27
80
141
51
102
131
0
177
45
63
61
129
131
133
72
15
128
40
15
11
91
147
153
40
195
13
24
100
153
35
179
22
199
162
59
162
133
62
167
105
70
150
4
170
43
83
72
134
87
15
189
32
111
203
62
75
177
113
199
164
65
194
70
106
178
184
197
199
199
33
210
52
36
187
133
82
111
164
106
150
102
133
80
152
79
16
79
57
105
79
152
172
111
171
111
190
61
120
7
60
116
160
63
204
80
103
60
171
7
154
163
147
89
185
184
36
192
114
9
67
208
133
125
28
99
191
16
141
61
153
149
67
84
155
131
173
103
114
12
150
104
25
117
211
134
1
191
21
7
215
149
89
102
112
36
35
37
191
95
71
108
11
95
114
37
97
184
191
144
4
123
140
33
50
160
208
170
88
163
132
106
43
46
132
15
57
125
112
66
56
49
143
113
43
208
203
15
56
183
137
184
43
38
181
170
189
111
112
92
162
91
25
206
176
27
140
41
92
168
189
141
51
146
26
134
52
171
147
102
92
11
76
105
30
212
18
115
166
189
67
71
53
109
109
211
10
44
127
86
107
144
97
167
29
24
66
16
47
113
169
198
18
196
81
27
138
169
119
99
195
126
211
185
77
36
109
196
46
157
124
6
102
149
46
139
135
96
86
118
97
23
174
21
98
16
134
29
171
97
170
171
196
110
20
144
90
122
187
83
207
3
164
197
126
120
144
45
82
44
23
119
20
79
19
93
29
158
51
118
171
206
15
69
194
6
14
16
179
123
47
104
113
16
89
62
12
89
197
211
215
49
144
178
131
172
36
41
79
29
1
144
5
118
5
70
149
69
19
148
118
201
82
19
213
186
109
199
16
35
146
122
138
41
2
147
210
149
128
29
54
67
25
79
11
190
92
184
94
215
188
212
96
43
192
167
101
101
55
206
6
175
31
178
207
133
137
192
145
158
111
172
137
44
110
4
187
143
156
191
112
94
181
74
44
48
212
140
60
164
11
172
166
31
198
23
41
142
64
206
152
190
87
99
36
212
86
37
212
115
37
84
116
116
203
200
90
81
11
197
89
166
67
57
68
206
83
146
178
82
167
146
159
173
129
187
47
90
116
18
18
28
11
148
21
71
175
211
114
176
74
187
71
194
20
119
83
135
103
126
125
173
70
87
143
110
213
144
196
139
20
83
55
67
197
62
37
18
85
21
90
84
151
115
2
127
16
12
24
4
122
124
187
25
44
18
133
212
151
47
47
94
135
163
12
127
183
113
185
62
89
49
212
55
77
188
1
122
136
141
31
19
96
144
188
88
73
73
1
115
48
92
198
136
182
161
107
0
107
204
46
93
33
136
91
69
24
21
130
94
21
207
27
96
164
80
33
161
5
213
164
33
102
199
74
11
164
55
191
98
31
128
82
12
98
189
205
198
138
113
74
89
119
168
79
63
147
96
46
176
55
31
168
74
162
165
90
162
77
66
2
211
140
20
104
67
97
133
190
130
12
6
96
97
8
12
24
20
174
70
70
35
153
68
20
124
146
164
150
147
120
202
51
116
86
15
202
202
52
27
177
116
135
80
156
69
68
87
81
49
93
51
29
200
49
52
78
44
82
98
12
110
187
9
173
111
85
137
14
211
39
173
183
185
102
210
171
136
8
203
52
22
129
18
43
109
33
150
103
100
17
87
153
4
190
55
127
169
132
148
213
170
99
209
171
139
17
160
201
170
75
77
207
76
43
209
54
193
71
45
18
9
189
160
76
65
18
33
134
125
11
192
6
179
82
59
126
189
215
141
179
213
27
87
129
127
45
65
32
133
107
76
106
19
173
135
159
215
142
85
210
101
82
188
142
80
10
140
205
47
54
173
193
192
200
46
77
42
57
188
170
161
27
158
11
200
118
178
17
202
84
63
171
63
125
73
115
104
64
47
159
51
39
24
95
191
140
75
88
9
200
150
11
8
19
98
171
68
204
186
215
126
170
147
68
25
205
83
115
194
126
11
210
0
9
64
29
19
52
162
199
102
103
26
60
175
211
106
169
167
51
191
136
213
187
32
36
108
162
146
143
188
32
106
181
148
60
164
111
105
58
47
130
153
61
194
120
75
188
72
147
162
66
126
121
162
117
159
167
65
45
146
72
88
58
19
58
195
37
99
71
215
51
136
39
122
122
190
74
144
188
76
99
149
70
165
129
144
49
72
81
0
0
166
60
195
45
53
81
98
38
214
164
34
212
111
198
75
174
4
150
153
79
85
29
21
60
80
146
106
85
100
63
190
32
21
9
190
123
138
155
79
167
143
159
162
149
98
32
85
29
187
91
57
214
153
185
191
65
147
147
161
101
126
18
212
84
147
10
119
81
118
102
140
149
65
24
214
214
107
94
7
107
108
36
215
99
140
116
35
94
51
86
180
190
7
84
181
88
199
132
182
180
32
125
108
95
125
150
37
167
135
32
95
46
69
28
186
121
105
146
213
17
189
172
141
70
75
2
38
105
2
172
187
198
108
214
204
191
154
166
41
10
205
60
159
4
83
99
174
26
134
154
205
171
59
61
146
77
98
180
161
197
142
204
180
154
174
81
72
102
109
180
93
138
135
215
41
201
181
46
100
41
72
18
35
30
5
162
67
132
44
71
149
163
62
60
201
60
99
24
161
143
164
34
18
131
4
44
186
42
70
92
114
27
201
205
76
35
209
23
214
186
215
46
56
155
58
50
39
22
58
159
71
98
22
37
15
128
167
55
153
205
146
120
124
79
133
147
74
2
46
28
131
24
82
196
34
142
63
205
198
15
35
183
47
91
114
70
57
132
207
36
138
168
156
127
53
113
8
92
158
159
203
147
127
178
124
132
73
137
69
13
150
90
141
164
37
112
53
198
13
67
203
175
114
126
8
208
5
58
98
208
3
70
17
171
171
105
163
182
31
92
96
138
201
184
19
96
4
114
46
8
142
117
124
207
81
44
202
200
81
106
99
187
1
97
98
173
168
191
24
137
178
184
11
202
208
168
130
88
70
8
58
207
40
82
12
59
130
193
33
112
174
76
199
166
111
193
27
41
120
22
206
49
142
96
198
130
107
134
163
169
17
49
170
63
105
126
141
44
89
38
31
165
58
29
12
143
116
153
39
128
204
62
64
109
163
209
100
47
178
112
204
154
109
133
75
147
76
131
77
109
88
52
11
87
32
47
1
120
17
71
171
94
177
188
43
132
19
60
112
36
177
94
29
126
84
149
9
196
1
180
161
7
24
15
107
185
46
27
137
15
75
131
137
157
88
45
8
79
128
5
175
1
189
175
116
83
53
47
18
78
181
82
42
58
108
210
100
54
111
181
133
87
86
9
63
113
150
80
2
13
104
27
214
157
149
41
76
9
164
129
123
69
126
101
17
198
20
62
38
158
170
162
121
11
24
181
83
164
53
133
58
68
85
156
187
190
110
7
88
131
59
164
150
23
156
88
154
185
86
12
16
156
85
61
154
168
2
91
92
69
11
138
193
156
0
133
34
150
56
178
129
125
41
193
100
103
38
115
55
27
120
20
211
15
165
168
89
200
201
78
39
49
190
199
110
173
146
129
61
96
179
198
207
60
78
78
167
14
52
15
39
110
194
42
207
108
200
62
154
215
62
14
9
206
157
204
199
88
213
206
107
58
162
39
160
176
136
70
95
36
137
145
15
141
162
170
19
111
109
69
213
29
107
66
183
7
185
116
54
127
32
176
155
104
181
98
31
49
152
77
45
66
137
67
134
160
147
165
100
60
69
206
84
184
199
60
179
151
69
157
69
153
162
53
72
193
202
65
121
108
66
171
39
202
184
176
65
201
88
104
94
181
183
189
105
177
156
53
206
31
94
198
93
157
17
106
134
104
122
205
17
50
165
32
85
77
97
8
52
15
29
208
174
77
9
139
93
68
2
127
61
151
82
33
125
198
162
63
82
189
138
19
1
110
13
145
179
11
13
46
30
208
197
162
174
0
43
60
162
198
20
70
46
13
3
72
199
72
105
44
121
142
135
75
47
10
197
92
165
160
76
33
57
127
133
30
41
131
191
15
94
207
122
191
5
92
28
207
66
15
133
98
130
140
189
196
203
102
22
57
5
168
182
53
189
120
106
197
10
185
195
138
140
139
155
152
58
8
165
63
98
113
141
91
117
106
76
157
12
178
57
100
9
93
181
22
21
123
89
63
133
143
116
135
165
128
47
179
120
91
178
167
147
60
12
26
61
135
110
137
17
167
86
62
21
157
25
101
68
110
18
167
113
184
25
46
139
146
135
86
116
96
80
208
139
28
17
122
66
173
156
0
16
87
3
156
115
146
2
205
156
195
129
75
8
81
97
21
194
195
148
83
77
170
125
140
178
80
89
139
109
197
129
190
116
38
125
203
176
129
128
118
91
132
27
194
91
201
4
178
9
58
44
212
102
121
166
108
59
1
5
115
121
155
146
101
58
11
38
141
82
149
126
146
110
67
152
53
195
119
177
173
9
117
82
176
193
174
19
13
9
117
21
74
84
136
73
89
38
180
8
62
85
33
65
9
168
84
179
36
9
139
168
78
91
205
1
183
82
85
141
201
84
101
33
149
46
63
54
31
85
36
36
180
199
170
15
156
182
192
175
33
24
151
176
147
59
100
155
44
15
133
183
0
169
149
135
15
48
41
168
3
35
26
75
157
48
38
10
198
67
37
143
132
182
115
107
75
101
35
43
135
59
170
98
43
84
36
20
183
173
188
125
71
102
77
149
41
132
110
168
155
55
89
47
35
212
110
39
71
43
79
90
77
50
141
77
65
162
67
8
39
201
150
92
210
90
69
3
9
86
189
200
74
97
193
0
107
32
88
41
31
70
201
176
122
86
35
182
64
78
23
5
105
70
43
5
99
162
30
167
116
110
131
215
73
43
154
26
150
202
150
127
179
156
36
62
54
128
203
73
179
30
127
81
122
147
157
55
57
210
140
79
165
111
188
210
150
62
186
154
57
113
114
157
62
79
113
85
6
162
201
198
70
143
104
40
9
171
79
73
104
191
210
38
155
136
150
66
79
129
79
6
18
206
127
165
203
55
142
107
175
78
141
38
78
24
57
142
38
55
108
15
129
169
108
21
127
56
64
105
84
150
79
149
110
157
82
51
37
167
128
35
8
188
35
198
37
111
143
168
37
189
54
188
84
92
73
187
31
141
0
168
80
193
194
101
198
46
107
92
162
186
176
104
32
67
32
102
48
133
14
137
213
131
104
19
145
196
1
41
10
18
53
42
125
5
3
194
126
58
48
172
111
67
215
154
74
129
173
196
150
11
126
164
67
114
79
102
126
139
118
74
99
157
44
193
197
156
39
175
37
189
74
100
35
150
173
196
23
81
154
95
156
55
150
85
214
127
98
51
215
102
44
150
97
44
44
121
82
3
43
205
34
153
181
79
183
1
149
109
121
183
4
30
162
203
149
143
77
145
117
104
9
16
188
127
159
43
75
53
28
6
188
55
182
18
2
138
59
61
5
148
40
82
61
57
53
148
74
101
204
81
16
80
101
103
148
47
21
152
93
19
145
54
145
197
95
63
173
59
92
6
194
27
174
0
49
124
81
85
148
182
154
81
111
115
153
188
182
156
203
49
81
28
139
188
173
150
66
138
74
18
48
30
172
67
141
13
18
177
110
47
65
172
209
28
201
180
72
83
41
110
9
162
97
149
130
93
95
164
148
120
82
104
62
5
2
49
29
180
148
79
140
95
13
20
108
30
99
67
67
188
45
92
215
73
154
83
83
30
63
72
83
189
86
161
211
78
144
89
215
99
52
183
145
204
82
183
83
204
25
186
47
212
101
1
167
154
22
140
175
149
85
193
63
5
135
210
124
61
25
20
107
168
19
151
69
11
148
156
91
205
103
180
39
52
20
13
69
20
162
140
70
62
92
85
174
24
2
112
85
120
117
52
99
176
118
84
166
112
2
110
111
43
75
15
215
5
49
130
191
44
151
89
49
49
88
9
102
132
159
138
78
77
172
181
78
28
142
85
12
144
4
187
87
88
89
213
48
172
30
42
170
75
140
96
59
87
182
199
124
79
157
14
117
154
35
164
113
196
107
92
196
63
180
146
160
89
118
35
89
22
191
50
186
182
176
190
17
205
185
47
194
118
97
102
33
177
86
76
132
20
212
191
84
191
182
162
48
6
172
64
155
153
97
209
30
110
102
17
126
182
88
155
141
190
160
6
123
178
46
138
160
90
105
159
99
138
111
114
176
20
204
138
5
82
90
120
7
1
198
98
66
114
115
185
74
91
149
84
190
104
79
22
29
74
207
135
22
167
168
117
146
60
117
151
149
14
167
99
35
25
60
39
28
33
172
11
35
192
112
138
112
145
49
170
64
69
121
97
65
105
64
185
31
22
161
137
145
30
11
79
125
12
136
141
141
55
117
99
76
97
156
35
38
200
15
98
138
45
7
215
57
96
109
7
109
53
93
16
100
100
139
99
140
189
131
158
130
153
140
20
146
97
9
12
35
151
62
173
181
115
77
48
201
28
19
157
153
83
102
53
122
189
47
141
179
135
88
53
192
38
167
60
60
106
158
88
149
159
45
36
100
94
184
134
1
173
83
161
151
167
132
43
132
74
84
20
209
189
79
60
134
3
76
179
141
156
95
198
209
173
169
102
179
17
205
192
149
198
208
57
156
214
39
61
62
58
50
87
183
10
98
33
140
85
154
29
129
159
183
67
24
61
45
130
40
130
89
214
32
61
149
18
21
161
65
167
214
205
13
49
109
113
178
167
84
148
73
80
101
109
140
211
19
33
107
60
154
94
98
87
182
188
202
56
134
101
173
213
210
44
128
12
160
6
45
188
45
155
47
144
86
109
119
100
84
170
128
34
153
111
75
86
162
153
67
210
78
140
15
51
129
15
27
154
84
99
49
118
34
67
178
186
161
213
120
11
113
35
126
25
179
90
55
91
52
26
112
167
11
15
144
56
110
11
71
47
180
72
143
184
178
98
123
112
127
79
74
154
189
163
140
44
6
9
213
149
179
34
140
11
39
146
14
155
83
34
45
122
47
132
18
72
198
168
84
95
211
180
47
146
68
36
93
8
92
68
68
179
161
180
77
123
19
130
47
150
78
84
5
23
110
191
203
35
55
13
4
135
145
50
16
109
129
112
117
71
116
3
124
54
111
180
144
203
132
61
201
123
60
193
11
72
103
204
131
31
19
109
83
36
171
26
31
19
36
1
183
72
133
170
178
58
79
202
38
128
99
47
71
35
63
134
75
44
159
211
141
36
149
166
99
89
113
141
92
107
41
149
104
43
38
194
91
61
145
136
209
130
211
210
104
10
198
107
2
89
51
179
198
78
45
66
180
48
144
209
134
144
157
147
51
177
70
139
60
60
96
130
142
29
51
39
143
114
84
134
61
117
84
181
211
43
11
126
154
169
55
139
26
168
170
47
195
22
28
8
133
134
29
72
178
178
5
157
63
48
104
162
96
62
29
207
143
58
126
56
96
53
154
122
168
117
43
91
139
74
122
117
70
163
91
2
38
215
110
181
114
199
35
20
207
163
58
181
41
50
64
20
134
194
159
103
57
13
7
70
111
69
111
49
157
91
39
90
10
190
132
126
156
129
191
154
103
108
46
107
91
46
207
179
49
154
212
90
96
33
199
70
215
183
154
8
147
198
124
31
50
106
107
189
177
62
2
145
198
66
124
93
103
148
57
134
162
159
21
51
177
49
192
100
129
212
54
83
101
156
149
16
112
50
170
139
9
94
167
8
106
64
101
7
96
80
180
76
156
200
145
145
112
178
108
181
8
76
150
54
69
156
104
79
172
40
154
142
166
79
92
142
112
140
11
23
187
111
92
7
99
18
2
158
117
64
172
189
35
52
163
105
21
211
106
93
24
35
25
181
107
93
52
111
106
185
113
112
2
51
75
76
100
204
140
146
72
86
73
153
12
111
42
138
213
104
128
175
6
81
139
131
149
194
84
179
204
81
142
82
172
44
1
194
9
172
84
174
111
195
195
115
11
40
179
158
199
34
147
44
155
151
92
41
138
1
27
178
44
153
80
71
143
197
144
159
69
47
197
109
143
161
41
14
121
70
149
71
182
1
71
157
50
124
167
22
149
32
109
128
144
138
51
192
161
139
151
98
157
197
102
140
69
127
179
146
92
86
34
45
179
31
190
192
149
149
80
57
87
71
183
0
43
166
91
159
46
48
106
191
163
104
61
3
80
198
149
160
104
180
188
110
90
14
70
31
24
41
43
192
153
61
13
207
91
14
43
40
19
106
198
106
118
120
147
207
190
174
143
17
24
110
60
24
87
166
211
168
212
43
203
125
142
169
92
30
161
108
163
215
156
135
107
215
113
141
98
161
61
25
34
144
24
44
92
59
145
214
113
181
54
86
119
34
213
3
30
215
24
172
106
140
43
25
135
134
91
89
72
58
21
211
35
175
131
161
69
34
25
52
60
210
190
167
159
60
82
157
32
147
104
1
41
126
145
186
159
50
178
51
158
101
211
214
183
123
64
22
214
69
34
141
176
174
51
204
212
171
47
0
12
196
132
99
183
128
54
9
14
73
173
140
36
155
168
133
203
134
210
111
203
112
33
213
145
72
59
155
135
44
212
108
39
188
54
84
73
188
124
84
181
38
199
111
126
113
179
40
142
53
208
199
170
192
26
19
182
27
173
36
12
135
97
164
4
144
179
45
170
38
215
37
52
125
98
44
17
4
138
29
48
5
212
9
27
24
29
32
83
33
119
61
33
115
78
1
131
5
56
138
83
31
83
77
106
45
157
135
139
149
90
206
124
131
173
27
119
92
93
144
1
75
214
115
187
154
54
110
85
100
166
111
132
214
180
54
13
106
50
148
142
113
142
213
191
20
185
122
49
16
50
20
82
60
10
62
203
14
184
164
100
210
7
85
127
190
164
122
32
140
20
16
38
92
113
94
85
108
166
28
40
34
92
133
48
191
32
210
43
10
32
7
28
195
43
164
121
67
129
206
147
90
165
183
144
48
210
49
175
133
66
37
138
79
64
136
213
67
164
4
199
191
4
35
45
130
142
51
133
68
83
61
189
144
85
199
142
69
77
103
122
66
5
48
92
205
212
81
45
175
87
90
121
142
27
190
76
170
140
212
176
5
175
67
91
207
61
149
108
24
127
164
8
43
71
83
146
66
189
92
101
191
177
114
134
53
66
126
101
120
27
45
206
32
11
189
12
47
36
110
76
157
94
99
9
13
70
142
152
211
211
109
99
65
213
156
21
215
66
136
79
9
200
170
183
205
109
93
67
149
205
173
77
11
212
214
87
99
137
210
173
183
99
45
38
137
43
9
82
82
19
112
47
44
114
45
19
139
25
38
75
211
205
33
61
142
3
126
197
181
170
72
155
61
24
213
148
138
123
96
213
158
201
66
87
116
38
156
134
171
181
25
139
95
181
171
38
85
147
206
199
189
176
53
48
55
8
36
127
177
97
84
149
5
100
105
33
11
189
200
26
199
213
84
11
114
1
122
114
21
60
119
203
127
143
175
159
41
22
196
207
56
11
72
157
215
18
203
26
147
91
15
12
57
182
107
80
152
81
166
7
119
115
7
213
119
202
64
75
24
123
11
124
95
107
134
127
137
140
96
43
207
0
196
20
113
50
119
53
144
79
81
65
79
159
10
39
15
154
140
98
86
29
116
94
0
81
208
81
195
22
172
26
93
72
145
45
209
188
30
55
0
103
121
123
81
159
196
92
196
37
87
144
115
73
26
20
87
82
135
116
199
183
20
195
195
168
127
36
92
66
2
23
70
157
210
2
190
27
63
28
81
88
133
138
193
146
144
210
21
54
37
203
55
210
38
68
17
215
129
40
36
186
80
89
127
0
51
204
210
157
5
167
32
87
80
47
126
152
169
40
94
134
194
133
43
148
138
62
53
14
49
203
113
57
129
147
14
197
95
120
189
56
9
197
100
17
33
95
135
134
131
113
103
156
147
140
96
85
157
39
211
16
187
155
126
83
82
57
104
59
69
17
150
204
40
20
155
22
181
18
6
88
196
115
54
106
133
142
211
87
26
6
197
98
214
15
51
5
109
204
166
105
22
29
64
133
112
27
57
128
14
55
148
30
193
196
214
95
89
202
78
174
119
56
127
188
130
32
182
45
114
150
67
59
103
89
29
142
13
174
166
10
24
42
119
12
1
103
78
13
134
35
1
38
55
78
67
7
188
45
150
13
205
40
196
78
98
48
83
3
205
150
181
34
205
3
34
139
113
17
178
72
146
165
159
143
177
78
204
8
65
71
172
144
158
159
15
109
71
47
165
197
193
214
116
22
178
134
212
212
48
40
134
146
32
8
189
16
110
91
5
14
127
198
82
206
150
47
206
71
24
132
90
122
101
78
22
165
17
208
35
46
172
163
56
32
158
171
133
44
32
129
191
196
141
185
112
38
19
203
12
129
56
50
202
193
73
214
18
45
162
154
132
114
33
193
144
130
157
103
35
37
8
122
32
4
161
35
172
193
202
178
152
79
101
5
104
19
12
34
206
84
193
154
101
104
30
96
18
145
2
49
24
50
120
196
132
107
8
206
209
98
180
110
50
2
14
194
186
194
27
50
76
51
180
120
24
40
168
51
160
62
214
71
86
12
48
107
169
178
85
179
143
179
195
59
193
82
50
35
207
85
175
154
59
107
71
21
35
94
161
75
160
35
40
105
40
12
177
186
168
98
174
206
20
194
129
44
57
204
114
76
128
195
69
132
168
136
11
110
173
50
71
96
144
25
156
73
23
143
114
102
165
79
103
144
162
24
204
9
180
164
104
104
71
105
156
136
97
51
51
172
95
130
39
110
53
182
173
117
142
84
192
166
11
142
208
16
93
152
131
32
112
11
50
40
77
85
27
151
83
50
150
119
92
34
14
50
9
9
198
43
120
41
37
110
195
131
131
127
140
101
175
29
27
79
204
22
152
56
98
171
20
86
81
14
87
154
101
159
30
160
79
24
129
68
131
98
152
164
1
206
197
110
69
88
92
24
120
15
87
16
73
122
120
166
206
19
27
74
108
74
15
129
48
48
152
192
207
166
150
90
155
191
27
113
118
52
95
142
5
55
14
122
153
26
108
140
49
132
204
131
192
87
118
143
79
213
126
162
209
209
175
92
162
133
16
81
65
93
192
127
54
6
196
7
48
192
204
4
45
101
48
148
154
3
133
88
175
155
207
144
197
107
54
188
122
100
5
118
119
136
21
99
3
36
111
10
90
144
163
34
132
131
66
52
5
212
99
25
165
67
30
154
123
132
132
99
18
153
113
66
18
140
137
74
123
71
156
149
150
157
186
132
86
145
119
91
177
108
117
153
197
108
29
28
158
14
4
180
159
9
204
143
126
50
4
158
40
59
106
204
129
64
104
29
21
5
212
36
16
59
46
65
120
123
143
44
44
115
64
149
36
91
4
9
104
105
10
182
135
155
34
149
64
144
132
100
153
6
146
139
179
197
65
50
153
64
49
46
147
158
92
165
197
2
101
72
88
106
58
140
91
107
187
99
99
98
88
8
70
84
37
122
50
196
100
101
175
123
109
111
174
193
204
92
73
26
140
135
196
114
94
214
20
175
174
161
119
18
143
4
101
42
205
143
132
71
159
55
1
1
106
93
69
1
157
126
199
177
148
105
132
148
143
160
25
129
175
178
78
108
46
120
94
176
126
165
3
144
52
12
108
14
37
215
31
52
87
103
3
37
140
148
55
129
3
126
65
178
197
141
141
200
35
208
131
55
128
64
13
35
165
13
141
152
49
93
49
75
171
126
45
125
97
80
60
47
127
199
63
90
43
32
128
76
149
47
198
164
0
84
176
75
70
174
140
92
0
152
134
43
85
20
98
108
78
61
51
200
20
175
179
179
145
18
115
201
191
8
50
14
103
145
208
111
59
29
12
207
171
171
189
125
147
211
200
0
138
155
43
45
54
192
120
159
122
15
78
17
193
151
13
132
50
176
21
135
140
51
24
0
21
19
55
178
201
173
177
119
197
171
38
206
91
140
138
203
143
97
158
135
125
77
58
108
151
56
132
105
176
141
209
30
34
53
55
118
205
146
1
79
202
111
21
80
153
1
108
39
15
52
61
71
153
43
58
170
148
38
17
2
22
159
120
127
91
171
60
92
78
96
17
195
203
120
156
12
59
83
61
110
141
126
155
138
26
194
78
55
59
5
118
71
176
15
171
60
28
120
90
203
154
212
50
33
35
69
50
1
187
185
193
90
95
7
125
24
30
53
33
47
215
162
162
3
42
134
101
8
159
16
159
111
6
173
29
142
145
70
115
29
1
48
145
8
144
96
164
50
29
71
13
132
176
48
25
135
154
149
119
111
138
111
95
180
6
14
46
22
170
84
213
22
165
48
81
48
30
176
18
210
171
102
5
78
171
48
55
128
95
79
74
135
156
20
168
116
15
176
45
212
86
141
196
44
86
81
86
192
193
156
94
64
38
178
26
151
47
94
156
11
168
186
85
117
65
75
36
211
26
141
168
93
211
169
87
188
44
105
196
182
168
101
24
125
184
132
169
104
101
117
16
176
78
29
205
6
158
85
10
125
187
33
182
82
103
187
109
112
183
167
164
92
79
143
49
132
140
134
203
135
6
83
70
56
42
206
164
151
134
164
40
21
103
210
137
134
48
35
94
47
176
215
49
67
32
183
70
134
67
197
109
21
3
21
67
47
173
16
114
200
124
2
23
7
210
48
110
197
58
103
135
106
85
162
83
134
67
114
129
212
92
128
194
158
86
184
67
157
67
97
96
85
73
206
127
74
124
72
126
57
86
151
123
204
112
102
196
119
8
30
195
8
179
151
198
83
96
159
121
184
47
170
29
49
6
203
3
52
75
162
133
49
89
136
42
148
39
174
149
8
54
88
112
89
184
155
148
198
154
52
84
99
88
174
123
24
107
151
42
62
139
8
24
59
24
75
62
204
62
5
105
160
204
67
169
123
129
61
121
63
172
126
167
112
43
6
124
212
165
156
191
63
33
172
174
141
104
170
209
27
34
16
113
182
79
8
199
69
33
65
107
0
111
176
49
29
100
68
204
175
13
110
215
43
171
148
79
75
44
176
99
172
119
213
59
106
139
175
0
133
163
19
30
92
13
115
109
206
70
52
27
147
164
153
93
53
9
184
93
76
107
68
212
163
114
8
186
147
78
116
114
123
172
180
100
144
11
13
116
150
171
139
182
25
44
194
0
30
66
107
189
191
169
147
63
66
57
164
191
94
98
15
50
51
95
21
113
157
32
164
32
29
76
150
86
21
71
101
70
147
67
123
132
73
51
215
179
91
204
158
1
127
8
196
61
131
12
120
192
38
58
159
60
83
27
189
136
151
132
50
12
43
171
12
59
59
42
35
9
159
50
147
143
101
174
12
155
57
132
137
42
0
25
134
27
24
42
45
78
67
123
38
121
147
49
87
177
211
161
201
139
34
215
206
57
121
49
164
185
49
175
144
17
174
34
164
199
137
41
69
147
109
71
69
43
26
124
120
155
122
152
69
18
90
139
119
140
174
89
66
50
79
93
136
54
66
50
210
132
32
141
100
107
31
193
23
44
80
81
57
80
107
58
102
214
66
102
119
153
88
25
31
119
70
131
208
0
93
38
165
214
174
163
12
54
63
18
70
108
127
57
181
109
90
185
70
34
109
195
112
62
150
60
85
116
194
205
114
28
83
31
117
143
180
131
72
143
186
183
153
165
23
177
202
179
191
192
150
56
159
149
147
130
21
162
94
115
112
84
132
0
208
0
149
164
120
120
67
129
39
141
36
43
18
104
63
38
70
174
14
96
131
172
211
211
153
150
29
193
71
116
117
121
33
151
44
176
52
215
116
91
129
192
188
201
116
112
117
177
86
60
39
110
215
153
142
171
136
90
172
169
157
31
209
111
105
61
109
0
58
203
17
35
63
167
65
103
89
67
52
177
103
212
191
212
66
40
65
109
189
33
30
15
26
111
41
146
212
191
89
51
115
38
142
57
201
20
68
2
164
29
174
175
10
50
48
166
89
58
82
189
75
7
164
67
95
203
126
189
61
190
200
89
110
11
70
210
27
7
27
191
181
157
124
198
144
15
200
89
159
30
181
63
109
96
9
44
129
184
188
89
57
189
139
41
214
87
167
140
63
1
179
118
213
129
206
206
144
114
190
57
199
57
172
179
53
157
122
16
3
164
187
105
18
27
34
91
145
189
124
44
188
96
47
55
145
30
126
138
100
179
170
210
1
17
15
101
101
103
140
157
62
157
94
191
128
204
30
24
55
157
9
126
73
183
63
98
103
61
159
102
138
63
172
74
141
96
138
137
156
22
199
82
183
121
61
189
148
176
180
48
199
111
208
203
141
176
86
171
175
54
208
194
91
56
153
132
73
114
56
139
55
133
159
209
86
104
165
185
179
211
176
24
185
165
147
141
95
24
10
94
124
127
108
53
62
194
93
176
69
139
198
64
85
185
26
188
85
190
55
148
129
28
99
110
195
90
163
51
124
198
111
155
40
147
129
31
104
184
53
72
9
3
113
120
108
47
192
105
62
155
66
199
95
42
90
44
141
202
195
15
70
34
210
104
214
210
212
47
51
111
175
15
68
75
202
165
75
204
191
28
38
9
169
27
125
84
209
199
28
70
40
205
67
97
111
27
194
45
26
194
9
44
31
165
176
54
79
11
11
97
58
0
188
120
185
136
66
67
95
158
190
68
97
60
96
92
15
134
117
170
111
81
77
146
111
84
21
188
37
18
91
40
60
19
55
38
134
49
34
48
200
36
0
188
150
79
6
99
45
123
41
158
33
177
155
4
93
200
67
144
1
17
152
30
49
156
12
0
133
100
66
197
117
215
121
121
52
20
199
145
40
152
112
36
158
145
22
213
57
63
158
74
181
49
152
32
86
195
100
63
31
1
18
199
48
95
201
134
63
23
176
92
2
13
40
27
27
191
126
41
199
157
18
8
88
56
109
15
63
142
77
78
83
8
142
119
48
25
193
70
133
45
28
119
197
28
61
14
126
130
187
7
151
66
122
120
12
90
66
125
74
45
147
161
188
134
17
83
130
12
168
25
9
162
32
205
9
95
46
95
191
84
186
149
67
151
199
109
66
187
38
168
12
58
159
159
119
89
98
71
2
9
202
105
6
164
42
98
25
120
99
74
76
184
128
35
166
9
20
205
25
171
207
107
196
139
210
211
19
72
9
161
72
18
162
76
37
108
61
156
139
22
134
139
32
126
8
31
4
92
159
123
21
128
210
69
102
28
61
92
41
184
174
175
92
123
105
109
53
20
11
199
66
211
47
135
163
134
161
20
8
179
131
154
213
92
32
173
143
18
64
25
139
48
131
203
83
77
76
135
106
131
22
177
176
126
192
68
152
191
28
149
192
197
203
34
119
84
32
122
141
92
187
82
19
107
77
210
95
32
0
66
37
123
106
163
111
68
60
39
193
212
208
54
117
159
145
56
147
137
39
146
12
11
67
8
116
211
8
184
28
141
194
20
132
53
13
104
13
41
110
213
215
86
3
86
20
211
151
197
143
111
196
157
158
126
34
102
17
26
107
205
92
88
71
169
146
192
49
7
61
155
207
209
95
207
123
67
55
125
57
195
69
44
145
40
49
94
18
76
56
176
74
129
73
211
146
16
67
95
20
12
93
75
83
203
18
144
168
120
141
68
171
164
28
152
103
10
88
105
134
187
129
207
117
109
98
192
34
183
39
149
162
126
135
119
75
75
73
62
187
56
170
51
13
73
2
105
65
152
4
148
76
207
37
207
116
140
75
50
58
183
88
112
202
129
58
176
13
166
140
83
160
121
52
60
49
166
116
70
193
65
170
57
129
40
206
177
160
92
103
137
128
89
10
155
155
178
124
156
16
128
68
75
38
68
104
1
26
32
108
52
23
36
215
112
212
21
3
120
145
215
191
8
129
33
192
78
209
38
68
111
59
76
192
98
119
34
108
138
32
199
28
94
56
3
103
145
73
154
169
52
0
135
212
37
145
187
2
141
197
67
133
212
71
20
129
116
212
114
52
102
135
138
119
162
34
70
181
85
52
193
37
154
182
200
83
160
36
71
58
162
8
159
103
178
116
96
202
0
132
95
65
180
148
101
37
93
29
144
126
48
124
29
129
204
116
62
132
158
199
14
190
201
103
131
99
184
119
156
17
135
36
214
119
13
89
211
20
99
203
78
161
100
124
184
211
74
94
185
61
113
6
96
154
84
142
78
190
136
142
126
29
190
68
14
157
18
35
166
176
0
194
200
151
205
28
102
187
170
101
45
116
63
69
145
166
124
28
38
207
76
167
195
35
136
194
142
184
26
32
197
197
65
141
177
59
195
149
99
190
32
201
18
198
11
201
23
13
153
130
100
167
169
36
149
5
13
88
32
151
101
102
102
141
166
14
47
130
88
181
14
88
175
79
57
132
79
183
158
138
124
175
158
157
14
89
122
102
130
52
191
16
89
135
147
212
190
145
95
110
37
163
187
162
158
162
39
119
1
11
61
198
119
37
10
110
107
107
125
190
120
119
76
135
157
37
211
93
178
135
83
164
176
54
47
12
177
159
52
12
85
4
38
36
83
78
148
54
154
180
71
194
124
22
141
67
121
181
211
119
167
138
194
42
163
37
64
18
52
138
187
29
185
5
59
154
102
93
83
190
61
58
81
76
90
153
93
135
124
1
124
128
2
166
169
185
61
7
148
19
151
33
167
18
90
83
156
26
102
126
138
52
185
77
49
152
33
126
37
156
178
23
38
172
25
204
59
10
196
105
196
207
23
184
33
152
214
102
199
167
155
104
106
94
80
102
123
16
49
103
148
83
96
203
158
161
141
24
96
97
203
138
192
169
47
169
130
95
137
4
8
41
52
196
12
72
133
200
58
164
79
2
83
167
43
176
121
210
45
58
86
42
167
57
20
47
27
210
32
156
175
58
124
198
152
141
99
196
124
88
51
167
59
138
121
60
60
139
164
215
25
95
149
22
132
80
55
121
166
143
145
129
209
156
110
137
62
22
25
85
151
48
160
101
154
117
203
133
66
16
2
15
58
41
23
151
120
45
161
50
215
57
199
32
125
130
91
46
41
140
193
101
123
83
156
52
101
210
96
14
83
96
212
180
130
23
209
128
200
143
86
94
101
85
164
1
66
0
85
72
67
64
175
122
195
46
151
75
23
62
34
165
11
23
9
50
135
215
166
121
83
192
122
116
208
24
207
142
164
53
56
165
48
137
133
176
82
99
188
177
160
67
82
89
188
23
200
104
88
193
24
186
77
57
46
32
59
122
192
209
3
82
35
29
94
148
197
68
0
94
145
189
192
84
68
55
120
94
184
114
13
11
44
113
39
153
107
16
91
8
184
108
166
4
176
162
126
59
13
214
210
197
36
103
143
182
105
195
215
116
174
142
208
119
86
78
15
186
205
116
171
164
165
184
196
209
84
214
168
204
8
23
151
73
36
88
174
66
145
187
29
200
110
80
86
51
199
37
79
139
111
176
131
91
76
45
134
212
8
71
148
161
34
146
59
33
213
71
32
81
104
62
155
176
151
128
205
2
129
2
111
181
128
168
205
48
85
177
32
195
111
66
84
33
199
196
59
104
118
65
49
14
79
34
141
120
64
104
189
110
159
19
124
177
141
108
103
32
115
60
102
118
73
81
34
177
57
124
199
92
178
145
58
46
19
30
28
200
150
32
199
111
134
146
127
106
106
190
115
15
205
19
171
78
76
195
17
56
97
73
14
31
58
190
70
57
2
164
191
201
191
73
164
162
200
188
132
50
141
72
141
205
196
149
215
145
78
98
22
121
135
1
206
77
207
73
51
62
132
171
172
12
54
78
135
30
41
26
34
132
95
96
106
209
82
135
103
153
179
33
18
45
108
98
176
37
213
189
95
125
207
179
207
121
65
206
196
9
145
129
204
65
184
56
208
112
36
65
2
112
191
164
119
21
175
177
32
87
184
71
44
135
46
190
70
204
49
206
42
213
43
197
172
34
177
82
158
18
166
103
104
65
8
157
183
182
15
80
172
25
164
78
158
38
175
202
191
43
62
159
166
114
156
25
104
121
207
183
126
101
156
1
46
106
159
157
159
42
70
185
121
168
46
98
48
25
75
120
21
209
24
45
191
185
166
10
35
29
21
155
130
152
35
83
38
0
175
153
32
50
75
75
56
214
15
103
0
45
38
157
184
215
212
18
69
68
58
29
58
21
6
186
39
53
154
50
185
191
202
173
77
150
9
0
94
168
63
31
190
209
82
31
29
167
198
75
126
158
60
103
106
210
41
139
72
59
72
186
20
77
120
29
16
172
145
54
184
162
206
215
191
215
106
121
107
118
12
61
77
21
37
21
15
215
131
105
75
204
61
211
70
127
31
154
104
162
3
118
1
178
58
162
204
94
76
87
211
44
156
157
1
107
68
136
111
109
185
136
76
70
116
130
204
204
183
48
118
3
190
195
82
72
21
102
142
60
190
189
195
156
8
83
14
122
109
111
149
95
84
113
18
177
82
154
130
16
105
17
195
109
137
36
135
74
132
102
176
116
44
50
17
17
191
16
11
58
196
117
177
57
108
74
33
139
162
81
121
111
11
196
79
197
88
59
5
203
69
201
88
14
130
138
65
2
58
48
113
127
1
56
168
52
48
68
27
36
211
135
43
157
198
10
79
133
96
165
86
94
186
72
127
78
199
12
159
69
184
201
10
133
88
59
17
104
122
157
128
15
152
171
20
6
17
139
10
134
18
141
136
215
17
59
5
51
183
121
214
180
73
41
192
25
136
185
20
182
180
89
214
46
70
107
65
204
16
165
97
65
27
10
149
166
46
10
2
136
88
79
97
147
203
64
40
97
35
14
9
192
106
135
121
106
39
206
195
202
175
97
79
190
77
75
128
174
20
67
154
82
65
213
201
88
116
10
25
196
175
175
174
132
65
135
48
116
172
45
132
10
3
101
124
132
24
59
103
208
161
96
180
22
114
89
15
211
12
176
164
161
101
157
178
101
40
89
107
198
89
81
59
77
201
183
96
110
0
111
5
18
131
70
6
173
208
214
73
13
177
179
89
198
203
47
211
56
31
198
215
47
138
207
70
93
33
153
192
67
87
141
215
143
111
147
193
113
192
164
70
91
93
177
44
164
10
210
147
47
20
189
202
44
173
42
85
169
158
22
16
177
178
116
198
176
114
171
215
200
95
182
77
80
5
196
38
88
206
71
132
132
80
77
45
152
15
5
35
49
151
191
101
215
215
61
203
50
147
51
196
126
26
78
148
43
199
13
113
43
37
80
49
211
13
201
72
134
125
10
178
16
198
10
198
74
212
205
203
113
103
132
126
193
165
95
45
85
160
52
115
129
51
49
160
131
83
88
62
16
40
80
10
212
71
157
185
97
214
208
85
187
88
78
163
168
200
208
71
11
131
149
170
126
73
91
96
98
108
5
88
173
67
111
179
78
34
2
149
82
142
151
43
57
116
16
161
111
113
201
140
3
45
142
49
34
0
24
199
202
178
117
200
43
195
86
15
74
113
161
29
34
89
14
172
56
108
5
125
153
28
81
53
137
136
96
11
104
131
116
90
105
214
60
114
210
172
70
167
138
130
34
167
110
153
155
64
75
8
186
46
205
170
157
188
98
12
0
9
114
164
154
14
144
56
166
70
71
84
158
154
80
119
90
116
57
127
34
67
82
89
188
111
37
158
88
81
129
123
146
11
33
201
132
25
209
154
184
77
11
99
26
150
135
42
199
44
131
176
42
106
70
195
26
16
16
16
202
64
125
35
138
173
103
207
87
86
203
36
122
203
101
64
94
137
174
201
212
36
159
142
36
93
99
80
189
74
75
71
44
71
125
191
208
102
30
138
204
58
2
74
52
74
73
101
132
215
13
64
209
143
20
114
145
40
161
58
145
148
28
56
128
157
209
210
195
49
69
206
68
156
194
159
62
138
69
211
76
109
185
47
79
37
59
138
192
128
22
48
133
52
140
189
56
207
134
209
169
183
76
26
45
20
154
130
76
171
197
99
57
154
115
190
115
22
55
197
213
34
151
1
66
131
47
0
49
46
215
169
157
90
107
29
67
89
116
145
122
195
192
85
187
215
133
66
186
16
187
57
197
160
44
120
65
192
196
17
49
140
200
202
184
155
57
158
153
136
32
211
139
163
55
36
72
157
136
22
190
99
18
108
159
197
163
135
52
208
112
89
140
112
23
87
127
171
57
90
98
64
186
194
186
112
18
199
63
66
127
167
12
63
201
31
149
103
125
43
24
75
13
150
1
2
54
142
156
202
30
17
180
56
56
111
26
54
167
13
152
2
122
120
36
57
174
202
34
95
30
30
86
132
108
34
159
206
142
161
198
150
0
130
0
139
119
170
155
92
123
62
116
88
161
77
106
89
37
107
24
103
146
87
207
162
35
88
207
10
38
77
2
22
75
158
26
123
89
59
73
61
181
207
180
22
87
103
95
161
137
188
36
152
200
81
75
181
161
197
41
194
145
27
150
14
114
126
16
56
127
209
152
211
61
47
180
36
104
87
165
113
81
173
50
85
189
1
214
127
214
94
16
91
205
131
54
93
146
175
49
3
54
205
127
33
180
115
129
132
177
120
129
153
115
65
62
66
182
153
175
109
45
195
179
133
135
139
152
132
20
161
181
77
67
34
99
149
22
205
26
26
0
4
65
179
58
18
42
111
75
164
15
195
134
59
67
208
107
45
132
4
194
115
101
175
32
77
29
200
121
36
68
10
146
54
165
147
134
59
68
127
127
29
142
41
113
103
166
26
188
190
102
174
109
134
95
31
26
207
209
133
157
2
129
101
89
31
129
72
185
57
80
178
5
119
185
108
215
26
3
199
188
58
173
19
183
82
175
131
133
131
188
181
125
147
153
34
40
15
200
92
193
92
15
125
13
194
145
171
133
108
45
37
12
88
139
111
47
56
35
143
135
29
208
215
108
46
153
135
96
175
205
105
194
201
5
34
2
119
103
134
67
9
79
179
46
113
58
144
113
162
77
15
211
175
107
19
161
58
143
211
115
5
105
152
130
106
66
22
138
106
68
40
59
207
150
184
98
95
108
173
120
81
115
47
78
25
201
175
66
19
36
149
6
80
78
128
83
3
137
101
137
11
197
81
168
212
169
146
153
47
3
2
115
126
52
200
172
47
44
170
9
81
12
148
105
122
168
126
8
110
187
27
210
1
144
147
169
128
138
12
20
27
123
147
122
49
52
126
131
73
39
6
15
39
21
20
90
36
116
110
208
129
16
186
164
29
81
142
60
4
212
211
26
111
90
188
30
152
73
37
159
187
195
72
181
39
122
30
122
105
167
148
91
87
187
200
28
62
16
157
69
23
202
117
132
110
205
30
198
9
210
59
203
52
27
135
212
68
44
14
197
206
25
33
139
96
51
106
170
193
164
135
181
106
58
199
6
48
110
87
197
33
24
10
117
30
140
127
88
36
11
17
49
182
201
99
121
156
173
79
57
178
117
124
170
31
205
182
212
88
147
210
196
98
61
17
106
167
82
127
104
143
156
176
41
207
184
49
64
188
55
173
67
157
69
87
113
25
21
35
90
1
55
207
186
188
138
55
115
173
65
85
168
133
42
45
88
148
86
174
6
14
184
116
51
143
174
170
2
148
38
164
48
8
57
93
120
20
51
64
45
39
34
114
6
161
189
138
153
104
75
126
64
188
23
6
107
138
70
106
132
137
187
102
138
171
50
18
47
137
132
0
144
135
151
81
175
195
116
63
170
23
143
134
80
34
59
29
120
79
180
150
25
62
139
51
111
97
20
81
212
180
170
7
89
87
32
202
135
29
5
9
114
43
66
180
205
183
153
204
76
113
9
94
88
122
86
166
7
191
207
200
116
36
102
64
59
44
117
41
65
111
141
141
103
129
67
192
47
39
68
62
116
27
86
155
23
19
160
204
88
87
60
23
120
120
113
9
93
16
89
63
145
83
123
82
7
26
97
141
208
140
203
94
68
145
88
123
74
60
2
145
11
187
117
138
102
138
207
176
110
126
27
114
163
158
132
136
61
108
31
62
59
160
2
44
111
1
103
19
122
174
129
181
19
180
188
208
180
16
190
32
47
110
162
200
21
80
106
19
58
118
207
19
177
33
53
74
3
16
8
172
210
67
106
151
168
156
56
1
162
67
120
2
203
61
200
21
174
131
42
81
24
162
60
39
154
190
163
94
52
144
113
85
97
5
190
120
121
163
75
212
161
93
203
47
177
34
164
85
49
53
56
107
24
33
84
55
156
154
202
113
209
76
181
2
162
41
49
67
58
11
145
213
122
118
199
214
37
163
113
123
135
0
162
65
152
93
98
145
18
99
198
132
113
191
215
201
26
67
98
118
181
177
93
154
201
96
23
205
66
23
42
11
57
49
214
40
215
48
172
171
51
138
91
24
6
165
179
10
117
151
108
136
214
77
117
120
215
4
27
111
145
207
145
44
22
16
146
181
91
33
207
131
199
44
8
23
179
28
180
204
48
175
142
45
186
132
171
23
170
176
173
42
56
186
174
78
127
76
7
42
190
37
171
28
51
42
96
156
40
187
47
199
87
196
3
177
86
44
7
66
122
169
156
51
25
86
187
200
51
195
209
80
3
74
1
213
121
50
14
110
171
146
21
9
81
73
0
