1 2.45683
1.01 2.46065
1.02 2.46443
1.03 2.46818
1.04 2.47188
1.05 2.47554
1.06 2.47917
1.07 2.48276
1.08 2.48631
1.09 2.48983
1.1 2.49332
1.11 2.49677
1.12 2.50018
1.13 2.50357
1.14 2.50692
1.15 2.51024
1.16 2.51352
1.17 2.51678
1.18 2.52001
1.19 2.5232
1.2 2.52637
1.21 2.52951
1.22 2.53262
1.23 2.5357
1.24 2.53875
1.25 2.54178
1.26 2.54478
1.27 2.54775
1.28 2.5507
1.29 2.55362
1.3 2.55652
1.31 2.55939
1.32 2.56224
1.33 2.56506
1.34 2.56786
1.35 2.57064
1.36 2.57339
1.37 2.57612
1.38 2.57883
1.39 2.58151
1.4 2.58418
1.41 2.58682
1.42 2.58944
1.43 2.59204
1.44 2.59461
1.45 2.59717
1.46 2.59971
1.47 2.60223
1.48 2.60473
1.49 2.6072
1.5 2.60966
1.51 2.6121
1.52 2.61452
1.53 2.61693
1.54 2.61931
1.55 2.62168
1.56 2.62403
1.57 2.62636
1.58 2.62867
1.59 2.63097
1.6 2.63325
1.61 2.63551
1.62 2.63775
1.63 2.63998
1.64 2.64219
1.65 2.64439
1.66 2.64657
1.67 2.64873
1.68 2.65088
1.69 2.65302
1.7 2.65513
1.71 2.65724
1.72 2.65933
1.73 2.6614
1.74 2.66346
1.75 2.6655
1.76 2.66753
1.77 2.66955
1.78 2.67155
1.79 2.67353
1.8 2.67551
1.81 2.67747
1.82 2.67941
1.83 2.68135
1.84 2.68327
1.85 2.68517
1.86 2.68707
1.87 2.68895
1.88 2.69082
1.89 2.69267
1.9 2.69451
1.91 2.69635
1.92 2.69816
1.93 2.69997
1.94 2.70176
1.95 2.70354
1.96 2.70531
1.97 2.70707
1.98 2.70882
1.99 2.71055
2 2.71228
2.01 2.71399
2.02 2.71569
2.03 2.71738
2.04 2.71906
2.05 2.72073
2.06 2.72238
2.07 2.72403
2.08 2.72567
2.09 2.72729
2.1 2.72891
2.11 2.73051
2.12 2.7321
2.13 2.73369
2.14 2.73526
2.15 2.73682
2.16 2.73838
2.17 2.73992
2.18 2.74145
2.19 2.74297
2.2 2.74449
2.21 2.74599
2.22 2.74749
2.23 2.74897
2.24 2.75045
2.25 2.75191
2.26 2.75337
2.27 2.75482
2.28 2.75626
2.29 2.75768
2.3 2.7591
2.31 2.76052
2.32 2.76192
2.33 2.76331
2.34 2.7647
2.35 2.76607
2.36 2.76744
2.37 2.7688
2.38 2.77015
2.39 2.77149
2.4 2.77282
2.41 2.77415
2.42 2.77547
2.43 2.77677
2.44 2.77807
2.45 2.77937
2.46 2.78065
2.47 2.78193
2.48 2.78319
2.49 2.78445
2.5 2.78571
2.51 2.78695
2.52 2.78819
2.53 2.78942
2.54 2.79064
2.55 2.79185
2.56 2.79306
2.57 2.79425
2.58 2.79544
2.59 2.79663
2.6 2.7978
2.61 2.79897
2.62 2.80013
2.63 2.80129
2.64 2.80243
2.65 2.80357
2.66 2.8047
2.67 2.80583
2.68 2.80695
2.69 2.80806
2.7 2.80916
2.71 2.81026
2.72 2.81135
2.73 2.81243
2.74 2.81351
2.75 2.81458
2.76 2.81564
2.77 2.8167
2.78 2.81774
2.79 2.81879
2.8 2.81982
2.81 2.82085
2.82 2.82188
2.83 2.82289
2.84 2.8239
2.85 2.8249
2.86 2.8259
2.87 2.82689
2.88 2.82788
2.89 2.82885
2.9 2.82982
2.91 2.83079
2.92 2.83175
2.93 2.8327
2.94 2.83365
2.95 2.83459
2.96 2.83552
2.97 2.83645
2.98 2.83737
2.99 2.83829
3 2.8392
3.01 2.8401
3.02 2.841
3.03 2.84189
3.04 2.84278
3.05 2.84366
3.06 2.84453
3.07 2.8454
3.08 2.84626
3.09 2.84712
3.1 2.84797
3.11 2.84881
3.12 2.84965
3.13 2.85049
3.14 2.85132
3.15 2.85214
3.16 2.85296
3.17 2.85377
3.18 2.85457
3.19 2.85537
3.2 2.85617
3.21 2.85696
3.22 2.85774
3.23 2.85852
3.24 2.85929
3.25 2.86006
3.26 2.86082
3.27 2.86158
3.28 2.86233
3.29 2.86308
3.3 2.86382
3.31 2.86455
3.32 2.86528
3.33 2.86601
3.34 2.86673
3.35 2.86744
3.36 2.86815
3.37 2.86886
3.38 2.86956
3.39 2.87025
3.4 2.87094
3.41 2.87162
3.42 2.8723
3.43 2.87297
3.44 2.87364
3.45 2.87431
3.46 2.87496
3.47 2.87562
3.48 2.87627
3.49 2.87691
3.5 2.87755
3.51 2.87818
3.52 2.87881
3.53 2.87943
3.54 2.88005
3.55 2.88067
3.56 2.88128
3.57 2.88188
3.58 2.88248
3.59 2.88307
3.6 2.88366
3.61 2.88425
3.62 2.88483
3.63 2.8854
3.64 2.88597
3.65 2.88654
3.66 2.8871
3.67 2.88766
3.68 2.88821
3.69 2.88876
3.7 2.8893
3.71 2.88984
3.72 2.89037
3.73 2.8909
3.74 2.89142
3.75 2.89194
3.76 2.89246
3.77 2.89297
3.78 2.89347
3.79 2.89397
3.8 2.89447
3.81 2.89496
3.82 2.89545
3.83 2.89593
3.84 2.89641
3.85 2.89688
3.86 2.89735
3.87 2.89782
3.88 2.89828
3.89 2.89873
3.9 2.89919
3.91 2.89963
3.92 2.90008
3.93 2.90051
3.94 2.90095
3.95 2.90138
3.96 2.9018
3.97 2.90222
3.98 2.90264
3.99 2.90305
4 2.90346
4.01 2.90386
4.02 2.90426
4.03 2.90466
4.04 2.90505
4.05 2.90543
4.06 2.90582
4.07 2.90619
4.08 2.90657
4.09 2.90694
4.1 2.9073
4.11 2.90766
4.12 2.90802
4.13 2.90837
4.14 2.90872
4.15 2.90906
4.16 2.9094
4.17 2.90973
4.18 2.91007
4.19 2.91039
4.2 2.91071
4.21 2.91103
4.22 2.91135
4.23 2.91166
4.24 2.91196
4.25 2.91226
4.26 2.91256
4.27 2.91286
4.28 2.91315
4.29 2.91343
4.3 2.91371
4.31 2.91399
4.32 2.91426
4.33 2.91453
4.34 2.91479
4.35 2.91506
4.36 2.91531
4.37 2.91556
4.38 2.91581
4.39 2.91606
4.4 2.9163
4.41 2.91653
4.42 2.91676
4.43 2.91699
4.44 2.91722
4.45 2.91744
4.46 2.91765
4.47 2.91786
4.48 2.91807
4.49 2.91828
4.5 2.91847
4.51 2.91867
4.52 2.91886
4.53 2.91905
4.54 2.91923
4.55 2.91941
4.56 2.91959
4.57 2.91976
4.58 2.91993
4.59 2.92009
4.6 2.92025
4.61 2.92041
4.62 2.92056
4.63 2.92071
4.64 2.92085
4.65 2.92099
4.66 2.92113
4.67 2.92126
4.68 2.92139
4.69 2.92151
4.7 2.92163
4.71 2.92175
4.72 2.92186
4.73 2.92197
4.74 2.92207
4.75 2.92217
4.76 2.92227
4.77 2.92236
4.78 2.92245
4.79 2.92253
4.8 2.92261
4.81 2.92269
4.82 2.92276
4.83 2.92283
4.84 2.92289
4.85 2.92296
4.86 2.92301
4.87 2.92307
4.88 2.92311
4.89 2.92316
4.9 2.9232
4.91 2.92324
4.92 2.92327
4.93 2.9233
4.94 2.92333
4.95 2.92335
4.96 2.92337
4.97 2.92338
4.98 2.92339
4.99 2.92339
5 2.9234
5.01 2.92339
5.02 2.92339
5.03 2.92338
5.04 2.92337
5.05 2.92335
5.06 2.92333
5.07 2.9233
5.08 2.92327
5.09 2.92324
5.1 2.9232
5.11 2.92316
5.12 2.92311
5.13 2.92307
5.14 2.92301
5.15 2.92296
5.16 2.92289
5.17 2.92283
5.18 2.92276
5.19 2.92269
5.2 2.92261
5.21 2.92253
5.22 2.92245
5.23 2.92236
5.24 2.92227
5.25 2.92217
5.26 2.92207
5.27 2.92197
5.28 2.92186
5.29 2.92175
5.3 2.92163
5.31 2.92151
5.32 2.92139
5.33 2.92126
5.34 2.92113
5.35 2.92099
5.36 2.92085
5.37 2.92071
5.38 2.92056
5.39 2.92041
5.4 2.92025
5.41 2.92009
5.42 2.91993
5.43 2.91976
5.44 2.91959
5.45 2.91941
5.46 2.91923
5.47 2.91905
5.48 2.91886
5.49 2.91867
5.5 2.91847
5.51 2.91828
5.52 2.91807
5.53 2.91786
5.54 2.91765
5.55 2.91744
5.56 2.91722
5.57 2.91699
5.58 2.91676
5.59 2.91653
5.6 2.9163
5.61 2.91606
5.62 2.91581
5.63 2.91556
5.64 2.91531
5.65 2.91505
5.66 2.91479
5.67 2.91453
5.68 2.91426
5.69 2.91399
5.7 2.91371
5.71 2.91343
5.72 2.91315
5.73 2.91286
5.74 2.91256
5.75 2.91226
5.76 2.91196
5.77 2.91166
5.78 2.91135
5.79 2.91103
5.8 2.91071
5.81 2.91039
5.82 2.91007
5.83 2.90973
5.84 2.9094
5.85 2.90906
5.86 2.90872
5.87 2.90837
5.88 2.90802
5.89 2.90766
5.9 2.9073
5.91 2.90694
5.92 2.90657
5.93 2.90619
5.94 2.90582
5.95 2.90543
5.96 2.90505
5.97 2.90466
5.98 2.90426
5.99 2.90386
6 2.90346
6.01 2.90305
6.02 2.90264
6.03 2.90222
6.04 2.9018
6.05 2.90138
6.06 2.90095
6.07 2.90051
6.08 2.90008
6.09 2.89963
6.1 2.89919
6.11 2.89873
6.12 2.89828
6.13 2.89782
6.14 2.89735
6.15 2.89688
6.16 2.89641
6.17 2.89593
6.18 2.89545
6.19 2.89496
6.2 2.89447
6.21 2.89397
6.22 2.89347
6.23 2.89297
6.24 2.89246
6.25 2.89194
6.26 2.89142
6.27 2.8909
6.28 2.89037
6.29 2.88984
6.3 2.8893
6.31 2.88876
6.32 2.88821
6.33 2.88766
6.34 2.8871
6.35 2.88654
6.36 2.88597
6.37 2.8854
6.38 2.88483
6.39 2.88425
6.4 2.88366
6.41 2.88307
6.42 2.88248
6.43 2.88188
6.44 2.88128
6.45 2.88067
6.46 2.88005
6.47 2.87943
6.48 2.87881
6.49 2.87818
6.5 2.87755
6.51 2.87691
6.52 2.87627
6.53 2.87562
6.54 2.87496
6.55 2.87431
6.56 2.87364
6.57 2.87297
6.58 2.8723
6.59 2.87162
6.6 2.87094
6.61 2.87025
6.62 2.86956
6.63 2.86886
6.64 2.86815
6.65 2.86744
6.66 2.86673
6.67 2.86601
6.68 2.86528
6.69 2.86455
6.7 2.86382
6.71 2.86308
6.72 2.86233
6.73 2.86158
6.74 2.86082
6.75 2.86006
6.76 2.85929
6.77 2.85852
6.78 2.85774
6.79 2.85696
6.8 2.85617
6.81 2.85537
6.82 2.85457
6.83 2.85377
6.84 2.85296
6.85 2.85214
6.86 2.85132
6.87 2.85049
6.88 2.84965
6.89 2.84881
6.9 2.84797
6.91 2.84712
6.92 2.84626
6.93 2.8454
6.94 2.84453
6.95 2.84366
6.96 2.84278
6.97 2.84189
6.98 2.841
6.99 2.8401
7 2.8392
7.01 2.83829
7.02 2.83737
7.03 2.83645
7.04 2.83552
7.05 2.83459
7.06 2.83365
7.07 2.8327
7.08 2.83175
7.09 2.83079
7.1 2.82982
7.11 2.82885
7.12 2.82787
7.13 2.82689
7.14 2.8259
7.15 2.8249
7.16 2.8239
7.17 2.82289
7.18 2.82188
7.19 2.82085
7.2 2.81982
7.21 2.81879
7.22 2.81774
7.23 2.8167
7.24 2.81564
7.25 2.81458
7.26 2.81351
7.27 2.81243
7.28 2.81135
7.29 2.81026
7.3 2.80916
7.31 2.80806
7.32 2.80695
7.33 2.80583
7.34 2.8047
7.35 2.80357
7.36 2.80243
7.37 2.80129
7.38 2.80013
7.39 2.79897
7.4 2.7978
7.41 2.79663
7.42 2.79544
7.43 2.79425
7.44 2.79305
7.45 2.79185
7.46 2.79064
7.47 2.78941
7.48 2.78819
7.49 2.78695
7.5 2.78571
7.51 2.78445
7.52 2.78319
7.53 2.78193
7.54 2.78065
7.55 2.77937
7.56 2.77807
7.57 2.77677
7.58 2.77547
7.59 2.77415
7.6 2.77282
7.61 2.77149
7.62 2.77015
7.63 2.7688
7.64 2.76744
7.65 2.76607
7.66 2.7647
7.67 2.76331
7.68 2.76192
7.69 2.76052
7.7 2.7591
7.71 2.75768
7.72 2.75625
7.73 2.75482
7.74 2.75337
7.75 2.75191
7.76 2.75045
7.77 2.74897
7.78 2.74749
7.79 2.74599
7.8 2.74449
7.81 2.74297
7.82 2.74145
7.83 2.73992
7.84 2.73837
7.85 2.73682
7.86 2.73526
7.87 2.73369
7.88 2.7321
7.89 2.73051
7.9 2.72891
7.91 2.72729
7.92 2.72567
7.93 2.72403
7.94 2.72238
7.95 2.72073
7.96 2.71906
7.97 2.71738
7.98 2.71569
7.99 2.71399
8 2.71228
8.01 2.71055
8.02 2.70882
8.03 2.70707
8.04 2.70531
8.05 2.70354
8.06 2.70176
8.07 2.69997
8.08 2.69816
8.09 2.69634
8.1 2.69451
8.11 2.69267
8.12 2.69082
8.13 2.68895
8.14 2.68707
8.15 2.68517
8.16 2.68327
8.17 2.68135
8.18 2.67941
8.19 2.67747
8.2 2.67551
8.21 2.67353
8.22 2.67155
8.23 2.66955
8.24 2.66753
8.25 2.6655
8.26 2.66346
8.27 2.6614
8.28 2.65933
8.29 2.65724
8.3 2.65513
8.31 2.65302
8.32 2.65088
8.33 2.64873
8.34 2.64657
8.35 2.64439
8.36 2.64219
8.37 2.63998
8.38 2.63775
8.39 2.63551
8.4 2.63325
8.41 2.63097
8.42 2.62867
8.43 2.62636
8.44 2.62403
8.45 2.62168
8.46 2.61931
8.47 2.61693
8.48 2.61452
8.49 2.6121
8.5 2.60966
8.51 2.6072
8.52 2.60473
8.53 2.60223
8.54 2.59971
8.55 2.59717
8.56 2.59461
8.57 2.59204
8.58 2.58944
8.59 2.58682
8.6 2.58417
8.61 2.58151
8.62 2.57883
8.63 2.57612
8.64 2.57339
8.65 2.57064
8.66 2.56786
8.67 2.56506
8.68 2.56224
8.69 2.55939
8.7 2.55652
8.71 2.55362
8.72 2.5507
8.73 2.54775
8.74 2.54478
8.75 2.54178
8.76 2.53875
8.77 2.5357
8.78 2.53262
8.79 2.52951
8.8 2.52637
8.81 2.5232
8.82 2.52001
8.83 2.51678
8.84 2.51352
8.85 2.51024
8.86 2.50692
8.87 2.50357
8.88 2.50018
8.89 2.49677
8.9 2.49332
8.91 2.48983
8.92 2.48631
8.93 2.48276
8.94 2.47917
8.95 2.47554
8.96 2.47188
8.97 2.46818
8.98 2.46443
8.99 2.46065
9 2.45683
