1 1.08365 0.249869
2 1.31669 0.203116
3 1.09178 0.118612
4 1.09741 0.0998022
5 1.09438 0.0917429
6 1.09069 0.0614771
7 1.10711 0.0932275
8 1.05383 0.0272326
9 1.02082 0.017285
10 1.00942 0.0124047
11 1 0
12 1.01185 0.0130441
13 0.991851 0.0170647
14 0.979387 0.0230175
15 0.930559 0.0259038
16 0.918943 0.0380111
17 0.850607 0.0472526
18 0.798217 0.0523583
19 0.994763 0.145998
20 1.14414 0.34007
21 1.46987 0.521588
22 0.797731 0.14132
23 0.886408 0.28496
24 0.554233 0.0821494
25 0.482345 0.0812892
26 0.464661 0.0909628
27 0.35309 0.0702604
28 0.435737 0.11592
29 0.366426 0.107669
30 0.348644 0.148537
31 0.293772 0.132657
32 0.548552 0.326478
33 0.102075 0.0193072
34 0.290862 0.112101
35 0.0876446 0.0410059
