-5280.653219
-42.26471003
-19.10907799
-74.8876999
-5972.990412
-4545.832455
-17819.58584
-1629.947683
-1484.925844
-13.16656112
-15.33922914
-5.349092982
-336.3325909
-158.9595529
-60.12001791
-643.0127113
-73.13040452
-668.8713774
-32.05033794
-659.0663268
-25.91019924
-59.69842286
-312.6972973
-108.5599768
-57.94030443
-67.68178368
-287.5037415
-87.41742672
-4813.871829
-391.3018119
-53.95907709
-440.3102916
-2071.673014
-79.57821451
-12.43704705
-16.04007264
-151.2960674
-5.486375144
-3157.685419
-266.4899748
-90.03452281
-17.78689814
-591.0396259
-166.4470848
-33.51026093
-3.400208711
-211.7064732
-312.2288041
-4424.282231
-66.43533823
-4849.472222
-23.47093188
-14.7076836
-17.28447795
-383.7744709
-8.80294395
-659.9110328
-115.1006778
-565.9792282
-79.35061759
-184.0451745
-200.7911082
-156.5174334
-27.41029574
-32.90469131
-195.495635
-281.072175
-39.48370448
-33.63996851
-684.8126085
-63.88318371
-1274.558899
-125.317761
-68.26746377
-14.52730684
-12.84145987
-390.7961882
-143.5397442
-1411.814041
-2919.291707
-403.0211808
-109.4743307
-7424.632983
-316.7610752
-27613.13214
-28.65460998
-346.0499307
-557.9204672
-11735.44054
-8467.18408
-136.1971418
-22.08976871
-23.14908312
-70.43664988
-12.98493783
-34.22718867
-85.42929775
-79.76114725
-13.668334
-37.51201034
-40.78968978
-399.976032
-17.73320821
-50.99172873
-358.6110951
-320.2938141
-6470.143554
-30.89827946
-184.9751871
-51.02240796
-48.42030028
-2812.045096
-119.228756
-78.73200064
-233.5428481
-706.1856956
-1068.818476
-182.4875939
-60565.5808
-1711.478245
-1110.556547
-3567.553388
-7116.250302
-1279.590891
-370.0515199
-155.2441909
-185.8565677
-500.5750987
-62.96469606
-29.90209328
-12.29819524
-2050.739563
-420.7230498
-3840.065401
-74.96048728
-18.8743266
-62.6807799
-476.0917642
-444.6363783
-456.4147889
-20.51980719
-5.290335211
-41.13154034
-97.68233951
-58.90646644
-1986.750023
-65.63030724
-7832.631674
-52.69312333
-122.473985
-259.2365484
-227.1069312
-35.38521664
-77.44733907
-143.1774953
-7182.82782
-1086.794665
-53.77159903
-5320.883269
-486.5102922
-68729.14862
-50.02535528
-360.6086411
-17.97280214
-159.0624328
-26.65425759
-149.8746608
-151.0580885
-78.14147538
-71.1180328
-242.5092778
-172.6775203
-118.4659476
-1110.488764
-150.5760966
-19.92174536
-605.7690068
-30.18541097
-298.6183775
-93.61162485
-55.85867537
-48.16801438
-386.3237942
-410.7423972
-80.2665457
-99.64700373
-2639.470977
-1319.411413
-32.98295408
-11.36729312
-223.269409
-495.192246
-86.03071041
-20.03497288
-23.74626663
-66.26061229
-398.853537
-33.84316322
-187.8836239
-50.98810906
-160.4474199
-896.6712314
-36.24173766
-66.43104682
-41.4750067
-354.0673356
-519.3575567
-48.69702735
-42.72221688
-132.8760267
-52.90426324
-1207.089016
-21556.79009
-152.7403948
-67.49541508
-14.37708514
-24.14618013
-25.26685866
-49.39986179
-59.31731644
-95.5499264
-585.4601257
-378.3206893
-8.27988538
-36.49349513
-4841.408771
-57.55664074
-1517.735168
-57.04128718
-660.5588447
-1237.518222
-183.6177089
-652.9201711
-191.8805711
-227.7347004
-23.89313975
-119.3300141
-16.13127294
-53.78147007
-26.53470697
-56.8825717
-8.579690362
-38.41605149
-332.7165354
-27.24307654
-92.19906443
-53.75608577
-372.5584858
-87.54651004
-24.88452071
-301.8246611
-35754.54694
-397.8612735
-60.91329004
-809.9933439
-225.9966867
-95.64044986
-107.9888604
-222.7799962
-55.71194079
-21574.17909
-129.9442838
-15.04991504
-515.4163157
-2395.846997
-71.5775533
-89.60639307
-464.7467638
-31.55074123
-103.3267277
-249.3053587
-319.3100667
-16.00601949
-77.02738003
-35.56502588
-7276.135743
-35.06849904
-40.7442643
-139.8961948
-294.5609539
-30.41580283
-22.39609171
-197.3960595
-1117.279218
-1113.638654
-31.40251442
-91.5854185
-124.8809228
-34.85391544
-561.4062331
-145.6702812
-158.0974489
-1687.553167
-264.3274481
-3811.468325
-111.4190329
-29.77506512
-18.60122257
-564.9884953
-334.8844096
-45.66615709
-51.81910112
-69.86401978
-260.0718296
-50.55995274
-56.70395042
-116.9610234
-539.8258121
-366.6048072
-66.69758338
-215.9930754
-129.8359614
-123.6269969
-84.12998508
-2102.391824
-752.0881607
-65.07045584
-5314.51475
-169.9478021
-9.812087088
-18.72658124
-187.7694934
-468.0145291
-7312.477912
-3624.386513
-592.7981046
-42.5017673
-191.6927422
-38.00516579
-4287.298366
-227.2440417
-74.43546356
-2802.408225
-462.7558611
-41.797218
-45.42662694
-595.7694055
-658.0732525
-1527.069352
-71.90776937
-9.61577594
-37.40594343
-3223.861014
-715.1866145
-66.7255137
-40.64989189
-66.98130618
-162.7197482
-16.73841174
-1482.999111
-31.27844091
-151.0197682
-128.7800309
-795.7665767
-51.85272231
-235.0669323
-17.9828906
-180.115126
-267.2008174
-54.60944761
-96.93555633
-29.19952646
-45.16259471
-380.8421784
-127.6913502
-21.12221212
-16.72720506
-114.2514088
-103.8050565
-40.27424646
-65.57187436
-441.041597
-8286.584719
-19.21610432
-151.5299905
-1528.985852
-261.123461
-69.17883658
-32.15512511
-131.3250437
-555.565554
-86.53599395
-1878.247873
-628.3356606
-73.93635197
-15.9302828
-71.45479332
-948.7044697
-27.17266918
-325.5834051
-25.93701062
-237.4120837
-66.33534204
-952.3026411
-294.9388058
-1073.760138
-42.21915462
-794.1633365
-311.6084944
-1756.361243
-14.2882701
-259.4948471
-330.8212027
-599.5420376
-244.9325006
-96.4398519
-97.26519573
-2550.188788
-511.0945032
-31.70531557
-108.408774
-9.878232341
-541.8434493
-3140.786898
-15.53122196
-2692.466201
-602.5699838
-64.51566049
-67.38378873
-66.76549513
-369.2621049
-97.53759719
-102.6946833
-34.59201285
-238.2359241
-75.54118825
-5121.242515
-36.11858638
-407.9564682
-31.76164124
-678.9363687
-762.4080685
-120.6824982
-20.24670081
-252.4095654
-13.93911976
-206.46779
-53.62614212
-4.183845004
-139.7009362
-1537.650222
-157.5521592
-270.7464247
-341.5124523
-106.4469857
-197.9991176
-36.03853198
-6911.410757
-13.16742488
-24.83273831
-99.65911858
-38988.48383
-62446.20001
-277.8273603
-3262.310039
-45.65376209
-75.16534903
-29.16057202
-104.4612247
-1363.413078
-248.4870521
-878.3265101
-149.3429154
-628.1559059
-487.4199097
-8.708454097
-36.95891238
-188.6053245
-253.2539001
-32.33295263
-113.3769712
-10.42615203
-10.22284342
-79.50153325
-42.8274936
-282.6880401
-234.3447643
-61.88165205
-91.38630428
-97.26684275
-15141.24776
-165.4470987
-405.3709281
-418.2993531
-175.8808095
-369.9906254
-147.3780298
-269.4917319
-1020.093753
-25.71119766
-122.0723208
-243.2755081
-36.69680185
-90.24401216
-447.3408294
-38.21550073
-1673.444459
-886.3901184
-206.6190942
-313.0625031
-14.31816403
-2423.502986
-649.7403958
-69.16900692
-33.20550024
-392.7433529
-1930.724178
-206.2270262
-45.40771809
-76.52061922
-89.30210216
-111.2513744
-582.6308274
-145.8883371
-146.1403525
-2711.295503
-808.0105608
-1349.928815
-1281.538461
-69.10636488
-238.0306731
-11.92658815
-140.8874057
-68.19593644
-141.1483771
-293.3995868
-499.9425364
-30.2082039
-572.283993
-48.38915322
-60569.88515
-38.37237656
-79.18419739
-31.73897243
-48.31245491
-71.8170238
-18.07105196
-326.0278769
-34.03486594
-102.7809606
-196.8433638
-40.86862437
-867.4365678
-108.2086928
-107.6286339
-2509.28138
-61.328993
-165.6780942
-274.8222421
-31.37815159
-117.5045067
-1084.103592
-847.2409612
-6.031543236
-2594.377057
-90.31161658
-77.23588321
-12.41460467
-864.9772325
-741.1945091
-174.5021935
-238.7031524
-101.6312678
-10.3715086
-154.648079
-2290.613449
-139.5921996
-569.4076914
-260.5989047
-24.03147806
-411.1205044
-5722.788326
-815.8837322
-554.9545992
-3344.373966
-60.83859371
-31.96413429
-375.4379863
-522.1016986
-524.6588601
-565.3115621
-191.6739402
-10.78470023
-143.4303469
-214.03733
-170.0247936
-244.8697327
-52.82694818
-314.9382018
-66.11726782
-37.19875679
-1012.144944
-11368.59574
-11.13518773
-64.2591415
-68.82824017
-218.3696856
-114.3973889
-126.7351251
-614.7582668
-5.822968233
-224.8453442
-718.4046434
-47.72526748
-130.7609113
-28.08795338
-152.811833
-508.0857305
-601.1070112
-67.87090449
-32.01546942
-85.67849584
-16.57265631
-1291.739589
-14.44484842
-61.75219281
-125.1581054
-391.3411525
-23.66600369
-50.30476546
-131.7700667
-3321.943459
-265.2750902
-35.57757251
-1233.396232
-5.53038559
-246.217699
-235.7101445
-60.43870014
-120.8004554
-963.902446
-2012.299532
-987.443296
-191.4226518
-107.3138006
-853.9180738
-42935.93557
-95.73147425
-176.0250136
-111.1112042
-330.6353123
-65.60423186
-46.45758871
-4871.753326
-4752.042872
-877.1334601
-19.96696611
-8.139862023
-60.4380222
-1337.479129
-1040.370817
-207.1508814
-591.9562913
-168.650989
-21.20691533
-22.02331706
-1325.31247
-1166.821392
-63.88046854
-24.63259778
-54.74898333
-125.7190831
-167.4683606
-176.6039374
-746.0920262
-551.8081425
-8.882214172
-88.91062556
-64.00818859
-40.39944607
-41.03638821
-112.7430867
-344.2210444
-301.4170895
-4309.418788
-251.3739554
-386.4461688
-23.78874201
-29.48979702
-42.33207703
-184.487594
-731.0329381
-14.70958488
-285.3699464
-43.00516849
-10.42919139
-32.13386212
-1633.781007
-109.4352262
-6857.1535
-367.577166
-115.266329
-86.9728129
-313.8417463
-25.61351923
-130.6536474
-46.0529759
-66.27120009
-2354.476619
-138.7314221
-11.3254668
-127.775323
-102.0069642
-375.1548628
-44.31886191
-287.8593552
-70.01814334
-826.6774442
-301.3789802
-19.67718279
-523.7480388
-35.58586016
-90.32227831
-210.4414741
-51.62316754
-155.8552717
-6.58092365
-288.3703208
-6027.33346
-30.28359536
-20.27812914
-186.9098882
-76.17483474
-116.1247751
-3931.112977
-144.2966975
-1301.007879
-128.8706523
-153.6256146
-766.6683495
-12.8514442
-57.95281768
-759.1953853
-296.74465
-17.60547065
-33.06585191
-85.74170384
-84.99423098
-78.93770567
-7881.627158
-41.86079882
-259.0343241
-204.9991146
-803.6718355
-195.9921759
-23.75715847
-110.8334797
-265.9920951
-86.19570298
-162.3082632
-42.08512744
-763.8303358
-32.69582379
-825.0322911
-79.75327859
-560.3189379
-79.80984044
-83.63437408
-51.07268478
-183.762674
-28.08368782
-100.2175606
-2581.022805
-620.7591691
-1073.799762
-119.7533825
-174.8261984
-58.58882909
-314.1970374
-194.8762245
-78.6312948
-25.27458949
-23.02205117
-48.48113367
-42.58176475
-169.0123548
-54.75722897
-810.6451154
-369.46207
-202.0327519
-26.85709224
-63.84904684
-79.73904584
-111.762556
-86.45207707
-37.01742548
-55.82872036
-35.12961246
-889.3140231
-216.6508396
-22.7305081
-466.28394
-1309.675194
-565.9553261
-89.69007743
-851.0147375
-211.6173264
-783.3183989
-11.76966339
-548.3776845
-31.18841172
-61.51470309
-106.4631626
-88.54929101
-701.529359
-77.07114683
-53.06508204
-100.9415391
-528.7893262
-1435.419091
-7.590349044
-149.3945348
-47.436608
-281.040814
-59.35035701
-218374.577
-310.9631372
-1160.052841
-140.1852008
-784.5232125
-157.5585036
-104.2639758
-4009.856755
-159.711966
-152.3853289
-535.8952071
-1587.614914
-76.68045974
-70.75644918
-510.7680465
-7326.414242
-73.72995268
-958.1916935
-598.9774178
-164.5464431
-451.2965035
-43.0920447
-27.97700427
-118.8580704
-416.2846683
-126.8235884
-854.9917171
-363.4805571
-93.69060336
-11.8275425
-771.701001
-177.6958179
-697.9107275
-140.8007785
-68.6404151
-216.6763719
-122.376284
-359.2979655
-6.506491886
-37.87561875
-94.89178971
-472.9160793
-264.4205926
-397.1140282
-355.7038269
-54.81459275
-114.1563868
-39.24731349
-54.70524039
-79.90984975
-21.95994063
-1894.727389
-2600.487471
-326.8859911
-5.754839338
-26.24853058
-49.47955684
-89.28607879
-67.8599249
-7252.787359
-30.59021912
-306.0400062
-12.7585718
-311.3003838
-1381.247638
-41.84125771
-227.2873459
-36.69064055
-1095.697515
-150.8366667
-798.1239709
-1750.056328
-64.97817481
-292.0077484
-61.15836107
-19.11304412
-105.5528552
-278.9135084
-393.5798332
-83.38171897
-901.8115981
-109.8676379
-349.7306134
-35.69114511
-4170.557362
-29.53835434
-22.3818166
-2510.489001
-186.9780715
-55.59804249
-31.27426123
-48.49717865
-217.6982541
-2759.960324
-639.5418656
-222.2601311
-26.73479319
-79.72008402
-294.7763415
-77.35820349
-198.048468
-136.0752794
-106.3529365
-62.57351563
-415.008228
-34.08035807
-24.11909331
-389.0222269
-502.973307
-818.4563435
-209.6011835
-943.5084928
-145.5192576
-288.9012207
-7433.334418
-158.0962642
-376.7462942
-4654.254632
-46.57436669
-1295.266939
-149.3622033
-48.26438262
-74.76842821
-90.19673401
-58.69517783
-127.3961219
-111.8630208
-115.5095608
-1704.562403
-53.42935835
-68.12990768
-211.7403475
-58.03664007
-456.1001618
-2411.730051
-9.815194951
-14.0746951
-285.7447132
-47.62732017
-813.5580138
-2630.104381
-4.947426296
-79.87234418
-299.9716784
-231.2347877
-53.65721262
-261.0557117
-965.6564015
-2719.161127
-47.00117064
-82.48729315
-267.4789375
-191.7167702
-329.9214345
-1117.930802
-173.0700484
-242.0091005
-189.6858715
-1470.589883
-82.31984171
-214.8219483
-142.0716813
-19.6092585
-1922.268963
-210.6721384
-3154.626107
-488.0955089
-38.05933222
-71.20231591
-4194.865709
-26.60963183
-267.8793239
-80.24417969
-607.5340679
-84.16378883
-88.7624598
-27.287852
-105.6135576
-31.38494971
-163.4066251
-12.42657723
-131.9402084
-3925.750086
-1442.131342
-87.73738705
-92.37910002
-1306.729103
-341.8584945
-883.2852704
-452.159636
-2241.141112
-144.0070462
-23.76376199
-112.0059801
-170.982358
-152.2279673
-110.8147472
-146.8394517
-346.5969952
-175.9249453
-231.8398647
-14.59466181
-19.60322389
-152.7478091
-16.85125819
-333.1687655
-502.654002
-29.28519785
-35.67110634
-409.3642654
-21.69511379
-20.67188689
-23.55058115
-38.66309634
-133.82803
-898.4114541
-65.57375874
-150.067504
-149.5320376
-181.9704555
-81.51128243
-20.04966593
-561.6141574
-14.50397153
-2181.788435
-58.40308708
-1056.285001
-161.2893632
-423.5612262
-390.1425814
-227.1133779
-51.79339194
-35.33852275
-10.81717954
-120.8230794
-96.78903462
-27.32360404
-2260.666867
-10.7315727
-18.34085057
-43.48104634
-13.90672497
-2896.374619
-33.05389173
-301.3999526
-4743.684094
-6432.252497
-647.6052855
-119.3579909
-182.325196
-58.04363074
-79.23466822
-838.6137033
-44.46214778
-18.94777166
-486.2920287
-475.9339387
-160.0593542
-133.0740257
-51.95412737
-84.18157867
-41.42592578
-102.3071102
-118.8504428
-1566.088982
-224.0513386
-41813.17609
-629.1488496
-1505.244878
-1649.22902
-494.9303025
-73.00067544
-14.11733059
-1341.779004
-17030.96416
-3083.936231
-6540.019911
-627.6191562
-33.5472638
-33.53406306
-68.70366443
-144.6290735
-22.93354736
-9.653048737
-42.45625657
-6.008940256
-127.7827657
-126.4423445
-179.9037549
-713.0166417
-858.9662364
-112.2537598
-1310.996902
-59907.56533
-79.51763831
-51.67471872
-588.3527168
-2378.878802
-132.5263397
-409.6248378
-1391.544751
-621.6196004
-106.3807945
-19.13042195
-986.5920883
-232.2461367
-138.6779197
-5.605593962
-45.98732972
-34.32261531
-82.45554942
-439.2633964
-2480.410712
-266.6179431
-3.476313149
-40.96328054
-270.8358933
-48.01407781
-65.37766007
-3745.860695
-89.01336623
-14.99880585
-9.665523405
-49.08598693
-14.89598046
-475.4834869
-8.424470743
-57.44907372
-164.6220089
-113.9020673
-30.35738167
-644.5121103
-181.7666825
-831.7025779
-65.9700804
-550.2624429
-113.7499069
-295.3732427
-189.7671607
-95.02170277
-63.98590948
-330.0509016
-668.2914607
-179.3670978
-20.22431054
-869.3925223
-114.7582769
-40.01436764
-51.27343243
-131.3188449
-1.901828747
-19.29691685
-90.26348645
-312.098432
-9700.831493
-367.1607882
-1892.66647
-149.1876948
-952.3595617
-31.82121714
-71.7753427
-18468.05801
-234.6233378
-22.6205823
-318.6046685
-20.76900665
-5.168907024
-47.96410531
-50.03664032
-253.1482533
-35.21032488
-21.57833997
-57.64611892
-5766.985892
-265.9935573
-143.4366151
-128.6465026
-74.88320275
-802.6924143
-2852.773143
-2312.237581
-749.8996082
-179.1860213
-23.59398427
-114.5925098
-302.064485
-957.5386053
-134.3572275
-996.8800261
-333.7789072
-8.331420385
-456.7408848
-12.34129838
-312.6064913
-72.0611237
-266.2064286
-236.6666813
-178.3319986
-91.35140598
-233.8286383
-2976.03835
-1017.885993
-75.59282696
-72.70898782
-16.75386586
-437.4149547
-133.2991153
-5069.289154
-39.06324304
-19245.27352
-384.7081126
-33.02590725
-106.8426585
-27.01620634
-4325.525101
-416.5963768
-32.84939332
-13.0707343
-860.9621256
-18.8097431
-42.27623938
-32548.272
-41.71048164
-110.9029059
-74.24563293
-8.221675264
-49.47139067
-211.0036577
-151.22561
-776.5108528
-966.0609165
-352.2610093
-1223.768626
-1056.072174
-4653.580503
-1181.555715
-184.5613111
-167.946008
-34.86675591
-297.6816449
-422.5103117
-40.96094425
-1039.053958
-20.5387375
-251.4430558
-208.2842941
-83.11657892
-575.3446356
-1086.599403
-297.9569876
-75.47237979
-351.591466
-238.5529712
-592.3377558
-34380.1463
-3074.892971
-244.0488578
-117.2290819
-100.1476924
-431.2907415
-6.133314241
-73.90790114
-91.52925618
-200.1248169
-821.6840899
-217.8360607
-480.7732475
-265.3189301
-231.5166255
-120.9752534
-600.8108203
-255.7067373
-337.6940514
-354.5767492
-4.916926154
-380.1093162
-32.31037657
-3367.512151
-228.9805507
-235.4709438
-239.0371701
-30.15377872
-192.9475463
-94.77080459
-2714.217855
-40.37799858
-144.7166612
-549.0718825
-1239.100153
-33.84074922
-87.58389951
-215.0286043
-31.95368141
-566.1693701
-34.50861629
-371.0661018
-81.61141168
-982.2976756
-98.27097647
-3112.233271
-10.46874213
-352.4206049
-8130.724868
-8103.094395
-241.4547035
-679.2354319
-27.20016323
-325.0636269
-6.722741025
-1395.002483
-62.71112277
-400.8374899
-114.049322
-87.40119348
-365.2501562
-2671.4864
-364.3832462
-910.8929428
-51.50044356
-18.83100143
-3.40166847
-267.084775
-138.8590385
-127.1286817
-158.4687925
-25.11066268
-662.7626468
-1083.395858
-125.6495455
-822.3791737
-61.43414255
-42.89310066
-455.9829476
-6.200860208
-258.963596
-307.8601692
-28.1620219
-19401.11722
-297.7547043
-163.3285107
-238.1823455
-436.1191417
-251.2299445
-735.4243393
-188.4096473
-113.151288
-81.44146975
-72.9890691
-1397.26094
-68.23859569
-655.3967268
-23.22991091
-90.56300311
-281.9306192
-46.3122053
-50.77207619
-403.2750769
-77.95182178
-222.7770509
-106.0910869
-193.1301557
-7.624316701
-338.8690225
-19.73484703
-191.7853751
-4713.343239
-486.060675
-35.12720387
-60.04527911
-84.87472004
-270.0823453
-47.82051429
-51.28566919
-41.41707254
-15.01311962
-80.95607336
-182.6663761
-35.97795519
-70.74608918
-10.18155937
-127.894462
-900.8632811
-987.6702559
-167.0661916
-4.285790029
-295.0694277
-14.84912698
-64.66417998
-22.02409641
-17.38278414
-322.8517087
-344.1305681
-208.3166558
-6020.371492
-321.7682257
-319.5561438
-39.48522815
-312.3088157
-790.5409215
-594.9326706
-1419.031906
-229.7332624
-115.7418669
-413.7164752
-26.73824272
-116.9149265
-660.6143159
-18.38775656
-759.6319592
-7.852198475
-71.71723825
-122.5199964
-96.84281232
-101.0260605
-170.8385866
-155.3171061
-108.5110889
-31.55468542
-276.6576268
-47.83898533
-226.4643147
-130.398189
-140.5674596
-1151889.883
-53.8269946
-21.09418378
-725.9771956
-144.2431843
-3.248399243
-405.8624365
-2095.304603
-133.2304447
-133.9047022
-89.17596539
-32.61517541
-57.66220565
-45.48154186
-418.4622467
-8.152854549
-218.7864486
-121.0437884
-1398.137628
-258.6874886
-10.62793326
-51.68540492
-1234.104369
-1314.655678
-4332.888572
-884.2833479
-146.8793169
-58.13131352
-124.6828717
-1236.718365
-53.60709161
-53.41553517
-83.95071476
-18.60122176
-188.4127456
-417.1551396
-168.8499087
-659.9935464
-6604.618228
-53.19376772
-193.1425829
-24.28839489
-263.5576362
-1358.531242
-30.43788561
-121.0271436
-5.756895693
-341.7990863
-100.7758507
-248.5322173
-194.6831586
-42.88040963
-20.88318764
-165.8015572
-54.78235581
-82.81979724
-29.94877733
-7.092112894
-90.08804532
-213.465021
-48.92146172
-42.24467979
-78.48384532
-47.61404443
-371.3369141
-200.4289289
-689.4865796
-169.715521
-54.88716943
-56.85444066
-54.00506648
-1727.89928
-88.65074524
-185.3752796
-254.2474883
-171.8518757
-68.10882044
-537.9792492
-5.600788703
-330.85003
-548.8529768
-169.3703748
-26.50915359
-333.7266515
-123.0417736
-1206.908084
-547.1033847
-129.1745563
-77.08473098
-3149.091518
-64.84503238
-15.64691777
-130.8120685
-158.0305897
-290.9009321
-273.0373424
-78.11741427
-1829.110531
-28.94446548
-29.31233332
-311.8135335
-1049.878806
-25.76503649
-75.89198032
-824.710576
-378.0900183
-179.0208355
-27.62897997
-25.93206896
-35.35609957
-76.92863504
-287.8606309
-6014.25942
-172.5397461
-25.86371434
-230.5378766
-124.5751618
-314.6053595
-96.48294433
-60.73428579
-38.35136935
-201.6247128
-54.45328118
-519.3150072
-89.53150896
-76.05037815
-12162.5386
-109.1001838
-631.3678274
-4241.35255
-967.3441493
-22.17079331
-740.7165986
-76.3919814
-470.2069501
-203.3520321
-40.34606535
-74.07977811
-99.97395115
-102.0092423
-198.0956318
-416.7336387
-301.1692819
-358.8103944
-405.8536316
-291.6733819
-331.3365494
-247.424978
-35.7668914
-597.4594692
-307.608217
-132.6706278
-71.17609514
-3332.543543
-284.2287
-71.1925634
-529.7372992
-1569.863278
-10.86917688
-23.54675249
-85.78336807
-2880.069906
-381.3868469
-52.14470699
-1110.163925
-4.593337419
-156.542078
-31.09278645
-53.89021132
-524.2327583
-810.5674856
-351.38407
-88.88709213
-14.53008019
-828.539482
-272.8988254
-117.703502
-155.1977067
-214.6528121
-74.82704159
-278.8708324
-39.76162372
-136.13111
-17.37399305
-311.9817427
-775.6209231
-340.5960444
-668.1569481
-314.6916227
-1235.973797
-361.2435457
-29.3381145
-46.32980147
-95.61186476
-190.6673605
-136.0604911
-79.48044487
-11231.29825
-29.6579398
-13.37910181
-159.7864645
-61.15582027
-10.40803763
-8.128461226
-48.76985979
-224.492778
-763.5452551
-150.7924035
-86.21179314
-131.5288017
-62.59983664
-1349.815103
-25.22240775
-167.4923479
-787.5120038
-53.26804143
-2987.299279
-1151.515164
-123.9477286
-72.37652862
-15.28138665
-693.3023058
-314.4804974
-324.2557756
-945.7251552
-572.4547348
-196.2410098
-150.6284955
-470.2391131
-39.18326756
-6079.733538
-364.9002569
-43.05147398
-12.66051358
-190.0662704
-401.5477964
-28.26165965
-1096.857936
-54.0475556
-259.8085458
-700.4066979
-135.4077728
-5218.456565
-23.22349367
-452.0489883
-928.2305059
-64.99480606
-11.16155019
-36.89111722
-290.1658437
-925.288146
-35.88542978
-266.6236584
-252.3791578
-53.759006
-130.5694058
-786.7156714
-227.911947
-320.2579546
-513.3676945
-54.1074812
-221.6746804
-237.7874584
-227.2795652
-65.83703792
-146.9613233
-277.578075
-245.7052901
-971.2247525
-1209.47096
-40.24641218
-35.78363702
-207.1835481
-3247.023811
-81.47515261
-103.3609459
-18.31996539
-457.9095946
-226.5564677
-1622.50761
-158.0922351
-140.5649004
-22.85613414
-60.27747002
-90.87834644
-2028.82065
-25.88034273
-59.03928487
-311.7851511
-113.8303067
-2660.800348
-1732.504176
-420.8857645
-426.4561815
-677.2888218
-111.286103
-5013.730525
-161.8840928
-61.10778698
-32.27319652
-46.12073234
-73.31814149
-126.8126105
-473.0574214
-61.56193597
-396.884678
-54.68384772
-185.5718259
-575.9420233
-141.0343102
-117.1042307
-69.88482355
-235.1490007
-1622.092722
-74.2714109
-62.12000818
-96.17678988
-107.6215323
-217.5408368
-12.76094573
-231.1002661
-1260.768468
-90.29445188
-245.7466146
-194.9888099
-2643.834014
-73.92002618
-25.19206792
-10304.36544
-620.0871949
-128.4442438
-7.965512355
-267.8111854
-107.1996928
-172.9598327
-80.00139002
-20.55779438
-11.6276455
-416.5286469
-319.3434884
-77.5733148
-71.58803639
-18.13808433
-21.03962203
-4.938845083
-393.2835299
-474.2464919
-376.0936779
-123.1655506
-108.3757
-99.82972535
-38.82947067
-3303.086413
-17.25721106
-446.0156543
-600.5151202
-20.18909525
