-90.80533084
-85.53332416
-107.0334252
-89.99429101
-91.23157802
-72.90358928
-101.7155963
-117.1594759
-85.85593536
-93.38491043
-100.2316642
-97.35197994
-91.38545599
-98.99958284
-103.0461018
-95.61460387
-101.1128595
-95.71927259
-114.1193604
-99.22845319
-79.22691901
-112.5050692
-92.0529244
-101.9665929
-106.0736106
-81.99932851
-104.0977884
-89.9828249
-85.20585004
-135.0681697
-94.18471034
-127.728824
-115.3334465
-120.8951464
-102.4060651
-109.992297
-119.9525379
-110.5402671
-75.5645167
-95.74338074
-104.5044629
-92.44888942
-86.39407985
-96.13085118
-92.18397807
-92.64695604
-91.91182806
-91.94796487
-121.1780185
-93.79617657
-95.96589163
-102.2983453
-108.4577041
-123.5593458
-84.74734953
-118.8197309
-97.13568358
-93.94521891
-109.6068001
-86.17743021
-96.97471072
-93.6902987
-95.67725095
-119.5091573
-100.6357944
-123.3626476
-84.13778506
-89.38415471
-87.39372634
-91.29231278
-100.4458712
-110.3550217
-122.513032
-72.54568798
-118.6600985
-146.7197123
-108.5311653
-100.120625
-79.01566069
-108.6548194
-86.11856028
-102.5154147
-99.19311058
-124.6310885
-101.5860083
-73.79915192
-86.93399477
-81.39969286
-92.32025777
-76.20370573
-117.6501039
-109.0999515
-114.0263343
-80.88812422
-83.87525352
-96.52703332
-88.30347067
-82.32901279
-87.14018127
-99.91107791
-103.9005451
-108.7888507
-82.2022619
-95.90054191
-83.23370366
-106.1116678
-125.2019014
-143.9042017
-100.4251193
-115.7580395
-120.0650085
-83.8121362
-97.33782696
-131.8838761
-85.65693852
-122.4457155
-130.1043995
-86.90706731
-119.599864
-99.78797582
-108.840664
-98.35401479
-93.34992733
-140.3788333
-109.900049
-93.30188518
-85.92086291
-107.5708468
-108.9223545
-96.97434386
-109.7341061
-97.89730947
-79.93695587
-97.72910115
-89.82322242
-124.6828081
-94.03736533
-119.7648793
-112.9056711
-91.97084589
-109.5656579
-83.68142486
-109.2510448
-101.6300416
-104.8329502
-102.7834589
-99.11734609
-108.9400594
-102.1253146
-83.09482403
-107.9679121
-89.92898297
-81.48601155
-116.8428074
-106.177965
-88.47497259
-121.1594941
-100.8703699
-99.70670854
-95.00098927
-116.7682051
-138.25792
-97.86664699
-80.94555745
-93.37255551
-86.19332793
-107.1168489
-92.04792263
-80.63000341
-85.19653084
-108.9806061
-104.1370127
-103.4071059
-100.5219514
-82.27024094
-92.77032737
-98.01443988
-103.5332169
-98.45322393
-115.1749491
-83.69352496
-96.10451853
-112.1405697
-105.3377283
-105.4873966
-96.38825749
-100.3243612
-105.2714542
-106.8882829
-85.44967903
-136.000978
-83.24339337
-98.94240945
-110.5671051
-89.91449695
-97.7547154
-139.3870094
-98.63445365
-84.32487363
-90.94790883
-98.03183537
-97.82156945
-118.7047532
-106.6536266
-110.8266715
-78.60588209
-114.1326036
-111.0975354
-85.07603001
-90.79767582
-92.60723825
-103.6964898
-83.56903089
-101.1724061
-97.97454883
-75.75175043
-77.63336792
-88.01363694
-123.1324649
-92.86266801
-90.94655173
-119.3879727
-89.81009115
-88.20567077
-78.17894921
-128.7643839
-100.1407085
-102.3709766
-82.03712688
-87.62949519
-98.93889969
-111.3598929
-119.3002784
-99.84612206
-68.98558011
-102.1894279
-132.3802578
-95.27189093
-109.539774
-102.2601148
-98.85973676
-93.95136809
-120.7501041
-86.31032012
-74.21477677
-97.05400075
-104.655317
-108.2255881
-78.43706128
-86.14456906
-129.7672982
-82.83095585
-123.8809676
-89.50878551
-113.8981109
-90.80454934
-94.84325586
-99.41977151
-114.5746588
-100.7525049
-112.588443
-95.15139856
-97.35836194
-104.748135
-118.8590631
-111.8813334
-94.87608684
-107.9195234
-96.83685262
-136.7378044
-110.9024094
-81.12283784
-98.62069785
-111.1854881
-98.37393397
-101.6493173
-85.44349265
-121.3316885
-126.2770443
-122.821848
-120.83727
-90.32802023
-97.47608216
-83.82843274
-94.66590036
-97.86804194
-111.7595344
-87.95518199
-80.93795576
-80.15705705
-77.80778258
-104.2355115
-98.05879843
-98.39251415
-100.4827251
-98.69665827
-89.11111703
-122.0018696
-100.7473965
-113.2746814
-88.53164168
-94.93165555
-91.0175656
-108.9271103
-100.4829016
-96.74042346
-118.2362239
-89.20625841
-118.8209909
-88.25880227
-98.00884699
-86.74191268
-82.1515344
-92.10746876
-105.4891875
-103.9657625
-100.0262664
-117.7580296
-89.88359869
-105.7116971
-95.44172667
-116.3955208
-98.81300907
-89.63061016
-111.424742
-72.760866
-95.44532507
-118.266411
-100.4227738
-111.299065
-98.73846279
-98.94732678
-94.5041303
-97.87833297
-88.46483729
-84.33490359
-85.33857719
-109.5227691
-82.23465856
-92.80677691
-106.6354589
-110.1425009
-109.4225706
-100.6836673
-85.51551727
-109.6393671
-84.48519993
-92.47520595
-92.87712427
-87.10263942
-89.954178
-71.00715383
-144.5404096
-123.5432872
-111.1940393
-96.79408404
-158.0841991
-96.25810376
-86.05185013
-103.9441727
-89.89653219
-87.35374742
-104.8602483
-120.4052435
-103.1111462
-92.67515037
-101.1412755
-95.10838268
-125.0925865
-117.7752297
-99.11668365
-100.52825
-81.09722825
-83.19009342
-92.56440541
-103.7216779
-96.12271821
-89.31035559
-93.17725204
-77.10461647
-106.3548198
-111.4431428
-135.7228875
-124.2455734
-114.3600931
-71.14600478
-88.6669194
-109.1477212
-99.34869448
-85.9848139
-89.63844588
-116.5533046
-112.4162588
-103.1495574
-125.641972
-86.57355786
-82.71340039
-88.37662336
-101.7594742
-103.3369011
-76.96398696
-95.05945211
-105.4134739
-114.230198
-110.3173737
-94.31374777
-103.6323171
-147.0429337
-106.3477303
-121.7268124
-95.18973107
-85.51005265
-90.19665264
-95.42798055
-120.3959714
-114.4830386
-88.34157252
-76.11817744
-100.8995506
-96.50653182
-127.1825325
-84.79015199
-85.08996505
-128.3837907
-105.8087176
