1 0.162116 0.00131421
2 0.243925 0.00292505
3 0.191236 0.00313587
4 0.201958 0.00474059
5 0.193288 0.00677484
6 0.205194 0.0119404
7 0.189626 0.0102779
8 0.210808 0.0225553
9 0.192676 0.0192751
10 0.201112 0.0315451
11 0.159453 0.0199469
12 0.16779 0.0206042
13 0.136274 0.0201266
14 0.121126 0.0176823
15 0.105791 0.0142413
16 0.0831879 0.0111505
17 0.168478 0.057289
18 0.105365 0.0272718
19 0.0753572 0.0209436
20 0.0759897 0.0188327
21 0.034202 0.00588212
22 0.0308785 0.00596394
23 0.0396662 0.0131574
24 0.0560831 0.0209236
25 0.384122 0.30466
26 0.037382 0.0177198
27 0.0403489 0.0238871
28 0.0973946 0.0781439
29 0.0597252 0.0456926
30 0.0846621 0.0668381
31 0.0443465 0.0321212
