1 1.81944 0.0081066
2 1.41496 0.0139977
3 1.6424 0.0214597
4 1.59442 0.0229988
5 1.66059 0.0251125
6 1.64475 0.0265727
7 1.6704 0.0282397
8 1.67714 0.0296255
9 1.68513 0.0308394
10 1.72012 0.0320034
11 1.71794 0.0333577
12 1.7131 0.0345971
13 1.71134 0.0358495
14 1.73727 0.0369244
15 1.7053 0.0369497
16 1.68509 0.0380149
17 1.70176 0.0387065
18 1.67914 0.0415553
19 1.65552 0.0682005
20 1.6678 0.0550815
21 1.63959 0.117648
22 1.65065 0.0722673
23 1.76579 0.104151
24 1.66209 0.116004
25 1.75143 0.168443
26 1.38197 0.332037
27 1.81925 0.143036
28 1.65249 0.235801
29 1.71234 0.325179
30 1.78442 0.16596
31 2.36873 0.192733
