1 0.86523 0.0561996
2 1.26242 0.0526604
3 1.05335 0.0367879
4 1.11734 0.0305502
5 1.04136 0.0200071
6 1.04179 0.0129285
7 1.00451 0.00861335
8 1 0
9 0.992041 0.00856464
10 0.95851 0.0113345
11 0.982111 0.0165434
12 0.958878 0.0245012
13 0.944048 0.0326958
14 0.929048 0.0394462
15 0.928825 0.0670196
16 0.944603 0.0745209
17 0.864309 0.0860258
18 0.703588 0.0553935
19 0.692135 0.0727682
20 0.552358 0.0413265
21 0.524009 0.0531213
22 0.505191 0.0756707
23 0.493632 0.0637307
24 0.728633 0.165006
25 0.453593 0.10047
26 0.341969 0.0587122
27 0.478793 0.125973
28 0.739624 0.3757
29 0.797473 0.397858
30 0.44166 0.108817
31 0.339912 0.163273
