596
24
555
228
468
444
158
162
64
155
110
111
562
632
620
629
338
444
118
136
580
531
497
488
465
293
45
428
512
585
562
616
316
200
210
200
468
224
569
630
100
611
313
226
204
380
20
392
119
255
444
453
504
193
92
269
364
266
101
88
131
603
377
167
86
200
478
404
203
24
115
158
441
184
277
47
638
41
469
49
480
460
164
24
69
413
185
275
253
96
394
381
512
275
67
48
543
592
32
317
185
201
588
188
582
162
454
260
632
631
133
372
524
115
303
432
279
416
508
485
66
508
350
345
516
324
519
571
306
322
343
86
109
413
219
548
612
368
578
273
163
583
604
221
490
568
158
45
36
55
232
277
248
436
72
379
427
206
540
47
435
410
564
279
288
113
531
273
194
463
210
355
271
385
545
191
387
392
203
424
84
220
369
421
251
505
415
221
108
532
241
48
432
409
277
18
583
74
314
299
496
585
455
386
311
218
377
589
273
29
442
193
426
325
392
164
254
480
485
611
581
473
388
20
397
158
203
101
162
128
480
16
385
75
229
473
503
590
12
211
189
458
411
563
639
113
456
288
562
235
29
469
452
323
254
506
333
83
528
408
328
397
131
551
148
536
21
496
629
31
217
424
595
269
113
257
516
27
27
503
116
275
367
593
47
254
253
619
534
492
53
239
197
634
173
135
253
635
296
503
144
441
334
208
390
284
104
198
397
175
253
432
539
573
580
230
90
64
533
508
584
334
56
345
299
253
271
388
389
567
52
572
624
324
438
239
176
49
547
295
402
0
448
593
0
275
529
11
533
270
199
264
373
73
201
110
217
178
118
162
383
150
604
205
373
620
459
108
531
239
402
566
18
434
501
578
563
241
219
320
621
30
298
335
294
411
569
576
407
206
392
560
475
231
512
518
7
184
583
385
392
411
509
270
536
343
542
155
338
60
382
476
153
371
217
410
324
130
238
349
284
596
300
537
90
243
341
459
455
175
4
171
389
436
364
597
144
538
285
182
441
202
617
282
514
179
616
464
157
455
632
225
231
392
225
276
30
374
233
23
509
547
588
176
422
166
421
338
448
429
49
305
106
316
114
448
631
547
360
107
111
471
428
487
355
126
407
555
386
436
211
474
557
65
36
49
237
65
47
543
415
117
594
422
232
592
166
459
425
581
40
269
3
161
527
105
571
379
414
411
179
380
162
136
426
292
157
268
397
166
129
498
410
290
151
49
179
613
79
374
248
533
452
97
182
348
442
316
475
168
34
471
67
98
281
180
40
297
454
310
40
298
13
327
434
313
391
549
445
320
88
438
63
450
21
231
554
454
526
591
453
283
240
448
172
6
275
483
602
315
21
604
450
454
471
136
512
101
347
377
220
238
603
443
488
610
414
224
530
275
579
165
264
470
357
318
60
495
295
288
101
360
26
179
201
530
170
448
503
82
561
507
113
583
371
391
577
97
391
380
97
636
540
443
26
371
260
331
449
464
493
165
470
608
263
533
604
333
411
101
257
260
453
407
69
100
607
240
65
215
171
639
245
619
285
107
391
396
160
119
194
8
310
401
470
369
444
148
7
515
599
532
206
32
12
535
619
516
245
311
221
35
92
437
6
584
632
380
451
380
60
91
202
362
542
219
287
160
282
264
431
226
60
27
544
136
215
428
211
459
159
571
325
89
605
225
454
332
583
459
106
80
171
377
606
510
488
524
512
205
559
325
608
482
484
280
360
163
367
247
112
470
209
198
349
160
167
474
302
437
388
627
165
136
487
150
366
152
343
520
504
282
603
102
348
283
378
574
516
234
229
327
561
159
29
157
138
197
311
292
608
426
194
523
173
620
396
298
516
189
313
211
436
212
603
345
172
183
578
8
179
374
478
422
52
348
516
593
622
245
211
8
161
432
602
411
327
322
550
474
280
235
280
501
220
57
239
8
490
278
172
266
508
180
519
378
168
403
488
403
243
77
151
16
502
583
325
605
593
194
272
218
41
342
476
574
639
26
357
227
81
240
544
5
422
371
200
528
343
594
551
239
180
412
144
118
357
593
385
188
349
407
636
590
622
378
240
172
231
220
487
84
6
284
59
326
292
600
29
411
594
554
240
423
426
549
254
558
163
267
63
345
488
113
558
134
609
425
312
530
572
607
239
20
453
509
138
515
19
245
260
225
343
164
65
627
29
231
630
19
533
609
150
416
616
364
497
227
288
575
137
298
169
474
390
496
328
511
337
268
457
387
400
12
417
46
407
164
488
151
553
509
570
526
385
205
486
524
611
128
490
375
207
5
86
275
45
173
533
372
208
230
424
324
268
248
259
554
319
78
72
451
55
613
194
275
12
180
236
194
324
17
90
20
32
500
308
354
382
74
495
515
84
259
262
158
318
555
124
424
359
34
518
177
233
19
446
411
261
545
515
108
207
516
456
85
471
36
582
468
382
43
398
499
252
338
78
5
539
411
9
556
58
537
177
390
117
339
255
199
234
560
464
93
542
559
168
607
193
358
453
483
29
436
484
71
93
425
12
619
135
539
52
102
347
600
345
132
196
108
151
495
542
61
507
275
606
12
427
371
96
365
80
484
129
113
419
273
81
173
207
623
622
347
48
248
482
529
0
274
423
177
620
296
250
173
429
256
81
103
66
639
165
459
290
206
497
201
459
544
404
165
383
125
98
112
154
315
396
436
273
250
25
496
52
628
509
524
506
408
572
412
544
616
238
296
278
25
114
608
319
158
173
335
635
252
72
154
254
409
0
372
65
358
392
266
616
427
608
232
78
256
624
616
610
160
203
308
130
78
227
175
437
16
284
288
85
116
7
482
519
418
347
509
211
25
503
464
415
517
624
211
303
263
211
392
347
428
183
35
134
391
66
354
378
245
361
82
448
88
266
345
222
274
357
37
635
308
500
504
260
125
156
552
501
539
183
178
458
550
470
463
402
330
595
88
315
513
142
500
635
6
89
279
37
191
425
446
480
636
422
103
610
593
463
114
476
315
374
366
352
296
582
59
358
489
178
427
305
386
145
90
168
492
349
44
420
416
103
241
140
618
515
368
407
89
49
123
618
567
183
150
349
464
183
456
438
79
369
90
487
599
139
535
73
584
429
597
435
504
235
133
572
295
544
128
438
168
426
170
536
65
366
84
550
274
415
394
274
491
554
105
365
599
176
369
139
215
155
212
355
327
612
347
418
289
312
518
544
235
389
55
459
30
589
61
87
600
155
423
87
364
382
581
623
115
102
189
399
600
517
338
578
432
298
14
77
545
97
270
247
215
167
438
354
379
239
192
161
254
67
4
38
420
391
508
426
559
414
603
144
244
406
269
617
59
165
101
419
192
285
554
636
49
265
287
497
402
14
135
248
466
145
353
22
224
395
601
580
530
218
347
266
363
617
258
466
301
587
79
303
288
479
258
209
518
178
93
223
320
468
62
168
493
593
569
89
615
135
259
266
231
262
587
32
262
77
263
262
522
196
522
474
216
63
463
560
461
157
216
493
158
392
193
453
134
16
204
212
503
113
9
591
8
167
592
421
109
512
16
159
127
201
604
240
148
579
440
424
115
548
140
353
82
125
594
551
296
259
427
550
346
197
116
190
523
96
36
521
21
379
445
355
457
586
81
399
304
493
439
132
59
4
550
140
115
319
342
466
346
418
344
301
181
453
528
305
594
14
332
384
545
313
182
109
402
88
579
408
93
388
315
474
610
580
88
618
486
153
535
629
24
91
463
551
435
125
4
508
421
19
523
181
362
624
99
223
142
200
35
194
604
275
382
133
146
377
617
84
118
531
363
523
344
639
417
160
68
35
143
143
277
230
498
264
330
542
353
624
301
430
285
120
240
551
230
463
130
190
435
430
163
466
600
211
627
632
0
574
153
47
300
299
544
386
67
280
625
184
232
616
293
583
254
62
277
355
430
415
283
79
63
7
91
375
535
148
572
329
5
143
200
427
28
24
573
563
168
114
219
386
610
225
362
29
458
565
490
178
531
235
114
145
456
24
266
436
510
593
399
519
168
101
452
2
319
322
487
535
277
512
21
512
344
473
134
337
542
413
111
392
348
322
4
116
625
260
585
220
81
337
24
206
293
214
26
546
235
621
604
445
61
22
159
335
200
45
440
206
37
344
510
388
111
262
350
418
590
323
88
408
401
187
446
393
92
510
85
239
167
525
378
368
587
453
211
525
22
491
318
490
187
412
87
510
101
77
261
364
135
29
407
225
358
245
521
354
192
122
145
521
408
411
438
531
448
183
21
634
359
629
361
128
362
516
104
410
624
357
591
306
239
350
311
448
377
533
404
415
491
622
207
534
93
71
276
447
128
425
377
556
88
223
257
10
42
238
600
562
130
193
166
490
32
167
300
323
227
274
549
169
15
366
310
327
336
148
76
58
176
93
364
574
20
198
10
311
227
27
507
560
62
236
159
542
605
216
514
20
495
557
371
88
137
180
205
390
153
113
303
337
287
303
540
540
165
401
619
13
240
1
74
541
268
264
372
542
580
66
444
15
567
363
268
619
598
371
567
583
476
164
274
585
131
600
267
538
285
344
180
533
554
229
32
241
70
377
344
209
607
18
273
181
628
610
460
18
347
23
178
361
267
194
347
334
46
233
528
172
574
60
636
91
242
487
628
310
507
3
11
4
95
194
185
67
273
549
127
156
18
157
477
545
382
307
634
171
465
591
23
195
104
382
472
241
169
237
560
469
569
195
551
373
635
459
213
322
438
635
489
566
393
158
264
230
44
560
193
409
321
187
430
560
579
87
498
74
418
502
332
471
255
580
308
256
112
549
600
358
528
129
563
35
144
579
15
123
381
580
398
268
276
3
243
272
217
376
399
350
597
506
350
114
219
77
635
442
235
60
117
296
235
563
637
393
135
90
221
182
635
54
16
406
367
553
359
432
313
409
125
459
627
27
330
579
104
81
247
228
543
303
64
430
15
631
533
198
432
586
545
455
260
612
545
619
393
521
454
266
358
528
332
313
621
460
239
553
485
142
221
333
502
127
639
365
498
119
423
547
93
596
450
93
397
367
164
227
321
346
571
64
257
557
568
551
158
137
33
413
465
484
233
367
376
59
487
335
287
399
117
308
627
503
137
450
447
466
511
266
144
219
69
133
585
569
419
621
594
562
552
244
309
510
200
303
438
81
631
404
593
561
432
632
317
541
554
19
284
482
296
203
467
391
4
385
4
217
330
619
458
292
471
415
249
621
469
65
508
163
85
404
74
274
62
53
568
376
273
427
83
527
206
101
151
349
111
390
276
346
185
516
198
263
313
283
23
612
368
576
156
270
346
200
24
621
292
515
397
0
508
273
58
220
586
368
569
539
14
193
452
464
235
292
404
40
442
403
19
126
533
471
173
426
177
100
78
266
167
144
39
281
434
53
533
241
22
584
350
4
373
69
65
287
500
367
547
350
418
244
477
623
367
279
197
16
243
544
366
428
149
269
332
283
308
90
33
500
211
108
112
385
279
366
630
633
108
597
275
4
503
426
514
339
126
313
217
587
28
479
281
618
633
246
292
208
307
157
4
275
103
213
633
296
173
433
150
475
83
263
333
331
605
233
240
359
477
4
87
491
623
168
551
44
101
335
147
557
122
192
373
366
400
424
400
115
620
561
227
515
478
259
69
589
527
61
596
607
204
389
240
277
502
466
401
55
47
515
486
308
468
116
91
448
571
429
132
385
570
394
422
352
619
534
391
135
552
323
138
94
217
294
187
328
376
174
208
386
452
138
299
405
220
69
293
51
49
2
55
52
73
157
407
320
279
203
10
595
433
152
527
231
477
390
222
386
386
201
47
439
468
238
104
557
205
2
264
186
10
74
390
469
232
527
639
138
254
142
168
365
564
90
94
357
550
328
279
104
473
523
560
344
577
367
594
132
429
455
95
358
20
448
555
87
510
2
603
612
510
379
270
480
155
365
572
596
117
29
277
364
441
192
237
502
459
177
270
38
112
271
337
168
307
583
88
91
452
424
513
186
144
111
169
467
36
9
83
226
493
377
619
524
639
631
99
207
561
572
125
279
501
537
614
239
124
88
205
16
403
9
541
60
184
424
293
376
293
634
605
585
223
323
112
43
324
567
15
621
227
449
567
263
576
629
263
235
277
234
72
240
167
199
581
626
304
76
504
599
370
360
535
20
567
448
421
11
363
595
216
236
411
161
605
362
290
240
341
52
199
301
481
196
101
365
381
58
408
488
535
328
425
434
58
422
6
144
198
476
207
507
352
341
97
324
117
119
631
525
502
2
373
307
306
167
243
271
482
209
123
289
531
54
240
420
348
464
207
212
263
18
105
215
333
184
631
196
504
502
411
171
15
72
524
454
211
570
183
443
188
576
430
104
500
629
264
233
430
299
187
170
451
382
624
100
541
42
428
627
374
373
344
544
111
363
441
88
76
593
165
463
104
522
324
516
439
160
330
542
11
410
74
246
95
583
39
556
464
453
434
213
320
313
590
148
207
346
441
215
396
634
172
220
14
636
556
293
598
579
225
510
8
279
620
424
18
243
554
153
590
221
559
345
2
557
264
148
533
331
75
27
600
395
78
601
526
99
7
102
148
311
277
58
621
434
47
521
11
266
187
510
48
568
488
6
575
435
86
221
214
111
50
518
168
484
519
537
451
347
490
258
94
69
609
181
300
26
194
263
569
536
603
583
472
438
521
228
291
526
50
87
587
222
605
143
421
257
261
495
436
112
26
241
246
266
99
565
609
213
558
61
442
263
194
451
637
407
612
487
590
245
589
199
188
157
291
60
623
469
2
321
561
481
603
176
400
543
632
203
55
507
265
120
321
637
589
565
15
80
216
381
396
514
359
60
570
636
244
110
18
448
101
591
498
453
230
629
175
258
425
401
115
405
153
610
286
595
269
565
207
515
608
148
557
61
330
244
600
512
72
62
628
364
383
543
228
107
231
435
285
356
46
230
606
554
121
153
73
450
494
585
153
630
45
585
183
521
577
263
502
629
389
254
244
541
152
344
323
300
502
252
51
17
309
419
25
582
25
341
370
108
42
513
407
24
190
116
567
145
639
286
585
213
508
330
628
134
302
530
488
265
469
139
277
289
265
153
639
508
324
534
207
417
386
33
595
488
417
578
637
62
588
278
150
132
130
141
501
338
24
108
349
38
326
352
215
240
403
168
530
298
268
192
157
501
102
332
380
484
465
458
46
59
606
534
419
41
271
471
196
471
66
536
357
436
551
47
15
427
250
428
458
627
135
116
501
191
272
239
132
229
600
332
245
209
338
249
407
512
422
610
315
320
295
478
212
289
249
88
212
458
216
634
345
221
236
196
625
594
107
129
311
399
188
536
478
430
197
221
497
453
459
172
233
324
90
379
61
79
627
369
597
290
40
533
560
341
524
223
181
379
259
421
118
400
15
198
400
191
611
603
181
576
596
363
157
167
604
197
23
163
446
37
264
272
557
221
406
34
251
101
337
50
575
13
61
409
487
7
41
311
517
476
236
567
540
246
635
179
65
140
521
171
258
521
320
251
372
85
191
628
97
272
194
614
79
8
554
615
448
271
169
216
63
167
429
171
477
289
438
583
6
122
374
596
522
2
589
72
143
514
456
376
79
65
181
437
32
98
97
483
157
98
152
511
58
347
443
107
452
336
104
466
380
513
374
459
167
42
181
419
175
97
397
492
190
511
252
637
55
203
585
371
97
0
258
508
274
59
103
217
236
503
227
590
102
66
598
112
396
605
625
268
438
425
432
453
210
590
576
623
435
11
430
608
79
315
67
23
59
0
347
585
418
388
250
460
270
118
618
519
541
361
157
184
199
404
388
42
406
8
229
86
426
24
74
2
388
219
607
614
230
308
469
554
434
80
74
201
564
501
74
388
481
350
495
84
625
370
145
302
283
234
553
174
128
551
283
418
487
47
104
53
486
422
534
145
224
148
251
160
613
47
408
374
267
153
512
271
84
345
407
633
240
10
564
570
22
472
576
224
37
325
298
67
298
502
563
637
125
224
538
289
537
240
362
42
231
206
291
469
475
507
32
208
451
501
356
156
151
639
352
141
203
160
262
117
584
426
468
16
605
486
113
371
22
149
341
53
619
358
340
442
26
551
244
113
120
310
473
70
460
442
422
285
416
552
199
63
141
592
92
453
18
337
25
95
601
312
80
131
613
473
142
421
437
316
9
319
435
285
93
104
37
559
550
344
288
291
345
180
381
140
200
385
138
578
405
222
34
274
128
464
495
631
273
166
144
84
276
158
107
388
353
138
228
460
113
405
498
559
114
208
601
121
107
252
374
250
291
167
426
278
568
61
412
618
383
480
407
3
495
574
19
639
530
463
508
604
540
24
119
258
217
94
153
527
368
301
69
490
574
254
259
569
585
372
583
3
551
322
565
9
57
385
285
407
276
419
490
218
211
519
42
228
22
500
438
41
143
54
536
69
507
455
98
463
523
48
524
597
384
318
237
412
473
113
604
165
605
498
322
158
48
66
270
281
257
323
408
412
10
245
248
441
585
393
25
503
120
289
461
22
475
51
41
387
222
463
135
70
415
78
463
354
347
82
284
289
130
246
266
79
347
296
139
85
160
28
285
525
441
625
208
222
83
308
275
107
143
245
323
332
459
399
465
491
549
639
350
559
401
249
620
94
380
381
32
166
443
385
393
250
145
611
286
244
611
449
472
348
546
436
631
54
338
445
243
620
180
481
1
151
121
445
519
255
530
575
264
21
500
98
585
293
530
469
493
30
456
251
248
156
449
552
486
124
528
74
176
188
316
400
382
615
246
145
441
280
16
564
247
329
636
143
554
491
206
120
570
125
481
415
302
199
277
275
21
173
170
550
620
200
184
181
391
394
436
407
176
479
469
586
217
610
500
183
385
502
66
390
30
160
243
463
165
282
434
6
616
16
221
606
121
174
246
386
296
605
392
415
583
577
606
394
591
286
191
25
195
354
307
87
628
453
402
586
109
65
486
82
582
511
507
528
533
188
527
299
521
321
107
42
124
375
399
526
446
331
517
42
415
604
108
64
497
169
440
130
557
16
202
600
21
112
183
319
588
67
156
416
257
396
130
277
536
582
492
331
607
521
615
444
21
457
206
365
523
475
436
578
593
522
534
483
130
610
593
446
137
24
45
324
452
75
462
8
343
506
205
418
160
71
528
604
206
497
181
319
300
308
483
630
556
296
230
71
215
529
552
226
535
369
566
127
170
488
359
127
546
302
35
44
147
47
77
364
230
609
207
127
460
259
73
638
415
273
433
87
221
473
432
432
436
549
582
210
564
308
543
107
452
397
519
338
586
468
84
353
211
382
545
399
297
75
467
410
167
36
624
243
360
64
607
200
94
267
378
352
125
156
389
329
261
0
446
108
445
167
101
386
515
323
261
265
384
522
552
146
213
461
360
448
314
468
209
346
31
333
329
603
583
629
633
351
490
54
601
70
560
410
552
586
353
244
582
346
235
54
382
492
457
548
375
552
3
173
365
414
397
519
263
510
211
112
56
241
617
434
585
449
200
494
173
278
167
426
359
273
390
423
297
347
168
565
75
500
92
629
18
60
503
314
214
509
102
591
253
506
636
141
222
386
113
614
587
263
120
359
175
571
494
503
130
552
20
496
301
419
165
194
152
333
198
281
488
434
616
297
151
130
551
342
348
51
602
222
628
389
78
84
87
191
456
197
73
467
197
328
530
10
113
265
388
432
334
289
567
54
69
320
159
328
23
377
573
25
173
135
380
108
441
508
302
15
222
72
273
195
340
220
612
213
620
117
543
468
197
530
330
203
590
388
399
607
519
551
53
309
85
429
467
578
265
450
483
408
117
577
297
197
495
109
62
258
548
603
83
105
309
77
53
334
585
120
79
129
512
571
488
508
302
547
351
545
530
381
355
321
635
321
589
292
280
265
195
292
121
302
2
496
458
368
292
135
44
213
220
493
524
468
263
322
160
191
115
265
431
520
287
608
603
573
396
388
353
484
405
575
384
37
472
180
352
205
239
126
377
168
190
211
343
538
156
2
49
215
54
579
482
54
307
442
496
363
490
608
258
601
445
405
557
490
99
252
541
608
270
244
203
557
28
113
575
622
395
128
334
97
144
447
189
610
544
589
473
64
224
469
177
541
373
119
217
525
446
477
594
522
12
585
44
21
29
484
395
328
538
465
100
209
399
62
119
586
446
218
86
485
461
532
124
51
239
285
359
404
184
136
300
141
235
319
357
150
0
407
476
279
226
0
556
86
608
248
409
407
252
529
388
604
81
452
414
215
307
472
462
561
360
632
322
0
134
461
71
237
581
112
7
147
633
134
23
379
549
215
205
226
116
92
485
366
476
359
409
608
425
309
591
2
256
66
55
12
444
147
425
531
425
584
425
311
441
448
211
476
273
361
457
621
562
226
543
395
72
351
352
248
169
371
249
20
494
118
389
271
87
414
124
390
87
603
467
221
401
280
193
504
354
141
371
394
210
167
316
248
74
341
486
549
577
476
219
597
409
50
616
545
397
554
634
365
397
285
218
187
253
11
253
385
239
92
409
347
529
214
576
608
187
457
551
44
405
348
142
293
27
374
370
81
31
490
455
608
540
327
105
339
560
280
245
228
510
609
41
457
308
347
270
420
350
11
636
480
25
229
638
631
58
585
164
418
391
136
453
494
31
71
503
448
188
87
389
360
101
348
245
2
182
69
497
46
433
601
309
432
616
450
579
245
20
515
432
615
397
433
114
611
52
545
287
320
442
197
51
125
230
156
350
399
426
164
8
553
478
361
467
112
105
94
458
64
145
260
408
480
609
614
391
224
466
404
621
320
566
101
7
394
154
88
561
59
480
346
217
465
249
319
480
425
41
3306
