1 0.080149 0.00082101
2 0.0641426 0.00112496
3 0.0529994 0.00130805
4 0.0473593 0.00252509
5 0.0440864 0.00283292
6 0.0346592 0.00174144
7 0.0313586 0.00200184
8 0.0486397 0.0103385
9 0.0333383 0.00444857
10 0.0368821 0.00716615
11 0.0285685 0.00468327
12 0.0243943 0.00329939
13 0.0250817 0.006356
14 0.0225092 0.00721569
15 0.0127657 0.00239096
16 0.00883096 0.00133448
17 0.00795155 0.00144642
18 0.00758102 0.00198262
19 0.00608051 0.0019944
20 0.00438019 0.00100034
21 0.0131769 0.00737122
22 0.006071 0.0038738
23 0.00627242 0.00325302
24 0.00329095 0.00140299
25 0.0027662 0.00116128
26 0.0019018 0.00101047
27 0.00332185 0.00273479
28 0.00205819 0.00153234
29 0.00201664 0.00155546
30 0.00122354 0.000619482
31 0.00158924 0.0013817
32 0.000523513 0.000269685
33 0.000323552 0.00016167
34 0.000163805 9.11216e-05
35 0.000215591 0.000120999
36 8.90626e-05 2.78252e-05
37 0.000929023 0.000795728
38 0.000546685 0.000486541
39 0.000218157 0.000156965
