1 2.23043 0.0139222
2 1.80631 0.0235599
3 2.06664 0.0363303
4 2.09804 0.0384819
5 2.14512 0.0416756
6 2.16151 0.0449601
7 2.21028 0.0476514
8 2.19156 0.0503701
9 2.22542 0.0533527
10 2.23623 0.0555774
11 2.22771 0.058089
12 2.25494 0.0603627
13 2.24627 0.0622202
14 2.2366 0.0641917
15 2.25837 0.0667922
16 2.24424 0.0689955
17 2.24556 0.0710667
18 2.24528 0.0731098
19 2.26557 0.0748621
20 2.27584 0.0766225
21 2.29601 0.0786642
22 2.27162 0.0827418
23 2.25402 0.102068
24 2.39311 0.0994248
25 2.27991 0.139076
26 1.7673 0.4993
27 1.10968 0.750542
28 2.3893 0.229448
29 2.99606 0.142591
30 2.56326 0.376065
31 2.30574 0.556561
32 1.80133 0.707237
33 1.73342 0.777971
34 1.75645 0.816579
35 2.32635 0.632561
36 2.96953 0.449069
37 3.00454 0.529275
38 3.40907 0.55036
39 3.97176 0.493583
