      1.69999504      1.340588384      1.055839105                1     0.5939332305      0.822435501      0.777432155     0.7331027636     0.3331315112     0.1458341747     0.2606868454     0.3442351862      0.468862724     0.3024406949     0.2140958014      0.183458209    0.06826958159    0.08744323355    0.02959192181    0.03322650943    0.02504023811    0.01103579529   0.009814942768   0.003475137509   0.004538831445   0.003040371665   0.002987283362   0.002720074569   0.005884762759    0.01181427523    0.01879597726   0.004674194343   0.004321583582    0.00250626962    0.01578883738 
     1.314404081      2.513120983      2.291791662                1     0.4565364258     0.8307617869     0.7744706305     0.2474268265     0.1408405376    0.08938266778     0.1416215216    0.06514020765    0.02983810639    0.01366055309    0.01162577964    0.02952087492    0.01512999033    0.01870916208    0.06675662634    0.02508947734    0.01940600208    0.01297622138   0.004776688118   0.004247126375   0.002653020003    0.00189163643    0.00201223999  0.0005633616468  0.0008794957696   0.002414778877   0.001659689861   0.002823478573   0.002362634109  0.0005748860517   0.001882257674 
      1.93461835      1.081656587      1.025340193                1     0.9654318477     0.4412182002     0.6253580406     0.4361507677     0.6898913007     0.3812280542     0.3640541396       1.30509455     0.2830965431     0.2020886926     0.2811823579     0.1435799165     0.1360138888    0.03130984202     0.1209014853    0.08380307511    0.09668456433    0.01575817562    0.02697735657    0.02049301964   0.006525564276   0.004660800654   0.006653213008   0.006308606194    0.01293084695   0.002634529686    0.01629394323   0.000815197158  0.0005046262679   0.001348049616  0.0003072055235 
    0.4454465303     0.6554433459      1.052961246                1     0.9266220449      1.494658845      1.029707573     0.7773580662       0.35184813     0.3477082814     0.3312518972     0.9823588335     0.7727803516     0.2062534041     0.1276647462     0.1248089673     0.0458261853    0.03198335152     0.0502634133    0.02361469867    0.01759568026    0.01810555786    0.01997563867    0.01347768712    0.02100483195    0.01680387449   0.009075489562    0.01127756773   0.009940968352   0.006615476074    0.01786197762    0.02838375746    0.01944777831   0.005717911065   0.003990084985 
    0.6050115357     0.7179207691     0.7309069668                1     0.5826780703     0.6286458273     0.3055379965     0.2728458227     0.1771967043     0.1442188122    0.05086015797      0.126037348    0.04206509134    0.05758151267    0.02297416487    0.01544670022    0.02410263646   0.007293811317    0.01676575467   0.008715587461   0.009963295174   0.005310741559    0.03273382975    0.02668268842   0.002762791396   0.001951068422   0.003626512622  0.0009559882999  0.0003741850888  0.0002394362572   0.001249810755  6.256086254e-05  0.0001248084786  2.568328004e-05  5.646819392e-06 
    0.7414353912     0.5054309619     0.9382880664                1     0.9410855195     0.4947028691     0.6097322063     0.4086925268     0.3539571931     0.1322349314     0.1726262114     0.1843222342     0.1480440589    0.07533322607    0.01805225162    0.01870997579    0.01461966605    0.01127235946    0.01272142955   0.003623785323   0.002449753578   0.001981255759   0.001719412327   0.005037452763   0.003423403338   0.002132701595   0.002131885169  0.0001807787667  0.0001274712911   9.57613195e-05  0.0002257881817  8.603179061e-05  5.191397083e-05  0.0001950719733   1.51011309e-05 
      1.04141724     0.7319033105     0.6516754688                1     0.5088353398     0.5326075713     0.3270137529     0.6064140896      1.202016612      1.157679425     0.9458310914      1.656573192      1.094166987     0.7108786398       2.11198028     0.6146997027      0.769960025     0.5389731649      0.298373149    0.06554459915    0.01531515283    0.01651676306   0.009385080409   0.003693230538   0.003178996143   0.002060798683   0.001708859401  0.0006316785621   0.000410958567   0.000535574978  0.0004273713384  0.0001663269703  0.0001602513425  0.0001517805358  5.916971485e-05 
    0.5880994717     0.3531307346      1.150006234                1     0.4836241074     0.8528366555     0.7047800562      1.158583556     0.7278556664      2.357074163     0.8720579541      1.108514899      1.669677021      1.025172074      1.749899744     0.1486610806       1.26029122     0.2013632765     0.1569278361     0.1374996877    0.01756408836     0.0849360269    0.01272405081    0.01561299825    0.01833667755    0.01493587331   0.004004048106   0.001108116093  0.0001814611335   7.88845653e-05  2.139073981e-05  1.420386168e-06  4.418036742e-07  2.592311751e-07  2.225916919e-07 
     1.202217336      1.068965547      1.376195873                1     0.5258537949     0.5792244771     0.3871995755     0.4118661963      0.433751712     0.1628708568    0.09746702144     0.1387099596    0.08157750721    0.04122881281    0.02975261637   0.009630418782   0.007536834971   0.007870798295   0.003847165333   0.009782489907   0.003437206981  0.0005605586502  0.0009545191524  0.0008095536118   0.001070735178   0.002135730597  0.0004907043713   0.000482486229  0.0003226629525  0.0007467185019  0.0002180086175  0.0002776727751  0.0007622409588  0.0003093494745  4.207181717e-05 
     0.542667638      1.190497789      1.598442953                1     0.5234827598     0.4981962959     0.3383730999      0.325209548      0.536631497     0.9189980685     0.2246686337     0.2499430441     0.1215156092     0.1315236729     0.2509796879     0.1645920393     0.3330529926    0.07122941726    0.08128394965     0.1733769036    0.04946459524    0.02748320776    0.01671416078   0.007340095563   0.001596308467      0.002879835  0.0008742775069   0.000745270634  0.0004986124163   0.000120836459  0.0001137966147  0.0001468760889  4.776181168e-05  0.0001867224148  8.690200688e-06 
     1.058736467      1.473067847      1.290745861                1      1.691634828     0.6486902932     0.7799455029     0.3918638044     0.2534874572     0.3354474098     0.1778863385     0.5612688136    0.07798260313    0.05810294251    0.02451594022     0.2164462383     0.2041390608     0.1857161712     0.1296338109     0.1300842579     0.2594727373     0.2062546806    0.02559318062    0.07933605339    0.01232694487   0.009610122822     0.0199340298   0.003646513609   0.004554166782  0.0005738744757  0.0001821417661  0.0001126061311  2.245784441e-05  1.677221195e-05  2.429692856e-05 
     1.069449574      1.197594974     0.8777626016                1      1.137869209     0.7360717324       1.08430752     0.4286536406     0.3398053002     0.2654191897     0.1398079352     0.1294595938    0.07774838132    0.04699256848    0.05602047961     0.0295525774    0.02736234862   0.005411080211    0.01335516531    0.01227486205   0.002144299752  0.0005928124228   0.000451775123   0.001268937251  0.0002010778923   0.000285560346  0.0001320234274  6.064629698e-05  1.386543557e-05  7.761194417e-06  2.655493862e-06  1.225206229e-06  4.736857818e-07  7.529016219e-07  6.146818124e-07 
    0.9434759525       1.04803511     0.7025422715                1      2.351223285     0.6664809819     0.7228797534     0.8566603279     0.2298567991      1.113413695      2.446858508      1.265729669      1.094325446     0.2438270821     0.1679581527     0.2901564959     0.5210879533     0.0312885964    0.04285544151    0.04728117506   0.006146339736   0.004121198227   0.003419797685   0.006126752659  0.0005935700935   0.001113939637  0.0004483863429  0.0002158769172  0.0002026211253  9.284188663e-05  0.0001471282125   2.03657623e-05  7.995258184e-06  4.136330397e-06  1.076743105e-05 
     1.432837234     0.9857137383     0.9293930664                1     0.7110698535      0.782724104     0.2719862817      0.372493863     0.4921970793     0.1939338858     0.1231118208    0.08581733771     0.1948987957     0.1121958554     0.1214236499     0.3103713846     0.1247799904     0.2362796081     0.2317902384     0.0508924121    0.02285056276   0.004976401983    0.00870125152   0.006668513004    0.00696992868   0.003403585775   0.001350276306  0.0004103582662    0.00013597229  2.302919903e-05  1.009034182e-05  1.217919335e-05  2.645923926e-05  1.830465686e-05   7.54668799e-06 
    0.7607605436     0.9276205364      0.611891541                1      1.321333514      1.173398179      0.593090629     0.6284870051     0.2587186155     0.1878562064     0.2278429869    0.05614822608    0.06297880984    0.03205682749    0.02671622474    0.01850206131    0.02960180124    0.01158249419    0.01479576184   0.003990975582   0.001210764715   0.002905570054   0.003092552837    0.01078370558   0.002471821768   0.006651094386    0.01155560642   0.001450282542  0.0004387621136  0.0002781825173  0.0003824611845  0.0005951348517  0.0003562949222   0.005621057916   0.003893362577 
    0.9131412689      1.389130667         1.132907                1      1.184353068      2.153248106     0.6778284526     0.7843994212      1.267713989      1.237734411     0.3081384361     0.2431359749     0.9331095295      3.663551457      2.829712693      2.489857836      6.174478427      4.414680919      3.160929201     0.7421707209      2.666826667      1.003980332       1.48363682     0.4872791013      0.035170448     0.2249237836    0.04715605237    0.05114365493    0.01362783655    0.00138454025   0.001594573784   0.002211792565  0.0003605500124  0.0003218560766  0.0005075166943 
    0.5378918304     0.4991375029     0.4940467598                1      1.064634094       1.12648792      1.027428839      1.571583117      1.018931925     0.6382136217     0.4431612557     0.1821161227     0.1287717236     0.1418170351     0.1397171852    0.05817545731    0.05358936363    0.06711875084    0.05442169738     0.0612193454    0.02286134238    0.05131203566     0.1463291457    0.06707516885   0.008698907037   0.005744323131   0.004407121386   0.002589273677  0.0003382684743  0.0003757390227  0.0002043138358  0.0002639678858  0.0002367163742  9.737769429e-05  0.0005408859748 
     1.399688284      1.432581823      1.081899404                1         1.481802        1.2371902     0.8803819015     0.9117500299      2.622158246      1.631940979     0.7606300278     0.2665809478     0.3987012773     0.7373077499     0.3427735223     0.1573497901    0.07177822219    0.04899512778    0.09453249217    0.06660241351     0.1836647182     0.1024365151    0.01088712843     0.0377592073    0.01583132829    0.02289001632     0.2697862037    0.06424875443    0.02567958404   0.007954971484   0.003600034205    0.01067194127   0.006386360691    0.00526610278   0.005125709151 
    0.9802449633      1.327174159      1.305248352                1      1.668219623      2.040234102      1.231232376     0.7942329291     0.6866751326     0.9837392421     0.6251284356      1.593961937     0.5321558097     0.3879266365     0.1389392929     0.1470152136    0.09713023568    0.05466869397    0.04828933885    0.01559195336    0.01102154746   0.004661660509    0.00213306425   0.003039814109   0.001044105845   0.001074174039   0.001188810329   0.000317114338  0.0003115437876  0.0001543169997  0.0001997964509  9.152622998e-05  7.113425626e-05  0.0002985098572  0.0001508320877 
     1.657728961      1.202657344      1.693918902                1      1.344200006      1.223438031      5.421819829      3.244634959      2.828485551     0.7587293462     0.9844364128     0.2003312803    0.06926947773     0.1173297984    0.06680455245     0.2576125565     0.3851118677     0.4438406136      1.832545856      1.878283069      2.342034991      2.351140589       1.09104439    0.04990659928    0.05001994397       0.22676851     0.1729148882      1.484409112     0.1322605252     0.7049475601     0.3427793357     0.1795692481    0.08116069483    0.01057678439   0.002207520024 
    0.6068510234     0.8540785756       1.33026541                1      1.970956031      1.474688239     0.7689827198      1.495418471      3.716816647      1.400261881      1.878597728      1.357606326      1.984412158      3.176905727      58.29793592      132.8814719      17.66208823      3.750977742      3.349659681      1.215453291     0.1716956601    0.06908370992    0.02173508352   0.003259563789   0.001174384701  0.0006744901698   0.001330936239   0.001126934876  0.0003449702877  0.0001641526005   0.001312459899   0.002091268557  0.0005076355735  0.0002271981335  0.0003321406005 
    0.5927413018     0.3606868308     0.9756414609                1     0.5928903262      1.435933563     0.6069579213      0.340207345     0.3132152443     0.6442337212     0.6530372249      3.066876544       3.86951666     0.5071053728     0.3405532708     0.2865850906    0.07616455025     0.3673615143    0.08287004952    0.01044026266    0.03526245805    0.06650872555    0.06731652975    0.01728648249   0.001739679038   0.002101634922  0.0003464343824  0.0004374951125  0.0008085142476  0.0004586178442  0.0001721837033  0.0001101593509  9.059871218e-05  1.295613029e-05  2.247888663e-06 
    0.9962347092     0.8222668635     0.9506980664                1      1.701327016      1.591448751     0.5935472002      0.600209125     0.2419573964     0.2594680883     0.1477514724     0.1635167547     0.1285419193    0.08832912088     0.2836248235    0.07438704647     0.1218002748    0.07033114189    0.06038528821    0.03433806317    0.01371528605    0.01847823073   0.006800105209   0.001445289252   0.001139727425   0.000488660709  0.0006650044343  0.0006325268193  0.0001513339864  0.0002187413523  0.0001136055403  0.0001597851933  0.0002606819839  0.0002488088648  7.275752896e-05 
     2.605193193      1.413102662     0.8959931797                1     0.9964331113      1.191676862     0.8370660525      1.092221097      2.763866101      5.163608138      10.25712534      16.14615804      14.53013705      9.593147715      17.32150597      15.08393417      3.485399869      6.056985991      2.108521364      2.320258195       5.15717758      25.91368465      33.14672088       56.0652122      15.18108774      7.881659473     0.8415915122     0.3812735758      1.254030541     0.9901796505        2.2332422      2.540099421      4.083950764      1.225192625     0.1534464859 
     1.067266692      2.197910597     0.5816442383                1     0.7343984512     0.6428879036      1.553417405      2.209793409      1.160721072     0.6681698937      1.718071424      3.185315948      1.717952007     0.1933170476      0.103702889     0.1404825904    0.03810509974    0.03822690292    0.02591888997    0.05619072945    0.07269585572    0.01789954952    0.02640276703   0.009549470921    0.04982681611    0.01118656874    0.02114139913    0.01590861428   0.007970076142   0.004860075798    0.05997448639    0.01649221655   0.007371471105   0.008292731718   0.007217445311 
    0.4667792847      0.403756394     0.7641673535                1      2.016616307      2.168773915      1.501338927      3.212018728      2.396161122      3.652741582      2.083520993      1.612966789     0.1219691576       1.53539739    0.09839756331    0.05797193596    0.05527289249    0.04396085689    0.01751598225   0.009698900454   0.003904618098   0.006050540959   0.005089988406   0.008089593465   0.005049566138   0.001432983717  0.0008784897449    0.00353511756   0.003955628392   0.005638102159  0.0004237448039  0.0002749758136  3.585110445e-05  0.0001192747019  5.075937875e-05 
     2.618528695      1.493479757     0.9025484043                1      0.660095373      1.143992743     0.4858431395     0.4244671358     0.4628194234     0.5817001744      1.031047032     0.9608248776       1.29893285     0.8423762211    0.07346198528     0.1526287026    0.05127255691    0.05738435216     0.0532336179    0.04042357931    0.07220146026     0.1454000372     0.0448685024    0.02488295015   0.003172025664     0.0110243539    0.01251355748     0.4232252241    0.05996342314   0.003399859987   0.009348444321   0.009465129564   0.006907554335  0.0009300608639   0.003404349641 
     2.082757193      1.814432138      2.042734922                1     0.5816982949     0.6506745759     0.6476831268     0.4333896469     0.2798780105     0.1766178514     0.2011642297    0.08852506048     0.1334685455    0.09022821228    0.02338652469    0.05737300157    0.03695984797    0.01258113072   0.008901634261    0.01010900594   0.003076207021   0.001820708393   0.008636609696   0.003620307906   0.002561593168   0.001607711756   0.002415087943  0.0009325833565  0.0004861321886  0.0006650343175  0.0004902136756   8.73820962e-05  3.885411255e-05  2.300604675e-05  2.691846002e-05 
     2.987560231      1.495625369     0.9981514375                1     0.9326454258      1.179364356     0.8665629649      1.359290572     0.9828154814     0.7886657177     0.2703200475     0.5098337684     0.2067045846     0.1124405774      0.056878086     0.1427577411     0.0764462488    0.02884413707    0.02428046533    0.05875985317    0.04400684882    0.05455296078    0.03925179662    0.01766242639    0.01246926063     0.0167277996   0.005595895063   0.001758260622   0.009291629277   0.008488595191   0.007633124478    0.00348913759  0.0007892582267  0.0008399689975   0.001702657536 
    0.6407692934     0.6051766654     0.8880370879                1     0.3792595723     0.5409368953     0.1058043859     0.1537794017     0.1280254261     0.1304804449    0.04427457524    0.02034811012    0.03735611474    0.02538582073    0.02786442779    0.01402438411     0.0170903457    0.05396346646    0.02902375255     0.0490545852   0.008893376837   0.003323962584  0.0009084462658  0.0006207510895  0.0007475066835  0.0006755375767  0.0004139840346  0.0004416421961  0.0004271861163  0.0001820318694  2.626433242e-05  3.259259468e-05  3.808302009e-05   0.000186556236  9.646753716e-05 
    0.9796840093     0.9572278013      1.600416922                1      1.733657678      1.234583773     0.7283208265     0.6505796538      0.566383163     0.5279640987     0.4041818222     0.1541638122     0.1041596799     0.3608349855     0.2576336463     0.1696298391    0.09819865858     0.1053760411    0.05915743592    0.02641550288    0.03445078877    0.01949438766    0.01625535666    0.01072444015    0.02758361802    0.03749184481    0.01519488012   0.005087239887   0.002714250596   0.003177534265  0.0004767617557  0.0007040370263  0.0005872758346  0.0004426432542  0.0001362690486 
     3.129500332      1.695718633     0.7561591445                1      1.033896992     0.7803437092     0.9721929558     0.4551517592     0.7937195872     0.7772811415     0.3084358344     0.1079033851    0.04130254778    0.03625904387    0.03246136798    0.06587526748    0.05343255888    0.04561847983    0.06489302941    0.02704237748     0.1534867058     0.1424379655     0.1951839897    0.07671453669    0.03445614331    0.04283496753    0.00873542223   0.001237638181  0.0008857097067  0.0007488713769   0.000532905654  0.0004791063994   0.001030992064  0.0004022933432  0.0003048524628 
    0.4231832392     0.4803106622     0.8155942402                1     0.5587779902     0.6987833062     0.4838765226     0.9113537091     0.8513096128      2.019789155     0.7768661463     0.4200059262     0.2544211495     0.3548890967     0.0662584538     0.5072122549      0.974137928     0.5071070167      1.194041498      0.983763009      1.017248901     0.1266000525    0.04540712255     0.0389583026    0.01763530592   0.003637705623   0.006137394994   0.003579190764    0.00590475285    0.02562464697    0.03651015261    0.01647008366   0.006190685281  0.0007427702824   0.002630800379 
     1.668589886      1.097119527     0.7313674023                1     0.2558620703     0.2024223427    0.08124638361    0.09833458736    0.09200785582    0.08918236888     0.0680062209    0.04344243723     0.0425296004    0.05009577464    0.01807625836   0.007960714831   0.005563473451    0.01267333842    0.01356271321    0.01809253665    0.01996125039    0.00948491512    0.01596078249   0.003338998302    0.00145973901  0.0003897883689   0.000208785836   0.001029940928   0.001963654778   0.002784883854  0.0008683029534  0.0002352002973  0.0001948417709  5.037310433e-05  4.184105687e-05 
    0.7453812605     0.9496997133     0.8317036113                1     0.7094745254      1.061663573      2.964151789      2.379152627      1.867522525     0.6867170776      1.525847597      1.248555667       1.57843402     0.7435229914     0.2090673383     0.1331658765    0.07890903017    0.03727211147    0.06552788502     0.1093061936    0.06368569328     0.1501513993     0.2409741985    0.04136902069    0.09465513225    0.03886662424    0.07544092943   0.004513456485    0.08616369402     0.3501017588     0.1314994778    0.01595014149    0.02165303936    0.01384454391    0.04546614863 
    0.4771358483     0.8016141138     0.6780484453                1      1.217178248     0.6688169414     0.9331923682     0.2297341024     0.1600660779     0.1357393145    0.08504579189    0.05427517565    0.09254797551    0.09575593477    0.07254715966    0.07390661904    0.06666430381   0.007809709031    0.01470917331    0.00298938544   0.001158304635   0.004281439817    0.00124834847  0.0005677004572  0.0002100272192  0.0001401474615  9.159851416e-05  0.0001188534536  0.0001183066075  0.0001176705624  5.712274395e-05  3.334640434e-05  1.223862116e-05  3.209540609e-06  4.217390226e-06 
    0.2048589738     0.4762570482     0.3532724551                1     0.6913383477     0.6412484534     0.5565558478      0.708067701     0.5709803381      1.457906056     0.6540334272     0.6935707981     0.6606750835      0.172571531     0.1665243061    0.04905145253      0.106700306    0.01723206452    0.01810831723   0.008176264145    0.01030399872   0.006576732574   0.007244237405    0.00389586789    0.01102754863    0.01294879533   0.001841003267  0.0006316922482  0.0005098831236    0.00103303401  0.0009442293786     0.0001547601  4.233865181e-05  9.913883978e-05  0.0002315651679 
    0.7712777416     0.6542332036     0.7246047188                1      1.428700471      1.019829042     0.6664525543      1.066150235     0.8441391406      1.268978991     0.9444520816       1.33238449      2.789843145      5.637683194      34.17547838      7.795610901      8.141705106      8.071269756      2.639059054      1.224849608      1.118544781      1.126612985      1.308236077      6.425702603       1.20967347     0.1146703741     0.1373269988    0.02277501458    0.01385462794   0.008840478592   0.004963419259   0.002066806683   0.003608432908    0.02575278435   0.005787656124 
    0.7347673429      1.858956777       1.51089667                1      2.085152508     0.9366385332     0.9166907648      1.124399952     0.4871219954     0.5032270867        1.2164388      1.725931136      2.328389664      15.30728733      7.652812336      3.859958679      24.51029636      13.15722851     0.5407850129      2.704695157      1.092336801    0.08601845562    0.07435090667    0.04695621706    0.02406919365    0.06432849393    0.07756985912    0.01736185035    0.01686376577   0.006112040193    0.01229071832    0.01136260449   0.002284217182   0.003643944167  0.0007572766897 
