1 0.985011 0.0596396
2 1.35373 0.0440203
3 1.03494 0.0231439
4 1.07728 0.015673
5 1.0105 0.0100339
6 1 0
7 0.974679 0.00917318
8 0.988452 0.0132444
9 0.954867 0.0193488
10 0.956939 0.0256353
11 0.895046 0.0288601
12 0.881294 0.0371461
13 0.932853 0.0695343
14 0.941417 0.138685
15 1.11813 0.229352
16 1.41899 0.626689
17 1.33805 0.414525
18 1.41172 0.561013
19 3.74346 3.16371
20 4.40093 3.83112
21 3.42682 2.90513
22 1.22704 0.752598
23 0.737112 0.251728
24 0.644603 0.291362
25 0.379574 0.0965084
26 0.412665 0.116434
27 0.296338 0.0608654
28 0.446913 0.157064
29 0.439494 0.320064
30 0.5194 0.325984
31 0.405234 0.273677
