-1934.650745
-1640.546036
-1796.133654
-1582.02543
-1158.519307
-3676.485388
-2016.556565
-3255.457082
-1794.555669
-1822.315302
-4009.315344
-2169.246782
-1248.132777
-3172.925276
-1507.356775
-1940.399276
-2534.483092
-980.7278619
-1321.599534
-2684.064764
-2233.324906
-2542.602577
-2272.099704
-2218.868006
-2449.347174
-2208.502825
-2524.334599
-1838.658363
-2586.060132
-2951.48746
-1508.799659
-1876.963689
-3075.536544
-3204.768395
-1156.764117
-1794.344341
-1754.224034
-1543.952981
-1683.445262
