1741
157
152
893
1747
440
1884
676
292
1064
1420
2040
1797
877
10
1925
569
1904
453
814
2001
1331
2097
2016
877
1181
560
1500
382
1728
412
612
1444
1919
1542
879
1788
987
1203
2051
1500
412
1923
2113
935
962
2054
344
1501
1084
9
148
1928
965
1612
1891
1058
1007
1296
1162
1817
1417
495
1963
803
1005
153
1212
2072
1391
222
1471
141
1549
595
1601
2058
1793
1967
142
345
27
1363
169
760
1135
2073
83
1485
1911
154
2099
199
195
852
2112
196
817
1919
2011
1034
2
344
1986
965
201
1657
1092
409
105
1838
2059
92
1680
172
216
329
169
279
880
199
988
1232
94
1720
2076
2076
1213
1464
980
424
442
1131
1744
1464
1024
569
857
486
372
495
1756
576
1124
1190
925
1607
935
274
730
119
73
171
616
39
576
1501
792
1670
2084
1773
1414
1441
1072
624
260
395
895
39
1657
905
571
118
824
1250
1503
2156
783
43
1987
1339
1281
2159
1708
1208
446
2002
846
1278
118
1549
1549
183
465
578
1328
1809
1580
621
1208
500
370
2169
1516
1396
1630
1962
1777
881
1536
996
1508
1469
864
2099
321
2060
1606
559
1391
2130
58
1997
1171
357
1476
654
990
478
303
744
1845
1005
796
2016
516
1525
252
1624
1849
103
1601
2032
2060
937
632
1040
334
1070
1175
1124
1664
1243
641
212
1184
1767
1705
1655
1744
1925
1592
1615
697
671
1724
621
1084
2156
2072
843
555
1620
2080
919
1937
1198
1261
1566
43
726
624
588
870
1005
2125
1413
2174
1071
1696
707
73
499
90
1587
1415
1344
1592
238
354
945
1806
2068
24
1440
1424
104
2147
572
740
1664
1962
42
2058
996
197
1852
202
1052
1100
636
588
29
37
418
382
331
149
1893
181
1097
1095
276
2122
1163
1152
79
1767
1607
514
1589
940
228
51
1376
1607
228
1976
940
1101
1759
602
638
1196
1410
1389
160
1798
1736
252
221
1606
2110
817
4
1339
1371
321
294
1528
557
1804
102
1442
1546
1913
1783
667
216
385
334
490
1578
1808
1952
1606
29
1392
1417
104
1688
4
1640
1317
821
6
1483
341
1343
418
472
994
1163
1981
517
573
1800
1819
772
493
1034
860
1667
905
692
1178
197
41
50
818
1955
952
1134
1402
844
441
1229
1750
2023
1982
921
346
585
1068
651
5
1894
2147
1750
749
1263
646
646
900
68
1915
1246
1363
385
227
2163
1409
68
556
1302
1933
2085
1445
647
404
1808
966
1462
341
615
972
105
210
912
108
902
695
1937
1840
744
482
1144
762
1988
1950
276
467
985
252
1965
1584
420
2072
740
262
983
1386
1969
1121
1239
393
171
1409
607
13
630
1096
1605
1820
1008
1873
2112
517
1227
1680
1487
1746
309
397
1257
2064
1020
1851
1684
538
1790
2055
1750
415
538
81
880
1108
121
100
406
2164
1184
100
1713
2139
1148
1357
550
2143
962
2163
1129
853
1660
1735
871
835
2121
140
744
981
496
202
803
1312
1437
1636
972
1371
1692
1213
42
1111
1134
571
403
575
578
487
343
0
588
1596
1149
1107
650
378
1136
1191
1460
276
608
1925
801
2124
131
1267
576
126
540
1095
1836
1041
921
1373
1909
1890
1474
576
1098
507
1199
1469
305
1818
2144
170
983
601
2116
1543
1015
72
632
604
321
146
208
1145
740
1271
2002
753
709
667
2135
1085
1175
395
115
68
1799
578
631
936
1593
1677
1819
642
478
1892
412
324
1190
1972
1636
1474
1683
777
1426
171
1442
2034
2077
1317
2097
750
1928
1524
1413
1404
1404
1414
418
1028
1280
905
1956
534
1622
720
773
208
86
140
823
1497
1150
630
1460
1059
1036
514
1389
15
1175
463
893
1150
456
1647
1709
1399
547
2162
44
1098
2087
650
219
41
1929
1190
1032
981
1046
642
716
639
1417
1120
1842
1640
67
424
461
1440
1073
241
2034
2062
1007
1690
1007
1986
298
735
1820
2001
821
213
138
750
112
126
866
868
1418
426
1011
1692
1594
916
1361
371
469
559
380
799
1177
52
105
1980
1621
732
677
1426
544
993
1736
813
54
41
1971
381
389
1468
824
1538
1700
1208
1953
1550
1687
1076
2043
117
1485
1200
1264
256
920
647
1994
1254
2116
456
811
2000
1267
961
804
1400
697
1828
1817
1057
1319
1200
1984
774
767
552
1409
147
885
1956
1330
1923
991
483
685
799
1737
1635
919
567
171
389
405
779
1532
1929
443
470
334
1243
200
799
1126
296
1387
1856
251
1509
977
61
935
19
1849
2156
1712
1410
250
1278
381
15
1351
1953
1327
511
1492
1391
298
260
681
1492
234
1853
1272
1593
1355
552
814
1170
1952
571
490
773
1423
1703
2009
974
1825
1702
1840
827
1132
19
105
246
893
1131
1029
1774
226
483
1925
824
1615
1387
2061
2113
1431
803
1675
1756
964
1768
35
741
1304
264
1190
1171
1394
110
228
819
2162
1498
1117
1596
476
92
1166
1987
86
1518
84
309
1536
864
1031
1829
811
575
259
1388
1878
401
912
1676
110
1152
1825
380
1872
1410
1724
399
395
196
1949
18
1432
140
2020
1188
60
626
817
844
68
496
1509
496
741
1008
1067
486
1817
97
1340
385
1541
1899
1768
1953
1478
1702
1284
1336
1987
677
1372
1281
413
1241
307
1128
736
1795
428
213
447
1894
1879
696
2023
1377
1916
342
1551
1552
504
751
1927
1255
1215
150
1117
1736
1713
184
321
1239
1720
2104
57
107
630
1516
1394
203
1799
1163
826
364
167
297
1161
84
1154
1910
1422
2117
270
217
891
1067
348
1419
1557
887
1216
848
773
1640
2171
797
2156
879
1290
484
307
1223
1431
1875
651
1606
956
843
89
303
1949
1932
1648
866
1684
1767
1891
1778
435
790
1954
114
638
933
1825
1582
1350
1776
1672
1960
870
1201
984
1707
1132
1316
1367
1717
1603
2129
1801
2012
1227
2057
1796
1520
1925
601
1343
1852
1212
1113
392
1717
1459
1764
467
743
1078
1758
33
1242
236
1642
1418
356
179
1333
1408
1379
1494
1265
1159
1750
1027
1616
1520
417
1814
1960
1805
419
2068
725
782
1265
1969
150
2115
1157
1707
1430
1713
245
1559
948
632
1445
1268
1372
401
355
332
477
1204
843
228
1087
824
1730
97
933
84
1183
727
1241
943
1057
1049
2054
1377
1825
1386
1106
431
241
787
1371
2150
585
174
1945
1465
2080
2039
990
725
607
764
1205
1849
1220
45
520
682
756
713
487
672
531
888
830
778
1626
186
1863
1243
213
539
1750
1188
727
134
791
397
43
1882
1032
771
519
642
950
536
51
1073
876
853
332
438
797
1356
2068
128
422
291
1092
1645
508
759
1666
329
855
1758
410
1834
1601
1505
822
1690
1347
1969
1706
964
154
2124
625
841
2060
1759
1668
24
78
1658
771
1215
839
133
2000
1975
2004
1296
749
408
1825
246
232
394
1890
1945
941
1304
1376
1002
2096
2072
1701
1863
2139
819
1766
1704
2174
1527
2024
1155
1284
148
567
1958
774
1728
1426
1673
746
2054
893
203
1915
1809
1792
467
1149
1004
1872
1523
847
1089
556
1482
1136
835
525
217
1593
657
1136
1202
433
1032
1687
1863
1707
1461
711
243
775
1453
24
1498
1575
100
1164
1896
360
1841
1986
1207
325
809
1910
1267
566
435
1692
1471
839
1981
2114
874
381
232
1049
1230
1042
1473
1284
332
578
1047
57
1490
1502
842
2166
195
1729
1088
1569
679
568
1986
851
382
412
2084
323
489
1161
1683
1343
41
619
1755
653
2040
1077
1481
1600
1590
1509
609
1369
561
1863
1794
251
944
704
164
956
292
313
874
1701
64
133
821
1419
440
1453
1462
2156
1437
193
552
1376
1181
311
110
799
1419
748
1896
14
1642
535
1964
605
1634
1788
2163
1332
125
187
503
2152
1615
1689
1290
476
83
519
518
580
1194
1133
1890
399
538
956
2019
1618
1219
1996
1387
709
1296
197
834
424
1516
1905
1559
197
334
422
1742
1560
1513
183
477
1214
1916
1119
73
1655
536
2168
1962
116
1516
1915
89
1760
477
1881
662
18
1468
1276
1692
1156
26
632
1750
1144
1928
1328
1165
2163
36
2153
1395
669
2048
351
1778
1387
2113
447
1035
663
1327
816
160
1312
1365
1067
1671
1863
1494
2117
949
86
871
351
1161
1760
1798
1626
1448
1343
704
925
196
964
424
2117
1387
775
1034
1427
685
1890
1087
1549
71
591
626
1183
644
435
1373
2095
1495
1036
1831
1546
1221
2133
1597
2048
693
1811
672
993
1430
1033
1371
561
2165
2114
822
1860
77
825
346
1995
1225
1144
1723
898
1103
70
1149
1328
2080
36
1065
975
1308
1806
1289
887
1415
2039
1075
1098
284
904
1582
840
402
1244
1803
643
240
808
80
1182
1207
148
1846
534
1747
1786
1210
2161
1805
1360
613
1347
264
10
504
1560
1710
14
632
2152
958
176
983
461
503
1654
57
1125
1967
1761
800
1807
1446
1475
684
43
854
19
1759
705
1028
630
850
1376
1692
2135
1995
544
826
1370
1700
1477
1199
2152
313
308
351
1848
1626
1407
674
1149
573
419
1326
226
464
1268
1803
1344
1981
1450
1264
594
947
350
1555
1532
1179
1489
1742
718
329
591
569
1120
1648
1072
1189
1582
2105
1050
2086
1709
1661
1886
369
2170
1181
63
155
133
1126
376
2067
1717
1962
571
1481
598
898
897
1968
383
963
215
36
657
1436
112
2028
1867
1740
1559
322
313
1889
2090
679
1272
1232
1179
475
1182
1942
1968
359
272
1544
1205
108
383
949
943
936
493
1430
1289
1129
986
136
770
756
1573
2058
1598
1094
1203
547
1731
564
901
1704
78
1302
920
866
1843
1987
1536
548
174
1085
1959
915
485
1600
1602
2085
2051
1073
1202
142
1204
1076
1809
678
1194
995
2098
671
911
1778
1809
540
1466
25
245
388
78
1464
1062
1238
1331
1162
2002
1433
1906
1775
276
1959
346
1445
6
1973
336
887
949
1164
1687
760
164
1637
345
1323
269
504
2142
424
698
1094
1307
97
1116
411
840
1164
769
416
966
1294
63
180
1669
111
2030
1485
1825
45
1704
1662
1917
2141
1289
683
1689
339
247
2156
1211
1472
1848
1925
2081
1312
995
633
1254
357
865
1138
708
1295
1445
804
1764
1939
614
1171
1687
316
1793
1752
1247
671
1316
765
505
351
779
322
781
1438
154
1299
677
1710
1777
1225
1057
1297
1900
79
136
1624
2156
1775
540
917
729
2024
2071
825
123
2146
1531
1754
522
432
980
1691
1852
304
75
1717
2081
551
960
47
216
430
647
181
1138
1792
1447
225
601
2146
1736
1361
456
1264
421
1479
125
322
537
183
1471
104
20
1214
1902
761
4
1375
1602
1443
947
1004
629
1082
780
1885
623
241
1033
1073
1100
2030
940
1736
447
1080
551
1259
2083
1403
1315
1597
2139
2068
669
1415
2004
1919
1773
931
1254
2076
1948
1894
705
412
259
952
796
1343
1398
279
901
2115
887
945
613
60
1889
1690
177
27
26
1187
1249
95
965
1323
124
1367
1880
337
1004
918
1247
88
1502
1284
434
825
1143
954
179
2011
1501
1462
416
1931
780
601
1654
179
582
2091
659
1620
1793
781
208
235
1773
609
672
796
1231
679
685
746
566
1107
1687
1606
2129
383
504
571
483
443
1226
237
2012
312
1208
833
1412
164
1222
444
149
719
1514
1522
2085
443
1694
289
1411
1919
76
1508
23
509
625
1834
824
1752
661
1466
945
818
245
694
1341
1790
1311
627
229
2163
2055
2105
402
1081
2025
2050
357
1138
1496
1434
1401
840
933
106
2136
2126
1316
149
116
566
1640
1717
1044
2030
1903
1698
1825
623
278
887
748
169
1739
1644
986
1555
1143
1393
2079
1916
646
1055
679
401
295
1597
2059
227
1590
1264
1981
1350
1618
906
1736
674
8
1900
368
754
672
1648
1143
1502
660
854
385
614
973
625
660
1148
677
46
1262
109
1682
1483
1313
2092
87
1436
233
1388
1175
1516
2163
896
123
2060
839
1896
2056
648
1136
359
1963
1840
795
422
1691
1411
1832
795
895
1619
1825
1365
1629
493
590
1641
138
735
186
1161
1939
722
1910
1775
523
1059
1848
594
399
1016
58
1121
1131
446
314
514
199
1295
1184
1610
415
1445
1926
1416
1147
1002
178
30
1578
346
810
1026
814
2026
1469
149
2126
1586
38
1535
1555
1618
1661
111
444
1115
1213
1656
1352
780
468
1705
2099
145
1249
486
1102
1775
2092
70
1299
1325
1443
1689
1798
121
1802
204
2013
14
1908
3
277
735
1080
1079
933
1357
592
1390
1366
1070
626
517
1486
2131
761
383
501
2127
592
1193
2066
1644
1108
2064
563
903
440
1226
1621
1118
374
1476
1328
2108
1006
1880
915
1877
1911
785
1220
1184
1221
136
1709
1044
1892
546
1405
594
649
452
1966
1487
1463
1082
702
422
1010
725
1013
475
235
1976
69
618
290
2150
1650
967
2050
1782
949
1568
2075
1156
2105
1266
1954
1150
2071
1447
2051
1115
173
2047
432
150
192
1555
1754
167
447
1333
504
1873
422
1649
170
1553
1921
523
732
439
447
1132
910
1225
1646
1120
1278
1998
2035
117
1433
1966
279
15
388
967
1982
9
1963
1457
316
1191
949
1723
468
1297
1380
2051
23
1215
1298
198
48
58
1651
1959
1898
1619
320
1661
1682
308
667
421
794
1704
1881
51
1019
1940
1079
1553
1600
1244
824
170
1219
1665
1814
2121
29
1911
622
1980
1193
1102
1149
526
1576
2157
935
1949
903
1227
807
1251
1380
1126
1401
1827
770
1723
334
321
470
1752
64
916
1781
1386
261
229
767
1084
1954
1025
1905
351
380
594
968
1585
943
1
798
716
518
460
1960
426
326
371
1592
1654
166
427
1624
1117
57
34
1220
1249
2112
1333
253
906
1931
92
1675
447
306
1043
965
1325
766
1927
1393
332
1891
830
1853
811
1010
1443
1037
2021
283
219
1712
732
1947
1488
2022
1036
1567
2133
1631
585
371
65
633
1949
1262
974
2110
1908
1292
1051
887
590
542
800
979
843
997
1428
417
626
2094
1152
1061
1544
949
94
1940
563
1709
1670
1643
1923
1297
2070
1429
594
1516
254
1895
1845
519
339
1566
1468
1812
1376
1331
435
1304
1898
269
996
1648
147
1961
1908
353
1862
49
452
1118
320
447
659
1198
1504
780
931
638
1735
1234
1364
1020
1410
1900
640
1412
320
372
543
103
1960
1099
906
1702
640
1914
286
1655
2064
301
1640
1614
15
618
2132
1847
1485
1468
2131
876
1036
746
1792
1966
6
1914
1151
1843
717
723
281
245
371
132
234
1506
1396
1311
1955
694
1838
1168
285
1779
1622
2101
1509
1592
1682
746
586
641
368
1336
1879
2120
73
641
906
1280
2166
765
1627
285
1028
553
925
1297
71
618
582
1262
1689
1566
682
890
1298
1215
2070
1565
1485
355
1569
1396
1998
1398
1191
627
1956
633
1756
969
183
544
1938
376
2038
967
996
1339
300
1412
455
1181
1378
1284
975
542
491
244
1502
675
1888
2073
1365
386
721
1903
1463
605
371
1809
235
1161
1198
1747
1371
1689
1950
1958
1612
694
88
1332
721
1784
230
125
897
408
1893
1988
1997
519
1809
1419
1384
1910
824
894
2121
1250
1470
306
2078
1867
1885
1964
584
355
1255
433
899
165
122
1680
890
290
1034
979
1737
1653
127
1893
2012
1838
914
122
1314
622
141
1263
1652
1884
1029
382
198
1464
216
1662
75
1238
1053
190
517
1600
1060
1082
1957
1463
1541
1450
1258
1678
1117
460
887
122
796
769
1087
1200
2155
1203
698
1740
973
934
195
1919
1650
1757
1542
1336
1711
1296
250
2156
1133
1606
1782
1713
967
808
1221
1629
2089
2110
1143
428
2070
984
542
525
1318
1412
426
31
1418
553
770
1874
1393
545
583
2035
1336
1566
1558
2041
762
1750
283
1028
1467
1030
747
1783
1620
378
1072
364
978
319
1235
966
1266
135
431
1117
415
492
178
1447
309
1401
778
168
339
2067
37
1324
933
70
636
1186
1246
1983
103
1434
259
970
474
2106
1366
776
208
1161
1955
1345
832
1393
1840
1983
1011
716
2007
1612
934
94
49
673
1264
513
552
363
967
253
1018
1526
98
1438
1623
739
1396
1768
489
1881
1512
765
402
496
1617
1230
1257
1060
1846
216
1625
1730
658
1559
1553
1103
1198
1156
1539
175
593
2070
756
258
183
630
1125
345
331
955
517
1763
492
1857
1959
1629
1558
1547
219
1960
776
452
36
678
1401
1221
489
651
50
1432
2089
1131
780
678
2089
1052
759
122
837
478
124
1615
1925
885
1476
1560
95
938
2175
1497
307
1068
1127
878
19
972
1951
530
290
2149
765
1025
328
453
228
442
1902
1844
1049
183
71
266
523
1920
910
1271
1155
1343
241
2012
447
652
220
1568
2129
1779
1148
1579
2036
217
1560
1357
1253
1428
811
1221
2104
1317
919
2139
2140
281
810
1759
1254
1736
2170
1238
1926
360
1288
656
688
1948
1960
919
216
336
937
1342
999
660
63
949
2080
1422
1196
1708
1864
1187
1554
446
971
1953
837
723
1998
1421
665
1447
1748
1640
2070
354
1392
914
1513
63
458
1223
1995
1315
1497
1384
1687
2030
848
24
1249
258
1569
492
1998
2017
1357
620
1820
258
286
624
1552
1100
290
1145
683
1560
2004
277
936
458
204
808
2009
536
574
604
1109
933
152
1895
1330
285
1723
840
1247
20
1824
844
333
823
143
1934
988
988
379
286
152
2042
1155
2069
1455
1324
987
2124
340
1652
854
907
1550
440
353
1614
1829
1773
1447
1401
1017
1757
643
102
1687
1082
894
1356
1912
1383
1273
96
995
1264
1563
471
651
1283
1657
1287
1375
2016
347
490
1255
1730
1815
2133
474
588
467
11
590
1481
2139
2151
1323
1890
1710
1839
459
2095
752
383
1310
519
897
767
413
1348
2167
708
562
1627
415
113
1298
702
749
67
2133
433
400
1176
757
626
1238
2134
2070
1394
1494
1796
733
1806
535
2080
954
347
228
1246
339
1104
377
1283
439
898
331
526
1069
1523
1071
2039
1116
1561
881
1318
1952
2004
1417
1157
2019
156
1941
1523
716
257
1020
1002
135
2113
2042
1812
1335
1300
2085
1100
1214
1287
2019
1127
242
1801
1925
1949
541
1150
512
672
194
776
184
286
1605
305
647
1191
688
1483
188
1804
1757
2104
142
596
754
1830
789
1516
633
1609
1728
1126
972
254
57
54
1722
1802
177
2084
874
155
1588
706
216
766
1513
1445
135
1286
1072
30
1062
337
2129
2166
1143
412
722
2127
1189
609
744
1946
928
1630
874
2042
469
163
1886
1324
1527
1085
744
1832
1298
520
776
876
2041
823
1019
1220
284
135
267
2145
26
1788
142
1861
76
1406
43
1405
1786
2097
1702
1283
500
1378
1696
1221
1788
1601
66
1741
299
1952
1359
1713
166
1779
2060
76
1550
1250
1349
2027
1975
544
1218
461
1794
1133
1250
594
408
1245
1357
1373
24
1783
1748
2048
1812
2101
26
814
1452
1711
745
780
2004
663
216
1258
63
1949
504
1161
1802
76
965
1711
1782
1966
81
1726
25
1959
1312
683
1521
933
1756
1949
663
1736
1975
471
602
1734
305
672
973
905
984
976
1445
835
317
355
1587
1687
1316
1974
600
757
898
276
1930
1400
1705
1194
20
64
1060
649
652
716
484
2052
1180
242
1182
661
1641
715
408
328
489
1384
2175
1571
1510
684
1739
992
176
1550
1698
1850
38
16
2030
481
2006
1773
1801
1106
280
1020
2139
337
81
1983
976
1893
166
722
346
1638
1187
395
386
365
1353
2044
1377
1860
1680
58
1988
1108
2006
1115
1168
2078
453
675
631
1554
611
443
676
956
1661
1475
802
218
288
976
1817
654
1087
1959
784
828
176
736
424
305
87
1749
966
1205
100
2007
455
2055
452
2019
1075
1217
1934
617
2125
512
1418
1457
462
1675
1657
1749
59
1162
233
838
1510
1733
399
1846
1166
512
1573
372
2066
337
1847
2041
762
386
1279
664
1927
1579
532
1671
125
1627
1668
1005
806
551
1801
1642
544
1491
833
1437
1445
1310
1991
1109
333
2045
2175
1297
864
617
1668
1931
1428
964
1021
1438
2169
443
650
1199
1434
73
842
1723
1843
14
1130
1625
792
1217
833
645
306
1983
114
344
1145
1774
1124
509
917
1465
66
1375
691
645
386
2056
39
1372
781
607
1447
1448
1238
955
1841
1163
790
996
727
1513
1934
1316
1322
1436
367
1316
630
1052
2043
825
280
502
627
1458
1871
497
1836
1994
325
2095
778
833
225
917
1909
502
1309
1934
973
1717
703
1483
152
1152
1406
1736
1956
1650
1455
1371
1588
1660
269
382
643
1620
124
1690
624
1951
1374
1608
357
574
2012
2109
1291
574
1608
63
1627
604
661
1182
965
1292
786
428
2000
418
802
1019
1938
196
191
794
330
383
1312
1454
752
843
790
81
1274
797
683
1327
429
1263
1475
1835
254
1406
1983
1144
15
1322
903
1108
578
1523
536
604
1156
1504
1365
1801
1907
752
777
977
718
1343
8
1844
2102
1123
20
1947
1291
836
295
1591
777
1988
4
1115
841
74
415
1988
38
1220
1575
1349
936
1445
1424
429
1786
1968
1484
250
341
1160
573
2157
316
785
1988
1580
1171
1309
2019
245
728
1488
6
1588
1128
852
2021
1844
95
126
716
1943
1873
720
1349
1015
125
535
650
1834
1313
1336
12
1826
1948
1443
1206
1874
215
1891
1021
1492
225
1539
1905
896
1080
1895
1342
1893
844
1038
934
7
983
397
327
580
2134
165
1093
1868
691
1458
778
1085
647
1597
2116
176
1239
2081
1832
472
520
334
1395
1364
539
1521
1359
1809
538
143
516
875
1764
17
1135
198
247
845
1884
417
1226
1011
493
1420
1274
1733
479
1439
926
1648
1019
268
635
1012
278
1889
604
862
1314
678
2172
975
622
1371
1214
1994
67
1177
435
1525
601
210
1122
1572
2151
960
828
1001
328
1256
2093
538
1620
443
232
1812
1945
36
107
198
554
732
433
1943
381
348
1764
759
1167
1278
1909
607
307
1824
402
166
1565
121
1230
1666
629
1837
674
125
1497
1163
1188
897
1496
2149
245
1824
1745
2006
1502
1962
73
1620
7
1274
1653
1121
50
1465
453
699
1348
7
1266
2059
1816
674
1414
392
668
1261
1347
1169
113
202
35
254
1166
1782
828
1486
532
412
237
1312
1974
1179
806
683
1528
787
1748
1521
2127
1110
805
1722
354
1426
410
2042
1742
996
352
565
2147
1013
109
1535
2057
2114
906
1099
1409
1311
449
930
1733
2096
16
1666
1036
2133
419
1928
1749
1563
1548
341
546
1547
1316
1300
1187
258
1184
563
1299
263
959
1973
1254
570
215
1810
448
1663
1602
1940
1656
558
2090
790
1458
230
1961
82
1661
1690
1603
2149
571
1583
1839
1889
1447
1878
602
1163
109
1562
1994
607
14
848
581
95
5
701
1838
1061
42
405
1978
1962
982
994
427
231
917
1550
846
1875
2038
1900
1900
817
1273
1625
466
864
586
1195
279
1434
1207
1959
1277
299
1885
1538
479
496
1720
37
1145
2140
316
1027
616
1378
312
1069
152
1158
1774
143
805
1991
1300
2148
1760
216
734
765
1845
1249
409
165
1491
2090
1961
472
216
1030
2095
2166
495
110
1495
167
952
1988
1789
1870
2145
578
734
1180
1940
1610
1888
1968
112
209
1061
1121
483
222
75
1553
974
176
383
1576
2038
911
112
1969
1281
27
267
1945
1039
766
1075
417
101
1986
2151
402
2080
1162
1408
1165
1123
1482
1802
596
669
168
1801
2154
1259
538
1122
441
1977
1439
175
701
166
1886
1951
1585
730
386
1657
346
1525
651
1660
1547
815
318
41
1803
2087
5
286
1291
2125
1280
1479
516
603
1226
1224
50
1030
1608
1490
919
1872
1358
1699
1417
27
561
1323
1399
1241
337
1733
1197
254
693
1726
1933
1510
363
1038
1578
180
1639
1888
1825
1297
1443
1847
63
306
1215
1703
1216
1310
631
2073
1820
740
358
1403
1461
1409
131
1854
1166
1404
1323
732
1169
1865
263
14
328
2171
1076
73
1183
1630
1092
2123
1662
2100
676
606
618
123
1851
1075
83
961
68
528
245
467
1590
1800
448
149
924
722
1884
1928
1928
673
117
301
1933
1969
1360
1638
191
156
1928
856
518
1154
1714
2067
1348
1890
1400
1176
1816
270
1746
1868
1522
660
312
1124
1845
1454
1538
2104
1570
714
2113
381
1320
483
26
625
832
1848
1639
714
1000
191
500
669
1540
238
148
1392
263
1604
858
2080
43
802
1044
481
489
2113
764
31
427
567
998
323
1320
674
1929
876
1154
1800
845
254
130
743
1257
1668
1716
1900
860
1222
1919
1384
587
1035
2010
2045
499
379
1823
411
1907
72
257
107
1434
881
1673
1924
114
1589
1636
79
89
474
1927
1798
214
1122
1823
1499
1399
1809
61
571
1370
939
1413
1292
1447
1672
2106
966
7
92
2059
1931
1774
1036
339
506
972
144
1296
1995
19
1767
454
333
2069
1933
31
1769
33
843
257
1032
277
103
908
1798
1722
1977
954
674
1833
226
997
1339
1739
65
1042
1013
640
1568
998
790
916
589
1475
1518
693
1857
976
561
1908
890
931
759
618
12
1270
2032
1222
2148
1619
921
930
425
1561
1622
90
779
1900
895
1266
581
402
2107
1585
945
669
743
2088
1956
590
836
635
1361
1601
1927
90
934
230
1377
1136
2037
672
1998
375
1481
472
506
565
657
1670
1846
62
748
1372
1860
202
1008
70
2018
2124
1957
2156
1740
979
424
1360
1809
1212
1764
1337
841
1409
1816
2145
282
750
1724
1423
1310
722
2168
18
618
1186
1746
1386
504
1900
1276
2114
573
1373
670
1723
1843
945
3
604
1235
2166
1110
1852
1690
2069
1287
334
1371
936
1549
93
817
1889
742
270
537
1821
1869
583
106
1940
1646
1718
1567
2093
1032
397
641
697
414
549
1843
1815
280
1286
368
589
1285
720
1423
1494
764
2143
1603
324
1670
2048
1100
205
1839
835
122
1787
336
499
590
336
902
1316
533
545
613
118
953
1417
740
938
1650
1061
610
1154
158
829
504
2126
1446
641
959
1577
2038
1338
1794
723
2056
1096
879
858
822
1266
630
768
2031
1995
1713
2076
41
548
2166
1716
562
1818
324
1341
1970
1490
1870
1167
886
22
739
374
1391
685
1912
1316
1991
1962
1367
979
653
2095
726
1660
1010
1120
1894
685
1110
479
322
654
356
570
853
808
1903
223
232
1434
1061
839
1748
348
2120
237
837
1925
1566
1281
1846
1424
1120
917
988
2003
258
2044
1976
579
505
416
1846
1434
1578
596
508
660
352
835
527
979
1011
951
1386
336
1500
45
175
1807
50
1517
1032
758
193
2003
1248
1800
675
1562
914
171
2015
1093
449
1852
1818
383
790
1363
1074
1207
53
181
1094
2137
1807
935
842
2132
1938
13
134
1431
748
1096
1195
610
1760
363
982
1487
1093
1527
291
220
929
527
1346
945
1500
69
1120
94
1311
807
525
1452
630
2011
1100
1415
585
35
472
265
1104
803
1539
286
418
2100
1685
882
1603
561
1307
354
318
659
254
726
677
1392
59
1229
982
1652
1633
2041
1606
998
452
919
510
182
67
1526
2016
636
3
430
1975
308
1554
1360
1033
1374
1177
232
374
747
552
79
300
1869
1953
735
2006
876
595
57
678
1371
1340
733
785
149
1783
835
614
1414
67
1764
2028
1346
162
986
237
1062
321
7
1932
1907
5
915
483
62
1293
1634
843
2130
710
1986
1538
760
1021
1533
412
1519
2006
1285
592
328
29
367
1326
1640
321
1676
2048
783
715
1589
1279
351
57
1018
786
1159
1676
1011
2075
524
1932
784
1504
2056
420
532
1172
473
1131
784
565
1155
2146
424
405
592
872
66
1085
884
1052
1899
2045
1493
968
1045
961
1639
1645
1421
997
2126
2122
655
2070
578
523
1505
1397
1234
2114
1168
344
2103
1760
1533
1439
758
2091
1823
45
969
1665
321
1905
1296
1346
1894
45
1957
2015
220
2146
873
643
1600
27
926
2098
735
877
886
240
126
596
56
2022
1510
532
614
683
1042
1309
1970
1241
1959
912
1493
623
961
1162
334
274
672
317
253
776
858
1382
228
835
1616
169
563
1135
1520
1843
1051
1018
1805
774
1948
723
502
433
805
2173
817
1643
937
1164
744
1122
1329
321
2101
1610
1024
159
1830
1748
1894
219
1470
1504
1070
1178
323
321
1600
1318
127
944
1000
807
1429
299
1234
113
234
1034
112
1027
608
1776
610
1032
2116
1153
169
1175
1957
2060
375
1639
30
1541
2001
843
505
1336
655
420
1510
1622
262
263
516
1382
1373
1810
870
380
1122
62
878
474
471
1246
2008
1342
1858
1331
739
1508
2151
1234
2162
1159
325
1870
441
1148
1409
1446
1380
1960
1342
220
2056
440
756
1440
2016
251
1535
404
1707
331
771
878
885
575
1749
1962
184
813
173
1604
13
1462
1669
434
1984
1048
1708
424
59
1871
1535
817
857
1274
194
976
194
265
1389
317
475
1990
636
1817
839
640
932
1142
1211
521
811
1616
1410
92
1809
1485
432
561
769
1031
292
362
1730
62
1621
220
543
1557
1923
732
1899
1091
1805
1561
1942
384
437
1877
614
3
801
931
966
655
2031
937
1831
1030
902
1450
901
675
1202
1467
1367
1042
686
1559
676
1525
1821
1305
1511
1212
643
267
868
759
1148
563
938
1122
1360
1887
2098
1514
2059
962
383
1642
1985
1008
1928
1746
1261
1346
1937
1582
1869
803
1018
463
1919
515
1042
355
813
1674
2060
42
1480
532
1432
618
554
1071
1044
1924
1402
57
247
1160
1123
355
809
1176
21
648
1440
1264
1409
1433
2139
1706
1231
415
961
55
1065
978
1996
1891
178
2089
1820
720
2085
515
998
1156
1293
1921
706
2028
1508
977
980
867
1783
759
1142
1482
224
224
1780
850
986
1559
376
66
326
1259
887
204
1624
508
1686
984
352
628
1138
2102
1923
1888
1924
1902
281
1752
1211
1927
1685
581
1594
1680
916
2135
2080
2029
1915
764
437
57
1938
1136
1717
1291
2137
2136
1563
697
500
30
149
225
1878
1520
1973
257
1130
39
405
1433
325
282
7
448
913
1693
1397
1550
450
1602
154
453
189
1548
1496
1349
989
1501
1135
637
151
204
217
285
689
2164
864
187
988
434
430
978
692
747
1450
662
1099
348
161
763
415
1013
951
781
1925
269
42
1708
573
753
1242
813
2175
148
595
1110
1133
1763
1857
2123
320
451
1793
120
563
1354
1620
1601
1178
1801
1882
1576
1793
331
1976
929
2021
1899
1200
573
2046
1517
804
1596
1862
1207
1393
165
541
227
203
497
492
897
897
1033
178
2155
847
1135
585
841
2072
158
1333
1795
21
1730
811
1934
2161
1155
270
1052
901
1346
1752
442
1623
1674
39
1810
1806
42
65
1425
1040
850
411
1393
1900
1638
15
849
227
2102
962
1600
1268
593
1724
385
496
300
924
1392
1049
803
739
1533
951
725
2167
45
940
882
1872
690
1383
271
622
103
569
1558
1168
1310
1775
1868
1657
352
1823
119
459
171
779
1491
341
717
1663
2034
1207
369
1951
1996
1305
1833
1720
1799
879
146
813
1563
905
1109
560
155
1276
771
2147
1585
1887
1628
472
13
124
740
1562
647
611
1640
741
14
706
849
516
1125
1107
2159
255
1265
371
691
1013
516
1312
158
1080
2148
1976
236
702
1680
591
625
507
935
2025
534
112
528
565
1969
1783
2126
1777
721
586
465
273
184
1478
1715
1230
779
29
1792
842
82
10
1425
281
914
1460
1795
203
1004
745
1091
198
1297
1194
138
872
156
1912
155
513
176
56
1466
833
1742
1622
173
692
829
68
1794
1731
1363
1482
1427
195
1746
682
12
1585
929
1311
1630
368
929
1660
457
669
1917
1202
127
2028
2000
713
545
26
1596
824
1163
843
1035
688
1040
787
1424
637
1218
1018
1380
1827
1369
325
1170
1977
657
824
1488
695
1017
564
1285
943
2002
1431
1922
1888
27
924
1388
1348
1794
1868
263
1941
2125
2119
2080
777
1460
1685
406
1918
1657
301
929
321
1595
1717
612
2125
1322
119
893
1678
1786
117
1601
1240
1024
1665
1045
1530
830
2107
1591
656
794
61
1136
271
1005
1034
1842
1370
1167
103
2038
1859
1468
2117
1086
520
1186
877
218
1346
2102
1382
254
606
1302
1069
1877
1139
1602
1214
877
1669
1255
341
1986
1707
1494
94
2083
2119
1160
1972
1044
608
1342
85
323
1916
14
1883
892
1527
1865
520
1648
1222
617
1841
1373
1779
341
1511
406
1028
560
276
1725
746
1953
309
1650
1969
1826
1440
2158
1674
2022
2054
2023
228
738
789
561
1216
30
1397
1879
1542
1291
1195
2142
1684
399
1643
67
19
349
936
2157
2067
653
1135
446
1304
911
434
1155
1439
1115
661
2064
1297
1344
7
163
1463
595
1744
1862
16
1263
2115
731
730
110
1667
119
1456
44
1758
2175
1122
1866
1234
1928
843
254
1239
568
854
81
1426
349
1531
390
1854
1760
147
2035
110
1154
246
968
1195
1760
281
892
323
1850
936
2171
1839
1786
757
640
1768
176
2073
804
673
544
2029
1147
746
248
1431
526
712
1972
1469
2024
903
1673
715
1163
118
1952
368
1494
573
1564
217
351
2123
63
2163
1703
823
955
1806
1783
943
1956
1931
1495
1786
1573
1106
1774
1942
1532
1440
995
1787
426
276
911
249
327
2157
1105
673
328
971
345
61
936
191
1623
2136
1856
114
1397
1829
1791
961
1375
881
1081
1998
2158
1746
586
1446
2120
930
642
2171
270
561
221
228
1807
334
368
1420
2056
98
2171
1069
1446
971
847
754
1770
1614
2049
1742
2118
1928
1683
1668
1452
960
64
1279
787
852
1730
1079
894
929
1399
1115
1170
33
1305
2015
1986
1482
738
681
2003
1443
1787
80
1960
813
1250
426
741
10
1629
1089
513
274
978
996
733
1086
746
1708
1395
73
1739
1781
1533
812
1399
1716
1619
1987
1052
300
1216
1826
1088
671
1946
2129
1807
27
2026
477
864
1681
682
1916
365
1715
236
2164
1976
366
449
862
741
110
1889
550
254
1455
2125
1443
794
2131
874
886
413
365
4
935
1359
1941
1162
185
1284
1698
2019
377
299
2035
1901
1426
125
1916
1619
661
1073
1901
1302
2028
1426
2083
1868
2158
1711
1092
542
465
1727
2134
424
710
2045
1367
709
1308
589
2070
1610
142
863
677
2102
172
1690
769
624
667
686
1167
304
1799
1352
1657
864
2162
2071
1492
103
202
267
1396
1788
1024
328
53
300
2097
427
330
249
471
80
23
9
729
355
1516
37
175
1022
318
682
182
2005
397
4
402
1783
975
781
1063
1984
462
1949
1669
655
1681
251
717
235
1041
472
2134
780
1127
1442
701
793
1883
1781
793
1222
110
2011
185
20
1504
1362
1054
31
1492
456
509
794
2029
11
1623
1846
1513
1880
758
939
1100
2069
998
549
984
1417
2117
2114
1764
242
2066
1601
1942
620
783
623
731
1887
989
1498
618
2158
1409
1292
223
2085
1942
551
1689
1065
1294
1902
755
1577
1195
1241
1147
582
376
933
355
449
642
267
847
1281
398
1265
1583
1803
1027
1877
1356
694
789
1467
654
1034
812
456
35
170
1969
1109
130
2132
1281
2017
19
1079
696
1670
1634
1675
1274
1667
391
1720
1313
1603
382
157
1107
267
303
755
962
1828
489
1984
1468
438
387
1459
1360
387
1459
785
1876
1450
221
1141
462
1753
923
1818
1240
247
1893
1792
1870
934
1482
170
647
658
2080
2158
1164
1219
1875
1041
1164
409
1622
1943
195
459
1245
1819
480
1649
560
1621
1415
1902
2114
1127
741
1816
866
1569
335
255
2167
68
525
286
839
634
1922
1179
1314
116
664
1233
303
9
889
1805
1866
2045
410
2046
1153
107
325
2130
267
173
1086
173
767
120
2124
2159
2094
1806
305
4
366
1384
1313
1888
803
861
1997
1211
40
1051
677
248
493
1764
1929
222
1959
553
1832
1697
1983
1890
936
1720
205
1253
1116
1048
1370
963
1018
933
1555
267
1929
905
2046
555
1670
1780
1154
1949
2161
1109
402
2017
1614
2147
17
652
1119
1276
349
1974
111
1712
2012
1622
823
1720
597
1054
887
937
2027
821
274
1065
836
948
1937
433
574
638
274
978
1275
212
1742
660
952
582
1255
609
809
1377
476
1072
1244
1578
1654
1925
1759
27
1213
2168
1250
624
252
2167
507
551
131
132
1579
1966
1400
204
1667
1553
1556
230
1054
1720
1547
1990
715
1422
361
1575
557
576
1586
575
1467
368
407
601
612
874
336
457
1608
553
1931
673
824
95
598
1783
1511
1957
1156
2027
883
1237
1452
114
409
1256
1700
1712
98
703
404
1565
1151
899
2160
285
1056
36
394
1623
986
1326
1533
1894
1364
932
1290
1735
449
1480
404
380
1153
497
958
1494
1000
1042
422
1649
1175
263
1173
1570
620
869
146
2154
1586
1663
1005
695
296
1531
9
1311
1560
1842
1531
900
1983
459
1796
64
1580
2110
941
647
735
955
1940
645
167
1984
1840
442
365
1193
741
428
955
446
582
861
1705
583
1988
997
235
26
509
342
286
354
1591
1851
2160
1514
2016
1040
1560
467
9
497
1661
974
422
865
66
2012
9
1481
2081
1623
1356
1918
2067
1335
1497
447
354
1100
2046
2023
591
663
173
809
859
597
31
1532
2134
833
664
1330
2047
885
825
560
1426
1167
140
504
1072
2024
1217
51
1190
1482
886
1579
1489
1846
472
350
2082
853
1481
792
356
1537
617
996
1740
311
704
1552
1855
671
1856
1593
1486
1563
400
660
362
612
2130
455
211
1005
1983
1134
334
1868
613
2122
1984
2123
1822
1747
1023
1740
2085
849
374
586
1326
1048
264
1505
110
1127
1847
735
185
1569
1213
1112
2122
1396
1760
406
1680
1337
11
1109
743
150
1001
830
1010
1007
339
1986
374
2098
30
1151
477
1684
251
1737
1497
1837
1044
946
2039
1828
1511
1773
1659
1284
322
227
188
1433
814
497
961
550
603
1661
604
7
1394
1653
1063
811
498
454
735
856
185
2100
955
1446
1556
1915
1320
680
1442
1072
1087
314
1521
1868
984
610
1939
1203
1554
833
851
1788
1986
254
1684
248
2094
1000
480
84
1210
217
1364
151
908
16
571
1150
943
1738
968
785
1712
388
1000
215
524
1236
1552
2051
480
1394
1315
537
2065
589
1612
551
525
732
2092
847
314
902
1940
766
1310
1459
1864
1612
263
708
1226
1755
1640
1607
684
1763
868
1067
428
341
1605
249
336
1816
1123
1818
131
831
613
1689
628
147
223
1665
908
483
2068
1716
394
410
88
2019
167
974
210
1647
202
1235
68
1276
243
1820
1966
63
1699
748
2133
1411
1359
785
280
1221
746
746
341
1581
862
1792
2027
1997
1176
274
780
1468
2087
1031
541
1622
1901
737
2060
1976
1454
243
162
1830
1811
501
2143
382
1871
846
588
120
2024
1212
974
687
2051
1238
724
315
619
1201
503
871
341
7
1986
1203
1728
702
1876
894
981
1952
2091
1347
1888
906
361
1908
142
1521
1017
1576
1957
1260
49
1230
595
2098
1064
470
1568
1419
368
1919
2113
1317
1129
1921
1697
289
621
1686
1182
380
1337
1884
1901
1390
302
2118
860
2
913
1777
2055
1139
1856
1064
1010
1033
1772
1821
307
1236
71
1309
142
1762
816
363
1592
126
239
611
2024
719
910
1518
1524
365
1035
1858
1338
1773
25
1800
709
2012
274
1472
1461
1252
910
49
158
1723
1773
899
180
857
1000
1849
954
982
222
9
1145
253
1000
1009
1660
1711
807
325
1725
1915
2027
1337
927
1532
1462
451
159
1927
524
367
367
270
894
718
999
1092
1133
1652
1915
1627
1197
707
1556
1334
1498
1148
461
1725
1947
907
1624
1236
1793
1196
520
1956
1305
1791
302
18
1876
1294
1453
1885
2036
932
2143
805
1837
1990
279
2039
1364
1518
250
222
203
153
69
190
931
509
384
2157
246
1971
854
1541
264
580
1233
1357
1023
2020
1039
142
263
1095
1706
302
471
939
1247
990
619
1649
1281
1931
1810
405
1175
107
614
667
1685
975
185
1491
716
1945
1355
1789
469
1847
1169
1224
1422
2098
1177
1109
951
456
1313
1257
765
488
113
1295
1637
364
2040
748
462
1170
1624
2142
1665
537
788
2047
1886
32
1800
698
1510
670
280
1691
906
1586
783
732
1140
487
746
157
411
773
502
1373
1137
1095
1987
425
73
1248
709
547
1649
508
660
1289
1211
474
248
1201
1133
341
2012
1838
506
69
1407
462
825
652
1169
2124
1523
1530
1940
2037
868
241
500
1947
639
429
475
274
1851
985
1565
640
224
1046
968
522
172
1405
478
1081
541
1412
124
1051
723
349
2062
4
2068
2064
510
2092
1677
1891
77
1473
384
250
1010
811
1518
1048
927
1195
1868
391
1991
809
1793
1702
1492
184
364
1978
905
1430
2111
1504
1612
990
479
83
440
181
1897
436
2146
262
1000
2170
1593
529
1144
71
216
190
1442
884
963
520
1269
14
1940
675
1771
802
1141
819
1139
2059
398
137
1144
2020
575
1865
594
1699
727
90
876
250
823
86
1989
507
1746
1754
1523
10
2164
472
544
12
1076
946
169
758
94
1691
1462
872
1362
293
1559
143
884
146
1161
1583
1386
1960
571
1941
1373
1461
965
1108
659
1716
1118
141
674
1925
71
1445
2172
1745
758
521
1552
104
1048
734
1965
348
1114
29
929
1214
244
1681
2064
1677
419
1621
502
1579
1621
1127
975
202
338
361
1897
1811
1861
1320
1991
1420
1854
1109
905
1827
1673
249
142
2074
112
354
1980
741
1589
1508
172
286
1770
1603
1025
851
691
2089
54
700
1377
307
658
214
1802
1363
842
843
59
838
2016
1832
342
1293
788
1627
1012
697
2043
1673
1537
1051
14
1204
852
1999
1915
1489
1293
1493
1378
1381
1219
1618
361
452
244
909
327
1854
1404
1281
203
716
1430
1691
742
1208
1053
20
1152
1887
833
1753
112
139
2120
68
1458
1348
1631
705
103
2079
685
1567
237
514
518
93
1077
1673
1826
2011
563
503
778
1079
338
322
974
1932
2025
4
1428
1760
365
1748
954
910
459
1979
1726
402
1567
933
368
1320
2025
1547
838
606
83
2117
1610
1202
1925
638
1272
1068
741
1668
1469
2142
879
1905
1331
918
558
1419
2084
98
104
1467
510
1281
1929
1041
1712
1976
286
2083
2039
1062
318
1657
1744
934
744
722
1152
896
1371
1346
1738
77
1526
655
204
75
970
1100
1684
1064
1098
1184
1282
1888
1445
468
219
960
946
734
397
2032
1139
2137
782
1265
1328
1671
516
177
1001
1023
243
2046
1395
1064
1979
299
509
2170
561
670
387
823
1716
2048
1170
161
1365
431
1468
1174
1330
1645
1574
1003
1508
1923
73
499
1049
1198
1325
880
773
1714
693
1749
973
1413
1602
1187
1931
1577
425
2082
1137
2007
932
1799
1600
1553
1931
852
1540
337
79
1357
771
39
557
903
1723
1648
1289
630
564
461
1491
2130
1985
1321
153
638
1674
416
1258
782
6
175
0
785
482
1839
575
1242
1457
1707
20
1327
2075
593
1757
2135
1269
634
1508
831
838
1585
1918
884
409
1042
1968
415
1001
1039
594
1330
1998
715
667
880
1428
1913
2060
1331
1860
1460
128
219
79
156
1585
771
1611
879
806
1654
1419
1804
1650
1648
1749
404
1107
616
575
1904
1313
638
799
698
2130
1215
1680
901
1218
1865
2047
1941
901
1589
1130
1256
1707
934
395
996
967
1307
1737
1517
1370
685
1466
2141
273
1976
1789
600
972
1785
594
1319
1539
1001
47
428
728
1962
2047
1018
1644
1157
698
1823
2138
2067
1420
1226
717
421
1320
135
365
1681
1379
1242
901
742
1915
1248
1459
476
1636
1228
1405
1394
1046
1664
261
695
556
1443
1377
436
1611
1826
2075
770
819
2002
927
1898
2150
412
1256
1833
106
193
1057
2006
88
1053
1749
128
1894
906
1894
1564
382
2078
1403
2093
2088
1856
1861
125
1287
1739
478
2114
487
1721
1202
1911
1658
884
2033
1782
477
1950
790
249
151
1042
2109
1814
2061
2082
260
1393
758
788
1392
1586
76
9
264
541
1903
1174
493
866
1248
255
970
1501
1577
1605
2095
1909
1379
260
397
1655
1103
620
2082
322
732
1007
1123
1012
689
981
807
1799
546
830
1398
1386
1057
1995
1952
1696
1179
203
617
62
1810
1532
2156
404
432
230
594
1948
1374
1434
477
995
1981
59
440
1393
770
28
676
1864
1410
1852
1268
387
1903
594
78
400
1648
342
1068
447
1140
418
1154
2118
203
1202
129
794
1731
131
1726
611
1643
1792
1588
1176
117
11
225
1684
1998
2144
765
120
2170
317
1173
475
692
687
1236
744
2077
280
338
1694
1513
1043
1757
1456
1522
11
998
255
663
1483
1904
914
266
471
954
337
921
192
1310
1216
461
478
890
446
1716
1968
1802
1650
2108
1347
912
1375
1389
1345
400
345
1297
60
1910
2098
982
2085
876
1226
835
585
446
475
694
927
1865
151
478
1640
1657
2105
1769
1344
2066
343
1474
1938
40
814
1289
271
83
360
1836
353
2142
1450
1300
1214
518
1609
1123
705
1193
1937
43
544
476
1635
945
1168
375
1618
1423
1765
717
1456
1536
605
1249
2108
734
466
1328
1649
779
1681
614
381
332
735
1814
1196
1005
1933
731
197
1123
317
2138
1044
729
1105
1997
1261
784
20
2031
1418
1972
1415
398
1738
1010
754
1563
76
1533
356
1227
1916
671
1540
192
246
425
551
97
1887
1025
1590
1216
1734
1760
280
165
641
1423
740
671
582
657
1744
2119
1741
977
1605
933
1281
2032
514
1887
1131
410
783
270
1766
1494
14
1494
1721
1266
1144
695
811
1984
1615
1818
1899
1664
2135
2160
1371
9
1399
1289
1090
920
770
1483
1028
1019
1662
1417
995
1674
1333
1263
1029
1071
1285
1718
1631
887
14
813
877
1794
1196
1963
1956
811
1528
844
1998
468
886
925
982
2172
746
1990
1698
1622
2029
418
1679
2036
621
1968
638
549
41
1350
1044
684
1072
1786
1489
177
861
1075
1264
1016
1937
1184
468
1405
1910
1835
1593
1468
867
936
132
274
637
244
81
581
146
1467
1525
185
418
2
1390
870
747
43
591
852
2148
849
297
1261
1428
129
864
411
568
1682
1042
1753
1972
1193
412
1751
1200
1805
1761
1726
1481
1931
1114
2
271
327
722
1123
2059
395
747
1080
1030
471
630
1961
954
284
454
1287
982
151
961
1997
1642
1601
604
761
2151
1164
1873
1943
479
1590
661
475
1130
591
1334
2032
165
804
1368
183
1512
1658
899
298
1044
1405
1681
2156
1740
620
327
459
196
2114
1833
535
244
1620
456
1226
1644
131
1120
1343
1968
1751
900
1431
1502
1446
1204
395
1265
2115
1157
1792
916
1030
2048
1546
894
1418
1165
1297
323
1364
281
1868
954
1845
246
1561
307
950
35
272
1318
292
1731
1842
1723
1282
1702
1255
814
484
968
1948
856
2115
7
898
1405
1265
810
377
877
715
1163
1076
1569
561
475
245
232
748
1071
1206
512
532
1269
926
1507
2085
1718
1815
283
1689
1744
1961
1039
501
2063
1125
2161
532
1895
1360
1599
1026
620
1136
1442
396
2108
504
498
555
738
1791
328
1054
239
1829
196
663
1333
1593
950
1591
452
479
2090
525
2007
511
793
1894
745
495
2088
1822
61
381
1226
724
262
1958
336
1249
632
11
532
2116
1071
1346
1791
1935
1468
1387
225
852
1474
147
754
158
1054
1066
466
2115
1330
1868
1975
191
1076
194
47
2134
229
227
1265
2063
1933
279
126
2130
213
2140
1047
1984
1947
332
426
66
30
595
1939
1952
1004
297
1945
1620
2040
487
1417
131
1373
1733
202
495
375
35
578
1766
1875
1754
863
1499
339
488
582
1898
454
769
763
843
563
1326
1248
724
1584
23
1752
332
777
1845
1887
959
1517
1114
23
1476
1645
477
1581
145
859
1596
2022
1487
2146
940
480
196
1308
1336
1569
879
1072
986
1466
1078
222
1160
525
1666
970
485
1914
241
729
406
1566
1813
427
815
2061
1652
375
120
1152
1432
1593
459
66
305
1574
772
1703
574
633
1289
2069
429
176
803
465
1939
2111
1502
789
1702
1440
1638
778
2069
1324
1711
1740
263
1676
544
2064
827
1583
1709
1622
561
885
483
892
1363
1538
2085
778
1342
596
343
627
2033
1462
735
846
1091
298
2078
1272
684
243
1399
825
1636
1403
481
319
1083
822
1307
1180
1521
1873
470
1002
570
1529
171
1861
1273
2101
1682
1489
347
1141
816
287
1735
881
1674
677
1032
375
551
1523
425
1595
724
640
2150
1272
1332
1584
1706
459
926
595
1630
2126
709
1348
292
193
1706
799
154
660
998
1199
1662
850
511
1387
504
180
1310
12
2169
2078
1749
1584
582
1107
381
1237
1344
2021
1608
1538
1089
2169
552
1665
524
1299
840
1567
2134
290
1480
763
2069
1284
784
1778
630
1868
1487
1680
1713
379
353
553
2008
1266
846
379
1647
1704
990
1587
2055
1904
500
455
1779
1137
1922
1958
709
1111
386
626
2137
1775
1290
1079
506
1211
1479
1345
2152
75
1747
2031
1611
539
1182
985
1256
140
462
1465
2022
751
1645
1954
498
1948
1100
1549
961
530
200
573
1172
1680
1169
538
1363
735
1684
1312
317
1967
2115
98
1004
1723
1550
1309
747
162
41
2041
466
985
2124
2109
1312
364
76
652
1596
682
474
289
1529
1499
26
2068
1890
640
317
1037
1543
1672
207
1264
1020
332
1471
650
3
524
1819
1363
337
192
180
1754
1144
753
1154
1900
45
1226
790
1440
430
1584
1138
921
961
1118
306
750
1873
932
1301
106
1500
405
472
985
1761
1294
1736
10
1753
2049
667
1776
1323
1906
1220
1276
1309
197
285
712
1399
1549
1764
1366
553
688
579
2033
1223
1742
2013
765
2078
15
1591
1312
1574
151
47
1819
2136
930
2048
1043
169
1499
323
721
845
596
102
1999
471
901
1936
1177
1576
648
1138
630
348
1205
1091
313
471
1056
2096
1754
1135
1137
26
660
2029
738
2007
707
1792
1027
14
1889
642
1506
2070
468
351
754
1734
1166
1107
1321
2072
33
355
1661
799
426
1717
708
1666
2044
1595
942
1519
2036
263
140
2121
1480
483
1924
202
1412
712
1378
1666
505
776
1711
1033
981
265
856
222
992
1932
75
317
1882
845
667
2126
1799
2032
293
173
1403
248
134
1144
1836
1142
351
700
197
875
650
541
622
1843
474
97
1121
1100
1722
293
678
1243
1520
1406
954
973
948
296
203
992
936
579
77
1126
1612
671
1398
770
907
220
1292
1233
481
1731
289
1734
828
554
1506
986
358
2094
643
410
2122
616
974
1512
1456
1314
921
172
1721
1883
2066
1684
531
735
454
332
1811
240
1898
967
1255
1856
508
168
1858
293
1097
861
500
2159
705
1245
19
877
1154
632
926
293
2043
1718
495
746
1182
483
2141
682
598
1682
2111
1092
2157
145
2173
1298
1119
1315
337
1768
61
830
420
1489
81
2041
1428
197
291
1523
1407
1022
2174
301
1255
1126
1079
599
840
1380
1955
1343
1380
1863
1137
975
308
566
961
1329
1576
83
1162
1329
1335
1287
1735
82
940
1622
159
1355
345
2058
436
2033
914
973
2122
740
2079
1787
880
163
1841
343
1863
321
878
730
83
1111
1467
868
2076
81
1757
1714
749
702
507
1974
858
1425
1954
786
1903
108
1894
1601
950
1801
634
1379
1662
589
2050
1287
936
170
10
108
495
994
1234
1505
154
1833
881
1301
614
2100
574
2064
1200
1365
1335
1666
373
1071
99
1249
1222
351
96
863
663
1208
632
2141
2048
703
658
1996
995
1890
636
936
331
1467
1908
245
2163
1072
1963
434
746
136
1167
761
385
563
1858
585
1583
812
589
743
1941
973
695
1708
323
481
632
199
1615
1555
129
1555
223
1659
919
1694
376
248
1616
357
1138
1992
1323
1267
726
453
1127
1705
925
359
248
701
535
656
1369
582
1226
1949
236
656
1363
1197
440
772
1054
34
11
1081
1169
1732
1869
1286
581
611
1742
987
129
126
1525
1812
1903
1669
1958
2094
901
1377
264
1998
1303
1518
148
86
1483
622
1091
2085
188
1746
591
2037
987
1166
230
13
733
934
418
703
51
864
264
1883
37
493
743
460
1318
1414
1098
2037
1500
375
136
306
1951
1794
207
1777
359
1177
1087
412
1767
2157
185
1746
2167
1425
813
122
242
1448
837
386
474
2109
1806
505
1659
1233
1634
269
1268
1692
1734
412
295
126
1018
1307
661
733
1337
1560
1076
1431
656
14
1575
1551
1220
2131
928
1922
1749
639
559
564
704
1198
1465
560
1542
28
745
198
125
2062
51
779
240
1612
2027
2099
2133
1119
368
218
947
1837
1673
1963
1221
1917
2011
1249
311
1161
2037
744
1676
1714
1319
864
1664
1320
1192
1572
1289
54
1947
961
136
136
195
1749
705
569
230
2121
9
995
488
995
2150
565
198
1427
785
959
686
837
1726
772
980
1999
22
1282
317
1654
832
1085
1591
165
448
74
1954
709
1827
1708
914
1611
25
975
2155
81
1755
87
581
1712
1457
2027
763
1195
1322
1113
772
934
948
1599
921
1505
2155
128
1246
1628
37
1476
1336
1369
1173
795
1844
2019
726
1941
1330
816
1380
1188
282
489
32
682
2078
14
590
1220
749
335
174
335
1452
1493
1135
993
1081
1098
537
1691
1054
659
263
2066
643
2021
2059
1327
102
502
836
1569
832
937
1845
1934
1862
1895
461
614
190
1750
1635
2012
494
1431
817
935
1325
174
37
479
1842
1796
308
192
524
560
1812
1751
1044
844
1260
1500
544
1590
1269
431
518
1168
119
764
1458
1937
965
515
1542
1172
1852
211
336
1271
1937
412
721
1877
1098
929
144
1574
317
325
1184
1303
1168
589
560
2033
2073
1276
841
2088
773
1658
279
9
95
1758
1387
1057
521
459
165
925
1640
1786
1631
959
1454
1482
132
1260
339
1283
1805
731
1234
610
1292
56
1882
722
1505
1057
1456
1819
1908
2171
1171
1076
1445
1757
905
1046
535
1445
2085
1394
2158
1700
1167
570
256
205
1209
2155
2037
1639
861
223
1978
512
806
1985
2133
966
1594
1307
1255
988
828
1058
128
354
413
405
1648
50
301
1427
1003
1161
1076
1673
1233
1840
1705
1825
519
97
46
1105
1345
363
1893
1469
1366
1456
1545
640
457
246
2066
1092
256
1155
2100
1424
2171
379
256
686
583
624
517
1581
1811
10
1209
1551
1390
1077
550
1554
1609
1339
690
576
1412
2026
320
1786
447
1658
1819
1579
873
1403
671
154
1675
541
1715
1986
725
1559
683
1403
1205
1198
1506
1606
854
337
2075
1142
1924
671
588
974
541
1157
1895
412
1386
1384
1895
686
367
100
1214
131
735
979
221
32
472
582
236
1722
165
635
2102
1367
825
1903
887
125
1705
679
1041
478
957
438
1608
415
1603
154
1358
339
72
1534
2006
740
1099
1183
76
2103
236
279
554
123
236
966
120
1996
1816
1683
656
1490
1559
1243
1527
2145
187
1040
1898
59
156
747
1592
1071
2145
1686
363
2087
431
1321
1457
670
2090
1877
1256
1879
328
1459
276
1359
1846
1350
2011
484
139
1813
1345
1786
263
1188
711
1972
304
5
2012
1148
714
42
861
1795
1530
710
859
2150
1620
2034
892
794
923
325
1604
442
40
598
1134
2087
1821
2042
1499
1598
503
1952
794
346
582
602
700
928
1658
516
1790
1985
1457
2155
371
1895
546
1985
1488
556
125
2134
1858
1795
28
1069
1305
1554
1870
1788
654
1360
1862
2096
805
885
1541
1987
1919
1574
1583
459
1868
700
1276
457
1271
271
1607
1800
493
1407
1278
1830
847
569
1366
783
145
263
327
1805
552
668
1397
1457
1710
1119
1413
451
814
883
1326
265
1081
477
939
1394
2048
211
50
1360
1050
891
1264
885
901
610
1987
573
2060
1722
2136
245
430
1671
1070
1733
1171
1820
850
703
343
914
727
160
1813
1159
717
1813
1273
472
2124
1970
1184
820
56
125
2060
1598
964
1643
1505
792
2031
1322
2173
979
4
792
1654
412
650
906
751
2019
28
1525
147
2163
1573
1438
283
1644
2056
308
1045
1243
1857
1791
1158
2081
1003
823
2026
153
214
295
1680
1049
1482
177
1322
303
106
1319
1547
976
1041
1494
1710
943
1639
960
415
1500
1635
506
955
1251
1726
1104
1454
829
1748
907
1768
646
1287
303
949
899
1970
221
776
1545
1733
1402
258
821
183
584
145
775
2090
737
1051
1741
1878
1912
1972
245
326
526
697
1228
945
1553
269
385
1730
1593
1459
1353
1930
1167
1270
495
937
63
1080
927
1147
1299
1395
819
1199
139
2118
751
1330
2005
1721
1112
668
604
1307
1112
859
1860
1013
1351
263
717
1247
768
770
498
1892
1436
243
1913
1542
2118
536
1863
1509
1635
1773
535
1852
25
106
253
1270
1089
1282
1720
602
1100
1059
438
1302
3
1971
1082
2087
1723
2072
84
1293
457
441
2153
1742
1839
2096
480
96
1768
297
181
711
69
1927
501
1717
2079
148
704
357
1530
398
969
2083
56
1006
1101
1891
1448
365
622
1807
481
1705
1510
1645
128
1402
548
1190
478
738
73
303
1694
775
1427
296
859
946
523
253
1121
1737
541
2088
1016
1402
1706
1087
1426
2154
453
1209
1038
1070
393
1129
902
141
1551
42
47
882
1811
1864
1416
1629
918
1592
1471
187
609
1158
1372
850
1659
410
1456
1167
2065
2051
323
1041
61
1229
703
805
1297
1202
2087
566
2173
371
847
1154
1188
405
489
742
426
715
1551
1891
462
2005
1436
1094
2149
642
364
817
382
778
939
918
2154
730
1097
393
825
27
1843
258
43
1657
1645
115
1579
1942
391
901
1507
1539
1179
590
671
1343
1178
1858
792
2027
937
1816
1828
1386
432
1526
1581
145
1978
1201
2134
1650
724
661
2153
413
965
1625
10
684
267
424
238
1310
933
1726
2012
632
749
1348
1671
731
868
1935
402
1551
1321
432
1589
2033
759
694
1475
1073
2164
1721
1373
2150
1742
1423
677
40
317
235
1621
1332
2111
1572
1108
1771
800
1755
1488
1242
441
591
717
22
2140
730
1843
1369
1246
249
2028
1668
532
982
1902
78
1252
1234
130
1227
640
1665
595
1189
1549
708
1115
476
300
1939
1422
78
864
141
951
1702
1881
873
242
547
1503
778
1115
1055
441
609
1607
1010
350
1335
1006
460
814
1046
119
2087
354
1250
615
1321
1510
572
646
1724
226
591
1999
107
1576
732
968
1734
1362
1440
718
185
1704
1820
1046
360
627
1634
1281
1346
634
1479
1581
758
2055
354
1745
648
1207
417
2106
937
1928
1108
1548
1299
462
1075
2121
301
1930
354
379
1610
1102
1936
598
1219
1687
644
1993
971
2051
1471
504
1614
719
157
398
793
329
1236
976
1895
86
156
342
1355
1302
60
842
1285
55
1197
1180
1320
569
187
532
156
535
998
1926
909
326
749
804
205
34
63
1355
1355
1603
1056
1186
1539
2166
1802
613
46
134
984
326
2135
177
388
1368
2035
1206
1935
1211
218
992
2169
624
2027
1905
1957
918
40
1628
222
827
1601
1969
643
1602
536
1631
873
1099
1072
581
1199
1883
83
1518
184
967
802
1300
1103
2033
2111
832
1819
1940
1121
1078
552
1887
30
710
1363
1436
1100
681
1191
1665
1784
2011
504
1506
1320
5
957
1799
1616
1407
1080
165
2011
1141
1811
909
284
234
1013
762
1611
1009
1756
1615
464
811
478
1509
1745
686
78
1647
109
313
774
2019
178
279
109
1034
1470
2035
1667
942
1298
1563
1440
1361
2009
323
547
472
901
1921
685
1566
1349
856
1563
1246
1016
301
1134
1576
378
1627
972
309
970
1306
411
23
1633
929
1790
417
855
370
503
1600
204
918
957
1282
1948
751
1236
1355
431
242
429
132
2122
1625
1288
2048
1251
1440
747
751
295
516
1094
1861
1745
714
2128
581
1281
597
1071
1298
1147
2160
818
2092
1661
1236
699
569
1222
679
1698
1474
1478
1721
1290
1623
2092
1144
1440
1435
2062
1561
436
1256
980
185
1993
1899
1009
1839
795
1592
635
172
783
1485
1596
2134
852
1085
19
39
863
1277
1561
568
1032
1135
2167
814
2119
605
50
538
657
1302
2171
40
1499
1503
609
714
1995
702
395
722
1446
385
877
532
409
536
1639
221
1167
244
2042
1278
1878
2065
80
1422
1404
416
1843
606
2148
1019
738
1358
1191
1547
1988
122
1384
1315
1822
1022
1950
279
2068
396
1262
76
19
342
264
213
1892
232
1384
1957
1209
1207
1976
977
1743
592
1666
2162
800
622
1447
1141
999
1037
1302
1591
354
1837
270
1806
65
1312
1627
1120
500
2162
103
829
1755
347
1068
1668
185
109
1768
933
1486
303
566
1246
1433
56
671
1235
445
2049
469
451
487
1463
568
1817
1778
2078
2080
320
1739
873
995
1712
561
423
1637
182
403
292
943
560
1731
1196
1518
1006
1209
1348
702
303
1284
738
887
1832
1079
1249
30
2050
2047
1969
1365
690
1904
1200
523
975
1477
748
911
1116
422
921
1817
1094
1029
196
511
1358
236
59
1489
2006
149
1621
1159
1407
245
1133
877
808
1422
171
994
677
564
1281
821
943
1166
739
147
673
398
1968
1746
159
637
2173
1529
1305
890
1016
941
609
1649
114
648
2138
351
2155
1359
298
1972
2169
1159
1935
937
499
893
877
291
1921
493
967
1571
1153
452
244
2154
729
1367
1485
1318
970
1962
430
1831
1105
451
370
1542
529
439
969
362
1267
1767
201
1995
232
1350
1097
488
686
1843
1329
13
1137
1218
473
739
1674
1704
2057
473
1633
605
1659
1853
1410
48
15
907
1487
1072
2167
679
1022
1024
93
1741
781
949
1112
1956
2163
685
1353
1789
1292
1442
1366
1268
1393
868
202
1004
185
811
1101
1520
17
103
39
641
214
1699
2010
39
644
473
1495
1368
40
131
1731
841
1377
2055
278
1935
1336
5
406
1268
81
1011
1229
1417
1895
1964
1374
621
740
561
1072
2052
445
2167
1162
800
1708
1535
1235
554
1718
650
1925
2099
1159
619
410
122
1193
232
1470
2138
1692
176
1218
1671
1477
931
640
868
1425
1361
583
1203
0
951
1678
1970
899
1322
268
1970
15
681
238
286
2171
706
1296
1284
1981
2115
1116
1944
396
1213
836
1380
389
247
352
440
1897
268
1099
1887
683
1934
1325
315
1142
1267
1160
929
2009
1442
1108
832
477
1902
960
1484
1324
1535
2005
70
469
1750
308
1963
628
278
500
913
665
2022
1298
437
1484
2063
269
1554
581
544
1499
452
1289
883
923
146
1432
2023
381
1698
2068
929
1216
145
841
785
1298
1608
2028
197
967
2069
1008
10
783
1868
1421
1853
1053
2053
621
1571
424
433
1216
960
958
1509
719
452
861
1034
1345
687
2010
2131
198
2009
1730
1662
787
720
1902
1076
1763
1557
31
918
979
29
198
851
1427
1357
1208
1987
1085
286
297
355
488
1578
45
213
628
1805
1495
870
100
2145
1030
398
720
707
2169
536
841
2092
1530
1949
1875
814
1315
532
238
2043
1583
6
784
801
931
1308
1492
1757
1835
733
1868
844
1037
142
868
1325
1737
921
75
304
2154
1468
1560
967
355
2114
2030
2101
222
1060
1792
1441
438
217
603
1363
954
1399
932
1008
2014
1443
2036
477
954
336
1352
1099
1889
784
1447
1127
1002
1349
1706
1006
204
985
2174
690
913
1861
1518
577
180
1201
1082
1298
825
1419
1706
1347
424
1274
1530
719
919
863
687
1489
2133
406
1653
1227
1891
213
54
1149
247
1738
1692
1224
1822
2134
119
146
1759
1175
611
1627
403
1863
2073
373
1645
2032
415
708
1120
708
1142
563
753
1389
839
1329
1983
1534
1071
1513
381
400
1652
1686
1496
125
812
1600
731
638
1859
839
575
1875
897
1543
1164
255
1384
738
301
122
723
304
1653
109
1245
931
1270
107
1041
301
1254
1592
495
29
695
189
806
1662
1649
599
107
737
469
634
180
465
931
197
1730
245
2073
1858
41
620
1329
869
1197
1891
360
1390
1461
1557
1274
164
599
1491
1487
900
2106
695
81
812
816
1091
638
893
1914
449
888
26
55
1379
255
1500
1495
439
1816
998
1870
2055
1820
771
2139
778
498
1495
42
2043
798
401
544
1419
2142
784
1293
1613
1593
1107
648
1553
1921
1757
328
197
892
438
142
1162
488
703
804
13
165
1108
1262
2111
696
921
1550
985
958
1173
1618
1718
1316
745
333
1500
1893
423
108
719
368
870
1859
42
937
1682
300
1126
816
174
302
529
1167
55
1857
896
1047
1608
218
1954
672
1805
333
675
1177
2112
1107
1280
1955
1535
1960
1159
109
2144
1171
1326
2127
1599
2093
870
2135
217
8
70
1312
2144
596
1588
1005
198
1033
926
2029
2160
1996
928
425
563
164
1667
213
1231
1813
298
1089
870
1146
837
2007
469
1409
447
839
418
86
1417
460
496
66
703
525
549
733
396
464
1726
865
81
1367
1450
928
225
2062
2125
1206
1964
871
1409
1188
647
2066
1466
381
1560
1732
801
1683
416
571
525
142
43
212
1734
1536
1407
1112
82
1316
1963
1688
597
438
220
1509
238
2055
1031
1434
1714
1552
1998
1688
2044
481
1371
1785
612
369
675
779
480
1434
1016
926
183
1181
846
1382
466
1104
1927
2007
710
389
1382
1293
2138
2057
1882
415
1202
1799
467
1706
114
1141
1137
2076
154
1992
1462
163
2130
932
761
839
103
426
1437
738
1914
1746
2070
1171
1853
1143
30
291
536
233
1370
717
1312
1026
1121
90
7
6
1129
781
268
261
477
1316
215
884
646
2123
6
1420
2169
695
1173
637
1703
1044
268
1031
825
2175
883
1722
2009
54
1417
950
536
345
51
861
1271
531
1382
1931
2111
1660
1290
1564
471
1483
626
1325
979
1859
1481
1969
742
106
1102
1150
1390
481
47
570
167
1584
1430
2042
1227
1636
1369
997
1274
1018
630
76
451
785
1238
939
1663
253
451
225
881
33
950
332
1760
586
91
215
406
1853
903
879
620
699
1174
645
1011
1386
198
984
831
460
234
1149
249
1469
1451
1973
1448
1144
2175
1461
1910
751
462
1045
1172
845
2088
605
2168
1491
1171
942
113
678
1398
1928
2102
1407
1469
1757
2133
338
641
1415
198
1663
1044
1973
92
1082
866
551
1124
2007
297
551
2083
1808
1699
1425
383
686
919
383
1460
164
919
1816
436
199
1336
1560
999
1129
1018
327
504
1232
762
1559
312
568
1096
54
1089
1196
1256
803
36
1725
1866
122
1946
490
758
453
1047
1661
180
1871
320
523
576
261
925
1590
43
1000
195
158
656
1849
1796
205
1023
551
1904
1237
1710
712
252
162
1288
326
1723
1191
2111
696
946
1331
1038
1554
584
770
2072
623
1551
1178
888
569
1124
1345
1573
1949
328
390
941
385
301
501
1085
1002
215
1302
1557
188
1354
1824
1247
1910
1964
330
771
122
2046
1987
1002
1800
1477
218
621
1700
2007
53
2005
507
1525
1318
1226
913
238
1731
1154
966
16
852
914
1586
817
1525
173
467
1080
1973
1031
1866
135
38
780
849
1782
1959
392
1766
2142
838
1493
1335
57
710
740
1244
118
900
696
650
1002
400
436
800
611
700
362
1186
611
919
437
1278
418
844
1404
570
1643
1437
1690
284
1459
1350
1351
2093
2032
1645
1563
723
1256
834
1960
19
2171
1384
123
1420
601
1335
544
1702
1546
1598
974
1220
2099
861
1536
985
132
1078
1653
1799
674
709
1918
1221
674
1053
2124
2143
1272
1248
1038
445
754
2141
551
1238
558
833
1791
1269
607
1401
70
1783
1083
2036
551
722
1172
2089
117
196
1570
1509
1232
1101
1616
60
115
2133
1524
515
1998
1343
709
320
1530
1277
406
1437
103
950
703
768
2083
319
1665
104
1436
708
427
379
1882
1209
1277
820
1437
129
2118
1900
1058
348
1510
1733
1926
904
1401
2061
1749
1383
1101
1836
516
1820
2170
285
148
589
1076
262
1182
1415
59
1677
1058
1555
19
1232
840
373
375
1360
345
912
1102
2157
1026
1902
1520
827
956
1845
1566
655
132
1485
881
1268
1116
721
1824
1541
1989
1811
526
607
528
1269
1733
1272
102
1373
1893
1071
1675
1519
379
1193
1456
1992
1920
1153
1256
1335
1815
311
1081
1477
794
574
1086
375
1885
311
1373
799
1390
988
881
551
1717
1369
1707
156
396
1955
1819
1447
703
1171
880
2041
947
1784
1091
1449
20
1420
788
1529
174
103
2034
1469
2059
808
1595
1424
46
545
965
297
767
1545
243
805
347
1824
2159
747
1695
1812
1450
2108
383
59
211
839
280
1661
1327
632
2088
2124
1253
799
1164
595
625
1102
697
312
1920
1773
906
1249
1688
1616
674
180
1326
515
315
937
2106
1257
1271
962
113
663
1617
207
579
1245
297
963
721
1804
842
2147
697
1527
243
570
1068
1081
879
176
24
218
611
371
111
1983
840
1717
527
2069
295
2149
1100
1170
1075
462
1959
1888
1081
1356
708
338
473
1073
437
604
375
1247
1504
1386
303
1000
263
628
2090
1135
916
563
974
1295
1301
130
1081
936
375
2115
1617
438
1441
1670
201
570
2069
1118
1850
93
1158
1359
160
1672
1785
1950
808
415
1695
747
1110
1610
2111
611
722
1113
921
1335
1113
1130
81
1294
493
369
683
1161
1870
229
2145
1535
2004
815
1493
303
933
76
2041
877
663
1630
2080
1850
884
988
2069
1910
77
202
1246
2078
2027
1390
1625
1768
1511
988
1654
91
1627
1953
1578
1336
298
1235
69
617
395
1466
1759
1987
1301
160
683
1225
1912
1556
1030
2127
92
737
45
1619
2119
1750
917
1753
1670
1475
334
1225
547
430
767
844
2112
1749
1992
1967
639
760
480
1437
249
485
766
1556
460
57
1517
959
317
209
1790
1304
1197
1276
447
1425
271
535
40
1047
23
142
1518
1648
1713
1745
516
624
408
1365
311
954
1812
627
1569
881
312
1926
2100
784
989
1309
1763
1552
533
2029
229
627
944
833
2167
415
2116
910
1532
1
393
536
116
193
2168
386
844
687
1153
1802
1741
1293
315
561
399
143
1498
1972
1465
770
1367
1200
1488
1833
447
1885
85
1870
1547
1544
1804
1976
1361
1880
1584
1268
3
2125
620
535
1073
437
1000
628
987
2037
2028
255
698
1095
476
1390
1253
1396
1386
1341
117
726
268
1225
1805
430
757
1905
1644
703
1910
1888
351
1108
225
2103
1190
1695
1826
670
1462
1831
27
1068
860
547
914
117
305
474
154
884
1923
415
1975
1381
1083
198
840
637
876
688
1230
1485
255
718
1418
1929
209
1186
1618
188
734
985
572
1566
627
1834
731
436
800
1609
553
493
1496
943
673
119
2148
520
403
87
964
1485
1286
1130
874
1611
1053
1410
1459
676
529
1585
470
1370
880
262
2064
265
251
133
1540
943
584
329
1034
1900
806
921
1330
225
734
440
1374
1076
1872
230
511
844
78
59
175
1405
1389
1598
1588
375
2061
1302
119
1801
1802
156
1724
2079
1646
1190
408
1767
614
1727
1678
276
139
533
359
482
193
52
516
250
964
234
752
1969
981
1049
242
1986
1363
2048
2046
1611
82
306
2
777
1506
285
1881
540
1408
6
481
496
2083
1987
1091
561
1570
2019
769
2003
581
2163
166
281
627
1852
512
1301
740
435
188
1195
546
820
174
542
712
148
2079
1066
1645
399
250
1050
820
994
977
112
1371
166
1310
1295
918
2106
390
598
2161
1894
194
648
802
1052
1908
1619
1986
1695
1773
1405
428
371
1455
410
1409
198
1512
625
1823
1478
1195
48
1469
1000
1887
2014
1998
534
758
1159
2075
1913
1651
1310
511
1455
774
566
1511
1588
1429
430
1997
899
683
1683
698
1095
1137
1185
2155
351
1033
1841
256
1366
723
535
2068
143
2094
947
604
1160
1806
1965
1784
255
794
2157
1411
859
448
410
301
798
956
1704
1231
348
1752
816
1641
1213
1685
1642
2106
1190
209
314
29
102
139
1716
1403
1792
1143
2116
1302
482
1265
1439
47
1910
212
17
581
214
1174
914
1415
20
1680
1368
540
45
411
52
586
1348
1866
807
1457
1004
549
139
1384
1777
488
963
1815
1174
2163
1255
1749
1456
1083
187
318
80
1428
230
132
1470
1034
1454
1517
373
340
1297
859
277
583
637
752
1733
1265
924
1348
842
158
1066
1725
203
231
591
1234
484
1030
327
2020
1721
616
1361
297
2079
1723
725
1583
1718
363
331
1362
1410
2106
1869
400
670
893
209
1025
115
1593
1216
1815
1663
1955
1842
1165
1829
1768
336
1976
899
177
1
1015
1927
2072
1906
838
2025
1538
68
1776
1879
102
1445
355
1185
1155
999
734
1714
117
1723
16
493
1600
1266
1982
1432
1819
507
799
2064
1654
280
1393
1198
477
1610
1185
948
2163
1010
2109
460
2068
158
479
1794
434
308
132
2123
626
64
1332
1509
1163
570
1500
2003
296
1529
592
499
803
927
2157
1215
58
1294
258
1560
1680
375
266
475
84
1527
1076
2159
766
913
1910
1038
549
210
354
1805
842
327
380
1905
2143
1486
210
557
2035
117
717
1509
444
1826
1399
1867
1470
1714
348
581
2152
1368
650
1303
515
1319
445
1605
588
563
981
1953
561
965
1768
1143
1415
766
133
1185
688
416
1955
363
1034
2026
1749
1086
1947
1266
1826
1224
1587
764
1300
538
1872
1884
864
1198
1235
1462
1548
225
688
1863
480
667
781
1736
882
1414
690
188
158
1431
1620
329
550
135
43
1244
798
1001
2046
2154
604
1878
614
557
1725
168
1138
1010
305
1572
870
697
332
2143
975
1969
340
1360
747
761
1295
1588
180
296
759
1512
204
714
120
1478
1572
157
530
591
1570
145
1113
1414
2168
881
2048
1973
1907
2006
1563
266
939
1653
415
729
1745
761
1885
1018
349
2124
1032
1320
2154
970
1538
842
1507
1619
526
1257
696
1193
616
670
1519
583
2073
1204
2009
1360
948
1322
5
469
90
1193
1084
477
1544
1234
1844
25
261
128
950
1347
1089
764
1278
485
1777
526
958
1624
2134
1564
8
471
703
2158
1536
952
2045
882
484
2083
1435
301
1806
1273
1777
1286
1954
1043
833
1685
1718
1747
284
337
1679
312
1975
1145
48
401
827
1523
2141
454
983
2110
170
290
358
1791
285
1295
825
1193
1077
847
1191
408
1069
249
689
816
1559
681
1577
873
1369
566
268
1217
1885
1390
1457
625
399
84
1696
277
1334
1436
162
1982
1773
1846
1906
68
415
940
977
121
260
902
2168
700
1897
937
671
1041
1322
1155
1353
1345
53
1327
1517
1497
1158
1896
982
1325
137
1053
152
1597
1710
399
1671
689
772
1994
1051
1953
16
1673
293
453
1482
1388
760
1113
1370
665
1566
408
139
1768
2008
689
1039
1804
1009
924
610
2072
989
905
1076
1078
254
66
489
717
1311
1595
83
1092
2002
691
237
31
1360
2058
1414
632
2105
1282
1364
1743
1140
56
1913
1774
218
1010
937
827
1265
68
854
1808
502
33
1940
258
1649
1729
2086
1476
623
1227
21
1053
1161
308
1587
1134
851
801
2113
71
1168
937
321
1597
336
1111
364
545
331
1102
1050
2102
1655
510
414
811
1786
2086
517
460
56
261
2113
362
1050
863
99
2093
281
10
2063
894
831
1829
1772
149
1027
863
317
1946
1608
2146
59
604
1707
1787
580
223
1929
1053
228
1584
1656
981
919
1871
99
1456
15
1153
1842
937
1143
1386
2016
1651
289
1581
1548
1942
446
2025
2112
815
501
629
2103
279
163
1715
2001
1296
771
2153
11
1143
1265
181
2108
476
932
286
751
1343
580
1708
515
650
1069
2059
307
261
887
218
1137
1315
1248
1763
167
1847
193
1548
606
957
257
770
1583
830
1786
870
412
1274
194
1595
257
114
351
864
924
149
1719
135
324
931
200
1256
340
827
334
833
805
34
1788
1688
1464
977
1976
831
799
1333
315
1248
1087
902
914
632
74
1936
1950
290
277
254
616
946
1000
84
1345
1927
1569
191
33
1003
711
701
282
1838
23
1239
1176
2139
365
1382
1502
977
132
982
1713
1171
2
779
1551
650
1582
397
992
1150
1232
1098
228
934
1113
1856
1824
254
234
1039
1497
1142
1797
1392
1328
1282
1327
1325
1088
1331
1413
478
150
1370
921
1772
1594
619
1950
1986
764
761
681
1717
2015
1480
301
1398
726
815
725
437
887
844
1457
918
1449
931
1334
404
1277
854
1829
523
1788
1977
1099
1594
824
1938
1196
758
1289
1234
139
1037
1468
1669
1360
576
1903
1344
1244
21
1907
1417
1852
429
1451
248
1479
402
547
1594
996
655
146
831
1643
1798
1561
1264
664
1161
484
128
1977
539
910
1393
155
945
1656
804
465
1748
375
1807
1459
66
947
480
1715
535
314
2133
1555
1161
952
179
1549
20
958
1897
688
1430
6
128
267
2105
1031
7
2054
1398
1811
1388
469
632
993
366
642
1921
1946
1728
1553
2084
571
476
1804
676
1465
2048
1222
755
1149
1665
706
1196
1804
1030
1349
1561
862
1295
1572
924
1894
740
2103
1163
570
600
919
1293
1403
1217
851
1217
1016
1173
1299
12
46
1556
573
305
595
888
1470
56
1758
697
1569
2004
948
2071
901
1514
1275
1128
2072
2083
1159
902
718
2153
1922
1934
1653
200
887
107
2005
290
550
339
1798
1886
1370
2124
1851
1334
1124
1630
1328
666
12
1193
1763
629
901
365
1953
1322
1912
1062
1356
503
700
2057
718
834
1305
886
1425
706
1099
1788
60
1163
1798
1381
730
1567
1955
1792
1777
847
1185
781
1027
945
424
1507
1904
900
276
34
1954
2108
1486
801
1836
2089
4
862
816
1611
472
1804
1729
1542
1206
1373
552
481
657
1279
1229
430
220
519
1103
1651
510
862
176
1720
992
1191
298
891
1817
297
503
250
782
1255
1754
1300
639
1107
1366
1896
489
886
33
726
1123
1865
600
1334
258
1876
1476
645
1618
416
977
1639
1631
981
1593
494
165
494
266
970
2100
567
1490
996
1137
1730
1113
2008
2023
2112
1400
2132
603
1707
1418
1788
592
1669
415
1855
1944
52
1098
900
1443
1120
1003
339
1473
126
868
1280
130
1741
659
1395
1685
1259
302
24
905
871
2165
1314
1276
1698
1412
126
1871
1388
851
1307
1805
1353
765
419
333
2065
893
581
291
209
216
168
119
575
1772
1328
157
734
664
189
1726
960
917
525
505
1048
1495
1358
2006
469
281
1733
348
1613
1305
1087
554
1693
45
2149
266
494
399
1190
1633
1193
1916
1624
504
1285
1103
817
1100
544
240
635
190
1331
783
346
1702
1841
1046
681
1772
1386
1287
585
2078
2000
1719
557
73
785
1183
621
1468
490
1147
663
1719
841
1255
1399
163
630
1616
929
907
1657
1708
726
1257
490
2108
1744
813
1495
946
24
1464
2153
669
1575
228
682
506
1605
276
476
1338
1572
1191
959
1451
2165
1309
966
2100
1716
987
685
32
1534
673
1841
760
2151
1554
2164
1117
1685
1514
592
2045
981
655
503
472
1086
393
1309
1849
859
1470
708
1624
918
1098
683
264
848
1172
1824
1216
442
1331
314
1554
1332
1351
1519
690
1191
718
410
1527
31
972
1438
446
267
1753
209
56
1026
1784
1438
1976
1423
1305
1026
1983
1927
953
1837
476
402
20
935
43
499
155
579
2125
1708
258
1725
933
1156
1112
110
2006
78
258
432
997
229
971
896
1216
593
263
1991
1143
149
1905
1680
373
714
1438
2090
1644
783
873
634
930
401
1446
1445
1129
1868
524
2134
267
1568
1884
920
1293
323
374
174
993
727
1981
1502
1944
979
831
853
397
2089
407
3
896
1214
397
1486
499
1062
1793
122
957
1217
722
210
2171
1511
23
736
530
1189
319
1953
1062
569
12
1733
1884
842
1659
482
806
1227
1002
1823
2144
1634
804
221
120
1490
1748
1300
1511
1815
36
1469
1823
133
1756
368
1784
1815
277
1798
935
1548
234
361
1976
960
72
1504
2084
376
399
1982
575
1445
2127
4
1542
399
889
2090
362
1782
593
1941
341
781
494
2001
1206
909
1159
772
1858
1912
1715
2125
1166
1363
1054
736
1833
1601
1076
742
996
1090
1905
879
111
1073
1718
1482
959
2149
196
1777
1294
1276
1469
1500
475
1109
1872
1632
796
1406
564
1576
524
597
1383
1135
276
2139
969
312
2124
1674
730
452
1872
1037
1073
295
1143
1447
1922
478
87
286
1148
691
1141
1293
1926
369
1646
26
1931
235
802
1071
524
1609
1916
1338
1317
788
930
1748
786
1887
1571
1525
918
634
560
1597
1974
1080
2
1625
358
1073
1776
1568
1823
94
736
2070
1001
1893
1533
1707
1678
649
1896
742
1266
1967
1981
1395
151
209
1205
745
1875
1829
2009
221
2154
1454
12
741
160
1331
698
985
2067
441
1495
80
1688
86
1176
376
1567
1500
2104
639
1970
959
396
1665
977
1331
16
881
2144
50
1155
604
1844
1887
2005
1875
1214
981
1080
357
1080
2123
1942
2084
1219
442
645
1531
566
119
599
1388
1419
480
476
820
1067
1313
580
971
581
1457
1247
1521
942
117
582
859
909
1684
1212
60
691
250
474
1887
2015
2052
1745
918
151
1238
1845
1815
960
2159
954
620
951
1065
960
153
849
581
2045
846
1611
5
1210
1980
757
1496
1602
458
279
1132
2113
834
1031
1434
964
221
851
1587
2
1227
2009
551
1597
146
1650
575
2
583
1600
533
358
1999
402
592
132
1802
2002
915
2148
158
928
1301
2016
428
1739
1609
1858
267
1160
568
828
1534
825
1903
1037
879
180
1541
753
211
1852
180
1204
893
2155
751
2094
912
1890
525
157
1715
2148
779
743
190
2039
1846
48
723
17
749
1975
1359
357
946
1761
1031
465
401
1555
1912
584
858
733
1787
1962
1669
425
1096
258
616
357
2019
1903
835
415
465
1150
414
380
1569
1392
522
959
646
618
295
698
1299
644
1760
870
1022
1363
229
1393
603
1531
1166
673
1530
566
1984
1372
380
460
377
1084
1944
1495
405
512
2157
1423
601
328
1762
1154
221
891
968
104
973
225
1862
245
17
155
324
791
164
133
1437
1488
981
223
337
2164
1237
2068
820
343
349
2164
248
1152
716
741
217
944
476
1969
427
1527
1948
1841
413
623
361
838
474
1238
1753
279
1054
1198
1721
969
153
1462
311
1632
643
1638
1530
1403
217
919
1667
686
1507
1800
1634
1773
1456
1193
1704
449
1882
897
1782
217
2039
324
1834
1431
204
385
1209
1353
199
1554
1356
1516
703
108
355
34
2093
1643
142
1548
1608
1222
1256
2152
2085
2090
960
1037
1714
1782
950
399
339
1804
774
1526
1426
1179
1357
1353
1062
246
888
1495
94
1550
1084
1031
2166
1698
801
1622
1822
86
882
795
1700
1840
57
1242
1323
650
884
1062
1845
2014
769
974
327
888
1410
1777
753
294
1306
913
432
1085
1671
1880
1073
11
228
1181
1251
2147
1915
158
180
184
499
680
1246
1484
160
350
974
1708
2171
1069
1387
991
2062
1038
1539
1329
1866
478
1230
944
342
1773
981
630
1441
1671
1315
1003
2091
1261
1920
1276
1266
672
954
1925
1738
427
988
1331
2172
2135
1341
648
1166
248
1743
2052
484
42
1702
1313
14
1691
1155
585
2104
1075
1228
1821
1837
1918
4
1238
1366
655
1713
426
1846
936
604
713
460
1782
893
47
2163
2047
1242
1048
1773
216
860
275
120
1014
2065
1595
327
188
832
1586
1710
285
1756
738
599
1764
1704
1482
1368
1624
2146
1105
1194
1746
1294
1715
478
2092
161
2144
771
2061
361
1378
223
1224
1264
1310
604
632
1098
1427
2098
1234
1488
1414
2163
1261
278
1000
1154
2052
1414
41
1410
1738
1361
221
1620
902
589
863
1075
377
2127
536
86
1372
1535
760
501
1896
507
1526
1968
2014
1572
1531
1789
1716
1818
1129
1108
1000
687
1859
248
268
219
1656
799
1034
1289
1404
1905
141
1513
1226
1502
2096
834
499
535
597
2104
895
1262
754
125
1961
881
1569
1831
449
217
1188
46
509
1645
1790
324
2117
1645
143
1294
1535
941
1130
2135
921
2160
954
21
128
169
1752
2007
1192
506
875
1372
1975
1333
1068
231
1766
2147
893
313
1166
2092
1315
1093
2038
47
1654
1639
1903
1616
790
1385
727
664
1618
950
1496
738
1629
2068
350
563
685
283
648
1508
414
1269
209
713
351
1809
267
609
80
848
142
1007
33
640
413
21
1924
1362
188
1597
2041
549
1584
295
910
2090
2105
1446
1407
739
1936
1884
1474
1555
1738
1145
2155
812
2162
2009
1690
1219
1346
24
745
1570
1096
1523
578
632
1532
460
327
998
2038
86
1602
221
783
41
1560
1602
569
134
1135
590
726
899
1659
194
1699
395
1424
284
305
1172
1743
2039
34
1507
1176
1597
664
2032
717
467
391
1145
1149
713
1991
329
477
1315
169
433
1545
1250
1028
1261
2048
431
1131
2113
890
528
1137
1305
296
1122
1996
1496
570
42
1856
852
707
585
1708
282
413
992
2068
1230
939
1736
211
679
991
970
2053
2130
829
1890
368
1367
1235
1398
429
726
168
383
691
1950
1016
1236
2154
1704
1684
296
1526
244
560
1823
709
1419
578
1817
1019
1873
1055
1642
648
1107
324
1606
450
1786
701
2119
421
2148
1107
1989
797
1075
2001
921
1271
1159
87
2165
1835
1820
1402
522
1875
1057
2144
152
764
1299
1100
282
1090
1679
1794
707
198
1741
2032
2048
1279
808
100
160
1606
1359
1999
1665
183
181
31
1176
1532
783
414
137
1298
184
125
1628
403
234
519
1865
1990
873
1978
432
1089
495
481
413
1923
209
425
950
254
991
1006
608
1679
1575
737
1429
78
2021
1385
442
1891
1971
75
484
445
448
1555
1468
485
2039
419
839
1123
1732
560
514
1896
1723
1775
824
1276
432
788
904
1137
1048
192
65
839
355
2041
158
372
1384
1077
361
1864
34
1394
28
1041
1520
560
517
1372
359
764
872
1906
2046
1934
1992
1019
551
2009
2007
1022
919
915
769
750
1597
1159
917
1515
1017
2002
764
692
1402
743
797
1109
1705
399
543
1783
997
832
1624
1570
2119
2026
596
394
318
2161
517
697
1204
1435
882
2159
1016
762
234
1131
1842
1105
2108
1276
1557
1583
698
1569
1069
1339
603
680
1050
1559
991
1367
1404
1453
1852
1981
1812
1111
309
1725
770
1878
2110
128
519
1902
1619
1357
1680
1549
21
394
1694
2098
750
410
1712
205
1446
1900
610
1839
946
1482
1
1016
2059
1308
1752
1144
532
218
936
212
1181
1740
84
399
174
1065
1359
3
2129
785
2037
1401
1701
1672
1175
1578
1296
1593
1294
1254
1287
1404
1864
641
1011
949
1075
1304
163
95
1639
954
1600
1831
917
1593
4
1982
388
1428
2159
1095
983
532
1267
1315
35
1211
1354
840
1819
273
193
1801
1089
1086
1378
249
991
1368
1694
2019
89
1812
298
2002
966
1039
1472
78
1598
460
2090
1373
199
2102
1689
1011
355
1212
17
300
352
1424
2014
381
2155
643
1147
1643
742
1623
1545
677
375
1124
1559
688
1294
1900
1902
2149
1210
300
1210
1526
34
1667
355
1526
160
717
1814
1837
1327
341
750
1632
764
484
574
1204
2052
1327
137
1083
1900
1230
2028
1435
1864
298
1992
1852
139
1131
335
98
442
1048
1266
543
1740
329
470
1404
183
422
716
2104
2108
1864
1055
1540
1947
636
1938
605
1550
2174
1372
812
479
1795
443
364
561
243
1746
582
1114
539
1752
1312
696
1356
1355
577
2089
54
1897
989
310
347
1229
760
1550
1658
1920
1043
2032
302
830
1354
139
553
822
1716
277
1043
1462
1659
1462
1210
340
1572
152
60
1108
1208
1930
309
398
1674
1550
949
1115
159
1276
810
200
1341
704
1138
979
1966
648
1679
2016
1443
1952
2018
1248
799
647
0
1088
846
171
151
427
789
515
1075
365
2156
1412
2160
1428
1401
1085
294
188
377
268
507
2037
1368
125
980
885
1694
382
760
1069
536
1150
2037
1954
194
2170
1476
1270
1242
2163
320
2035
101
359
223
197
1959
2157
357
819
722
1836
1628
1327
1965
276
1386
466
0
173
2009
2012
966
152
358
1490
1399
422
1098
1941
451
1897
2071
1813
136
874
1025
1706
17
781
278
421
20
711
0
