0.1696125
0.173265
0.1267575
0.108945
0.051675
0.1168725
0.0698775
0.1715025
0.23313
0.1346025
0.1190175
0.02679
0.2639325
0.1889625
0.1548225
0.20931
0.11379
0.20814
0.0349725
0.1630875
0.104265
0.1201275
0.1012125
0.2018325
0.14385
0.0954
0.16032
0.13527
0.278385
0.2456175
0.3100275
0.2659725
0.1473375
0.0755475
0.135825
0.1174875
0.266115
0.2355675
0.253935
0.0921675
0.2671125
0.0606825
0.086595
0.145305
0.1478925
0.234195
0.202905
0.0129975
0.1625025
0.1911525
0.1379475
0.098145
0.2505975
0.1137225
0.1887675
0.1951575
0.1730625
0.111045
0.1696125
0.1782975
0.164685
0.20799
0.25431
0.129135
0.1616325
0.288945
0.1955925
0.1890975
0.1556025
0.063525
0.129795
0.1265925
0.13392
0.1367025
0.1852575
0.174705
0.242745
0.181665
0.110595
0.1316475
0.1792725
0.1643475
0.25179
0.257625
0.237735
0.093735
0.1953075
0.1474575
0.1989375
0.1554975
0.27006
0.13989
0.32307
0.24309
0.091485
0.164955
0.1744875
0.2200425
0.255015
0.2378925
0.210825
0.159405
0.1181025
0.1705275
0.1976325
0.2224425
0.1701975
0.2316525
0.0729
0.2036775
0.0612225
0.226125
0.0650175
0.2546625
0.1617525
0.11823
0.05529
0.23028
0.09219
0.1013925
0.10665
0.148425
0.154095
0.1130775
0.1541775
0.13164
0.17895
0.2541225
0.1881975
0.07782
0.1592175
0.1560825
0.15876
0.106905
0.150195
0.0878175
0.2297025
0.1293525
0.0955875
0.2043075
0.226515
0.1617975
0.1542375
0.2474625
0.2449575
0.16083
0.05433
0.16299
0.1733025
0.094875
0.1854225
0.2748225
0.1321125
0.137505
0.20568
0.1577025
0.1679025
0.1082775
0.09849
0.04446
0.1099575
0.16857
0.1910775
0.2397
0.2103675
0.153
0.087135
0.15765
0.265665
0.172035
0.12438
0.164565
0.200325
0.151305
0.1672725
0.0811725
0.0807675
0.0977325
0.1403925
0.1144275
0.2730075
0.194445
0.062685
0.1159275
0.09003
0.087975
0.134475
0.1828275
0.1746825
0.1535325
0.170895
0.1764075
0.1708125
0.1144125
0.1382625
0.0720375
0.1596
0.1182375
0.261885
0.2110425
0.16068
0.1774425
0.18804
0.1465725
0.1746975
0.128295
0.0833625
0.120375
0.1890225
0.1073025
0.0407175
0.18408
0.1601175
0.1659375
0.1122825
0.20388
0.10509
0.152625
0.1570125
0.22719
0.1388475
0.0699675
0.19236
0.2378025
0.1881825
0.06906
0.2623125
0.2231025
0.1228275
0.191625
0.1234875
0.16191
0.1075875
0.2241
0.2570775
0.0981075
0.1570125
0.2625225
0.230625
0.1857975
0.2222925
0.200955
0.157245
0.144135
0.12969
0.10044
0.2042475
0.2674725
0.0926475
0.199575
0.1784025
0.0612225
0.1172625
0.09261
0.20424
0.1193325
0.1426425
0.17445
0.137805
0.1972125
0.189735
0.1431375
0.283245
0.0593475
0.2221725
0.123135
0.144675
0.20166
0.180765
0.06438
0.1662975
0.1292025
0.0967725
0.0044625
0.1218525
0.2264925
0.148995
0.1591425
0.22455
0.1065525
0.1818525
0.103965
0.238305
0.1889175
0.23556
0.21156
0.08826
0.0578775
0.1878675
0.173295
0.213375
0.185865
0.1300275
0.25407
0.212085
0.0626325
0.16596
0.1656525
0.06531
0.1173225
0.0523725
0.048675
0.1505475
0.2352075
0.105975
0.140835
0.23769
0.1828275
0.114345
0.10032
0.166095
0.1698975
0.0352575
0.2105325
0.16791
0.1918575
0.17595
0.0939675
0.0752475
0.2164275
0.167595
0.09231
0.151215
0.23892
0.200265
0.062565
0.145245
0.07401
0.24315
0.0947025
0.0397275
0.065805
0.2230425
0.06579
0.1835175
0.1261125
0.1162125
0.2288925
0.20934
0.100725
0.2247225
0.1268775
0.18474
0.176535
0.1999275
0.1331925
0.15105
0.2381925
0.1156875
0.2775225
0.0864
0.160815
0.130515
0.1467675
0.16434
0.2427675
0.12183
0.210255
0.215235
0.1821375
0.218055
0.1589775
0.1167525
0.0146175
0.1374825
0.1628775
0.3030375
0.1800675
0.237135
0.06792
0.161475
0.1800675
0.07611
0.2123025
0.1840725
0.11778
0.1841625
0.143025
0.2281575
0.1417575
0.115335
0.1111425
0.190905
0.0800475
0.07959
0.1825875
0.1569075
0.0504675
0.14478
0.2666025
0.16905
0.1423425
0.1473525
0.1026
0.124965
0.13545
0.16206
0.1466475
0.0696975
0.19923
0.12855
0.08427
0.2142675
0.2050575
0.2102775
0.204195
0.1806975
0.1534425
0.059445
0.192045
0.13743
0.185415
0.1586325
0.0947175
0.2496075
0.144345
0.2629875
0.27126
0.067515
0.2476125
0.22551
0.029985
0.121635
0.289095
0.17355
0.24918
0.156915
0.0911925
0.02526
0.0831825
0.1872675
0.1965675
0.1715625
0.2569575
0.22323
0.229455
0.2921175
0.17505
0.2516175
0.195
0.2170575
0.19359
0.0997125
0.291255
0.183075
0.07401
0.1684425
0.1559175
0.2258625
0.1442325
0.135915
0.235545
0.1976625
0.188955
0.17919
0.178635
0.074955
0.1213125
0.1509825
0.264195
0.1142025
0.01404
0.1869525
0.156885
0.197715
0.084315
0.17829
0.14373
0.2198325
0.2781225
0.189555
0.2252475
0.2069925
0.1445325
0.248895
0.1386225
0.1553475
0.0552675
0.097095
0.263835
0.22989
0.17862
0.1477425
0.1297425
0.141465
0.10047
0.1043925
0.1509825
0.18129
0.19899
0.1764075
0.16464
0.1123425
0.127935
0.119205
0.17973
0.20862
0.1794375
0.10896
0.111375
0.09597
0.0450825
0.1220625
0.14286
0.260325
0.1577175
0.148215
0.14148
0.106635
0.12384
0.1547625
0.2917575
0.1119675
0.153345
0.0374625
0.099135
0.1151025
0.2865675
0.1874175
0.0888
0.10134
0.2199525
0.180105
0.122055
0.1434675
0.0710175
0.25833
0.2541675
0.15774
0.1722525
0.2671425
0.2641725
0.1835475
0.00117
0.072765
0.1195875
0.231435
0.2788725
0.1846275
0.1145475
0.123645
0.0701325
0.1944075
0.266505
0.112575
0.1882875
0.11208
0.1445175
0.094725
0.0508875
0.23538
0.163185
0.1577475
0.167175
0.1259475
0.03
0.1684425
0.1702425
0.178065
0.1034325
0.04845
0.1567575
0.0045225
0.1598775
0.0754125
0.1095675
0.196275
0.18363
0.21684
0.225975
0.0756075
0.08016
0.1573875
0.2375025
0.1868925
0.1587
0.21588
0.1805175
0.1650375
0.1488975
0.152085
0.2029725
0.1224075
0.0928425
0.1662825
0.089955
0.157545
0.1469475
0.2269275
0.14322
0.1206525
0.1346025
0.22071
0.24666
0.1100175
0.128475
0.1533075
0.1037775
0.05103
0.1625175
0.1990575
0.0702825
0.1360275
0.252
0.166395
0.136965
0.1055625
0.16035
0.164115
0.1576575
0.20847
0.1011375
0.1812675
0.215115
0.23058
0.267135
0.1564275
0.1714725
0.1835625
0.286545
0.181725
0.1202325
0.085065
0.2240325
0.23622
0.263775
0.1207125
0.26013
0.169005
0.2207475
0.18063
0.145425
0.0992475
0.19062
0.2230425
0.1323075
0.2057625
0.0721125
0.094875
0.0642675
0.23037
0.1132725
0.107235
0.200925
0.1248
0.1409025
0.17322
0.0867225
0.0340125
0.1678125
0.2508375
0.1694475
0.208635
0.1137075
0.1722675
0.1204875
0.19464
0.222525
0.1962825
0.1434
0.1513275
0.1104975
0.1863225
0.16296
0.1656975
0.19131
0.1019025
0.13572
0.1656825
0.1111125
0.13371
0.15021
0.05946
0.142875
0.187125
0.195765
0.2072925
0.1614075
0.1801725
0.172965
0.0513225
0.2193375
0.1396125
0.12471
0
0.1794825
0.2468475
0.247515
0.2302125
0.23535
0.265995
0.1221375
0.2091975
0.0997425
0.15627
0.2223975
0.223005
0.1944
0.1975575
0.19506
0.2064525
0.18609
0.120795
0.1425825
0.0652875
0.1583775
0.1440225
0.1350675
0.1726125
0.1732275
0.08082
0.1764825
0.1329525
0.112035
0.16908
0.21267
0.330255
0.137775
0.33456
0.132315
0.1213875
0.1575825
0.186195
0.24147
0.10644
0.01677
0.2315925
0.083445
0.17712
0.05637
0.05559
0.138735
0.1573125
0.1421625
0.08964
0.07752
0.194685
0.16137
0.1554675
0.246
0.1653975
0.1057425
0.1733025
0.20484
0.1043625
0.146055
0.092715
0.2000175
0.1077825
0.2439975
0.10878
0.1322775
0.1760025
0.204525
0.1848
0.1198725
0.271845
0.2147175
0.1774575
0.219195
0.09096
0.2768475
0.16311
0.0423375
0.110505
0.0795675
0.2145225
0.1607025
0.17721
0.237585
0.2227125
0.2794275
0.28362
0.16317
0.187425
0.28038
0.2414775
0.15324
0.14181
0.15627
0.2091075
0.174
0.1962525
0.13293
0.194445
0.1742775
0.23505
0.210885
0.146805
0.07536
0.099675
0.2174475
0.1538775
0.15864
0.1905975
0.156105
0.26421
0.14586
0.1446225
0.1892475
0.22914
0.127515
0.189495
0.0648825
0.1624125
0.1712625
0.1959825
0.1319925
0.22971
0.1184475
0.0853425
0.13578
0.1249125
0.2358
0.1427925
0.21912
0.2767425
0.29253
0.2053725
0.16401
0.19467
0.054585
0.0924075
0.1506975
0.2372625
0.2426025
0.202245
0.2469525
0.0575325
0.1065975
0.1708125
0.26664
0.157305
0.1852875
0.10206
0.115095
0.2105025
0.24495
0.1206375
0.1826325
0.22758
0.1374975
0.1557375
0.1268625
0.2141625
0.068205
0.140805
0.0258675
0.04941
0.16626
0.24693
0.24354
0.132765
0.14646
0.2833275
0.21345
0.1604625
0.1764675
0.2634075
0.240585
0.1008675
0.2208825
0.10824
0.166995
0.1391925
0.13755
0.171765
0.3007425
0.2412525
0.2262075
0.1388025
0.0771675
0.1424625
0.231705
0.064155
0.1418025
0.0965925
0.21228
0.09486
0.2537625
0.0942525
0.0977625
0.23817
0.1328775
0.1585125
0.07863
0.12171
0.1275
0.072375
0.1605975
0.08121
0.2798175
0.0652425
0.124665
0.05415
0.2284275
0.14247
0.151485
0.2419425
0.1546875
0.12546
0.2359125
0.2327775
0.1814625
0.1644825
0.1989
0.1212975
0.2015025
0.2316825
0.15933
0.1288875
0.237945
0.1909275
0.110655
0.19317
0.083985
0.1188075
0.1862775
0.148515
0.0687225
0.048825
0.0779175
0.09483
0.0857325
0.1222125
0.093495
0.191325
0.038565
0.1277475
0.19359
0.100005
0.2372025
0.31722
0.26718
0.2768025
0.23682
0.1280025
0.0976125
0.0864675
0.1144125
0.0999375
0.26166
0.2116275
0.1136925
0.0573225
0.244095
0.1627725
0.2113275
0.2831175
0.1371375
0.227655
0.2145525
0.212955
0.1843725
0.12078
0.1769175
0.1111425
0.075435
0.2017275
0.1879725
0.20865
0.1788825
0.229605
0.1755975
0.1054875
0.1911225
0.2012775
0.1736175
0.1841925
0.118035
0.117435
0.18396
0.1241325
0.148605
0.1738575
0.0992175
0.207915
0.160425
0.2683125
0.200385
0.0684525
0.1551525
0.06306
0.226335
0.14496
0.1116
0.2150925
0.17277
0.0280875
0.1964475
0.17325
0.1262025
0.26745
0.2305725
0.1916325
0.279
0.077415
0.1935675
0.2152875
0.1760325
0.08757
0.0270675
0.1441425
0.22455
0.1982925
0.1662075
0.1102425
0.1798275
0.221325
0.1060125
0.1317525
0.22008
0.1912875
0.1884825
0.1632
0.10488
0.1410225
0.2330625
0.2140875
0.21438
0.184665
0.31926
0.19323
0.1589475
0.1818375
0.139485
0.230925
0.2109675
0.10521
0.1494525
0.1743675
0.09672
0.163635
0.137595
0.14274
0.0893325
0.173655
0.1989
0.014775
0.2742675
0.1429275
0.118005
0.003075
0.1220025
0.139455
0.1861425
0.14355
0.1426425
0.1707075
0.1175325
0.1971075
0.2247975
0.1979025
0.2406075
0.2231475
0.2467575
0.2215125
0.158955
0.1384425
0.2137425
0.2148
0.2089875
0.1144875
0.189585
0.10203
0.174675
0.1441275
0.19203
0.125745
0.0637575
0.0686325
0.1223925
0.1004175
0.225765
0.1131825
0.1793325
0.05946
0.0855825
0.1391625
0.2343075
0.1850475
0.1238925
0.208935
0.138105
0.057585
0.060855
0.0908325
0.167085
0.206715
0.2119125
0.1263225
0.135525
0.17301
0.11322
0.1000575
0.2033025
0.0458025
0.19779
0.16953
0.1406625
0.173595
0.05742
0.0523125
0.08031
0.17469
0.1662375
0.294825
0.13557
0.20766
0.1712175
0.21135
0.1355475
0.1562925
0.09897
0.0943875
0.20175
0.27795
0.15243
0.2212725
0.1770375
0.1575
0.203835
0.06708
0.1455525
0.223305
0.0612075
0.2238375
0.1115025
0.21711
0.101535
0.1702875
0.19032
0.17658
0.1140375
0.2511525
0.09321
0.2000625
0.047055
0.1052625
0.170055
0.226245
0.122325
0.2332725
0.2152275
0.206985
0.128655
0.0981075
0.17691
0.25137
0.2531925
0.2135475
0.2381775
0.22365
0.28833
0.1382025
0.248055
0.1281975
0.1758975
0.06357
0.2298525
0.2612325
0.26457
0
0.1340325
0.0903975
0.1249575
0.1579425
0.21387
0.2305275
0.143115
0.314475
0.1671825
0.25884
0.1737975
0.118335
0.18417
0.1359375
0.247845
0.208185
0.085575
0.1438575
0.1363575
0.191775
0.1766775
0.1337325
0.14709
0.0509775
0.17094
0.1342575
0.07011
0.15594
0.04962
0.0879675
0.1164975
0.146055
0.104295
0.1576575
0.16563
0.20484
0.250155
0.2861475
0.2147475
0.238995
0.1903725
0.12477
0.0878325
0.21291
0.1688025
0.1484325
0.2237325
0.10107
0.117
0.255135
0.062205
0.09936
0.20331
0.1312725
0.2066925
0.219045
0.2191425
0.203925
0.11334
0.246645
0.08475
0.18024
0.1228875
0.1520925
0.1193175
0.1471875
0.2777475
0.15672
0.225705
0.136395
0.1150875
0.21048
0.2183925
0.260745
0.02412
0.1390425
0.1449375
0.0652275
0.1780575
0.176925
0.1453875
0.175485
0.0726975
0.16677
0.2503125
0.2383875
0.162945
0.1873575
0.141735
0.0711975
0.147105
0.1247475
0.17964
0.1113675
0.205665
0.041565
0.023475
0.1725225
0.1887975
0.2534475
0.0955575
0.2443875
0.301545
0.1568175
0.252105
0.1071825
0.2036925
0.2557425
0.1827375
0.18798
0.12273
0.275685
0.2595825
0.02214
0.173145
0.1667325
0.2526075
0.199335
0.2569575
0.1889475
0.2256975
0.2369175
0.170985
0.179115
0.2721
0.2580975
0.061665
0.1947675
0.046365
0.07059
0.12645
0.15177
0.2242425
0.2791725
0.2945775
0.1798575
0.2729025
0.09903
0.2167575
0.2142825
0.2248275
0.2301675
0.1431
0.0544725
0.0447525
0.1609275
0.12882
0.1506225
0.1119
0.2123925
0.23505
0.2471775
0.2094675
0.1232025
0.2579775
0.16332
0.13971
0.313275
0.123975
0.241545
0.2790675
0.1214625
0.1958775
0.2002275
0.0668325
0.2394975
0.26022
0.1579875
0.1676775
0.232305
0.2269425
0.148755
0.1662375
0.1906275
0.18039
0.0080175
0.1692375
0.140775
0.10617
0.1056675
0.14535
0.112605
0.2359125
0.29442
0.1454475
0.2182575
0.0438225
0.1968675
0.07008
0.1184175
0.2032725
0.1869375
0.07128
0.13269
0.1647075
0.1347675
0.125385
0.15963
0.2557725
0.0442725
0.1419675
0.2166675
0.211545
0.12492
0.22212
0.1860075
0.222105
0.1444875
0.098415
0.19095
0.11655
0.1374225
0.074325
0.177405
0.0314025
0.15939
0.113415
0.197865
0.1463325
0.2479725
0.10806
0.14583
0.176565
0.118005
0.2480925
0.1177275
0.144585
0.1582575
0.166905
0.19695
0.183705
0.1441575
0.2176125
0.084075
0.141015
0.1082775
0.175035
0.049095
0.119355
0.11412
0.04428
0.116325
0.1547625
0.19533
0.2346525
0.1293825
0.189795
0.17454
0.2509275
0.09219
0.250635
0.1453425
0.136275
0.084225
0.08667
0.1824375
0.1070475
0.2807625
0.18858
0.068835
0.1594875
0.264885
0.109185
0.15
0.23133
0.2323575
0.0597
0.1310625
0.1700625
0.1458675
0.122565
0.0984075
0.1739175
0.232935
0.18531
0.13872
0.2140575
0.136905
0.130905
0.2043375
0.2191875
0.0884625
0.1023525
0.2484975
0.1457325
0.1062525
0.089655
0.2435775
0.1175625
0.2392275
0.2248125
0.18438
0.129045
0.1851975
0.08727
0.1577925
0.1874625
0.1090275
0.1265025
0.1730325
0.1234125
0.1743675
0.17694
0.1215675
0.0767175
0.1529025
0.1357725
0.24222
0.2452125
0.18861
0.1749075
0.0240225
0.1547775
0.22017
0.14544
0.2777775
0.170115
0.13647
0.1481625
0.147195
0.177105
0.1290525
0.3004275
0.2613825
0.2326275
0.3069675
0.1212
0.0872775
0.1482525
0.11883
0.1282725
0.1332075
0.2093625
0.13404
0.1557975
0.185265
0.154035
0.16518
0.2683725
0.2238
0.12936
0.10119
0.1340025
0.190335
0.2204325
0.1055325
0.0670575
0.0809475
0.2522925
0.1680825
0.11484
0.117405
0.250785
0.1461225
0.126915
0.1765425
0.1908675
0.0854175
0.1354725
0.17694
0.0105675
0.093885
0.20991
0.2745375
0.142515
0.056985
0.0896475
0.119805
0.0421425
0.151845
0.182625
0.144525
0.1781925
0.0878625
0.1531425
0.2549025
0.13755
0.1429575
0.15435
0.1536525
0.1182
0.204165
0.1593975
0.0456825
0.22464
0.16536
0.045285
0.0642
0.1990125
0.146865
0.209925
0.180315
0.2257125
0.15117
0.1220475
0.1962975
0.106245
0.11175
0.183315
0.07119
0.178695
0.1235025
0.1499925
0.214185
0.1347225
0.211365
0.0815475
0.1886325
0.21195
0.25935
0.1964025
0.0868275
0.170175
0.1001475
0.1746675
0.2100825
0.1809525
0.112425
0.17373
0.19722
0.1809825
0.1759575
0.1239975
0.24657
0.2188425
0.173955
0.135315
0.2131275
0.1099425
0.14619
0.22278
0.1576875
0.2604225
0.12969
0.190485
0.1636425
0.15774
0.0731775
0.19104
0.0744375
0.182475
0.2073
0.15204
0.0620025
0.183225
0.07425
0.20337
0.177555
0.2438625
0.2754
0.1181625
0.1526625
0.0579225
0.2352225
0.078345
0.1167525
0.1015425
0.16341
0.1807575
0.0549975
0.2641425
0.09339
0.1368675
0.197925
0.09417
0.1014675
0.1819275
0.241125
0.1387725
0.331005
0.18528
0.2486775
0.173865
0.18225
0.2140725
0.176835
0
0.179745
0.26547
0.08427
0.1559775
0.2886075
0.253785
0.1429425
0.120045
0.087525
0.229665
0.181275
0.161145
0.1211775
0.1611675
0.1484775
0.193485
0.10089
0.154545
0.22047
0.1770075
0.1343175
0.025965
0.1818975
0.1542225
0.1219875
0.2421375
0.1087125
0.245715
0.16149
0.19425
0.1071525
0.0898125
0.25014
0.1619175
0.267525
0.1695375
0.1161075
0.2545725
0.12948
0.2639475
0.1218975
0.1956
0.1851675
0.1010625
0.1919175
0.136005
0.1865925
0.19659
0.17421
0.0711975
0.205395
0.1533
0.099765
0.0822675
0.137205
0.2591325
0.1882275
0.22026
0.1952025
0.1955625
0.247815
0.1842825
0.2152575
0.2168475
0.2085225
0.11289
0.238635
0.2353575
0.15018
0.0481125
0.11097
0.1943025
0.113835
0.1040475
0.16875
0.102885
0.1583625
0.1323975
0.293505
0.1871175
0.1951275
0.1275825
0.1780575
0.163725
0.0845325
0.162255
0.188505
0.1810725
0.1697175
0.1558425
0.2001825
0.1987575
0.1611975
0.163665
0.1343175
0.22986
0.21738
0.2456325
0.19419
0.2373375
0.169665
0.1127925
0.080565
0.23583
0.261795
0.21747
0.090435
0.2463225
0.1328025
0.090705
0.2097975
0.04572
0.1254525
0.2703
0.049965
0.199725
0.198015
0.0418875
0.1415775
0.097875
0.1175175
0.18057
0.162015
0.2380275
0.1774425
0.17658
0.16479
0.173025
0.17814
0.14703
0.211755
0.2219475
0.19386
0.086025
0.096705
0.09741
0.1366575
0.1863225
0.237285
0.1227375
0.1158225
0.1910025
0.057735
0.1370925
0.1871925
0.14286
0.1594575
0.2037
0.15756
0.2120775
0.1560675
0.0833925
0.224415
0.2379
0.1567125
0.147885
0.2732475
0.120975
0.14655
0.2334
0.0596025
0.2438325
0.0887475
0.1771125
0.128325
0.293565
0.1199325
0.1917825
0.07068
0.1496925
0.1440225
0.1379775
0.234915
0.1093425
0.2182125
0.1838625
0.1809
0.145845
0.1451475
0.12168
0.25659
0.1522575
0.163035
0.149835
0.1646325
0.236265
0.0519075
0.2274
0.119475
0.250725
0.2570475
0.24801
0.070605
0.00276
0.1698525
0.143685
0.148155
0.0786675
0.143205
0.16461
0.1942425
0.185505
0.118905
0.1956675
0.2982825
0.1662525
0.14139
0.225975
0.1717425
0.23034
0.083235
0.2917125
0.21108
0.1430625
0.1638375
0.1116075
0.1948125
0.1612575
0.1247175
0.19995
0.2942775
0.17034
0.155145
0.208725
0.0401625
0.25236
0.2286525
0.0789375
0.227265
0.208035
0.1363725
0.0871275
0.1893825
0.1453575
0.11772
0.0838875
0.1269375
0.1401825
0.1842
0.22107
0.290355
0.248055
0.08811
0.1425975
0.2383575
0.1908375
0.2175825
0.26574
0.2015325
0.0977925
0.1010775
0.0392175
0.07827
0.2039625
0.18975
0.1708425
0.091185
0.15438
0.1120875
0.2592675
0.04341
0.06063
0.1574025
0.0992625
0.1314075
0.1313175
0.172065
0.192105
0.1282575
0.200415
0.070215
0.064005
0.2198775
0.2190375
0.136335
0.229665
0.23238
0.02382
0.00246
0.14409
0.05013
0.1980375
0.2115525
0.0967725
0.18924
0.16122
0.1423125
0.1298625
0.1496325
0.1397475
0.18084
0.243225
0.18051
0.22227
0.163485
0.17481
0.11973
0.020475
0.21507
0.1266375
0.2493525
0.28734
0.0747075
0.2480625
0.210345
0.17403
0.133965
0.1538775
0.176055
0.192675
0.2027025
0.1416075
0.18405
0.2440275
0.252135
0.1170675
0.3392775
0.1452825
0.1410525
0.1456575
0.1743225
0.13443
0.1316175
0.1035825
0.1158375
0.1146525
0.1547625
0.1718925
0.1482
0.1590075
0.2201175
0.0929625
0.123195
0.084555
0.1054725
0.218055
0.162555
0.082515
0.11523
0.2844375
0.1463025
0.1817475
0.0528675
0.1829175
0.222405
0.2759775
0.2157825
0.188445
0.1461825
0.15915
0.0800325
0.197685
0.1985475
0.17223
0.10341
0.0393075
0.25968
0.2224875
0.1200375
0.1650225
0.172185
0.1711575
0.0121275
0.184095
0.163485
0.2414475
0.1596825
0.1364325
0.228255
0.233655
0.1620675
0.201015
0.204375
0.161625
0.13128
0.1954725
0.1863225
0.213645
0.1951875
0.1217625
0.171225
0.28842
0.0436275
0.0472125
0.255555
0.1890525
0.11352
0.0661125
0.1534275
0.15783
0.1313475
0.169395
0.182145
0.24735
0.1797075
0.0810075
0.1712475
0.202365
0.101205
0.29763
0.19278
0.204015
0.1501125
0.109635
0.1383825
0.0792825
0.13521
0.2586225
0.20871
0.0359925
0.1421175
0.1459425
0.307395
0.0487275
0.1058475
0.14772
0.23658
0.252285
0.175185
0.19317
0.1809225
0.0925275
0.1937625
0.2238225
0.237285
0.156075
0.0509925
0.191055
0.2035125
0.0931575
0.20871
0.02535
0.1253925
0.2579475
0.14472
0.2015175
0.1925925
0.06084
0.10548
0.2556675
0.1595775
0.163545
0.137205
0.1428525
0.1187175
0.2363775
0.147885
0.21552
0.111645
0.2780925
0.20916
0.1075125
0.10524
0.1566525
0.20721
0.15249
0.10635
0.0920325
0.2380275
0.166545
0.0987075
0.234525
0.20454
0.1060125
0.146355
0.212745
0.1704825
0.1874475
0.2314575
0.1593675
0.0600825
0.04104
0.24936
0.2553
0.2131425
0.1114125
0.2076075
0.0402675
0.14895
0.1961925
0.134265
0.1398225
0.1897275
0.180915
0.0576375
0.15282
0.15225
0.1445025
0.261825
0.1904625
0.2240475
0.1781925
0.1021875
0.205485
0.197505
0.0916875
0.2832675
0.1861125
0.0579
0.1344
0.176355
0.1964475
0.18384
0.1429425
0.2375625
0.06138
0.200445
0.0357
0.238365
0.0726
0.155295
0.066885
0.11997
0.213165
0.177225
0.1559025
0.164595
0.2408925
0.14661
0.2537775
0.23304
0.172875
0.1890525
0.169275
0.1253625
0.049575
0.04803
0.226245
0.21993
0.2332725
0.16389
0.1152375
0.311115
0.1872975
0.1199025
0.1146525
0.27519
0.107295
0.1753425
0.17223
0.119805
0.19044
0.085935
0.180285
0.2264475
0.1849275
0.1925625
0.17442
0.2406375
0.0148875
0.1859325
0.179715
0.2298075
0.21336
0.104685
0.2262075
0.2473425
0.195495
0.2218425
0.25302
0.0579825
0.0400125
0.1347675
0.2214225
0.2022675
0.1713825
0.131145
0.1886775
0.2035725
0.1239
0.200985
0.2505
0.2735325
0.160455
0.01986
0.104115
0.004005
0.08034
0.1216125
0.2116425
0.22155
0.119355
0.148965
0.1584525
0.04611
0.1924575
0.0321375
0.068715
0.034395
0.088425
0.083175
0.0761775
0.1857525
0.1257
0.0041625
0.1182
0.1956075
0.1700625
0.06396
0.099555
0.172905
0.0818175
0.1012725
0.0995175
0.1884
0.10983
0.137685
0.246705
0.14049
0.2452725
0.2040675
0.1207125
0.0950775
0.13125
0.177675
0.2148525
0.178905
0.243735
0.086655
0.159495
0.1458075
0.2055075
0.11475
0.181815
0.13332
0.2207925
0.17475
0.1395375
0.1195575
0.248985
0.112365
0.210885
0.28962
0.2167125
0.20379
0.1935075
0.248505
0.19404
0.08316
0.1854825
0.169365
0.1947375
0.1923075
0.0903525
0.2423325
0.04464
0.0970875
0.16677
0.1548675
0.1352025
0.2506575
0.1399575
0.053355
0.1430925
0.220305
0.2905125
0.0928575
0.2135175
0.184335
0.192465
0.19776
0.2382375
0.17022
0.1646625
0.065805
0.2098275
0.166815
0.1690725
0.101835
0.2266875
0.1099875
0.113115
0.1628775
0.135
0.1299675
0.0694425
0.109125
0.2296275
0.05709
0.0840375
0.154095
0.2081925
0.26679
0.22155
0.17811
0.0932025
0.2420475
0.184185
0.148335
0.1019625
0.2294325
0.16587
0.25089
0.08607
0.2028225
0.2723775
0.14469
0.317175
0.26298
0.2449875
0.087795
0.2481225
0.2138625
0.1919775
0.110535
0.18081
0.081855
0.169785
0.2019225
0.1349925
0.1000275
0.1368
0.0993375
0.158325
0.14694
0.1499025
0.0699225
0.1670925
0.1716375
0.1881825
0.0680625
0.203775
0.2560875
0.11979
0.18492
0.154035
0.2094
0.23652
0.1124625
0.1646025
0.2137575
0.064635
0.1682025
0.2058825
0.2122575
0.068655
0.091995
0.1941225
0.100515
0.1265325
0.1098225
0.1877925
0.168795
0.2733075
0.1667325
0.12996
0.0610425
0.134325
0.1934175
0.1032975
0.07245
0.2043675
0.219465
0.1561425
0.18081
0.243495
0.1950075
0.1225125
0.24015
0.1563075
0.095385
0.130845
0.084015
0.191865
0.17532
0.122325
0.08574
0.193515
0.0954825
0.101505
0.107145
0.2687775
0.0479475
0.20133
0.12606
0.25521
0.19845
0.2040225
0.13902
0.12816
0.1223925
0.26076
0.20628
0.122895
0.21024
0.18159
0.1954125
0.13983
0.2345025
0.1783425
0.144495
0.024135
0.1527975
0.149955
0.173895
0.0837
0.106005
0.152925
0.1756725
0.1834125
0.20034
0.044415
0.1616175
0.107025
0.1122975
0.2103375
0.2057175
0.159045
0.0642
0.2376075
0.2722875
0.08046
0.0543975
0.1645875
0.2256075
0.2522175
0.1407
0.1690125
0.0732675
0.0429375
0.1262025
0.15747
0.079215
0.1721325
0.19923
0.1535925
0.1389825
0.1713075
0.22773
0.095505
0.19269
0.14793
0.27831
0.1570725
0.050175
0.1402575
0.103545
0.052185
0.1218975
0.1687575
0.1939725
0.2036625
0.16932
0.1467375
0.2307
0.158355
0.1153575
0.2070975
0.2552475
0.13488
0.137025
0.163365
0.1226325
0.1675125
0.14952
0.2102025
0.17595
0.188025
0.291375
0.1014825
0.103815
0.07389
0.055275
0.166935
0.2376075
0.0797175
0.2991975
0.08259
0.18231
0.1425
0.16236
0.2462025
0.185295
0.02001
0.1953675
0.1587225
0.0670425
0.1332825
0.1591275
0.111315
0.149685
0.1663875
0.1966275
0.0832875
0.1211175
0.206805
0.1374975
0.0972
0.1590975
0.1256325
0.1831875
0.0733725
0.0498675
0.0494175
0.190995
0.1658925
0.096495
0.0217275
0.104145
0.22818
0.1036725
0.07179
0.27516
0.1582725
0.107175
0.21537
0.09243
0.173535
0.1988325
0.13146
0.23298
0.1618875
0.0746925
0.141675
0.125295
0.115665
0.105
0.1998
0.1614
0.0628125
0.159735
0.243495
0.2463825
0.116685
0.0929475
0.1822575
0.24696
0.181125
0.2348325
0.218055
0.115665
0.26667
0.0962475
0.214875
0.1401825
0.2828025
0.1154475
0.197805
0.1825875
0.234765
0.18819
0.1868025
0.128055
0.1607475
0.22167
0.1421325
0.1245375
0.2247
0.09126
0.18294
0.18621
0.1489875
0.2004975
0.142395
0.06063
0.20241
0.2459925
0.178545
0.2010525
0.13995
0.14214
0.2683125
0.13773
0.084585
0.2281275
0.2040525
0.155475
0.119625
0.189105
0.205095
0.141285
0.2437875
0.22377
0.1008675
0.169695
0.1041525
0.10521
0.0490125
0.117555
0.13839
0.2182425
0.2404425
0.26223
0.2571075
0.1162425
0.14214
0.1128
0.0775125
0.2144925
0.2771625
0.2365725
0.171525
0.050055
0.1594875
0.133515
0.09765
0.1845375
0.247395
0.2509275
0.1941825
0.2144475
0.2342175
0.1302375
0.237
0.06813
0.1749
0.02487
0.160785
0.1542975
0.17577
0.0512175
0.144975
0.191955
0.05376
0.06237
0.11007
0.100065
0.2928
0.18942
0.129045
0.11385
0.195495
0.1227225
0.1069575
0.07851
0.1834725
0.097215
0.1423725
0.159795
0.22095
0.2290875
0.18639
0.2295525
0.2249475
0.0156525
0.030585
0.2031525
0.18804
0.16068
0.160665
0.0949875
0.2249025
0.2420475
0.06294
0.055485
0.14382
0.05094
0.18639
0.185535
0.1252875
0.0829125
0.1163775
0.2523
0.147195
0.2262075
0.2255925
0.28161
0.1858575
0.10695
0.0802875
0.2708175
0.16659
0.11709
0.0397575
0.190185
0.1535325
0.1766175
0.1847175
0.255555
0.1229475
0.1803225
0.03873
0.1691925
0.185055
0.2499075
0.2178225
0.2179575
0.14559
0.23025
0.17274
0.19824
0.1796475
0.186195
0.1616325
0.0858825
0.1364775
0.11175
0.1617525
0.1556175
0.04305
0.113205
0.0965175
0.1309425
0.1346475
0.1742625
0.1580625
0.20397
0.183615
0.0294525
0.105045
0.1348125
0.1733475
0.2015775
0.1310775
0.1538025
0.1310775
0.1610175
0.0673125
0.21153
0.1662225
0.2095125
0.1589325
0.1492875
0.105405
0.03291
0.04473
0.2220225
0.0822825
0.09282
0.1135125
0.1196475
0.14154
0.1837725
0.28527
0.1372875
0.1555125
0.09693
0.23658
0.0471675
0.1313925
0.1456275
0.130545
0.1922925
0.1478025
0.1758
0.1227525
0.103185
0.0536325
0.0777525
0.1887675
0.16011
0.129405
0.190065
0.21249
0.1262475
0.1406325
0.099525
0.2015175
0.1791975
0.1628925
0.1627725
0.1302225
0.1878225
0.22386
0.16365
0.1999425
0.20313
0.13479
0.2244975
0.191805
0.076365
0.223755
0.157095
0.095115
0.120525
0.1252575
0.118935
0.2291475
0.1604325
0.21444
0.250035
0.1112625
0.1936125
0.1842825
0.128865
0.1001025
0.1666425
0.24471
0.2655675
0.20391
0.143055
0.153945
0.1204725
0.2018775
0.21336
0.143025
0.1580475
0.205425
0.17247
0.08877
0.083535
0.21756
0.2441175
0.06954
0.0397875
0.205575
0.1695525
0.134595
0.0704625
0.133395
0.1050075
0.1345575
0.12609
0.14124
0.2205675
0.178545
0.105495
0.0663525
0.1485825
0.1792425
0.1604175
0.1879575
0.073635
0.097605
0.16587
0.023265
0.0940875
0.162345
0.04434
0.128295
0.2314275
0.1481025
0.1876875
0.11406
0.16641
0.1034775
0.0889125
0.1179525
0.0781725
0.1041525
0.28311
0.195645
0.3025875
0.15747
0.2730825
0.0310125
0.1568925
0.124245
0.2336925
0.1933275
0.179535
0.20526
0.1328475
0.0491625
0.21648
0.1412325
0.17958
0.1893675
0.1430325
0.227115
0.110865
0.1619325
0.086265
0.14871
0.2620575
0.09102
0.0949275
0.259065
0.132135
0.228255
0.160635
0.20241
0.1059375
0.2319
0.171345
0.2229675
0.2273325
0.2475375
0.040665
0.1246725
0.07344
0.15693
0.2105475
0.118515
0.12051
0.175575
0.0821325
0.2124675
0.1960275
0.13662
0.144
0.186825
0.0471975
0.028815
0.141945
0.2320875
0.1461525
0.1407375
0.178335
0.0991125
0.00894
0.184905
0.205635
0.131295
0.225705
0.163275
0.0409275
0.191385
0.102675
0.05745
0.138225
0.04494
0.1931625
0.1103325
0.2239275
0.2102775
0.168105
0.0801
0.234375
0.236415
0.244035
0.1524
0.0373125
0.0522675
0.142785
0.0918375
0.1410075
0.14145
0.0827025
0.060195
0.23451
0.19905
0.2057025
0.1478325
0.11697
0.09648
0.1475775
0.192435
0.103965
0.165195
0.296265
0.071535
0.0882225
0.11595
0.1936125
0.22776
0.0752025
0.1877175
0.0790575
0.22365
0.1539975
0.1699725
0.27063
0.2814375
0.1219875
0.044475
0.0688725
0.0997425
0.2986875
0.1859925
0.05478
0.2149725
0.1140075
0.185805
0.250455
0.12492
0.1009875
0.1192875
0.151845
0.1611
