50
286
425
117
181
298
370
100
225
319
154
228
2
102
341
33
218
11
409
244
237
418
287
129
246
258
93
439
47
153
114
238
129
243
340
374
104
436
472
321
270
33
100
498
256
505
168
247
353
14
181
194
365
428
390
18
249
184
129
349
197
36
409
227
88
375
193
313
409
213
507
33
68
385
367
63
89
453
166
173
303
243
366
157
179
467
327
504
465
447
180
95
277
206
442
356
429
171
45
100
76
0
168
90
114
495
409
353
123
467
481
511
35
105
394
338
284
284
361
434
418
249
92
297
79
162
95
493
29
385
216
393
475
224
53
219
482
362
118
485
129
1
342
342
200
301
223
485
221
350
389
314
189
39
168
318
30
225
434
381
237
331
192
155
282
512
317
220
393
109
362
325
257
375
402
493
53
67
1
399
412
401
161
437
99
350
399
179
271
92
356
464
249
143
180
473
253
492
6
409
295
15
421
364
126
217
34
254
395
295
282
43
370
51
161
263
14
79
128
17
362
173
486
383
393
476
448
389
102
465
413
375
215
159
65
150
249
198
128
297
290
215
9
493
113
268
419
188
68
133
20
162
409
372
102
46
382
242
440
376
484
78
188
50
379
269
27
198
446
51
173
274
413
87
256
202
109
364
474
274
78
412
231
14
375
276
279
200
310
206
509
443
452
149
22
156
283
230
253
438
304
1
126
283
243
488
195
266
390
508
40
414
454
41
485
217
260
62
471
42
314
216
37
173
413
159
515
252
42
240
201
215
207
107
280
154
163
252
301
91
198
223
490
203
195
500
328
471
52
69
404
422
297
384
155
353
387
146
260
28
416
271
253
382
476
218
126
502
218
357
142
487
159
504
51
321
426
112
109
356
163
176
396
99
199
255
389
389
363
370
185
224
500
108
254
136
131
46
117
155
293
420
433
67
301
229
469
422
234
193
438
274
265
427
397
292
179
402
316
352
427
440
289
168
461
390
156
405
143
397
476
409
166
490
109
344
306
56
455
150
53
120
178
352
55
428
451
177
310
412
218
177
397
271
368
25
295
52
74
160
267
60
458
469
112
80
222
310
482
256
102
230
148
454
293
53
367
189
220
254
323
292
66
282
310
225
20
72
497
328
454
408
282
456
127
290
487
166
177
26
8
107
131
82
264
97
392
55
451
285
495
149
254
392
167
51
420
120
431
297
89
2
505
513
287
268
160
134
378
43
210
295
428
501
415
161
242
67
145
141
147
156
133
121
381
348
251
497
473
159
95
38
95
15
448
216
305
448
256
271
343
61
187
74
28
295
113
445
243
385
262
427
462
447
269
183
45
185
105
464
78
515
193
361
8
433
470
334
292
515
514
322
48
77
350
278
352
28
489
38
194
167
52
201
367
446
377
459
410
423
496
105
202
173
470
243
2
353
384
373
404
51
411
470
149
499
479
224
343
503
46
310
65
241
405
320
307
486
487
8
51
466
120
307
45
140
334
223
365
338
333
281
451
165
442
94
461
299
279
438
23
236
179
399
314
505
158
241
89
63
249
319
403
103
267
354
8
204
484
431
180
79
294
443
251
382
394
199
228
94
66
64
357
63
399
282
252
432
480
186
82
130
330
66
60
91
452
502
104
233
159
285
503
269
411
100
70
95
234
354
449
480
465
149
130
3
226
202
163
220
136
287
63
403
470
45
406
146
446
251
508
513
515
454
396
52
12
234
480
265
407
115
462
45
137
480
12
396
37
504
467
203
396
264
203
220
196
458
72
161
145
395
273
113
149
216
0
398
200
430
236
296
144
58
179
216
467
281
25
409
430
89
167
203
300
323
225
450
480
208
504
465
204
494
283
333
45
387
63
59
430
480
173
85
477
267
166
104
482
168
70
472
145
32
432
120
500
145
262
276
206
50
203
261
370
489
366
366
37
208
4
299
214
315
315
269
146
470
162
173
437
305
412
115
370
345
50
87
108
124
64
430
413
347
496
325
12
296
448
175
125
240
98
53
515
64
28
89
510
496
487
151
253
405
421
261
381
325
515
149
117
380
253
153
192
486
69
45
200
382
64
486
96
274
121
153
64
296
170
361
436
338
368
424
3
41
417
448
274
493
237
377
241
297
228
156
427
271
457
70
232
156
397
194
64
484
420
82
377
407
326
336
335
482
278
307
509
142
342
423
321
284
64
98
297
2
160
274
113
265
272
124
122
410
167
54
254
379
320
6
396
346
315
287
244
31
36
397
312
370
241
70
11
486
155
352
201
138
494
328
162
327
316
490
15
450
381
192
59
30
69
39
391
375
412
289
366
214
173
355
429
99
377
54
273
242
238
50
245
372
84
450
49
152
14
498
308
475
421
299
350
10
195
386
45
44
64
372
342
162
69
72
180
514
99
503
515
422
465
297
213
38
158
170
433
272
137
428
192
421
85
38
343
425
64
66
155
242
85
337
297
113
108
15
26
432
1
181
453
242
98
329
209
64
231
61
154
418
344
471
118
222
256
300
330
66
6
464
263
382
87
303
12
33
233
349
289
89
38
449
11
211
170
454
158
11
263
311
33
72
442
307
384
75
493
164
5
306
1
289
83
233
491
352
264
248
371
367
504
233
245
308
195
509
361
281
454
180
123
192
157
274
465
22
407
368
338
161
160
339
318
439
352
406
142
60
498
84
33
136
380
240
173
477
213
27
259
452
133
28
12
372
108
144
22
57
306
417
493
255
407
437
271
326
60
340
124
426
471
484
368
31
96
345
70
61
85
134
322
26
123
328
244
322
240
251
63
168
324
335
108
341
280
215
148
30
343
427
304
394
152
253
171
50
349
38
289
327
150
481
347
514
252
15
476
280
45
386
449
437
235
206
157
21
288
274
357
222
11
171
197
361
505
124
91
364
433
238
309
373
102
136
508
498
503
371
251
96
424
486
82
368
400
207
241
294
306
510
460
399
423
128
313
382
96
442
480
356
500
467
291
386
266
425
27
215
366
125
147
480
359
178
373
209
470
370
271
240
402
97
315
446
450
421
47
134
50
406
384
135
220
242
161
255
332
153
128
413
238
7
347
116
327
75
109
460
23
33
403
202
291
277
313
340
410
333
148
241
240
208
346
479
425
202
234
45
114
241
33
506
403
345
222
442
43
437
43
438
328
323
372
179
393
202
129
464
333
445
385
34
40
254
245
428
464
282
353
141
387
213
169
33
407
464
428
258
428
176
356
80
124
274
473
152
353
357
137
170
335
395
67
274
459
446
106
234
89
479
499
385
197
449
481
48
378
245
308
498
69
113
10
153
273
280
437
216
481
321
452
258
68
156
471
356
27
454
498
509
442
227
334
160
307
73
55
92
314
3
110
291
26
305
278
352
230
437
119
497
356
121
187
452
305
336
248
399
147
408
137
2
53
320
402
125
124
364
430
150
298
110
300
301
121
461
366
133
451
160
62
66
30
494
446
387
383
59
307
67
232
468
2
402
439
3
442
441
161
232
297
349
74
42
240
30
182
136
215
418
176
216
177
227
491
468
55
451
227
229
178
374
126
255
446
114
497
107
495
129
360
198
63
399
489
37
355
107
461
16
61
376
82
15
16
56
468
462
118
356
35
246
293
443
68
26
226
122
236
317
229
243
165
63
52
427
310
118
204
451
447
182
316
480
220
102
247
182
154
173
427
59
68
72
356
385
72
187
455
192
509
371
263
440
91
355
392
80
345
512
259
250
451
34
353
91
111
200
319
182
473
383
2
293
376
444
495
464
298
383
493
210
420
423
86
448
498
486
122
278
335
181
438
91
238
420
429
368
153
381
355
499
505
236
205
138
210
199
6
340
251
463
310
383
367
222
208
50
39
407
438
224
125
376
182
437
345
430
234
438
407
101
211
448
289
444
498
486
143
426
309
406
433
130
6
380
338
365
447
138
429
159
1
6
22
67
261
247
106
23
379
437
402
402
324
300
446
497
106
379
351
182
379
492
79
156
489
421
192
231
342
151
129
267
31
338
152
12
289
431
209
276
372
387
34
318
267
294
380
145
90
187
509
35
431
106
431
139
90
459
394
1
352
177
469
346
203
246
436
35
483
152
176
253
35
266
398
486
455
199
177
264
399
232
332
113
272
73
24
439
143
343
2
107
482
87
185
473
89
438
447
65
261
92
45
383
439
49
104
499
231
22
177
368
456
251
383
123
492
85
307
261
345
240
267
400
52
248
457
499
487
208
376
263
446
109
35
507
399
384
101
63
451
233
309
45
445
39
217
30
199
55
320
332
155
368
90
8
455
172
200
502
441
371
497
84
118
339
60
241
143
380
384
24
124
330
408
200
109
407
217
163
492
454
257
24
163
223
47
478
444
74
292
195
180
196
113
231
353
100
208
271
380
190
178
422
401
453
65
385
209
43
471
499
510
509
360
113
301
283
39
376
335
314
219
400
258
63
210
414
299
312
489
92
296
488
370
45
383
398
259
384
97
338
169
212
94
74
427
233
376
407
7
314
187
349
150
169
341
109
0
170
139
75
90
361
367
99
203
167
432
181
79
454
250
318
96
423
116
212
240
12
441
338
430
116
213
30
0
341
458
289
169
218
118
131
437
407
229
323
139
481
346
268
48
297
476
308
410
149
418
456
104
422
210
231
327
120
12
318
198
8
400
261
385
515
114
254
217
198
408
383
312
82
150
118
357
515
431
184
60
332
70
51
406
23
326
251
503
467
240
379
324
183
456
129
207
176
261
499
486
140
408
314
290
470
253
210
273
184
80
335
248
282
263
136
29
211
84
277
225
290
511
126
229
354
50
165
72
129
235
287
118
397
48
257
74
255
489
418
355
338
238
31
351
240
204
326
191
73
418
175
380
331
76
43
240
272
30
14
484
422
216
203
405
449
253
431
488
267
100
431
49
140
191
170
94
13
387
167
254
278
8
121
226
373
385
385
287
353
31
366
225
145
243
243
101
156
457
235
260
169
435
291
503
465
506
373
97
63
164
35
437
80
246
197
106
422
255
207
505
361
52
72
188
197
200
311
447
143
385
35
215
90
365
68
461
241
450
395
0
118
329
85
444
149
465
291
233
506
298
31
437
61
134
357
181
65
432
204
87
263
35
376
127
505
77
99
40
408
389
425
392
245
457
4
470
282
325
118
74
51
367
314
506
117
77
384
168
409
237
233
480
121
147
484
418
38
181
456
61
449
338
313
342
397
194
327
279
212
100
25
50
265
513
4
385
104
329
232
176
348
434
487
212
280
0
432
458
329
184
90
284
394
197
513
262
212
329
386
254
28
185
256
43
211
356
4
502
81
487
256
458
351
434
60
20
297
265
0
476
443
97
261
120
9
44
95
408
371
366
13
185
196
357
13
446
301
69
142
451
20
74
252
387
292
166
472
433
248
384
296
254
54
205
203
87
198
487
2
104
211
474
433
262
47
446
127
510
440
246
352
261
300
482
153
466
213
84
422
47
150
376
515
313
59
389
388
473
220
466
227
394
234
194
513
451
150
373
100
284
443
194
449
3
358
477
19
222
436
358
201
82
286
321
372
67
134
369
205
477
500
465
72
38
49
228
475
503
265
153
433
262
43
126
237
396
146
143
315
276
512
192
265
273
473
372
81
222
196
390
323
7
141
460
144
421
109
158
218
352
57
299
436
164
185
19
215
31
156
279
468
67
419
172
436
96
41
442
180
62
105
505
360
284
38
38
47
513
37
294
429
376
9
338
216
69
91
375
482
466
494
64
343
394
327
394
252
197
275
432
12
175
144
507
284
83
19
385
341
329
325
411
435
223
410
485
221
252
299
212
389
338
376
34
173
420
372
255
387
83
191
195
258
79
268
44
322
377
451
255
46
96
76
426
273
214
407
20
76
213
437
489
429
360
104
83
432
451
233
468
150
159
425
137
456
355
247
237
482
163
371
327
371
512
374
232
403
244
323
108
20
195
100
140
333
120
361
203
357
27
340
217
167
146
22
322
48
30
493
323
294
262
251
317
167
352
440
240
52
25
352
256
370
419
315
150
97
219
504
240
67
149
192
420
90
494
505
487
512
296
76
358
242
151
263
233
327
328
378
53
403
447
262
473
284
325
359
145
377
168
337
465
363
103
310
440
350
495
485
340
349
174
345
328
296
378
420
452
250
305
41
94
94
149
246
85
168
299
207
106
103
507
5
110
33
307
150
289
139
136
40
458
42
74
204
44
144
355
295
279
474
53
264
355
443
46
455
209
99
327
440
387
433
120
357
10
499
352
403
345
189
395
244
192
179
5
139
267
483
123
145
457
221
127
407
173
441
407
441
361
304
117
352
219
24
449
115
275
466
477
144
136
170
201
112
308
183
233
448
440
156
333
198
407
159
363
326
13
106
12
448
507
295
326
420
320
77
148
366
56
367
27
27
250
62
248
159
509
356
97
201
332
407
328
230
365
427
298
297
48
477
328
353
67
330
87
155
251
44
83
203
502
205
183
98
367
482
221
142
467
178
50
198
310
330
273
93
340
397
440
14
390
54
12
9
350
175
420
27
352
7
330
123
303
29
26
5
244
59
176
510
166
58
20
44
281
184
42
41
457
157
378
83
307
23
283
465
193
53
122
17
334
402
129
267
370
180
289
328
44
426
80
229
179
441
297
150
336
319
223
164
510
483
95
350
128
360
367
243
150
239
6
391
13
195
24
441
417
495
464
462
182
8
313
73
365
336
474
475
499
509
444
69
208
498
482
72
243
244
515
110
138
311
117
394
510
378
400
121
15
482
154
440
316
346
439
504
332
352
137
328
143
339
493
25
1
210
347
134
316
76
470
86
78
369
352
48
68
506
174
209
179
48
484
190
261
390
344
289
298
264
295
378
316
515
82
255
38
491
472
58
184
134
396
247
104
327
483
39
46
107
337
256
193
94
148
474
15
470
304
306
195
429
252
456
444
312
251
37
444
178
469
290
78
193
301
471
409
386
26
192
411
457
364
40
276
192
292
71
281
463
339
37
362
494
381
203
357
274
227
432
35
64
255
210
179
326
390
308
93
108
89
168
373
389
463
463
255
367
326
217
7
373
11
463
58
180
137
1
286
316
168
115
404
358
489
154
81
332
515
315
466
345
106
62
494
200
303
324
151
495
295
251
115
58
160
362
394
381
7
345
481
371
66
360
395
220
30
394
391
267
49
313
485
282
402
304
452
70
24
128
259
436
69
119
83
233
363
13
128
70
237
342
301
130
256
126
4
54
390
70
77
7
398
362
462
403
105
83
290
152
339
89
479
399
395
149
235
288
497
273
510
435
295
223
402
53
113
460
97
317
49
286
423
265
460
298
159
182
482
360
481
78
294
294
431
183
120
193
321
342
299
371
494
4
294
126
177
501
59
225
281
463
187
423
443
371
487
326
187
0
479
367
215
393
274
467
337
248
156
232
15
290
340
313
103
130
350
294
235
289
141
463
223
357
66
373
481
326
477
62
261
512
350
207
261
92
108
442
195
468
142
126
393
395
228
362
145
115
311
213
375
205
224
203
450
308
54
126
448
307
170
126
187
4
440
414
400
152
489
400
44
99
455
488
171
145
217
392
440
60
44
61
237
10
52
262
277
268
132
223
514
387
258
459
216
171
337
169
113
248
118
467
484
289
7
203
214
164
422
82
352
58
326
318
389
74
277
363
55
115
148
151
144
118
59
56
435
405
323
86
248
439
322
140
54
12
123
34
152
508
284
276
463
60
443
326
99
149
151
486
369
228
161
326
16
217
1
334
372
72
160
12
374
176
307
39
10
32
68
44
344
10
470
48
329
356
263
481
130
25
355
260
93
122
507
266
380
486
102
405
248
365
425
233
27
203
372
122
168
372
20
433
356
21
441
21
203
412
401
44
510
205
422
263
11
218
356
64
67
130
120
290
232
366
161
115
345
246
338
248
150
179
242
93
168
367
91
86
258
390
155
346
104
56
238
487
323
282
362
334
432
89
366
391
344
160
156
475
93
355
494
10
240
507
176
228
343
241
303
328
312
27
309
109
349
233
292
177
404
326
381
290
432
55
88
318
431
505
344
144
421
479
432
262
404
260
177
165
479
323
126
280
158
260
176
221
462
57
118
204
311
286
107
481
307
65
25
276
98
510
292
309
123
36
425
412
139
242
148
495
233
5
124
72
459
99
201
141
471
299
339
59
431
17
219
153
53
453
465
271
213
346
492
362
191
119
267
447
77
219
222
297
512
182
489
12
11
461
113
185
461
507
171
59
46
462
55
217
452
322
79
181
99
93
83
480
275
43
181
186
2
294
490
196
305
495
482
205
196
468
148
190
442
138
63
126
214
1
386
482
176
476
40
405
504
40
125
245
234
477
28
370
127
100
246
27
353
458
323
485
168
207
173
46
124
214
160
173
324
72
401
439
225
378
161
236
419
213
85
447
276
415
22
418
157
466
141
182
481
245
84
379
370
381
212
25
392
319
447
14
354
311
68
302
376
432
32
428
22
95
31
433
332
181
108
311
136
236
401
9
67
203
372
315
169
11
125
321
207
458
377
387
379
149
41
409
171
119
512
102
222
90
99
350
27
97
477
287
342
23
69
146
95
70
108
357
78
183
209
213
312
65
27
64
486
351
4
514
460
458
500
226
212
462
495
142
380
505
129
96
142
381
443
73
473
61
49
284
53
237
179
91
175
514
469
378
159
86
350
271
402
222
306
9
266
84
367
219
28
216
67
290
81
45
79
442
477
423
379
51
144
156
491
504
402
175
226
156
176
215
302
404
481
491
442
414
321
50
41
233
182
250
153
485
389
403
103
427
182
118
50
234
50
502
268
220
442
452
56
405
395
31
36
248
187
86
312
486
282
355
504
367
74
380
501
265
58
266
123
464
281
217
447
349
380
312
405
86
330
119
88
10
506
215
352
64
513
462
149
434
313
217
311
479
32
51
64
505
443
387
247
482
139
422
143
18
398
193
38
367
49
246
152
119
465
447
468
298
431
402
11
171
492
97
49
400
367
454
10
94
219
404
204
68
320
285
351
12
4
353
96
313
446
176
346
98
357
16
362
153
91
269
208
256
145
393
393
106
36
45
443
49
80
206
233
175
325
105
272
468
103
510
302
85
515
5
462
496
406
111
355
209
492
80
512
50
30
428
84
5
36
502
400
207
187
219
172
245
463
161
417
173
74
164
394
191
169
179
238
198
218
275
510
256
221
6
326
41
357
53
501
431
319
459
501
266
152
362
214
331
420
66
272
271
24
242
436
154
273
119
441
400
199
389
331
119
323
319
471
28
498
479
200
222
147
255
272
156
402
63
248
446
371
409
200
435
353
283
426
43
391
359
325
17
168
448
496
383
85
461
357
255
21
506
89
331
478
468
182
279
152
188
219
281
189
237
271
69
124
337
248
315
118
336
325
449
6
188
454
468
233
21
184
14
248
114
396
303
310
238
199
130
362
74
450
176
438
215
21
438
438
463
464
329
179
166
330
182
461
510
336
85
39
161
110
146
114
219
122
515
351
178
378
316
136
413
110
195
125
132
416
262
261
17
400
266
59
114
89
500
155
148
476
76
476
79
23
336
318
143
157
321
510
144
466
336
502
325
303
360
165
245
136
180
77
211
183
368
286
216
74
391
135
168
222
24
441
325
232
429
141
357
234
253
139
121
61
438
240
2
363
378
235
399
400
155
411
502
52
37
340
177
172
0
71
254
505
271
193
156
6
223
12
168
57
460
136
411
24
266
379
223
51
84
296
287
105
224
2
254
360
253
222
156
380
170
307
13
392
250
47
385
21
1
179
151
62
40
355
483
448
105
453
313
77
79
478
14
279
65
260
192
224
207
62
87
53
264
370
315
242
471
481
339
232
279
159
227
359
89
237
79
351
283
40
110
224
308
288
413
488
377
72
210
77
348
313
266
81
53
137
262
399
504
174
178
108
305
28
141
211
478
147
337
8
365
115
389
439
125
198
345
36
297
307
309
199
361
279
222
322
398
281
474
10
55
33
147
277
389
301
491
37
298
418
326
288
135
407
207
345
466
276
318
193
29
10
507
188
433
323
3
354
307
319
268
340
155
76
307
93
433
389
234
450
78
353
151
126
51
368
93
404
127
445
307
249
171
353
161
197
159
453
93
278
432
480
497
351
105
431
366
256
470
111
271
515
226
79
502
109
203
445
233
194
227
486
43
457
72
322
181
52
418
443
501
428
280
483
411
378
317
460
71
17
113
367
307
134
111
412
467
242
389
105
376
287
281
147
512
17
345
106
180
227
258
114
315
470
134
498
445
362
498
40
56
203
246
161
338
426
334
478
457
469
399
456
378
245
160
362
362
150
282
78
39
147
351
111
429
462
152
407
156
6
49
138
488
409
327
506
163
262
351
355
29
194
315
276
346
1
137
248
76
198
137
150
147
93
304
449
474
167
373
178
226
111
390
247
477
195
513
20
154
48
16
20
234
457
446
505
359
296
474
264
107
273
245
461
404
485
384
310
405
164
457
37
167
176
257
214
143
484
95
16
175
304
174
122
367
51
89
477
81
423
427
509
212
205
99
5
412
463
324
168
489
49
483
455
477
438
195
82
16
307
317
357
320
203
273
40
457
257
234
314
127
329
139
481
398
269
482
483
312
257
3
482
302
154
505
2
192
315
501
453
60
245
125
305
54
232
432
507
466
414
423
411
414
7
507
493
398
389
215
13
95
337
263
243
139
373
389
276
322
501
489
496
347
172
327
250
349
124
27
79
80
183
13
458
202
494
142
389
513
252
171
312
498
204
449
353
425
308
283
401
442
274
198
202
340
425
95
65
34
463
229
141
487
127
412
506
205
56
244
137
379
445
172
342
252
362
291
296
155
449
332
255
502
436
489
182
246
345
391
510
265
362
278
181
302
392
499
331
89
315
495
167
413
23
373
120
80
40
220
400
297
110
470
235
50
235
310
230
254
381
212
245
434
204
311
480
443
159
30
342
94
381
161
432
504
273
192
224
27
47
279
315
334
118
298
491
50
214
125
318
220
298
499
11
26
139
418
219
318
213
392
504
482
205
488
221
365
240
71
239
72
501
379
122
296
362
221
18
234
416
54
73
446
383
82
201
282
458
243
499
137
499
202
282
30
161
417
83
274
154
391
354
6
235
279
356
362
321
496
62
114
279
265
54
372
468
259
182
23
62
131
260
187
468
332
63
214
55
48
66
13
260
187
123
348
156
114
62
233
131
452
303
426
70
336
239
419
80
464
232
139
74
1
318
467
283
25
187
233
366
366
175
342
143
36
432
40
212
200
390
315
432
416
20
234
62
411
143
240
410
408
352
213
97
506
2
486
470
215
131
230
310
41
415
154
419
444
214
176
321
65
306
470
220
167
176
120
134
482
494
376
183
245
245
376
58
389
132
414
479
282
139
499
176
360
187
259
208
454
58
289
42
236
365
168
258
452
396
237
141
69
68
319
333
305
292
108
12
173
488
314
495
322
295
136
306
52
427
487
110
376
223
21
176
106
376
155
141
62
206
418
168
67
378
511
82
315
64
389
396
244
162
49
251
282
351
366
158
177
197
511
305
488
296
162
268
268
21
96
408
70
172
29
68
229
429
135
125
38
344
262
472
107
123
371
39
119
299
222
354
55
41
405
72
251
356
365
231
110
68
219
68
177
58
483
471
45
351
81
444
296
8
244
200
166
284
271
265
264
464
292
118
255
468
29
21
95
122
434
200
327
103
54
291
427
268
176
453
243
190
85
154
22
209
388
245
2
420
427
204
274
348
146
499
340
515
7
433
286
340
149
222
503
403
81
149
124
217
264
71
117
78
193
383
154
271
512
489
215
165
17
42
328
438
434
193
88
284
80
244
446
110
252
451
27
505
176
69
124
388
371
200
276
124
165
10
132
391
386
205
206
180
242
302
506
168
22
296
380
141
279
123
378
343
33
491
105
71
317
327
281
0
67
270
348
503
412
105
158
73
427
241
407
262
437
167
104
52
420
477
112
308
423
480
500
80
400
425
141
123
143
57
484
224
27
289
183
221
207
250
173
489
104
326
360
27
16
212
135
489
43
23
96
515
411
1
469
230
80
113
135
461
135
143
289
103
228
509
83
463
315
158
214
365
476
43
477
429
447
306
270
299
14
85
492
371
18
269
5
3
340
458
191
36
513
232
380
182
9
302
205
140
273
388
186
239
425
191
429
201
221
227
216
485
27
299
322
257
509
123
158
235
267
407
211
322
31
129
94
403
515
380
34
357
224
142
59
161
143
314
310
34
143
74
117
64
399
422
428
182
441
146
148
273
400
201
437
214
196
326
365
470
55
461
331
99
386
145
178
478
424
273
411
172
381
390
25
262
284
113
38
232
140
86
408
76
454
457
89
475
250
59
290
77
368
479
468
441
492
234
17
93
309
126
488
267
74
147
232
445
369
61
142
483
181
61
458
483
262
54
446
268
480
294
0
446
294
278
223
286
425
278
305
34
317
394
428
390
306
302
160
44
346
214
233
273
167
191
202
91
287
293
0
208
360
314
2
309
495
62
235
19
159
479
124
363
472
339
2
479
412
5
424
180
47
273
205
482
73
404
81
97
461
506
379
163
105
233
382
12
421
35
242
461
400
19
486
252
271
271
395
22
165
72
105
209
133
233
132
297
200
335
318
105
157
205
365
363
284
203
373
363
280
469
465
353
307
64
277
391
504
386
441
12
330
197
94
81
428
439
306
322
326
379
434
177
111
148
124
309
91
413
94
456
235
407
451
110
174
193
180
71
225
158
326
91
476
140
222
34
238
133
56
206
31
233
77
497
145
422
263
59
263
119
486
300
197
477
514
450
167
505
245
113
128
107
361
380
14
494
297
498
19
490
35
410
243
133
291
301
468
458
51
123
445
432
118
264
291
66
511
165
294
205
476
178
317
427
424
280
432
479
177
268
67
265
357
221
258
217
157
50
362
356
448
243
141
272
222
141
84
43
456
180
439
441
93
318
5
245
431
486
94
240
229
283
102
368
115
456
152
95
308
215
158
491
256
200
480
274
249
127
490
318
59
166
242
388
37
320
258
20
474
81
277
491
254
4
232
58
37
219
280
276
360
501
110
298
20
223
98
343
303
120
382
282
65
93
444
105
117
501
297
487
392
45
277
58
245
478
379
343
301
169
111
501
234
301
121
278
312
97
238
228
51
259
444
4
8
180
462
431
366
416
25
494
320
320
1
219
20
280
307
114
92
40
338
439
161
503
190
468
119
3
411
67
45
265
84
84
80
434
171
492
233
506
351
278
486
491
148
416
179
150
394
297
487
82
46
150
439
403
468
166
166
489
333
132
268
188
50
394
228
487
11
430
432
150
126
369
413
121
233
457
154
10
263
54
343
388
373
461
121
222
370
390
37
412
233
234
8
46
138
163
470
106
287
181
211
457
388
219
384
28
113
26
319
115
37
187
78
294
88
10
344
13
503
224
373
510
145
171
349
304
93
225
52
323
415
250
465
478
287
75
187
383
73
438
369
246
80
195
32
227
297
3
513
3
52
103
52
207
356
459
325
14
348
279
304
393
232
99
94
145
110
506
100
32
412
340
145
93
314
94
133
155
505
454
299
181
337
366
336
513
502
149
469
30
241
270
73
205
444
395
6
137
323
84
285
207
149
285
87
252
467
128
490
279
124
30
483
7
272
123
82
388
245
149
367
514
185
10
406
410
315
156
60
514
219
511
279
90
32
114
442
289
145
486
39
28
400
434
96
329
464
185
103
503
355
123
340
286
202
492
313
72
172
72
152
32
52
406
43
463
465
105
190
488
228
190
352
319
281
235
340
343
137
398
206
91
52
60
35
380
450
165
194
68
119
495
263
423
182
285
282
325
331
334
69
335
255
399
69
52
69
467
352
423
285
269
55
484
392
162
248
331
434
67
53
451
302
450
254
440
290
483
310
53
30
46
440
162
454
329
62
370
79
323
462
299
42
94
36
65
0
318
401
218
10
435
335
331
429
55
350
402
359
140
285
90
46
141
94
8
136
468
400
277
125
276
225
156
149
300
508
363
373
501
412
320
208
381
114
178
144
353
136
452
477
479
125
132
87
446
437
449
384
60
136
403
423
501
87
142
163
52
309
326
156
243
72
338
72
117
461
253
145
205
436
468
268
338
398
247
150
415
389
428
442
156
204
270
157
231
487
112
34
123
368
420
16
57
214
40
515
67
194
97
419
172
21
438
382
449
432
423
243
77
312
428
368
515
121
326
233
373
410
178
115
80
111
308
199
162
302
137
515
118
165
333
343
127
45
381
0
171
460
176
414
123
306
174
34
58
386
267
201
415
472
209
163
453
373
110
2
495
235
296
4
293
428
97
316
329
494
467
194
245
465
387
438
21
200
116
388
68
507
321
169
245
84
296
167
433
485
32
463
198
142
432
186
76
457
186
4
192
501
245
396
145
199
202
106
381
343
132
140
438
28
282
394
39
179
215
185
346
488
338
233
237
8
80
60
366
471
274
203
193
412
0
452
353
217
200
294
94
11
252
60
471
312
216
170
321
225
73
306
235
312
109
237
379
388
145
321
37
433
287
30
64
96
414
9
254
508
257
274
433
169
36
300
7
215
343
323
444
137
157
222
51
190
380
365
35
425
470
337
147
218
265
420
433
133
320
145
44
28
371
382
174
112
365
106
424
64
126
350
416
409
253
476
10
353
165
117
398
484
13
318
312
169
156
68
398
185
182
183
396
493
62
420
484
222
125
66
515
417
422
138
91
462
89
252
256
136
70
260
484
467
306
469
165
420
225
241
149
332
514
169
107
158
40
60
436
154
503
235
514
80
307
368
71
36
223
207
117
434
104
84
188
465
231
238
197
425
397
223
65
7
476
325
189
280
64
267
2
422
250
357
332
262
485
280
515
306
450
485
90
396
287
101
90
174
327
230
117
350
289
77
228
437
154
22
267
34
361
182
282
390
142
444
13
424
76
318
183
48
447
255
379
344
240
413
486
358
299
60
299
310
184
270
257
433
239
1
354
403
156
117
332
451
371
328
140
406
82
383
235
250
306
241
34
398
335
260
478
145
242
455
61
451
410
306
241
99
499
410
399
212
141
166
238
95
252
250
83
42
498
43
22
484
33
56
379
46
134
134
452
239
15
327
260
233
123
215
387
370
354
88
421
493
497
206
148
448
239
468
167
473
335
144
276
197
259
210
249
44
382
14
331
396
362
223
468
478
230
132
462
373
188
249
195
126
128
276
496
234
410
27
234
251
510
110
255
386
323
150
318
495
123
293
161
221
1
443
167
425
307
270
255
377
486
187
254
301
401
118
307
481
126
510
298
27
114
383
294
120
17
336
478
287
433
467
238
469
327
298
71
512
385
410
509
416
257
15
392
267
189
236
127
164
488
371
21
167
374
398
367
498
26
65
19
138
380
300
97
80
365
234
479
295
264
297
347
438
394
513
124
353
336
105
333
223
131
209
262
405
515
515
418
396
382
1
300
37
220
353
212
510
377
129
319
425
420
341
116
110
371
72
371
112
290
464
371
410
360
333
471
488
464
107
62
138
203
382
438
357
479
138
305
510
88
102
363
406
506
18
347
168
490
26
121
303
314
40
140
98
272
371
421
235
303
237
425
248
335
258
358
287
514
346
163
103
276
267
323
396
190
490
484
15
341
283
147
512
40
98
472
378
379
144
312
358
186
252
489
433
37
325
432
269
357
370
31
237
470
110
140
335
235
174
242
75
187
170
330
103
113
192
398
134
78
460
301
93
380
475
417
485
26
217
124
88
216
433
288
499
339
344
342
357
80
307
457
203
463
251
494
271
143
398
191
156
234
200
508
255
24
1
508
15
307
154
460
44
78
318
400
235
171
170
256
286
31
288
415
154
433
395
435
105
159
116
213
355
456
109
493
124
221
39
18
17
434
390
497
45
367
98
57
439
210
502
109
118
460
190
124
100
461
26
298
480
205
313
38
220
495
365
271
331
48
276
128
465
490
46
130
103
434
130
368
72
174
243
83
134
236
375
350
211
450
6
402
276
318
466
463
66
507
90
130
181
148
506
1
144
213
368
190
426
118
405
130
234
390
270
421
355
185
360
314
160
409
369
303
456
216
452
433
144
4
252
149
498
413
187
358
452
377
489
448
276
396
212
307
247
314
507
136
8
9
421
429
343
89
204
395
148
10
264
252
62
199
206
484
241
343
481
503
52
122
335
267
459
153
370
17
51
390
384
417
74
470
337
273
493
255
120
109
71
147
362
369
106
40
485
60
423
375
354
120
384
249
339
62
138
83
303
95
44
192
461
279
469
377
76
160
254
213
89
410
20
434
381
407
439
28
414
240
428
332
258
339
202
116
128
255
507
360
100
25
258
418
146
419
40
223
29
95
210
254
223
439
257
362
185
424
193
313
512
287
200
102
408
330
168
494
385
467
432
513
157
136
18
236
52
267
52
474
140
106
423
449
239
164
7
278
275
167
354
187
177
381
357
364
112
256
15
176
51
477
508
336
207
342
27
187
139
368
428
229
9
188
86
233
399
156
142
256
481
14
1
216
362
384
484
448
3
509
132
287
214
479
137
98
108
432
464
468
284
311
28
151
382
44
35
214
489
11
359
270
255
357
321
446
220
111
484
449
159
136
178
287
246
437
199
101
447
385
390
195
383
190
70
268
331
254
417
323
215
80
495
230
277
96
182
31
178
459
250
495
165
168
278
93
57
57
182
150
498
190
79
463
136
413
424
257
285
446
264
299
366
312
398
3
415
236
220
28
99
459
95
200
384
124
277
26
89
2
384
343
29
134
197
163
65
338
479
103
191
466
13
378
309
132
222
22
34
188
196
436
11
19
404
425
137
376
152
344
400
177
411
397
313
49
260
412
112
242
22
51
142
214
355
270
214
39
297
312
460
248
379
219
12
299
312
405
431
433
261
314
176
202
316
415
402
410
257
230
329
142
289
179
154
397
402
388
66
430
436
194
261
171
204
417
437
43
480
230
228
156
212
425
334
484
305
512
24
372
194
325
470
64
269
355
50
359
84
364
315
113
317
424
28
315
444
384
291
180
455
108
495
72
17
451
325
280
501
418
480
178
512
70
333
414
309
39
84
298
489
18
50
348
12
356
88
463
294
235
263
222
376
82
248
367
280
388
137
48
43
127
86
223
69
242
43
285
77
425
118
398
207
184
298
185
206
404
415
124
402
71
256
285
353
160
402
191
464
498
184
21
22
462
41
242
258
101
244
143
497
110
73
11
440
370
449
387
464
455
347
213
213
254
271
311
90
256
399
283
208
380
395
355
253
460
220
259
214
110
236
56
145
232
449
188
135
385
243
115
320
34
208
509
11
273
273
22
395
80
228
185
194
14
79
150
260
397
213
288
242
221
135
281
325
381
14
471
387
439
432
330
320
442
255
368
143
402
455
471
378
363
427
333
337
216
228
86
340
115
241
64
194
344
283
425
207
304
154
258
391
352
109
96
386
124
190
204
42
390
124
173
50
418
388
43
60
192
315
56
159
353
306
110
176
56
439
426
492
39
455
219
342
482
436
314
158
243
425
95
291
455
50
376
29
28
295
441
317
362
322
328
350
345
180
218
35
96
138
230
220
145
65
304
296
413
339
149
72
62
507
428
457
358
345
454
390
183
260
190
427
94
348
188
78
350
495
117
502
339
7
303
362
198
355
395
306
201
271
293
63
367
104
35
440
276
434
71
449
219
24
93
33
176
167
321
23
434
362
436
379
138
338
513
290
502
138
368
78
98
125
196
488
435
7
188
122
109
491
233
117
274
181
489
384
76
406
415
87
276
215
109
434
401
406
510
486
350
221
422
241
278
89
98
318
311
82
157
414
296
355
138
163
4
35
179
383
401
381
68
493
467
178
196
78
36
202
388
131
181
127
357
344
167
339
278
452
28
515
507
172
101
154
181
111
42
79
207
183
316
154
327
141
233
436
203
298
226
388
52
106
174
383
213
423
369
308
207
65
425
252
8
344
392
17
124
474
415
49
486
46
177
446
37
437
352
167
303
49
500
197
144
131
446
401
211
445
72
201
307
463
514
408
224
227
169
291
55
201
435
296
327
155
325
278
347
122
245
127
19
500
512
510
504
131
389
380
457
321
120
120
437
186
460
306
9
191
320
343
23
58
14
223
394
71
197
211
504
84
166
0
239
252
423
513
40
58
370
325
367
378
320
21
218
305
342
181
201
23
424
245
22
347
302
344
186
101
342
311
62
329
375
24
396
423
437
202
181
219
369
491
92
247
438
197
498
450
158
128
37
384
502
454
44
154
149
467
449
153
441
219
197
359
71
325
39
418
181
511
361
128
460
514
511
160
405
298
252
440
206
307
46
350
138
174
355
490
347
291
339
26
40
443
166
386
503
511
192
137
152
327
255
498
306
114
426
53
137
423
72
185
302
297
319
204
257
8
394
67
53
59
197
160
98
183
311
291
121
353
268
163
445
91
325
307
47
164
224
342
267
450
392
148
316
336
348
244
257
408
305
377
368
497
495
72
314
416
365
403
46
194
159
423
492
107
195
511
262
398
362
495
495
41
123
319
250
120
86
344
124
193
474
105
460
374
255
185
14
180
191
303
57
116
243
298
295
121
492
145
42
63
321
67
168
503
197
347
258
325
121
328
70
460
52
158
426
486
125
482
207
28
372
6
166
111
496
504
90
177
122
396
226
482
254
203
446
174
146
286
120
159
276
67
367
226
455
387
438
327
239
277
18
179
242
59
385
378
362
181
379
379
175
417
496
51
200
87
437
450
379
326
226
303
121
169
482
243
389
206
252
137
25
216
247
396
173
132
360
510
56
171
433
362
99
250
11
317
198
219
286
360
73
35
7
203
504
385
387
52
301
71
445
425
304
307
238
183
161
336
40
144
180
402
252
30
464
223
73
33
59
469
509
19
443
451
257
504
274
385
104
458
6
423
223
234
228
316
78
149
416
146
509
504
123
161
203
255
498
338
477
193
79
68
501
274
321
416
265
344
242
469
508
3
353
151
65
336
309
311
190
175
425
291
334
101
171
505
55
498
392
48
78
0
181
63
486
149
509
471
144
267
185
265
126
243
457
503
255
200
181
506
238
158
459
505
216
283
389
417
211
361
295
432
283
66
507
155
36
161
393
2
240
309
265
336
281
139
218
92
255
301
302
102
447
307
173
347
64
451
185
206
428
397
122
191
477
154
384
424
512
56
253
388
227
226
155
285
396
482
265
345
408
258
217
216
463
198
1
383
408
167
164
387
105
272
383
447
421
326
417
254
163
211
433
447
417
153
170
198
488
416
153
226
130
307
252
382
167
228
322
460
87
331
424
168
286
469
428
249
232
22
6
466
283
344
128
168
130
120
17
202
123
369
183
328
96
198
48
205
63
377
282
181
63
496
349
220
505
80
475
150
30
386
190
421
248
261
203
411
128
179
498
512
376
290
421
199
238
373
110
261
120
266
182
357
161
103
105
413
359
322
290
328
161
131
115
305
440
397
239
42
19
55
430
466
15
411
100
381
23
103
337
284
44
395
24
450
423
495
42
68
294
293
446
108
148
19
450
162
425
229
244
161
349
469
249
394
196
92
425
378
227
165
317
299
305
35
93
378
282
495
418
9
406
319
124
55
206
323
33
115
28
203
381
380
72
47
374
367
490
244
407
503
257
203
96
20
412
55
402
402
322
329
465
296
20
119
119
44
430
152
323
254
268
324
407
414
235
447
265
446
221
509
3
250
407
238
372
239
41
328
11
85
242
309
20
43
8
358
161
489
290
286
173
249
161
289
281
382
125
104
138
464
425
239
429
512
165
193
508
467
488
452
87
47
87
101
62
47
328
34
25
158
108
459
165
89
300
228
363
482
22
70
378
201
318
181
406
488
342
418
276
430
259
18
478
230
406
147
231
92
268
374
82
12
104
426
289
179
28
141
314
425
409
379
17
218
110
30
347
405
409
302
226
113
331
87
133
254
456
351
177
474
506
302
68
216
192
356
240
63
221
301
304
182
136
162
180
508
201
4
137
287
178
394
15
209
450
69
105
397
44
411
382
469
410
347
458
45
509
491
307
420
239
401
69
13
132
506
16
282
287
75
329
8
210
501
469
336
115
42
78
265
469
210
341
315
141
373
11
397
376
487
287
168
21
172
154
515
260
94
221
213
474
99
319
281
170
25
137
459
218
346
91
206
358
71
479
304
205
287
63
386
515
450
301
203
428
492
170
105
0
129
113
268
203
11
455
43
179
473
383
49
293
157
301
378
302
386
320
379
92
479
493
314
228
1
11
251
379
436
240
182
375
102
393
32
437
505
32
373
462
515
298
209
218
259
446
451
211
211
494
274
104
380
44
283
282
480
228
318
514
181
436
69
89
425
7
423
227
311
402
110
467
255
49
222
377
32
362
217
501
36
130
346
300
430
344
411
132
511
174
381
486
350
31
298
398
190
101
64
115
422
122
293
298
385
425
429
283
377
491
471
181
450
5
239
312
359
39
238
298
194
52
449
329
436
91
184
481
31
201
225
259
354
251
54
390
235
314
402
225
26
329
178
181
262
87
186
320
15
62
309
391
220
298
170
62
299
19
462
89
113
111
394
412
377
390
140
327
343
39
381
107
347
259
162
372
381
202
471
182
410
45
420
449
247
11
156
116
153
419
181
329
419
466
323
357
53
81
472
142
458
211
402
14
430
64
283
345
429
473
204
272
512
25
87
387
53
19
361
494
292
325
440
261
47
255
16
189
34
199
140
148
139
328
199
140
49
185
54
60
494
371
60
97
357
308
182
283
19
416
486
304
16
45
77
468
162
372
127
402
469
385
395
285
362
4
249
99
418
169
250
239
15
203
97
297
109
239
273
187
8
91
68
413
214
212
157
89
496
387
391
76
145
244
471
395
91
147
493
487
208
186
351
111
192
464
78
486
158
314
149
381
4
107
11
24
347
486
27
225
199
89
21
329
187
101
132
110
226
206
91
242
252
326
445
315
385
333
4
132
321
377
65
338
319
406
79
157
482
449
464
416
283
243
338
251
130
311
6
232
261
225
483
4
407
304
159
494
187
118
372
410
232
217
100
290
271
455
509
388
215
238
121
315
437
208
41
15
275
393
62
33
348
68
43
284
30
68
214
31
95
150
470
182
274
284
216
418
325
118
7
311
97
1
130
107
279
133
204
515
216
46
374
483
452
340
240
199
455
473
421
294
420
482
130
322
452
125
308
467
32
348
106
151
12
216
27
407
358
77
406
514
496
223
169
204
393
35
58
18
93
498
224
370
407
284
128
288
470
475
370
420
158
180
107
192
61
193
275
152
17
104
75
371
278
418
26
40
170
330
5
262
430
259
474
397
243
380
31
125
183
211
283
470
245
60
109
109
324
196
249
244
321
494
277
406
175
341
453
10
390
148
293
245
214
437
409
105
137
56
358
409
412
231
470
104
80
54
430
33
36
444
167
59
506
79
375
158
370
320
474
349
341
92
210
111
427
48
9
475
313
111
107
29
28
343
436
192
120
407
93
410
432
483
436
510
222
10
470
56
166
494
445
456
232
199
47
224
75
41
93
54
81
330
393
204
337
113
124
445
378
161
189
370
379
57
100
227
242
112
63
408
250
374
433
180
440
406
497
202
318
145
454
52
99
260
365
123
136
147
486
7
114
80
203
497
475
244
262
141
146
221
305
111
431
378
393
44
111
14
352
111
433
194
155
379
51
145
300
291
194
257
157
499
256
350
38
146
376
99
72
232
85
420
103
252
456
404
180
380
233
424
150
154
492
444
257
490
100
140
233
58
505
257
187
105
376
197
345
182
386
20
216
372
490
194
0
44
478
509
395
105
51
382
211
49
233
390
145
475
490
192
390
204
224
261
41
457
386
41
24
328
515
290
380
88
490
197
227
390
449
127
366
301
41
501
295
250
367
515
424
25
197
476
415
364
160
460
253
287
95
480
37
353
458
240
164
70
227
370
211
376
243
433
390
479
90
94
47
90
469
353
483
329
379
272
70
132
21
250
90
325
510
385
127
494
95
187
283
305
431
54
287
432
345
255
507
317
10
69
120
154
492
332
181
21
251
363
464
38
247
407
366
234
155
79
432
267
13
228
363
91
197
34
145
488
25
330
348
97
161
42
281
387
206
337
231
299
259
11
424
290
272
54
263
404
191
240
372
197
479
125
218
512
435
433
240
284
291
12
156
470
250
0
303
49
65
160
63
372
192
162
89
428
7
340
192
252
393
281
142
94
322
35
34
461
35
170
505
18
320
417
420
154
505
204
188
228
372
37
0
354
499
67
249
415
113
414
336
170
79
255
240
241
461
240
415
367
375
62
104
171
199
406
20
165
164
308
146
415
61
157
32
94
45
316
211
330
357
116
18
129
290
444
197
187
401
378
255
0
297
326
359
192
410
303
116
77
492
117
460
79
501
418
215
162
123
314
320
107
343
164
111
41
104
426
91
109
240
129
115
422
385
110
4
232
479
136
170
187
4
327
259
405
292
406
216
398
91
117
297
148
70
308
410
150
423
162
17
128
326
467
445
58
57
316
14
336
410
388
194
350
121
9
32
214
377
243
251
51
74
428
121
451
388
455
37
289
465
352
232
480
63
227
355
178
220
181
251
315
512
474
146
503
40
407
304
389
344
444
168
109
386
192
101
308
200
130
330
168
386
113
271
412
396
243
207
369
488
384
173
190
265
237
252
445
168
48
285
106
491
232
88
246
145
265
504
86
151
48
291
292
299
81
53
384
351
246
1
418
426
368
46
193
289
302
194
4
463
311
343
7
183
67
223
139
336
131
445
347
367
97
206
393
375
85
33
339
276
479
385
101
193
78
329
105
444
370
262
425
80
367
193
199
59
12
111
384
135
204
117
173
166
199
445
239
337
373
88
41
467
159
53
480
367
132
180
267
433
331
399
399
285
8
48
425
487
298
79
103
249
433
340
238
235
180
322
207
429
409
195
483
356
48
72
99
412
462
18
323
188
329
166
344
53
473
236
425
247
424
491
269
512
276
236
321
343
62
459
309
0
272
296
47
396
127
0
432
182
142
157
90
439
257
156
500
511
238
473
41
151
245
417
460
70
47
513
56
46
206
384
267
248
100
369
304
125
416
146
68
34
54
422
454
24
468
242
26
206
424
166
311
454
455
358
51
304
292
230
305
511
168
409
459
425
506
34
60
25
82
292
122
375
157
135
244
356
42
209
84
227
467
284
8
477
231
391
390
507
118
319
169
36
279
460
289
246
191
85
359
237
60
408
261
65
65
56
120
408
442
390
102
292
273
210
174
491
194
69
458
340
259
149
319
407
100
301
504
258
1
56
474
163
261
332
299
467
380
145
388
4
330
323
505
292
145
134
108
211
110
346
382
460
230
464
10
230
490
332
104
309
443
100
269
162
83
470
350
322
372
382
174
456
105
202
110
93
515
191
327
14
44
21
492
3
138
149
490
17
492
292
373
307
324
202
47
62
70
177
296
431
392
178
364
116
185
431
406
397
86
513
52
263
513
1
431
503
492
487
72
138
325
237
296
117
22
213
102
31
179
62
176
61
505
118
512
480
322
226
463
326
429
19
506
69
80
48
62
456
499
257
44
296
403
259
192
380
179
282
95
180
506
421
105
457
231
156
90
173
180
264
118
264
10
362
213
477
65
46
344
506
55
472
219
271
383
119
60
257
76
303
198
164
240
229
463
504
252
282
204
62
479
106
487
515
369
368
19
112
154
80
194
258
26
144
3
514
41
208
446
268
12
281
441
480
70
298
232
374
86
195
222
428
342
35
462
14
355
25
61
256
146
193
477
227
112
489
115
195
395
48
247
426
6
174
69
405
14
429
246
462
147
477
245
263
217
220
431
388
73
289
85
499
451
237
492
90
377
182
338
362
109
126
508
188
87
328
273
33
183
298
327
120
29
323
146
492
357
312
483
307
480
432
166
455
20
247
323
181
284
352
229
268
497
450
229
383
349
271
450
98
513
308
368
354
359
317
150
284
139
46
183
127
228
374
88
144
308
293
104
45
222
266
140
292
181
246
428
122
446
229
353
139
104
305
453
294
342
241
279
423
53
470
24
332
122
153
365
509
355
235
36
230
455
176
455
348
430
280
233
128
353
292
121
176
362
265
479
154
357
365
235
28
204
74
319
45
423
180
174
219
130
337
115
82
246
357
29
73
42
168
265
504
358
76
19
511
478
194
120
17
412
475
236
455
122
370
246
67
80
207
139
413
73
496
75
236
341
148
301
78
194
473
70
307
42
307
471
360
259
477
180
317
45
184
402
515
236
496
398
356
463
172
310
375
125
507
183
133
289
235
27
249
221
87
279
3
408
202
43
296
90
360
289
296
2
313
238
350
317
297
353
218
239
109
246
312
120
385
394
475
87
196
230
2
24
248
486
200
164
174
202
246
76
350
395
454
76
501
465
24
114
87
250
111
225
192
202
322
328
424
201
12
411
474
291
171
281
453
183
434
227
305
366
249
159
484
265
315
249
106
252
94
416
176
345
146
221
59
9
298
356
284
239
118
393
493
468
434
493
434
505
479
490
203
247
200
17
313
247
369
25
225
279
109
427
252
420
32
93
225
377
187
168
214
426
427
86
293
186
273
450
331
168
211
356
235
247
443
386
307
419
483
173
419
373
213
125
509
149
70
278
48
503
106
381
394
256
331
509
81
41
317
308
230
427
393
377
305
256
337
478
61
92
449
302
77
397
23
260
327
136
130
334
501
299
233
1
86
454
498
26
116
87
291
209
317
343
422
23
429
197
185
506
16
384
41
422
241
505
468
385
91
186
508
175
355
52
260
71
501
31
109
482
34
122
180
481
338
503
175
353
490
246
301
218
317
172
354
58
177
322
34
153
81
409
256
321
434
172
409
320
439
470
183
90
232
272
218
314
403
103
43
101
210
426
251
171
411
170
356
450
329
348
34
383
144
268
494
96
357
317
189
3
62
87
36
470
378
308
507
211
241
390
216
169
177
221
213
174
371
280
504
317
481
262
140
440
202
489
400
378
453
463
176
441
319
411
349
127
262
139
506
265
267
267
408
97
265
408
256
50
61
40
176
175
231
427
87
296
401
66
49
47
438
305
413
394
410
54
50
66
162
292
113
492
224
56
243
349
379
120
427
122
135
45
122
123
231
482
438
359
193
378
115
367
231
0
479
497
264
28
271
113
301
412
453
375
251
296
252
61
257
286
286
102
97
280
21
265
85
334
45
212
385
241
2
267
315
331
362
378
500
86
158
26
180
232
481
504
345
7
403
490
152
233
249
456
331
51
126
319
143
383
280
422
143
439
152
22
188
402
80
40
257
228
296
499
77
456
414
321
73
249
43
122
179
315
269
149
338
10
507
414
279
500
132
91
89
472
187
111
237
84
9
255
498
338
455
267
71
102
394
213
319
55
437
293
317
283
10
328
327
231
212
146
116
296
491
38
4
68
5
239
135
258
134
305
276
441
231
103
497
329
156
149
84
477
247
219
86
418
472
95
143
418
143
213
116
479
264
315
182
201
502
108
411
310
142
59
48
228
386
433
240
480
264
252
359
319
101
430
508
491
188
301
314
109
495
15
195
84
375
496
79
80
303
45
260
29
110
341
438
29
471
390
360
61
230
122
393
348
275
194
415
129
12
386
514
251
143
257
289
233
71
489
514
493
313
131
258
365
106
392
39
406
275
379
322
198
440
214
272
372
386
436
319
40
435
386
30
73
41
50
460
390
439
66
384
171
282
207
272
336
112
32
25
267
64
379
408
329
440
130
460
188
277
33
104
169
291
165
478
301
172
74
376
357
245
15
19
262
357
2
336
116
477
333
114
76
66
63
384
165
110
126
57
273
498
434
242
382
102
4
396
179
104
231
33
136
316
59
492
222
330
142
325
445
377
179
385
52
131
389
142
438
190
439
225
198
337
74
197
400
296
370
20
7
507
476
127
383
243
436
150
123
33
377
334
100
78
210
465
230
304
217
39
119
188
197
347
492
126
260
199
436
456
254
169
194
321
344
475
313
422
446
477
212
179
56
56
508
59
289
338
194
244
491
378
239
239
388
451
465
496
462
281
402
394
90
433
40
433
39
470
18
59
324
52
268
431
337
165
498
222
161
9
175
243
95
27
312
319
219
215
76
110
6
88
443
210
352
352
18
376
324
64
281
432
4
236
78
297
92
496
191
290
254
45
4
417
398
240
136
426
483
220
443
411
147
223
123
281
477
337
91
459
296
345
242
201
151
266
343
137
216
120
229
140
386
112
123
386
470
158
100
502
309
416
329
418
420
387
314
165
124
162
125
309
327
27
347
199
6
179
286
72
337
510
86
395
392
488
297
411
456
136
196
194
411
433
247
426
209
455
471
142
100
443
338
281
15
194
232
195
27
202
390
482
323
432
169
320
391
183
479
390
482
391
307
493
122
506
430
146
260
115
7
502
321
248
392
62
350
178
344
119
514
431
496
316
250
151
227
514
489
298
358
338
257
158
171
225
514
398
332
289
201
476
115
47
455
348
58
109
388
62
462
342
432
505
73
153
102
175
246
279
477
18
32
15
456
423
456
443
147
59
360
209
380
450
202
402
119
321
433
8
26
281
147
431
258
199
129
457
107
68
102
345
410
201
422
310
85
249
252
181
260
247
171
337
131
220
266
459
416
254
342
255
91
266
243
179
149
233
100
198
152
503
451
437
139
233
360
146
448
312
298
63
348
175
131
81
483
505
140
515
195
118
58
442
65
425
279
233
476
280
353
377
163
59
358
87
386
195
229
34
162
294
6
99
146
512
113
414
7
136
104
197
151
156
372
422
113
207
225
62
134
236
415
81
129
243
174
127
51
98
270
433
446
342
32
251
377
436
282
446
278
129
319
333
200
128
167
167
195
255
72
75
399
507
198
352
138
201
371
146
294
469
430
138
209
23
197
149
229
166
221
396
47
207
416
471
142
209
506
468
415
190
328
425
20
310
174
396
263
375
2
352
403
180
155
347
322
442
290
483
81
430
376
92
466
35
126
66
280
29
513
421
239
488
33
114
213
485
268
23
214
252
52
243
162
209
9
411
39
52
289
166
301
100
225
510
82
489
131
113
122
515
259
229
325
371
424
282
270
49
16
158
59
231
192
154
118
456
461
511
216
119
385
165
325
135
194
73
73
339
52
88
194
141
246
255
150
485
218
20
171
322
110
141
436
212
92
69
108
216
310
407
445
42
260
51
365
377
406
306
266
212
175
127
183
287
167
215
301
187
1
334
120
63
64
76
122
8
210
409
281
132
48
428
392
510
84
46
128
326
340
455
376
147
355
95
15
304
226
432
396
461
290
480
28
172
194
120
148
258
327
230
66
244
224
183
336
84
178
363
76
120
496
111
236
453
8
387
511
306
511
172
344
180
35
75
427
214
142
148
431
413
55
513
173
166
503
350
39
396
199
500
268
254
304
477
282
420
153
155
207
387
358
150
137
43
6
105
306
351
432
11
37
244
513
511
270
54
193
288
49
250
452
447
308
195
162
35
309
467
334
284
126
280
437
407
326
153
199
55
399
382
296
369
497
292
109
101
496
515
260
335
122
55
324
309
392
46
104
399
121
107
309
421
149
43
402
489
349
498
511
340
205
172
480
96
229
38
203
284
124
31
430
42
253
211
483
265
183
375
297
496
451
421
157
302
306
182
165
373
328
86
308
325
485
514
49
308
164
114
28
355
63
200
382
464
469
165
42
140
223
476
370
487
402
20
180
226
276
157
37
420
135
486
505
423
247
306
15
515
446
466
84
490
12
410
507
147
506
232
149
238
260
166
515
180
186
515
316
83
404
321
424
203
50
45
375
295
45
348
112
123
221
221
44
386
307
310
345
145
459
12
100
199
329
39
380
496
238
132
109
418
496
413
505
243
402
145
466
413
137
278
468
229
96
55
468
158
54
0
0
278
451
250
234
394
400
64
413
59
497
137
79
398
22
79
182
441
367
360
515
293
448
26
448
370
392
444
220
140
402
71
326
189
157
278
143
222
333
329
47
136
405
94
410
307
121
355
266
202
449
488
62
333
157
370
224
451
139
392
5
221
457
349
189
49
201
404
388
218
79
118
17
333
125
41
59
144
107
301
161
233
103
153
81
55
119
514
493
226
20
330
32
433
71
139
512
176
195
434
86
467
112
0
174
411
351
301
474
154
449
431
265
205
292
438
413
93
513
149
107
360
475
441
222
379
323
157
143
497
272
353
441
402
408
216
441
226
245
100
53
11
149
465
206
41
326
428
328
433
184
380
499
336
245
324
449
171
30
279
175
171
235
16
317
354
125
241
438
182
400
429
31
278
436
117
100
187
343
422
485
454
156
247
312
144
154
65
496
83
379
230
513
143
445
434
98
206
106
102
11
31
168
275
333
275
145
507
508
240
481
23
205
182
159
217
125
23
464
284
488
513
89
189
203
143
64
284
3
187
98
146
137
397
361
168
163
146
178
169
405
150
71
458
251
499
150
239
336
86
429
228
502
93
178
169
315
228
81
308
223
448
239
497
464
228
122
268
243
173
150
302
454
512
50
364
445
279
433
67
106
15
137
122
69
455
69
239
400
182
6
43
170
327
5
277
60
133
428
264
75
17
488
452
267
211
471
490
217
212
130
46
219
162
224
308
143
272
294
328
375
438
177
375
145
377
261
216
143
256
351
54
185
331
467
476
30
165
79
123
312
30
405
195
168
352
463
480
69
188
161
144
449
15
383
142
235
501
475
268
173
128
177
365
464
147
347
168
373
407
315
71
272
133
111
5
111
426
391
485
413
351
158
356
188
377
316
362
233
503
178
19
192
278
408
450
340
111
111
229
415
15
306
476
306
264
351
44
86
462
396
325
286
485
403
44
504
5
497
261
15
251
281
405
411
417
23
389
477
424
276
252
22
108
319
35
398
53
268
388
308
475
413
113
389
79
227
144
195
486
95
81
11
59
30
282
141
250
123
250
95
123
384
41
119
74
327
318
320
264
4
57
119
193
467
131
404
22
77
467
352
378
88
71
128
404
157
499
444
420
71
444
476
288
366
146
502
253
480
295
358
101
343
334
179
324
195
247
27
481
130
268
506
481
48
33
436
418
489
467
352
25
19
406
308
352
122
44
26
152
331
49
50
440
91
292
451
49
2
177
310
196
240
270
157
403
162
250
20
14
44
335
420
95
175
508
157
86
419
165
133
506
1
276
299
162
106
449
440
290
95
57
312
364
236
251
433
377
36
389
406
332
23
358
466
190
294
258
403
276
194
86
162
112
372
172
491
388
80
372
244
304
284
348
87
251
320
360
136
91
429
77
500
225
78
95
258
227
466
447
143
195
463
80
3
276
133
484
246
25
98
170
112
84
190
343
118
374
170
308
367
276
307
386
348
1
515
463
452
259
36
22
143
80
429
69
371
227
163
380
70
1
12
269
324
136
136
389
133
489
162
335
102
122
418
361
330
441
420
19
378
195
335
367
44
404
449
35
96
451
13
34
64
498
91
449
135
452
164
31
405
221
428
54
369
375
200
368
41
406
379
388
473
512
179
35
91
151
493
259
105
148
348
395
373
137
27
156
214
313
156
50
344
158
147
98
341
72
189
189
323
83
341
364
283
50
279
257
10
347
153
205
420
134
466
96
481
462
430
500
44
69
131
395
495
482
416
46
156
329
261
504
26
77
189
142
403
353
294
233
103
22
83
282
472
370
156
229
173
259
79
261
47
368
474
131
82
406
245
369
297
237
131
474
56
411
72
22
331
382
385
47
384
515
307
248
513
227
20
179
128
515
278
292
342
349
417
243
11
234
136
175
513
372
79
114
132
407
323
341
251
322
280
169
35
80
201
171
122
351
238
364
168
314
446
48
39
487
16
36
191
205
177
312
162
307
96
494
460
205
208
302
249
250
300
26
386
487
509
314
369
397
332
252
411
497
478
217
105
27
327
370
431
265
27
318
51
85
495
318
335
440
59
410
22
352
177
43
209
130
227
368
11
283
33
269
420
131
101
59
67
116
261
317
294
134
64
294
261
505
41
47
215
65
164
504
82
294
172
468
375
504
388
71
314
300
452
109
98
114
276
171
144
314
116
112
173
90
297
173
136
27
220
467
240
263
28
474
415
189
394
86
273
396
272
204
71
274
222
23
99
68
211
453
355
173
84
380
106
431
326
454
455
340
409
473
277
130
172
284
258
74
112
325
77
496
143
271
372
430
67
444
239
440
505
254
252
339
40
287
56
116
346
370
491
453
82
326
110
383
164
144
372
84
51
86
284
240
28
445
375
444
56
470
286
280
109
240
94
106
45
165
176
94
173
222
282
422
198
18
240
176
497
277
334
102
495
234
203
321
116
374
111
487
370
74
171
197
328
286
7
45
194
225
66
82
209
123
502
381
52
289
421
53
475
301
448
235
107
130
448
278
475
218
121
424
498
3
448
4
208
304
391
381
393
83
362
280
111
387
363
65
374
72
56
476
4
299
250
150
85
248
312
239
184
210
302
10
209
205
464
211
352
267
292
459
172
75
184
507
125
122
440
88
272
156
70
488
62
248
266
267
16
135
303
35
73
459
105
109
221
16
352
411
141
367
352
74
463
277
173
313
423
129
13
273
118
438
155
247
290
359
267
136
424
143
388
238
294
456
258
30
419
456
106
376
158
170
289
345
224
246
255
223
359
497
120
497
253
473
289
6
16
94
45
341
239
438
311
304
444
409
192
262
324
109
221
379
429
243
260
136
8
508
325
359
145
397
383
447
142
398
130
83
379
8
214
212
37
109
28
402
237
154
449
359
113
126
337
458
424
407
214
308
171
163
288
75
9
346
72
174
443
33
247
78
109
329
508
364
46
298
397
260
106
400
388
294
222
54
475
504
253
181
362
409
385
1
507
497
479
371
172
368
347
260
221
290
16
138
84
170
236
172
229
15
82
123
424
496
58
405
472
502
78
439
127
438
508
170
162
452
430
182
498
333
123
154
170
19
2
136
493
18
453
456
6
37
292
383
149
431
25
501
92
205
330
498
352
369
418
84
193
204
159
14
51
381
456
487
400
192
299
204
241
237
222
40
176
144
333
311
206
241
84
454
287
488
489
107
13
366
189
100
423
48
514
2
139
473
24
399
314
429
78
30
488
72
2
513
163
126
253
205
383
311
260
79
349
105
320
243
400
118
497
129
315
9
2
175
268
495
506
330
74
92
56
209
459
126
116
133
419
113
47
386
387
309
385
152
304
377
92
116
180
121
121
106
246
387
306
202
173
448
459
109
139
508
456
348
359
200
234
157
101
196
392
499
54
260
226
134
391
380
192
472
394
92
60
294
392
386
238
470
62
241
42
21
433
457
111
264
434
411
453
363
419
197
26
43
14
296
2
175
29
492
407
165
205
315
46
402
45
432
511
24
490
475
357
405
434
355
448
149
357
150
377
264
508
482
412
172
204
349
362
382
226
135
135
239
405
94
209
475
457
61
301
400
513
233
456
47
455
92
27
358
429
350
85
407
231
56
486
294
318
113
261
407
255
350
233
80
342
162
266
360
202
411
444
135
358
173
494
289
307
363
497
27
165
251
234
318
509
132
358
430
378
490
119
273
492
169
402
470
513
31
385
147
79
6
375
506
284
511
209
506
231
299
431
325
474
167
13
409
185
14
312
63
65
25
420
108
406
46
82
307
410
289
268
492
271
85
214
60
394
185
260
146
114
59
284
42
123
406
351
239
343
234
212
138
363
278
146
229
56
41
493
142
333
79
381
323
310
55
123
352
506
407
126
177
350
202
367
496
464
360
60
220
21
3
369
131
469
51
28
486
422
347
180
402
148
226
326
434
78
8
462
369
107
80
103
401
263
228
245
404
147
379
25
231
502
347
27
285
286
382
43
475
302
223
270
73
483
48
294
345
215
413
215
158
374
513
273
302
170
245
374
347
52
138
179
259
138
281
354
351
323
360
123
281
36
335
244
56
173
323
245
187
259
107
127
307
215
259
21
267
368
198
134
237
493
263
513
300
336
181
116
275
291
227
166
287
352
501
84
461
165
73
161
358
420
358
409
114
196
237
332
326
459
80
513
494
194
87
497
21
8
45
352
462
77
245
6
265
77
485
269
278
223
199
222
315
318
373
199
457
82
434
40
75
441
246
352
372
28
40
254
124
481
343
462
180
197
465
460
400
64
367
184
267
166
265
211
24
134
465
263
79
254
83
64
296
342
289
303
382
311
69
449
339
328
333
75
31
400
330
404
311
310
230
260
21
236
352
61
268
191
161
346
79
265
92
236
492
259
147
78
71
383
40
152
339
359
165
441
109
246
136
399
485
3
270
372
269
215
75
190
511
383
65
457
510
413
69
470
183
315
397
286
423
285
222
378
138
174
104
24
192
235
380
266
178
515
483
224
147
24
432
307
133
112
350
253
308
315
499
251
241
483
327
3
107
270
304
127
216
155
11
136
489
301
63
156
285
515
120
334
170
126
501
463
178
511
415
159
425
181
302
112
212
236
4
485
317
172
489
160
10
359
335
303
407
61
248
121
307
32
442
506
126
216
76
38
484
9
397
134
67
469
379
149
63
378
201
461
267
48
223
80
207
132
382
277
320
91
497
125
367
262
100
465
506
50
499
4
71
342
150
170
14
289
10
484
348
168
396
125
309
222
260
468
503
289
324
337
468
100
330
251
111
273
285
334
163
481
409
180
481
216
138
305
281
95
81
124
326
362
255
329
505
501
124
90
348
257
329
433
266
39
260
428
181
315
95
0
180
209
130
409
449
358
430
513
70
18
94
3
426
447
129
176
398
477
205
23
409
247
362
247
200
72
117
460
10
333
180
336
81
272
175
190
436
83
356
309
68
301
17
459
217
118
461
320
461
123
268
345
79
379
395
425
492
64
152
260
440
248
343
404
46
25
460
432
322
398
197
456
201
324
253
94
60
218
106
224
362
86
4
221
257
186
164
485
152
294
394
487
322
216
438
137
79
281
54
88
273
312
497
166
387
380
105
251
187
250
417
233
162
457
151
333
152
56
94
218
447
312
422
251
361
416
84
258
351
307
156
432
425
362
136
485
407
199
43
340
73
35
30
432
173
361
102
37
429
61
303
28
495
228
460
417
152
318
312
100
342
387
24
83
136
73
142
181
205
366
275
166
82
238
191
409
515
274
513
505
229
358
486
320
463
77
386
64
92
133
210
33
77
317
17
312
186
178
68
268
239
279
456
453
30
340
420
332
399
457
166
307
205
343
179
213
13
35
269
486
322
462
367
28
21
39
201
327
53
68
458
287
210
300
416
488
454
515
107
231
301
258
463
260
314
18
495
351
359
217
514
28
130
37
351
22
314
488
172
394
33
169
326
477
129
30
27
455
271
226
411
64
487
186
507
402
148
205
310
348
228
88
114
281
299
158
304
238
446
23
350
173
138
184
260
9
299
234
195
105
196
161
119
150
9
314
259
482
297
353
507
473
262
213
409
344
78
61
140
133
86
442
202
458
403
275
302
334
431
114
433
15
217
175
169
425
448
209
217
171
117
441
341
358
251
239
23
26
250
205
424
505
21
318
114
381
299
393
438
61
248
284
225
63
12
402
30
57
57
391
390
154
283
281
238
171
123
90
514
177
421
191
51
482
5
325
102
391
496
505
207
205
41
145
94
314
110
420
369
5
30
210
374
83
240
333
343
240
190
505
26
161
87
445
320
159
225
109
228
371
50
333
418
437
374
154
269
177
154
419
398
389
81
515
209
232
483
126
108
515
484
511
284
218
240
286
469
61
27
111
433
505
259
302
352
400
15
165
308
98
393
247
124
110
128
338
401
481
114
125
102
330
35
163
199
15
14
248
381
134
448
416
126
448
341
29
161
293
326
37
89
161
0
77
498
434
420
398
403
88
320
280
445
391
14
389
350
330
194
174
217
444
119
14
55
395
489
194
69
86
296
418
424
407
437
186
272
112
313
157
244
62
313
228
453
331
62
99
122
509
234
262
103
335
299
41
413
170
112
117
248
270
509
381
160
141
402
200
302
93
122
214
318
396
236
214
226
155
12
25
96
12
183
65
174
258
424
403
403
226
277
390
93
248
77
416
20
130
88
232
95
245
426
485
209
187
30
298
149
35
297
198
195
165
331
189
414
440
372
392
500
216
202
6
77
65
467
127
419
212
146
400
164
316
298
331
129
352
126
359
168
291
93
110
393
296
508
93
316
65
243
214
240
283
13
170
352
469
374
125
317
442
254
217
419
30
453
508
115
376
258
201
400
391
146
243
365
50
30
196
142
186
173
274
450
114
506
351
273
21
65
337
176
30
479
476
255
109
283
14
5
138
309
401
88
127
50
255
500
434
362
175
413
30
337
187
241
109
365
124
166
287
460
472
112
488
427
369
280
429
40
299
478
217
159
366
482
351
262
77
101
311
406
328
149
77
276
258
228
228
29
61
438
480
147
360
484
58
341
377
217
173
471
82
362
144
272
12
160
173
306
164
144
176
371
369
138
90
58
257
335
209
338
281
379
459
29
311
164
378
443
413
249
438
200
69
21
350
203
37
383
76
465
72
450
241
301
93
288
251
384
328
418
60
279
440
393
147
90
141
368
70
217
287
376
103
198
252
202
252
249
443
509
449
408
300
103
244
466
156
85
300
91
302
401
462
349
157
72
362
407
384
385
235
345
356
381
190
505
453
174
380
262
222
449
73
429
438
223
146
164
199
61
239
59
235
498
47
481
348
415
390
282
244
186
253
35
199
125
467
365
94
70
178
203
366
231
67
222
30
249
4
406
206
65
443
343
160
189
228
440
277
135
9
422
287
63
427
332
509
380
456
262
11
229
289
167
383
463
281
135
175
138
148
377
285
227
217
501
298
444
122
105
40
272
272
342
199
38
289
514
311
330
165
23
413
214
414
501
447
474
282
429
388
277
74
333
488
133
507
409
396
473
91
444
283
459
108
91
320
30
451
91
55
154
4
451
434
409
13
290
441
175
187
381
507
275
428
5
216
443
192
279
171
356
443
270
326
507
451
384
241
493
387
156
395
285
9
139
172
212
19
52
56
178
500
17
514
242
157
192
212
228
414
54
356
512
369
227
228
510
430
301
380
27
105
126
263
254
232
274
475
509
472
401
408
84
272
475
293
13
59
434
68
183
370
473
133
430
325
135
87
314
430
99
324
27
152
296
261
131
424
480
435
188
157
193
415
380
459
48
212
474
156
341
242
502
100
333
499
302
153
362
344
318
152
341
14
2
35
512
448
91
180
141
93
64
103
42
29
165
426
504
261
228
376
153
414
87
435
443
446
496
406
498
299
493
333
448
88
188
158
322
295
35
476
116
509
311
55
351
377
311
428
66
116
4
403
398
127
294
19
126
477
335
36
7
381
107
273
34
421
176
64
68
82
120
244
416
277
25
277
126
127
134
385
275
141
292
359
423
203
150
126
208
64
162
487
20
311
282
396
9
97
307
173
57
57
413
142
263
191
453
64
202
312
94
235
240
465
149
276
190
320
270
405
510
53
509
478
403
381
230
164
505
153
408
12
173
222
5
416
221
377
405
86
403
498
488
248
239
93
350
396
251
481
325
407
270
318
493
381
486
167
107
197
445
166
130
95
137
205
177
331
464
410
0
49
86
454
398
310
312
351
377
55
445
453
102
385
86
502
149
382
99
192
120
445
50
103
506
477
14
461
186
318
34
95
189
337
435
205
499
312
509
168
396
153
417
246
458
441
75
382
331
510
50
192
453
220
141
27
287
493
107
394
124
453
99
163
386
491
257
82
319
357
141
243
414
303
179
474
197
385
326
507
206
90
444
207
399
357
10
421
375
168
282
122
187
111
326
117
278
166
446
383
105
303
513
478
215
230
200
411
513
320
306
170
204
345
337
55
465
179
39
147
42
141
117
404
10
119
333
200
55
47
284
216
354
375
305
80
279
294
238
405
369
194
489
239
194
81
437
117
86
287
184
105
397
36
72
242
241
373
374
163
17
386
80
491
283
354
413
52
16
3
399
418
443
3
38
101
349
181
492
33
160
160
55
7
99
438
137
229
474
461
194
211
366
438
116
242
21
329
477
466
244
150
192
474
360
340
373
488
131
504
151
217
117
258
214
166
348
265
95
197
444
250
114
117
229
106
399
360
482
219
338
439
395
243
340
163
9
95
225
239
81
471
466
126
119
382
508
365
148
87
366
296
344
100
501
196
501
506
161
348
419
77
300
462
419
420
369
450
432
451
188
494
144
419
487
306
418
325
131
255
117
105
338
299
206
205
304
196
131
357
375
286
432
294
270
19
50
385
488
358
437
460
110
285
66
73
409
270
105
250
44
306
488
12
265
514
466
467
289
21
218
497
213
373
336
100
501
320
217
41
446
66
364
302
354
496
228
311
22
509
246
44
93
161
166
156
275
501
168
432
282
486
31
414
132
338
493
437
196
131
283
489
494
455
149
4
72
24
244
16
415
130
113
397
298
306
449
338
6
188
214
289
156
265
50
501
393
394
170
282
52
167
306
80
61
154
117
10
385
164
215
30
205
220
281
62
187
141
58
267
430
471
489
152
12
306
36
505
271
147
123
198
334
238
505
158
52
100
470
225
218
293
345
281
340
494
489
88
187
450
144
81
495
385
184
292
213
454
276
279
465
329
39
111
440
486
106
53
237
29
139
310
425
104
111
358
133
405
78
491
78
71
405
167
345
26
29
345
250
115
407
244
217
74
236
115
416
35
208
474
148
46
154
288
46
103
118
53
13
324
187
304
420
321
255
182
150
493
57
435
21
73
496
134
383
221
283
179
354
478
230
197
416
49
514
53
263
432
68
282
430
60
16
83
282
464
411
340
404
186
42
307
54
423
3
30
43
195
7
424
27
495
245
109
181
462
247
214
355
125
464
504
100
238
81
104
412
234
328
408
142
420
43
110
246
56
476
17
325
209
242
196
333
341
307
260
68
85
242
208
350
425
77
383
316
514
142
349
328
363
165
484
88
511
246
246
399
212
130
439
36
224
65
220
229
458
247
361
451
408
131
295
385
305
15
384
10
210
161
339
219
131
364
213
403
84
336
75
7
305
441
325
385
413
155
249
82
167
511
85
351
400
392
210
125
461
298
424
155
492
100
166
369
25
228
314
137
22
500
510
216
126
261
328
290
204
41
236
152
248
491
407
434
465
500
466
162
305
471
130
379
109
295
318
84
259
361
333
68
288
293
89
228
492
81
430
319
490
501
82
248
457
125
83
26
390
249
271
414
216
244
469
331
181
355
103
259
136
168
177
202
114
436
399
468
210
515
94
471
502
464
238
257
28
510
387
125
42
366
229
135
404
39
451
414
451
336
421
283
314
162
427
415
499
341
412
83
369
305
213
183
327
82
169
327
128
15
183
29
227
23
49
395
368
451
318
92
59
264
226
500
282
394
464
366
331
207
247
120
437
449
62
501
262
199
39
162
470
168
227
91
236
287
11
97
202
1
280
315
296
277
158
3
269
501
226
395
185
164
8
296
296
260
246
314
343
338
295
205
418
286
140
370
111
259
319
240
444
214
140
202
345
271
165
19
143
159
464
472
90
414
240
88
309
173
26
355
135
24
11
175
156
481
265
39
146
253
316
434
384
406
356
218
20
38
22
315
312
172
494
83
264
502
415
457
12
69
50
449
132
268
159
422
65
393
119
388
321
259
429
138
166
130
331
513
494
35
283
421
207
166
50
417
85
435
497
492
118
83
392
473
239
326
26
33
377
114
341
419
89
357
389
68
189
167
46
397
83
69
306
473
54
382
134
302
34
480
382
207
113
377
226
231
207
70
434
471
239
259
209
510
276
81
359
298
34
93
479
164
104
88
97
59
143
50
29
13
137
26
169
336
481
12
126
497
332
348
108
343
1
228
504
444
152
367
365
153
34
113
85
397
186
103
444
148
317
202
259
18
237
113
169
162
331
417
423
277
497
333
325
52
336
495
439
149
480
513
30
203
484
43
99
397
113
264
287
168
153
79
24
451
367
395
103
479
359
263
28
456
335
495
84
432
317
186
9
222
189
194
5
269
214
259
278
468
93
398
416
377
307
455
188
3
379
50
215
144
183
31
373
386
61
198
31
63
144
387
472
99
63
183
417
366
47
399
451
328
93
218
142
305
296
59
159
183
379
152
156
465
291
46
54
249
460
317
69
504
328
257
151
325
326
85
372
461
416
152
419
77
481
443
395
394
302
381
118
197
187
475
305
246
147
195
491
242
157
385
405
392
331
269
278
184
93
152
92
499
45
467
137
479
187
210
139
305
475
462
278
222
437
322
433
249
221
144
436
251
421
10
167
465
433
41
305
269
489
34
464
444
251
142
59
50
383
388
98
336
212
392
333
210
344
482
361
482
432
202
432
324
199
5
155
105
426
263
159
382
456
100
4
509
143
86
153
423
322
256
334
114
80
153
490
272
283
259
443
180
318
256
390
227
158
385
302
383
281
296
65
259
24
207
49
150
274
370
45
482
209
308
415
92
7
45
403
1
213
411
386
386
19
515
215
489
81
65
239
277
225
214
31
456
253
4
142
494
277
217
414
254
435
171
452
383
409
453
227
10
208
231
370
278
438
54
100
450
427
259
295
98
334
18
480
448
354
414
464
345
332
64
62
400
404
150
108
56
14
314
114
221
363
408
362
70
1
83
425
120
208
350
293
436
361
69
360
485
427
143
361
339
290
468
265
429
489
440
124
197
237
41
251
449
222
463
123
319
150
424
508
114
476
63
139
65
23
489
56
166
512
154
222
260
182
414
137
400
5
6
252
366
284
355
381
402
284
269
386
59
320
254
166
487
485
340
120
485
146
388
26
155
368
460
414
75
205
179
108
196
428
102
364
425
325
119
312
149
109
238
67
300
164
196
339
401
145
159
79
156
62
99
386
464
362
255
371
221
29
159
307
442
187
414
113
254
437
381
154
238
253
414
512
1
57
463
205
229
389
189
262
95
193
230
390
232
479
421
1
306
6
104
160
53
140
153
317
372
121
488
179
421
333
35
457
400
320
401
60
72
467
369
13
181
54
366
137
80
386
180
479
419
374
6
460
264
284
407
23
55
473
115
204
413
397
310
407
366
98
100
85
6
74
3
45
13
60
195
488
319
35
59
389
123
74
90
55
515
61
374
117
159
499
31
351
83
303
18
457
400
460
236
441
477
426
478
111
419
460
154
380
53
164
510
81
90
491
421
491
113
371
10
319
404
476
410
245
19
225
198
6
171
439
9
269
414
486
8
347
501
440
216
262
40
501
53
437
24
144
371
359
125
284
75
274
25
174
363
174
287
189
116
313
308
238
495
401
50
210
483
392
331
184
19
143
488
55
403
121
140
301
252
414
136
152
13
61
483
479
308
411
90
297
170
196
48
362
410
367
441
166
72
116
154
50
122
411
166
446
436
182
285
32
235
475
445
36
23
308
444
140
47
339
447
141
503
297
169
298
96
105
78
214
363
446
172
456
41
139
325
295
494
360
167
0
370
284
252
86
395
140
61
285
421
466
275
101
14
192
189
233
14
271
348
478
156
443
478
137
505
480
490
214
431
297
457
40
432
90
196
146
237
347
489
367
235
180
175
141
205
342
480
3
263
174
293
254
32
425
29
283
393
116
14
301
389
219
104
10
259
252
431
55
128
388
481
343
430
349
292
288
401
244
161
221
198
69
229
138
77
451
325
391
190
506
277
138
280
144
221
371
50
382
243
450
302
443
40
253
201
8
92
415
115
401
115
251
119
99
186
381
422
475
280
45
292
502
53
214
485
152
258
352
337
406
362
172
297
317
302
114
276
317
138
330
510
286
257
515
18
175
254
20
166
263
7
84
493
338
387
289
356
360
17
483
265
515
515
182
12
279
209
154
292
303
230
144
404
184
168
76
99
265
390
173
115
156
176
356
149
160
317
327
338
191
121
388
229
329
303
457
310
36
441
356
337
330
381
362
125
381
336
441
146
229
288
327
169
4
78
467
396
349
401
504
145
313
365
180
23
86
437
333
219
316
379
103
231
415
156
94
208
37
391
432
200
473
365
268
120
61
297
213
457
367
154
131
213
367
312
135
59
147
336
514
331
100
103
7
453
321
480
420
361
267
429
129
58
410
395
208
203
115
103
305
485
191
117
6
137
171
231
399
197
466
51
210
315
84
20
116
188
466
386
382
198
140
148
127
450
66
312
375
40
501
128
501
513
307
0
66
264
132
179
328
489
224
461
63
357
286
85
7
380
420
335
245
341
349
508
495
237
425
425
382
415
260
425
89
416
380
513
27
439
115
295
89
99
251
96
27
363
70
87
39
240
14
326
316
270
96
39
331
493
119
142
241
348
302
161
44
48
285
254
25
109
330
204
2
145
352
497
514
436
270
134
374
17
232
112
469
507
335
403
87
44
195
303
319
260
260
42
507
486
185
186
201
17
112
134
62
404
229
415
112
211
106
87
270
473
31
236
332
8
402
308
319
45
495
93
297
183
170
408
448
349
12
238
424
465
84
91
187
285
204
190
439
300
71
96
121
410
268
487
10
302
508
486
330
40
275
463
262
382
99
2
350
25
443
114
93
356
193
258
118
208
266
343
87
77
452
490
446
51
84
336
348
60
149
300
150
426
289
293
324
65
494
414
286
112
234
141
383
374
441
39
65
459
450
230
72
106
366
343
474
38
69
62
112
348
500
106
358
392
456
332
72
336
289
78
289
93
120
303
371
297
86
82
232
392
280
400
69
229
404
221
119
427
378
21
117
97
490
212
263
325
330
225
404
436
461
504
90
454
427
319
313
453
119
231
222
117
319
438
135
126
343
499
287
258
154
231
40
424
14
507
283
144
431
305
464
322
121
374
31
227
439
331
57
336
401
91
282
0
374
45
368
51
329
243
500
482
431
148
195
33
54
424
393
332
147
259
339
510
343
155
220
435
234
283
239
23
230
340
71
272
14
9
86
231
54
420
57
113
73
340
171
402
209
334
14
339
75
87
210
0
366
43
44
484
500
367
389
311
170
6
275
419
409
457
67
139
240
193
65
312
127
197
440
189
340
119
2
24
470
104
22
440
156
123
78
182
137
23
424
23
504
281
78
159
296
444
438
362
456
287
96
150
56
25
161
258
85
109
43
343
438
118
263
75
416
28
86
437
302
317
485
241
273
144
84
360
124
50
178
233
325
164
281
224
12
457
189
59
441
332
317
21
416
114
11
132
320
62
333
177
148
65
484
285
147
114
468
305
261
345
12
504
198
439
252
350
513
486
12
320
432
57
495
440
107
202
293
245
512
89
154
300
36
99
82
115
65
187
202
300
464
355
511
383
274
420
73
334
162
398
117
350
128
487
273
116
140
261
508
464
127
508
84
92
215
195
194
13
432
45
374
441
36
123
10
159
321
339
324
244
484
215
413
320
503
197
494
323
477
416
282
235
68
402
327
72
428
515
496
195
474
269
191
31
438
401
212
499
432
176
306
160
160
20
48
124
397
303
371
471
321
285
456
403
499
451
322
237
75
304
6
50
411
21
504
273
476
486
342
271
228
508
31
297
498
228
216
245
14
498
513
106
0
461
266
72
52
284
456
134
52
286
319
353
248
174
53
219
162
260
8
112
442
440
24
181
11
89
494
117
83
95
345
12
457
87
401
512
135
299
238
30
346
389
256
312
288
463
24
134
163
269
432
365
76
158
411
432
97
10
59
19
1
438
372
402
401
48
186
280
336
187
485
178
81
301
481
187
284
71
243
198
167
5
440
487
312
40
503
377
322
451
378
385
260
342
225
441
209
375
109
460
81
9
253
280
297
318
195
294
304
352
423
415
318
458
403
3
351
195
40
57
196
64
474
340
13
440
486
432
251
214
249
286
401
474
94
101
186
342
115
317
83
236
276
314
168
125
73
347
258
452
158
328
161
92
484
308
94
366
160
467
40
59
73
200
243
168
211
413
470
401
289
244
464
305
101
15
13
285
123
395
232
25
51
513
125
460
457
166
33
72
497
317
497
31
306
154
220
157
13
87
349
374
145
67
144
169
134
85
279
497
104
98
442
228
362
137
228
90
24
92
32
321
193
414
289
207
11
453
229
369
166
370
225
438
467
498
90
456
503
145
67
303
416
239
124
98
489
62
124
121
293
402
309
203
87
293
402
57
496
120
373
335
381
216
335
158
86
358
511
102
273
205
149
170
503
335
4
331
301
444
420
331
410
223
382
355
4
318
165
101
411
57
452
410
259
200
424
63
66
202
350
382
15
431
331
248
186
398
452
245
484
259
510
187
336
456
229
331
300
237
83
325
177
202
443
320
50
225
227
320
167
69
277
168
6
389
442
422
372
153
161
304
41
9
10
255
63
462
429
161
322
52
228
94
187
336
41
43
334
52
13
126
513
74
311
347
23
397
158
47
33
406
187
417
443
375
210
33
193
385
380
322
480
326
339
419
450
360
294
405
487
435
418
212
314
173
23
423
461
485
208
438
341
388
337
247
78
291
309
260
324
299
497
101
372
38
437
435
430
401
496
438
217
397
265
12
131
27
105
431
26
94
345
474
371
462
332
499
394
511
338
184
47
316
150
15
415
128
486
323
128
334
415
485
8
366
398
415
0
377
96
219
89
322
308
422
402
347
322
314
339
240
114
143
265
327
46
38
392
420
23
399
39
408
355
33
265
238
215
41
140
308
4
149
314
296
15
375
0
430
47
141
486
111
442
51
435
334
332
366
37
456
32
440
90
227
212
489
61
253
234
265
70
93
399
141
220
488
244
219
291
158
377
345
380
444
236
149
259
37
332
406
75
20
178
127
436
499
244
514
41
182
238
28
439
499
380
127
256
148
35
250
493
236
102
465
110
371
414
254
236
110
35
31
35
221
416
91
62
230
69
157
250
130
487
474
281
122
497
170
270
228
178
160
323
342
10
299
313
372
39
503
148
245
175
182
340
336
487
79
108
473
172
84
49
439
181
315
462
365
294
510
217
473
410
69
152
93
132
205
236
17
5
133
492
126
436
317
82
217
325
465
69
39
235
226
255
65
180
147
137
191
183
347
0
10
197
420
107
192
228
42
137
463
381
192
80
510
379
403
476
218
118
164
269
424
381
277
439
462
340
72
10
229
69
445
5
458
477
119
140
360
202
323
375
205
462
37
381
262
496
492
299
294
452
270
445
281
260
429
377
197
59
209
103
488
449
317
230
78
247
228
180
213
34
203
452
36
156
436
76
47
177
366
30
152
221
216
351
421
12
339
340
512
79
491
398
67
400
271
496
130
311
63
110
400
498
47
3
311
440
366
113
168
66
162
34
352
511
456
356
387
217
288
149
342
65
411
195
447
2
178
63
435
271
49
471
312
119
462
422
475
232
288
426
262
353
14
327
229
409
220
406
296
325
103
421
336
200
61
93
152
422
190
19
266
343
64
394
445
162
274
12
64
49
181
39
379
258
296
479
90
61
275
52
59
146
137
65
302
120
110
365
236
31
489
402
122
32
151
479
275
136
484
74
275
254
289
33
118
302
420
321
68
35
148
443
65
248
134
463
498
447
50
411
360
107
513
425
350
294
368
371
294
174
381
382
403
271
377
29
255
384
0
486
141
443
314
215
152
316
129
99
45
304
310
266
114
395
262
464
428
490
355
69
439
58
216
399
340
66
396
34
50
223
228
273
490
208
427
84
50
201
99
295
234
260
373
288
222
366
57
54
54
462
444
495
470
73
334
511
7
377
138
471
266
1
262
381
372
127
84
322
475
508
408
106
44
126
451
429
19
233
64
69
479
429
342
52
261
337
231
380
3
372
165
270
510
500
424
35
264
402
409
474
338
152
381
269
170
221
449
138
254
444
361
311
61
286
359
222
170
266
488
127
402
137
281
147
158
430
306
318
409
505
457
175
288
457
250
401
497
7
147
284
417
322
101
444
173
280
126
492
255
346
205
416
453
504
105
167
21
444
509
20
513
366
500
139
424
276
375
140
287
140
162
310
176
504
330
332
133
173
358
453
383
270
444
399
195
370
111
444
81
104
68
353
353
229
60
301
218
248
234
173
270
283
441
107
246
168
252
392
293
307
89
70
301
54
139
90
302
165
314
15
294
380
431
294
57
369
279
512
338
157
383
68
57
261
15
216
229
404
432
408
230
341
317
287
162
12
498
416
142
160
246
1
201
107
209
293
124
114
426
377
209
217
211
70
55
232
147
76
126
139
144
261
12
90
167
269
202
56
361
500
52
238
164
380
355
7
504
253
112
504
515
119
417
462
41
392
240
201
136
510
324
185
359
144
462
446
491
384
275
125
222
41
503
429
74
488
74
45
273
290
58
407
239
190
317
127
320
182
209
83
480
149
161
26
15
135
264
245
253
42
493
317
124
5
12
92
503
441
182
288
64
115
59
40
26
392
114
505
103
209
399
70
224
257
192
444
265
21
461
481
209
256
2
175
220
448
200
290
436
505
147
334
471
480
203
232
124
70
99
60
267
70
388
221
303
268
55
202
99
137
42
180
303
208
259
461
61
83
152
295
461
379
180
94
505
510
184
302
265
448
330
85
9
148
363
126
22
462
238
319
203
238
144
46
375
295
351
477
336
379
260
424
503
94
66
9
459
480
396
102
21
344
290
227
115
21
48
441
33
272
58
200
42
12
12
190
60
336
92
107
116
260
190
26
116
384
181
158
359
197
168
351
0
15
446
487
313
313
50
116
205
17
404
206
490
123
419
132
112
65
338
160
230
376
79
419
397
413
256
429
336
423
72
222
64
50
214
480
490
273
148
60
344
71
425
502
62
119
282
495
17
132
248
361
238
23
167
384
341
402
375
350
102
351
511
343
422
370
301
57
417
343
462
402
446
324
137
52
426
136
498
460
434
200
461
6
180
476
500
402
303
46
98
248
63
351
68
286
132
318
178
138
392
297
294
292
478
119
149
283
52
152
277
229
447
222
187
267
488
119
409
491
140
57
368
24
214
417
309
402
339
197
195
400
458
213
346
298
214
246
481
265
458
4
283
2
345
368
114
195
293
342
107
472
230
14
178
379
481
255
217
159
346
286
446
183
140
94
513
107
244
175
274
401
168
426
104
481
361
47
465
235
202
180
312
314
381
246
384
18
273
357
318
34
388
164
362
195
92
226
77
262
332
2
59
487
397
267
488
240
214
216
77
357
390
313
215
504
214
401
186
483
336
382
226
315
325
126
312
319
21
306
313
141
456
102
103
372
455
25
390
307
81
127
495
219
64
157
505
410
21
96
200
464
282
43
288
374
275
110
175
187
194
408
315
408
478
405
349
82
257
12
423
316
481
127
179
48
10
6
130
215
288
483
321
270
466
104
494
246
302
496
374
205
366
87
75
481
43
226
301
246
348
367
266
461
181
418
30
167
435
514
169
210
495
156
246
165
461
256
426
169
308
114
511
425
119
329
113
285
92
145
9
326
444
266
335
397
481
318
277
37
342
358
4
434
312
195
324
217
145
331
45
219
328
266
76
52
375
15
367
491
107
504
14
393
97
450
45
420
195
176
271
151
172
480
320
490
419
48
421
217
357
66
61
504
498
104
503
252
151
495
253
97
115
373
357
463
299
485
88
328
382
15
54
436
138
473
29
503
433
66
418
350
180
18
99
3
357
85
109
397
148
449
157
287
390
198
35
306
220
255
391
167
390
382
398
378
308
268
196
55
178
450
168
69
164
475
296
366
30
425
117
144
290
156
393
379
42
469
0
171
120
92
359
474
481
21
474
78
34
240
387
343
302
92
482
300
409
410
56
24
64
477
391
300
443
85
248
141
418
0
390
435
404
503
413
335
381
414
310
245
56
364
218
63
432
509
180
71
388
31
293
226
204
172
124
310
494
166
32
472
226
462
320
100
259
462
218
89
319
491
247
362
439
312
296
294
110
322
465
169
76
381
497
404
186
65
436
414
335
36
342
126
319
513
90
68
409
414
248
393
422
109
399
85
262
222
470
515
273
195
459
490
89
263
461
166
334
368
146
429
409
35
102
213
35
198
479
109
231
204
194
277
167
514
256
213
117
226
515
435
248
293
95
241
310
40
35
423
219
509
65
261
345
329
82
496
490
189
482
22
305
95
354
143
273
231
275
202
241
202
100
421
347
102
414
35
282
40
206
314
289
110
57
343
202
378
23
213
273
507
262
495
328
264
263
17
422
176
8
326
249
417
433
206
342
322
240
253
45
86
318
408
3
457
388
65
388
479
222
89
160
80
108
157
416
416
293
514
264
310
431
179
433
57
302
514
452
93
102
135
24
56
48
204
287
509
514
202
12
368
67
113
308
80
135
336
61
75
336
186
489
24
196
432
153
40
490
256
54
473
507
291
377
101
239
478
161
508
278
61
52
416
394
156
189
95
184
400
65
254
406
160
461
435
166
305
435
57
288
377
170
135
214
29
107
0
329
27
256
387
299
329
497
107
215
375
185
82
256
319
48
343
502
346
404
130
306
352
9
306
51
370
116
200
404
435
86
63
498
326
488
250
299
136
267
240
246
3
66
66
72
283
113
508
70
364
289
44
225
298
434
340
243
395
399
352
375
41
416
206
375
408
368
394
207
219
292
56
6
333
389
153
469
295
252
342
131
261
420
47
134
472
23
151
441
170
464
346
376
44
6
215
474
441
130
156
187
395
420
254
336
305
512
196
463
378
235
116
92
151
353
331
214
422
508
378
203
412
118
349
495
99
99
116
9
227
39
3
98
443
85
477
285
6
420
188
9
156
203
303
423
92
291
244
367
455
377
92
133
20
157
28
394
418
297
142
98
480
350
183
264
328
95
157
511
59
7
108
430
508
16
48
168
228
393
143
357
391
257
190
273
421
16
398
445
26
256
48
251
40
357
251
116
19
330
101
399
421
146
38
72
427
464
367
111
82
125
497
234
331
335
409
247
188
72
435
428
373
46
497
25
321
25
234
11
130
433
101
433
276
243
92
54
323
29
352
204
46
353
335
271
177
34
45
56
156
436
173
186
11
264
172
142
11
229
246
195
25
80
445
352
46
289
279
215
508
460
91
80
217
253
186
35
10
419
385
157
418
447
274
152
76
319
480
404
64
480
41
400
234
202
34
481
234
437
366
76
454
205
293
9
513
50
335
214
281
173
58
39
39
455
485
355
16
58
135
14
54
145
511
510
411
2
515
239
86
485
101
89
271
187
302
367
88
142
368
41
251
2
100
227
227
146
314
314
501
368
228
261
30
124
230
373
93
444
475
191
462
291
237
475
246
65
231
42
275
240
191
117
238
275
483
373
90
275
367
3
192
230
247
142
23
437
198
423
176
111
156
63
447
402
147
189
120
19
202
359
364
441
186
57
302
183
26
390
390
25
101
194
467
364
142
202
63
79
353
227
135
437
412
3
170
65
58
229
446
229
351
376
70
437
256
202
298
437
491
279
323
400
502
157
433
216
191
175
477
293
114
371
170
149
24
199
278
378
282
376
429
41
351
204
473
366
349
42
219
113
398
452
170
429
208
7
204
86
10
420
322
84
408
228
211
389
405
443
2
84
58
400
18
254
383
506
272
258
127
159
343
11
291
230
265
108
403
351
502
191
7
273
21
269
436
360
343
246
258
498
356
335
349
495
113
286
397
139
227
270
449
472
451
191
233
254
227
346
51
430
291
221
126
272
361
502
346
167
298
131
315
445
27
466
254
437
82
158
328
379
466
267
14
109
156
399
291
430
289
435
314
121
20
10
403
261
89
102
484
409
117
409
15
376
10
161
203
109
402
114
15
211
286
295
140
393
55
199
435
406
435
115
406
477
480
195
432
12
429
509
499
398
398
216
172
221
346
155
498
41
70
419
76
144
250
487
338
448
36
167
67
501
282
463
52
40
411
21
353
246
66
86
400
60
228
435
62
385
134
196
358
149
495
360
52
344
358
263
31
186
290
335
475
170
360
358
272
181
88
467
480
281
430
371
95
389
133
27
137
250
314
430
349
137
491
93
419
191
6
362
122
498
287
12
164
154
465
340
204
87
388
52
195
366
376
275
140
302
384
323
471
75
128
144
66
175
370
398
125
119
338
490
345
409
488
453
50
66
225
137
449
440
261
296
55
129
129
301
412
291
277
72
152
407
144
224
407
192
437
427
466
140
340
312
44
294
214
251
36
165
147
291
413
246
102
505
96
119
58
106
445
441
83
281
119
311
97
389
25
8
175
409
203
322
1
75
122
452
263
268
341
410
129
466
260
60
71
180
40
148
36
484
386
90
117
1
355
442
507
78
256
512
473
332
173
436
350
239
400
234
358
325
499
41
13
373
257
412
133
213
350
194
126
194
133
334
334
10
106
293
166
114
3
303
411
114
320
311
203
387
394
294
174
71
14
301
100
141
260
244
71
296
70
170
157
412
125
268
323
378
249
208
67
421
76
357
163
479
440
166
81
70
134
6
410
351
382
19
89
484
37
304
139
112
461
14
240
279
381
44
256
447
313
54
142
258
383
175
511
346
205
59
434
9
477
282
320
51
80
397
201
360
92
56
338
235
206
274
416
25
318
196
325
461
407
179
81
44
353
24
12
360
485
308
462
170
462
336
276
206
269
120
237
465
353
35
196
92
485
50
11
388
139
102
170
434
381
300
332
325
354
120
503
84
347
85
42
113
411
178
383
238
351
119
240
280
166
363
151
332
207
327
462
35
55
347
43
1
343
171
237
352
377
306
346
21
236
85
59
357
239
370
207
98
127
129
510
37
194
332
480
80
40
304
304
240
281
168
55
282
430
62
515
115
354
232
242
100
287
21
276
417
121
1
162
10
244
378
489
406
205
66
45
81
18
456
72
67
72
146
364
313
402
350
499
447
117
465
156
77
455
276
349
503
415
259
466
123
125
36
112
440
341
196
90
212
27
36
317
10
346
208
167
150
502
4
313
105
435
398
304
427
325
36
487
57
454
122
321
170
266
338
417
510
402
485
152
388
16
282
314
342
130
5
439
464
500
397
89
170
448
398
225
103
381
464
115
130
22
40
160
160
456
465
138
258
458
396
117
431
119
201
18
254
99
96
153
449
366
475
416
457
459
207
336
435
167
402
136
283
139
136
168
186
289
349
442
270
69
170
96
200
263
251
388
424
208
215
303
443
313
166
378
222
159
331
341
46
448
427
231
110
299
423
385
329
96
299
443
334
187
33
84
257
401
449
512
61
498
180
77
75
407
1
260
89
175
136
58
456
385
438
182
273
119
274
69
357
89
150
175
462
207
305
55
329
510
411
109
0
31
208
246
420
339
49
329
247
326
232
372
196
106
49
46
64
312
491
159
270
385
316
370
276
506
181
415
80
474
384
304
225
354
54
159
226
40
90
314
262
491
433
274
428
63
152
90
162
265
222
283
235
363
205
310
393
258
427
311
174
329
367
386
222
447
515
496
63
4
127
284
32
106
481
472
192
214
53
53
228
147
154
114
315
11
396
487
354
262
254
159
185
384
4
77
150
315
301
227
435
86
254
218
273
445
42
80
235
387
149
29
165
300
447
142
150
61
39
297
4
258
319
367
103
471
403
235
290
4
239
367
350
7
179
36
100
239
219
29
313
255
366
290
290
151
470
39
127
305
33
423
427
292
179
465
331
128
447
280
261
354
304
103
482
34
311
397
142
500
204
500
165
260
200
500
209
245
278
408
346
252
218
119
407
512
226
132
231
484
474
481
223
277
514
388
449
80
362
491
59
234
442
54
90
240
99
423
305
314
90
314
115
203
244
275
107
414
514
132
446
293
322
147
416
119
293
205
367
210
150
84
494
103
95
324
403
337
200
4
464
132
299
459
38
244
237
288
31
433
322
404
432
140
194
152
275
249
260
406
19
91
22
188
482
244
95
403
135
7
409
109
204
34
358
152
351
4
164
492
263
158
69
298
65
75
258
220
280
259
33
45
296
14
74
194
215
511
301
162
262
208
168
49
17
206
333
43
461
486
104
448
90
396
36
7
29
60
33
254
143
323
68
189
273
510
461
68
287
368
317
176
64
399
112
155
411
78
514
491
463
465
339
137
286
410
18
402
338
32
447
486
32
49
39
146
321
190
109
381
115
351
90
303
37
119
120
127
54
54
98
284
12
512
101
137
74
209
209
296
164
121
513
112
53
61
205
119
478
162
170
339
317
494
378
496
62
221
259
24
254
410
465
169
204
55
133
235
405
138
280
491
152
155
455
95
399
478
310
68
246
162
168
319
98
503
455
126
140
282
69
439
70
116
388
91
231
55
282
201
146
347
468
298
73
433
292
146
190
27
431
340
436
9
99
268
116
337
376
512
278
54
163
431
137
149
121
116
434
74
444
495
181
149
65
171
384
91
53
416
247
136
347
62
95
468
249
68
508
185
310
489
199
349
317
389
10
360
436
52
215
80
218
331
486
262
486
431
171
177
228
181
34
360
352
466
34
49
279
493
116
260
501
287
273
168
311
303
76
241
120
457
150
268
305
395
76
83
209
228
347
480
340
435
136
184
290
312
225
448
343
157
312
313
27
312
85
347
340
482
27
125
149
155
30
275
13
152
81
459
238
137
55
480
378
400
36
97
303
394
146
410
143
319
381
202
268
91
102
199
104
378
231
60
442
337
138
319
13
304
214
335
66
274
257
150
156
258
194
116
306
255
3
165
393
100
475
80
117
273
340
446
148
246
201
397
129
3
113
121
347
371
310
380
291
228
347
243
262
228
156
368
410
242
354
8
342
337
425
230
337
92
168
384
256
279
256
112
389
144
452
171
87
100
151
30
371
214
425
258
94
62
174
1
511
281
303
163
380
442
345
503
267
173
194
13
156
384
405
123
164
35
235
16
420
284
112
342
275
21
488
353
369
406
475
477
220
76
228
515
127
341
88
205
182
403
515
482
180
80
221
123
455
256
66
229
329
289
363
336
454
325
465
112
447
370
381
328
513
193
347
493
335
58
130
21
1
508
420
252
80
509
273
342
491
53
365
342
505
89
127
128
201
286
27
251
35
60
269
325
324
130
482
445
164
134
230
441
367
487
124
262
63
93
396
36
377
99
399
289
105
421
253
140
373
8
203
395
310
170
363
25
34
384
399
318
51
308
180
53
187
392
253
284
409
14
430
125
506
502
389
86
213
248
228
1
387
275
245
511
113
335
262
82
500
301
328
99
90
52
461
155
375
461
304
334
54
8
412
321
26
93
502
205
156
468
387
149
245
245
61
26
123
346
5
326
194
89
468
410
78
172
466
169
407
511
368
143
244
474
12
503
386
395
89
252
170
482
378
132
290
119
511
80
326
330
458
474
59
132
216
78
17
121
410
214
332
162
63
216
52
377
203
121
233
282
205
11
202
342
194
66
193
422
227
54
511
26
33
232
201
162
39
92
281
244
154
377
354
142
420
124
353
227
209
59
20
171
249
304
155
212
124
307
331
428
46
299
35
68
297
78
490
207
171
169
146
443
474
476
443
340
87
294
316
259
267
456
368
105
378
421
107
265
265
335
92
409
293
334
39
474
355
80
437
36
309
170
367
174
245
195
303
198
465
218
282
422
129
125
39
41
261
305
19
411
70
484
70
87
94
321
475
390
398
118
259
502
201
459
287
203
106
206
442
36
364
398
291
171
13
17
160
100
396
502
193
424
298
364
328
315
381
129
206
70
194
502
113
225
366
437
171
365
398
309
125
162
120
139
286
202
75
29
410
166
504
475
97
197
292
199
321
159
330
48
165
358
214
77
105
144
219
94
251
430
482
501
130
8
230
363
99
177
455
360
488
92
193
252
32
161
510
162
482
486
21
280
47
14
169
173
80
507
64
108
358
333
399
205
510
447
118
469
380
21
145
193
100
73
276
196
160
466
358
503
178
423
42
265
417
292
287
122
108
205
490
72
93
53
284
376
52
223
237
508
360
205
33
292
403
403
294
362
229
68
34
68
130
355
278
96
187
72
395
207
195
459
259
1
187
220
446
147
220
259
199
335
0
204
284
284
400
132
136
206
2
508
240
500
60
42
75
429
376
500
245
392
64
469
240
430
224
86
357
408
490
125
132
183
477
101
101
34
147
443
352
6
276
216
387
11
253
45
14
403
496
278
290
363
57
323
417
469
89
376
51
208
224
119
108
6
491
491
402
422
287
199
283
323
266
104
21
385
278
135
507
496
252
33
381
181
194
125
226
494
265
96
251
408
311
174
219
269
472
491
207
0
