-87.3466238
-152.0066091
-199.2617963
-151.2653501
-72.27859992
-194.1593583
-618.1362457
-242.729247
-518.7158952
-1060.161339
-135.1678124
-85.003386
-194.5519878
-97.52146069
-80.25686394
-143.9439534
-180.2098134
-121.4705006
-66.34409897
-49.04436171
-122.1916345
-304.6278223
-202.0363191
-92.51972843
-119.3529505
-105.7565923
-204.5499909
-155.8093009
-151.4942787
-102.9539269
-117.1653279
-915.4279977
-27.4127831
-303.4760326
-181.4518715
-715.6351089
-309.7884391
-331.7261757
-347.1453152
-263.0379541
-108.2686394
-38.99117448
-224.3674062
-178.3229019
-233.487299
-1063.600724
-112.0857246
-121.5116464
-30.59894161
-127.809858
-129.2273267
-154.4946376
-57.69353472
-175.0862346
-204.7925268
-211.261594
-74.40659314
-46.14612539
-357.1914613
-90.49619059
-196.4003937
-102.0408541
-107.7405397
-138.8034763
-121.0883884
-125.1030272
-180.1893616
-101.4279139
-74.97097225
-74.08137283
-104.7540941
-283.5210088
-364.5052012
-124.4434552
-31.96996179
-41.85573251
-129.9937128
-399.7210212
-176.6108063
-68.22097908
-85.23533921
-269.647511
-214.6322679
-212.4061111
-193.2533771
-58.66003012
-113.7875364
-113.877955
-68.75180783
-288.9654143
-229.3018068
-92.85793687
-94.73827126
-615.1987405
-225.0424636
-124.5042058
-1018.477208
-59.86384372
-357.0594444
-87.07493291
-223.5427925
-282.8950515
-69.89205055
-199.6335206
-168.2221069
-251.8854588
-169.8914482
-183.5527986
-134.5060728
-242.9115541
-213.8514712
-42.43504906
-474.5821503
-70.21751148
-386.3936877
-157.7734328
-204.5656058
-151.6861711
-108.700092
-81.88256225
-37.10861559
-282.1273358
-196.7571214
-43.49087489
-55.38030106
-549.9959389
-431.3638691
-133.1859977
-172.300783
-46.47749225
-117.628534
-45.45848203
-190.7738526
-98.46302731
-425.9534038
-198.4549753
-816.748523
-206.1937837
-27.6222283
-257.3427207
-771.8839566
-91.02591294
-488.7572124
-70.75149183
-113.9729979
-144.2213027
-119.7649606
-203.1113342
-222.9938605
-199.6512968
-261.0318021
-62.21241443
-79.30264357
-179.4656647
-86.01114699
-215.9358426
-105.093193
-131.3149337
-57.34504745
-416.7096832
-161.8959772
-62.65674059
-238.0325175
-135.2583995
-276.6843756
-183.0395299
-283.2033635
-313.1996958
-79.9741929
-273.2138249
-151.2035055
-57.43434822
-158.0662666
-122.0546209
-81.8924666
-122.9249693
-88.31846819
-120.5863246
-144.2324457
-31.38285906
-78.0549891
-277.3611848
-522.1429461
-262.7150555
-135.6990967
-41.75279278
-250.8699412
-41.00525144
-70.44390784
-40.71983383
-233.703526
-96.36509516
-56.52920921
-338.4533651
-187.8920466
-144.1165093
-284.0963245
-47.21983905
-114.4489613
-196.3391064
-292.9593333
-130.3435616
-312.5261009
-286.1661334
-105.9160986
-135.4196734
-140.2437569
-157.5875968
-107.4099126
-215.4715487
-246.9805298
-679.3404369
-171.3368936
-123.91702
-133.2868178
-178.6788518
-114.0828541
-268.3541472
-168.4424088
-165.4996244
-331.7075306
-177.8741044
-163.3406165
-108.8349777
-173.8724986
-96.60552926
-94.88278622
-223.9986925
-157.4383421
-220.3318159
-119.4583566
-289.5358334
-395.8529236
-615.6934137
-92.02732742
-141.5907683
-95.79227702
-282.8957392
-231.3316411
-301.7804147
-213.6206041
-140.9615941
-326.0697481
-399.1939969
-226.6774441
-169.3910321
-577.672849
-333.8841721
-1930.965204
-311.8138374
-245.5785332
-86.47882819
-167.9417112
-192.217337
-57.62058621
-102.4435492
-175.9049947
-85.76106408
-733.7756095
-187.5112281
-62.14674854
-147.1558372
-62.96321798
-122.1029084
-113.6490147
-154.5436662
-114.5458601
-120.5356373
-112.4968196
-389.6657761
-386.7857853
-518.7788041
-173.9589439
-163.8772857
-648.9059075
-59.12822374
-106.1901832
-254.5592619
-119.3218352
-104.3378141
-261.2004132
-99.11813847
-111.0072786
-280.2169385
-61.45372174
-118.6945997
-75.8731335
-927.8167841
-736.6594282
-75.40703316
-63.4433793
-225.4486476
-178.2875178
-1740.990796
-67.7653995
-198.4009168
-249.2086079
-122.362455
-233.9659908
-117.8891619
-99.82050449
-477.5268691
-278.9505091
-240.6192585
-352.9803414
-71.6931813
-165.1782609
-290.5895507
-198.7872332
-127.5473713
-177.952325
-86.18147705
-655.2281285
-380.0130167
-124.9690185
-134.1577444
-80.1999395
-176.8477532
-200.2745103
-230.8164947
-773.2059289
-142.1593169
-208.9526115
-549.3905496
-76.52068957
-127.9721127
-79.47136265
-111.7757205
-72.53802464
-183.6637092
-145.4132239
-90.83869357
-142.6141508
-102.5059596
-200.2364677
-109.4401738
-68.30030103
-430.2793043
-52.72444884
-136.0989369
-169.6444093
-229.1938015
-75.14161237
-123.8918171
-147.587572
-549.7281135
-111.9348157
-122.4586027
-303.8251857
-130.7826573
-92.3680155
-156.6701212
-302.5915252
-68.37940048
-70.78053377
-239.2236916
-67.7635331
-88.69683992
-287.1389833
-134.6665352
-101.3806242
-151.7674592
-194.8566864
-172.333462
-479.2019761
-121.3070741
-163.0879684
-68.60817468
-100.1044473
-77.01929525
-394.0226753
-320.5910831
-151.1059647
-95.71630196
-96.14282307
-138.7051027
-123.373209
-118.9614391
-181.7931375
-174.7019932
-210.6667685
-144.7482497
-77.15271679
-147.7374117
-192.7748714
-314.9877413
-175.6768624
-154.8408919
-138.0989939
-128.5736128
-201.1650753
-218.9401061
-187.4401606
-717.6949841
-166.8557428
-71.6708714
-156.7954224
-68.64493503
-60.94764024
-98.15931519
-145.3180893
-44.93902138
-142.5258728
-231.5218553
-150.6729627
-176.2735411
-52.85542512
-90.79482271
-99.39000615
-83.48075074
-681.84788
-105.2871291
-191.1849833
-121.4741729
-208.685107
-113.8023704
-1722.053321
-151.9239785
-196.9705969
-107.1909676
-221.5915607
-374.4228895
-103.0203774
-143.482696
-215.6888366
-216.049085
-528.7288697
-85.28544732
-134.5935279
-146.1714825
-105.1543767
-197.7226172
-109.2833716
-142.3041291
-104.2604907
-167.8052446
-158.0058846
-98.27801301
-111.1019062
-89.33480802
-121.0971777
-274.9304682
-93.83224541
-54.87136106
-114.8399173
-114.5338425
-56.54724311
-144.7364033
-165.9014574
-149.9841041
-142.5596147
-93.81970083
-149.7600696
-201.4036554
-346.856266
-120.8703742
-102.7356085
-332.5582416
-204.0306638
-225.8754232
-131.9389249
-90.5685274
-425.2560204
-249.5623782
-56.10150416
-98.2159146
-163.8456643
-129.9567952
-57.06109808
-942.7264186
-77.25354796
-132.1984578
-100.5400316
-57.00276464
-78.83125608
-177.370171
-135.4544263
-191.5511
-309.8807012
-243.0012232
-168.2249868
-84.6302157
-125.246015
-164.7739583
-120.0021453
-56.46277067
-318.9718271
-139.240695
-50.77053388
-100.2092912
-72.6862023
-61.43258494
-154.9372206
-48.56223309
-116.3080409
-132.6221462
-490.4819382
-224.092122
-642.5280614
-59.64289355
-87.3630361
-88.59891704
-639.8027239
-107.9456627
-45.95251607
-145.5795429
-148.9798897
-34.6202864
-98.47115988
-304.9380291
-207.7439374
-72.89778359
-349.9211967
-115.1756303
-153.0904035
-75.31848189
-340.2257424
-103.9034952
-499.828933
-338.3709209
-98.08980063
-50.52604005
-123.268786
-307.7218433
-227.7316849
-303.7154996
-393.5700862
-142.8083814
-227.7036004
-392.563994
-75.83603547
-688.8019866
-31.51576222
-129.0312262
-144.5586535
-408.5614084
-295.4605959
-83.911632
-153.9543313
-89.10315941
-292.5219536
-262.057963
-114.7080448
-80.72867203
-106.6158581
-113.4194545
-73.73059658
-122.6026052
-112.8865487
-114.2001412
-69.66606322
-286.536857
-214.1466188
-93.475708
-296.7515524
-137.170337
-44.57584613
-65.31869197
-196.2285325
-134.4574616
-235.9465629
-57.2426544
-355.5180296
-102.9144642
-85.17883577
-136.0418566
-129.1190637
-1146.364414
-136.6869142
-111.3124451
-115.3860981
-68.57851221
-139.2178982
-98.59168054
-201.7100231
-110.7364761
-98.02131944
-196.5570026
-95.50933209
-167.5252273
-217.4685242
-187.9548433
-196.532519
-101.7652164
-160.9486265
-241.2787269
-58.63587376
-354.040597
-247.2730892
-137.8446359
-47.8343518
-400.6427324
-266.8841382
-232.7761856
-79.58221041
-136.3540571
-229.9018465
-151.3066404
-436.9199487
-299.3340923
-129.8482575
-601.0984448
-370.9549958
-168.521753
-66.53214353
-84.98339076
-59.37114715
-103.8248387
-131.6600184
-52.85169591
-97.39612739
-72.42898465
-178.1173645
-150.199541
-194.3804726
-112.1720306
-182.7313382
-104.2697913
-196.376814
-207.0060947
-257.437079
-105.4309764
-374.1364724
-330.2784468
-203.6138921
-221.8681024
-108.7261062
-199.7755227
-285.8379468
-158.2255358
-83.5579962
-208.6849873
-207.0198719
-92.98366738
-94.40542264
-108.3077622
-242.5936681
-69.9054657
-218.4763167
-182.6749268
-159.1947852
-94.26563643
-165.0489171
-139.4625393
-100.4267182
-189.0580327
-232.5132548
-160.6229414
-78.10843291
-154.3509509
-70.35485496
-157.3308068
-39.25346011
-129.1329055
-72.0129244
-72.33956238
-69.04731212
-257.0404301
-117.4151037
-232.5329009
-156.3410225
-415.3625813
-194.9396033
-168.0849608
-117.9269562
-112.0332879
-221.370379
-163.5775358
-107.4026521
-116.2079988
-207.5345389
-202.8038079
-141.9690679
-143.5886874
-76.26641347
-74.50162299
-126.5702483
-49.2594826
-291.8692625
-112.7019483
-69.22646707
-226.9420883
-112.7687204
-162.1645545
-197.567332
-85.24923995
-449.0388003
-96.92181885
-156.0023028
-109.4346791
-372.2597807
-190.640819
-177.0065654
-128.0678639
-309.54854
-74.0675262
-1294.241433
-88.10317775
-187.9734004
-396.6650111
-47.81048787
-237.6144702
-78.82845167
-100.5307544
-447.5348868
-169.6151917
-337.4325183
-63.98667436
-485.722022
-227.470922
-210.469702
-36.4974558
-104.7715714
-84.18883421
-66.36141671
-49.41714169
-119.5473428
-91.89364812
-415.8697593
-781.6844525
-304.289152
-127.5619322
-123.6473755
-148.1176194
-221.5821338
-146.0802893
-215.1625507
-139.4524991
-243.3284231
-55.34758435
-52.89362022
-752.6424221
-60.68400983
-109.9178941
-102.2591291
-262.7070361
-83.60240322
-60.36579278
-100.4682667
-104.9369857
-198.15575
-220.8413285
-130.905026
-159.398203
-58.65142523
-127.816952
-1111.998992
-737.6621137
-122.5426317
-245.1399506
-50.43387287
-31.91432486
-197.3852881
-220.6558925
-69.19232222
-350.4924504
-587.3605115
-49.53053919
-71.57391175
-282.5967449
-129.9903876
-100.0255078
-222.0119849
-315.5016982
-123.9118708
-94.92946956
-239.3506304
-177.4618178
-106.8303632
-115.5745944
-40.00914731
-88.52095009
-133.2957802
-164.4060774
-102.7980536
-83.75299748
-110.6808921
-178.8592875
-104.3661565
-337.3625032
-209.9296599
-149.7590393
-71.45738822
-100.3741754
-135.7086967
-151.4170186
-292.268889
-453.5395849
-220.19665
-90.82061887
-111.3954336
-133.4044858
-74.60615672
-136.1898073
-38.26257684
-287.255592
-281.5944716
-83.400387
-48.79848954
-120.9408536
-120.8276822
-179.6433889
-54.61869105
-134.4327608
-278.8454532
-167.3506503
-212.4498231
-223.3829438
-555.982668
-94.85137258
-156.0992262
-109.2221555
-112.4254228
-95.4942696
-242.4398527
-305.7809165
-81.84558231
-150.5708885
-60.14817317
-694.736318
-191.8661489
-187.3078735
-45.9081324
-162.0008481
-361.7939413
-183.2889464
-156.8623082
-345.6220959
-87.75042167
-78.06582
-160.0278529
-1960.972617
-346.6172763
-638.6711888
-54.71465793
-96.61365171
-188.6613446
-90.09061088
-51.47387428
-105.1805425
-165.8997462
-143.8433071
-100.0539921
-53.72326803
-82.36019819
-307.4484825
-60.12488893
-220.5824792
-596.2743685
-281.1952458
-362.095301
-1613.278966
-267.7442837
-381.556576
-210.0318162
-81.41805891
-96.37133843
-153.8753353
-123.9495083
-133.2956626
-232.3939956
-270.7080469
-198.2967706
-418.9322874
-104.708928
-87.86431277
-540.3198372
-185.2123865
-188.4062643
-95.50637631
-304.1853546
-219.6513153
-174.613265
-475.2009664
-112.5978533
-128.0982157
-156.9740854
-114.4084763
-275.3555772
-82.39209005
-61.3126834
-81.79688433
-181.2598373
-191.8423355
-173.5753503
-142.0946711
-298.8724948
-244.5781926
-78.39082638
-164.3951876
-114.2997114
-139.2900104
-151.4707001
-128.9099957
-79.73212912
-127.260442
-85.55930966
-68.45281303
-138.6564835
-141.2951122
-91.09539822
-237.7297985
-312.7503034
-169.0257677
-49.14239467
-476.8324398
-148.9780112
-82.1011666
-115.373682
-164.7099452
-149.9433947
-106.8377725
-72.7007315
-218.9680893
-588.8734963
-801.8791546
-119.6468471
-44.62359546
-142.5192267
-407.6105423
-62.21964816
-200.6792454
-190.26685
-688.8893227
-104.8514904
-92.17539717
-73.06008451
-82.06110981
-294.7284475
-138.3856689
-118.1737937
-163.5416896
-67.50444348
-72.77437129
-226.1228351
-77.0236517
-170.9744492
-113.3406641
-169.237561
-83.98910554
-240.0424906
-371.1757705
-100.3457413
-241.0856945
-319.0738357
-129.4313098
-102.6838763
-486.9708801
-191.7372937
-652.6621223
-67.98309643
-48.98047311
-284.5415146
-87.48746496
-128.1598416
-276.4212929
-177.1663018
-269.0307158
-142.1071578
-154.0527718
-92.84624119
-173.6070908
-133.1368478
-89.26149073
-164.3339516
-88.66585127
-130.3596366
-173.9207692
-64.77768828
-99.49887668
-240.9875894
-283.6070609
-103.9011109
-116.5303905
-284.5986186
-80.43880165
-58.45615611
-63.6083725
-402.8346936
-70.94480615
-110.1197263
-167.5299172
-86.43877746
-151.6892329
-343.3687771
-146.9314006
-111.0336457
-245.1288813
-48.46546558
-28.3651945
-119.9579791
-181.3797999
-240.0961314
-55.20803121
-101.6198122
-585.9929175
-107.8179723
-36.33492772
-194.9938068
-133.0468572
-579.2465461
-184.9835149
-106.4132547
-283.4739856
-79.75460942
-79.98059073
-32.69586587
-662.4693251
-56.15525923
-219.4609329
-91.52263134
-148.8359845
-229.1323034
-74.56244001
-238.4845372
-123.4925471
-200.1168876
-83.49998831
-142.8477718
-79.27413293
-56.8387243
-42.99577113
-58.59409109
-52.33278563
-280.6596481
-100.1806436
-78.40131719
-70.02084497
-196.4370206
-81.44653869
-212.5724805
-118.2773643
-220.1830896
-126.1469198
-176.196124
-89.262879
-270.4152515
-273.2135509
-300.9900738
-726.9096946
-73.52577057
-207.9697457
-197.8339182
-126.0719729
-348.1847054
-145.5202092
-333.14794
-215.8746541
-77.93539007
-220.4776651
-653.7790427
-112.2286037
-231.7979451
-146.6243807
-166.4360407
-57.7733318
-121.0200304
-561.8562332
-1906.219439
-90.62434568
-149.790621
-256.4942045
-141.0848147
-144.9272613
-26.51392637
-97.02624457
-148.8094648
-83.47496867
-171.8454311
-83.58572641
-111.6464547
-45.86422038
-229.7110216
-163.999448
-284.8598227
-179.2886492
-121.9670592
-127.5607583
-358.4402952
-147.1298046
-182.6181081
-85.17351938
-145.7544725
-833.9383012
-160.6849428
-170.3525243
-310.5663727
-149.1540114
-79.51044598
-82.3103413
-286.9529536
-540.4332742
-398.4600337
-539.9433507
-262.3810047
-46.14766564
-168.2417793
-43.03179784
-65.16826306
-184.2431859
-168.2918824
-296.9119781
-162.8403107
-139.0894716
-178.7262828
-111.1099831
-729.0771233
-261.2133262
-194.109398
-212.6909456
-121.6141312
-331.8635476
-247.641117
-203.7444049
-419.1529633
-149.2426386
-65.46718242
-143.0836589
-61.55044838
-131.2982423
-194.2523327
-119.2441489
-225.4872576
-221.2022118
-90.52220105
-221.3438432
-197.9800136
-114.3190259
-270.9347399
-446.8042675
-1140.977225
-193.097749
-222.9029663
-87.07770939
-164.7188138
-50.67284139
-166.3568983
-238.690492
-101.5200013
-89.26887929
-480.2288722
-232.9057371
-154.9904975
-135.9742254
-116.1073808
-66.69514275
-117.1014483
-97.96384697
-106.0869495
-127.5784403
-130.9265925
-49.53266008
-196.8930314
-147.2670866
-716.466414
-80.02039641
-121.3604228
-101.7706913
-551.6399441
-335.4425051
-206.7002762
-116.5824864
-248.2226561
-165.7472135
-191.2114761
-93.8256341
-80.84560857
-77.45353549
-49.6706187
-77.03414336
-109.976551
-219.2836863
-63.61201519
-64.12522304
-181.2887501
-269.8072679
-36.86976494
-87.35498754
-227.3890438
-73.07776799
-210.3928285
-171.1683618
-148.8562604
-57.29618767
-74.99851405
-447.9776736
-404.182102
-127.8841944
-36.72921355
-82.72184043
-65.71721041
-72.46248679
-306.9612038
-396.4545147
-160.6137803
-145.199457
-181.545358
-173.041433
-557.1698319
-235.1872165
-411.2875292
-116.7233726
-47.22011482
-43.32022023
-69.34088053
-61.31247822
-70.03333706
-204.7071374
-217.4596122
-653.8997598
-290.8184419
-362.5376625
-224.751195
-130.6307255
-91.83453736
-326.1729238
-115.6357701
-178.8417862
-511.1399982
-121.2932889
-325.3657065
-187.4131453
-235.4893942
-221.3708235
-70.60547757
-501.20658
-428.4426375
-101.2149186
-96.35852493
-221.9159829
-265.9365314
-272.9447697
-107.7215956
-260.7353298
-175.949235
-64.23371545
-117.233771
-54.09049703
-641.5724524
-99.8244903
-40.29559179
-254.1881579
-80.66375692
-242.4091035
-129.3803705
-272.7719215
-168.1367888
-911.7775391
-112.5922888
-178.0498017
-202.7446174
-76.30171859
-926.1653131
-59.12522952
-107.1386221
-91.79386794
-268.4210125
-154.214006
-96.02022187
-173.8387723
-63.79526895
-646.5241604
-458.7084294
-425.9957067
-629.8876774
-138.3267314
-238.1595678
-162.121662
-212.3588826
-91.62406035
-130.813663
-53.52335786
-139.3632774
-139.6401662
-109.148203
-170.0377153
-171.4877563
-60.37331016
-73.72329811
-98.14602207
-343.5205624
-240.1441926
-128.2608924
-167.1905821
-495.9520285
-201.247856
-170.5848567
-74.60182822
-743.0988425
-121.336893
-282.5593357
-199.7181931
-107.8858981
-93.58397002
-59.39159263
-214.0429646
-76.31360149
-143.6014073
-1489.24133
-187.193435
-152.4453867
-98.93506514
-314.9664889
-271.7751974
-340.5807337
-107.3494103
-1241.209818
-72.25970436
-75.65542617
-68.20661034
-49.12544364
-84.04141411
-123.4513311
-100.1296396
-220.3214218
-86.06418826
-135.2537281
-847.2236141
-409.5358905
-54.37259488
-175.3095524
-706.6872941
-240.9993775
-126.3261955
-97.50140053
-44.38341932
-87.53451403
-520.6530996
-131.1484051
-180.9289525
-421.8641376
-119.0361281
-844.2764002
-83.15841751
-32.57332764
-232.4362423
-89.36738193
-107.5888392
-426.3496284
-398.3632366
-261.0543693
-74.85355396
-212.4261955
-303.2603236
-138.9246502
-184.6901201
-294.3151561
-53.8022879
-106.7450273
-92.05052628
-117.8576784
-117.1427884
-175.3256109
-103.279757
-316.7753285
-443.3190388
-145.8663612
-326.8698799
-107.454413
-324.051735
-73.77760115
-824.043179
-46.6799622
-129.6574582
-51.17354392
-75.76214785
-323.2014237
-404.7932437
-76.75989401
-145.5227336
-120.8488414
-48.00224318
-272.6482957
-107.5330066
-122.8830021
-161.5395599
-656.8031292
-253.0704986
-81.27756055
-1998.260776
-304.8218964
-176.6200276
-151.9020819
-232.7499149
-194.7154418
-125.5691285
-158.8589054
-187.270703
-72.71393122
-95.000392
-1009.281404
-250.9984289
-157.2109415
-73.00727855
-190.7955337
-374.3622159
-162.1678823
-44.47765656
-121.7194747
-65.77878257
-20.92528116
-229.0550351
-92.0792612
-40.18864723
-254.8827939
-70.90181387
-132.1934693
-117.4336211
-162.2447427
-158.8394059
-129.3690405
-126.9222011
-97.49564415
-96.4087252
-91.01041391
-57.40334302
-242.1709654
-131.3413319
-383.0649435
-61.59996958
-181.2091774
-69.57585036
-77.60481141
-100.1839347
-435.3359818
-96.02741007
-218.1792693
-177.8741475
-76.61738394
-65.28248135
-379.5242286
-93.71962031
-352.9930057
-138.3759259
-100.2330171
-82.7461225
-131.0816497
-60.30861177
-394.8859629
-65.76840054
-163.5333228
-128.8968846
-152.2980999
-197.9174715
-74.98835477
-176.7540226
-82.27944093
-72.09044825
-414.6582279
-79.21812929
-149.9233106
-74.0411401
-91.38316053
-209.0774398
-114.0891747
-118.4420694
-200.0895906
-183.9408438
-65.21395817
-470.0905499
-121.1036033
-186.2531412
-127.9803914
-97.98103745
-132.1099253
-181.0562717
-270.3722615
-72.59771161
-140.3435896
-142.2282704
-110.3417295
-64.47788001
-115.645959
-383.0483186
-368.5402689
-903.2043692
-55.97623189
-47.33980059
-125.5052696
-681.5670408
-562.4905632
-124.6455664
-232.2341038
-80.01765323
-281.7591608
-115.7237096
-68.53705154
-64.09357357
-188.3452692
-562.4055318
-94.5540923
-118.1676364
-311.7171568
-94.23752182
-84.57881738
-150.5405831
-89.43725577
-72.67572803
-323.4958172
-104.5494529
-59.48009822
-1319.877998
-119.4918401
-83.89360241
-267.9230163
-96.06297532
-759.9709168
-242.5183917
-101.9979278
-174.7092253
-319.2332549
-48.38061974
-203.4017589
-75.94875933
-84.72725866
-101.7543741
-630.2838364
-208.234973
-88.75745707
-115.3294415
-96.61550806
-199.1240867
-162.0503705
-456.3183669
-255.0995166
-253.1667373
-174.8358156
-360.3915619
-75.56462868
-166.4899079
-38.67443698
-267.7452733
-59.67891389
-66.80793041
-106.7798069
-151.6723639
-76.07196938
-169.1248825
-119.9194536
-128.0907925
-121.2322583
-76.47059325
-176.31942
-65.11817259
-230.4494332
-284.8830073
-469.7249985
-67.16631616
-58.56138466
-395.3217103
-178.6719611
-172.0857261
-260.5033003
-172.1902707
-201.3777202
-462.4218518
-107.8827369
-346.6610302
-67.55423916
-57.4587457
-198.9468877
-533.0113633
-114.334103
-130.2276152
-182.9628569
-113.55089
-1194.315325
-193.6126286
-286.8736332
-419.1991105
-99.69737464
-85.97132808
-90.29846692
-154.2421844
-149.2823348
-117.7691252
-498.4993395
-80.44687129
-277.6657854
-77.66907249
-41.32890066
-173.6600832
-111.260973
-377.0599844
-170.2265649
-170.8448435
-244.7982626
-75.38820538
-114.5097214
-56.74902623
-533.77171
-743.5619327
-161.4259326
-162.6225989
-190.6653957
-99.15894677
-236.8139427
-185.3723627
-187.2628271
-310.3076372
-273.6782328
-36.20783902
-70.30455771
-60.68996647
-175.0767008
-233.905076
-260.4112511
-185.5937825
-280.5227391
-711.4555538
-272.6157433
-84.29659911
-232.9672477
-246.4879674
-117.1581911
-124.611294
-79.18139491
-111.5816852
-60.2881593
-54.45333753
-73.5207412
-35.30558437
-44.3321765
-235.807793
-255.2737357
-157.1993634
-83.0238845
-259.1337395
-123.4789858
-68.95323817
-119.2269918
-86.68130384
-80.03524164
-514.931479
-422.6666133
-60.15188388
-168.1224437
-1356.420461
-87.88915537
-145.0254706
-116.6164386
-149.3674706
-177.6254566
-122.8709419
-96.37420251
-252.7158714
-97.96550969
-1244.231294
-152.2887403
-1529.277956
-80.92969582
-60.86576624
-102.4403884
-174.9331338
-431.7047079
-237.7429502
-109.3983339
-293.5596988
-241.1677372
-153.3869652
-321.159914
-249.0099767
-142.0174162
-489.6572388
-106.5057062
-91.38874406
-169.8369848
-197.9236958
-67.58884219
-243.4343953
-304.0613263
-124.3539562
-109.663526
-80.40179656
-92.5541456
-114.9120836
-72.47060818
-67.60368701
-158.1571188
-75.15584052
-499.3349919
-147.9390567
-261.8882773
-66.21297744
-309.6551412
-89.72555687
-141.3305204
-252.1437973
-90.94929609
-237.6577811
-163.2839595
-244.6635132
-109.2187078
-146.2691091
-60.1759058
-513.3875956
-141.1480123
-159.7837481
-75.39949622
-127.2600966
-290.6226973
-290.6915149
-190.8346536
-209.2500996
-254.3307403
-65.60518481
-89.25348749
-84.37698583
-417.0109641
-171.3875853
-276.9211885
-951.7313382
-124.4204155
-564.2415725
-85.36092659
-74.38146874
-209.7674509
-62.36334212
-539.0359235
-52.84786548
-227.3141838
-152.8024459
-198.5176701
-147.5255093
-100.5115185
-735.0791644
-101.7914975
-3014.642084
-267.5119293
-63.9785903
-119.7328126
-177.6828824
-84.30057234
-78.37136851
-671.1845426
-74.13139346
-98.3824455
-230.0411641
-111.0829547
-180.5108546
-87.48584279
-79.42234389
-115.5875358
-141.3817721
-392.6016277
-83.31296744
-881.2520263
-321.0521738
-145.1917471
-61.80799579
-197.0594485
-78.38337015
-145.5795914
-118.8825487
-116.1777102
-244.0448091
-33.59893982
-78.21639212
-684.5707963
-121.3182556
-114.5460082
-96.21507745
-336.2106777
-344.9664999
-221.7573027
-160.9782532
-95.36601798
-323.2241062
-138.3304273
-107.2215184
-68.51728244
-200.187885
-90.57053994
-110.5034437
-127.5359671
-72.81522095
-611.4164039
-90.92574405
-124.9115763
-76.6673624
-1600.60181
-143.4866459
-38.79708786
-126.5987461
-108.9540918
-66.74310418
-77.09115295
-114.0280924
-82.2340703
-412.318463
-171.065181
-106.8736406
-107.9373325
-89.8946221
-76.97993776
-115.4742904
-53.64822797
-144.5930343
-145.1092004
-156.7544274
-57.45478868
-31.42512736
-152.4882191
-112.0218822
-86.75612664
-77.89684418
-280.2400516
-155.2408523
-86.7802868
-261.2701012
-184.2460078
-220.9356544
-78.89516934
-166.6445762
-340.6677271
-122.2038188
-171.7610233
-205.4648762
-117.6227018
-232.3363675
-77.41886252
-61.6698717
-247.9296653
-120.1640094
-231.2755938
-274.9790551
-77.94862308
-272.1934265
-73.35419598
-102.57198
-83.74053568
-228.7596763
-84.53686536
-277.9968758
-48.02652048
-98.62705255
-103.8420337
-106.6158275
-264.0168871
-96.19415934
-132.119413
-54.87200705
-202.4623041
-167.2691504
-312.5858616
-154.0509034
-70.03497617
-153.424262
-103.2887791
-194.5149632
-2723.034435
-114.5785624
-86.68029344
-914.0914571
-117.6549785
-67.50606807
-176.8772128
-190.447731
-106.5226849
-116.1983468
-73.30436616
-95.67841957
-99.50425251
-107.5463838
-72.59694259
-140.5950117
-200.97314
-70.67975273
-240.2094196
-67.65168864
-83.49056902
-135.1719234
-173.4483607
-154.3450259
-44.88798269
-80.21681801
-181.6430548
-307.4480939
-184.7991991
-170.395156
-172.7949081
-95.12645061
-561.0538353
-1036.945423
-80.07136564
-167.1776415
-760.1440248
-789.4661458
-209.911909
-237.9720715
-120.6318497
-169.4638152
-133.1995794
-166.5563967
-507.1312188
-41.97413892
-171.0221255
-171.4813079
-57.12086591
-452.3361222
-334.4734286
-93.66117452
-277.3883619
-204.0521044
-444.7823603
-111.1653744
-74.78275786
-32.12624982
-204.460548
-344.9825307
-823.4840361
-88.37781276
-240.1697364
-94.01942098
-219.4050003
-232.0788779
-232.8992301
-97.63398367
-174.1434974
-31.8155649
-115.980235
-174.710917
-141.7286637
-167.9135896
-395.9072601
-239.7497623
-90.37642601
-2467.39162
-438.9946576
-62.8498304
-1420.844896
-683.9695052
-709.1446854
-263.0527272
-255.2805281
-191.4899118
-153.4350679
-296.2800717
-265.5553505
-54.54320369
-130.2693869
-304.8432349
-244.6958207
-74.46488624
-891.0002851
-177.1815598
-119.1247723
-113.0559111
-239.2850772
-66.0875702
-222.4370636
-164.0616988
-79.76530195
-305.2229409
-86.28076215
-92.28074579
-164.6919431
-409.8327532
-72.59088836
-55.13162288
-169.7107603
-286.9897274
-138.4381406
-102.8447619
-505.9088103
-122.3090587
-72.37434205
-290.2814445
-104.3324982
-131.035878
-129.7394524
-97.47427645
-614.3640937
-407.652979
-65.59207355
-101.5574922
-265.7269248
-486.9667366
-124.7621091
-85.66334954
-145.0489704
-209.6307773
-133.3310236
-172.6571647
-87.26017969
-217.121446
-147.080927
-28.49743519
-438.6330353
-92.01520718
-148.5133105
-954.2547577
-68.17066918
-76.22282829
-80.15829778
-261.5077626
-95.60759189
-151.0706073
-74.82666833
-272.4769195
-265.8137846
-267.6556504
-147.7766434
-64.46586765
-89.94647206
-95.28744664
-148.9625207
-212.7622825
-111.5929805
-138.4329543
-38.12657467
-132.8148786
-64.59108058
-99.28069023
-117.3907779
-1851.012999
-224.2476551
-73.16095627
-169.0379085
-137.7983248
-395.1920214
-115.2588421
-124.0374907
-30.26392018
-81.89862594
-312.2197612
-403.8673593
-223.3151923
-138.3646785
-119.3305634
-187.8465116
-59.92339238
-161.3581276
-146.1774764
-130.5250548
-187.9372235
-54.71918505
-113.0493812
-515.2314763
-402.7012821
-123.1343214
-240.4344119
-33.17684125
-287.0505413
-247.6710943
-1190.963343
-344.9874338
-130.833841
-121.9287043
-93.82293777
-501.3484651
-150.6895122
-199.5691131
-30.84616894
-157.9787884
-150.8648263
-35.84269665
-296.9063246
-881.5547641
-29.34769436
-315.2688528
-187.5322095
-158.1378331
-358.2726303
-1189.19518
-108.2670112
-764.928676
-61.35097154
-677.8782255
-138.3080402
-66.02488591
-560.9039737
-176.4609253
-250.370665
-338.0073444
-376.385989
-121.3507367
-85.32264258
-109.9807923
-257.720535
-259.9787348
-520.7086944
-65.42786429
-131.1108182
-153.7749682
-75.73231559
-127.8669299
-113.6328649
-147.8046884
-117.014151
-184.3428883
-74.6203263
-219.1815145
-31.59604743
-125.3654655
-215.2145067
-245.8266525
-442.794045
-142.618649
-237.0808201
-117.8447955
-156.3759055
-212.0632689
-165.7754278
-68.3770541
-179.2349741
-105.0395102
-57.66781893
-126.7199577
-252.8746845
-120.6526583
-118.5246219
-77.88650238
-162.5107067
-202.5932237
-120.5129418
-77.1586692
-504.3511836
-96.91648441
-73.82238839
-180.4789501
-142.7007125
-161.6195609
-97.40703148
-113.9765177
-247.6020361
-250.0309817
-242.4613801
-85.56603296
-82.87691679
-64.45211046
-338.2692882
-959.9532702
-230.3022788
-74.21882051
-89.82401077
-74.70951625
-150.4140455
-59.28519438
-156.7710647
-125.3362788
-239.140803
-195.058022
-160.4688356
-98.04402449
-168.9380549
-146.9390464
-143.4224391
-398.8983216
-71.37720737
-117.4851016
-127.316195
-80.37626111
-190.2590893
-110.1865073
-341.8507648
-66.45368309
-137.6005066
-107.0292947
-177.1429633
-234.2458141
-421.8807215
-70.32686531
-325.6060613
-70.55404518
-57.05099733
-137.5181875
-1323.705838
-147.65939
-147.5029981
-224.7855909
-45.28783654
-115.7854531
-37.72479531
-114.7157459
-139.8156764
-280.7297567
-121.4015923
-122.0154582
-392.9343566
-169.6896341
-73.72731168
-136.4943701
-59.17687511
-250.2924579
-320.308063
-484.3265675
-54.24127479
-105.7377339
-402.7737569
-74.21909358
-116.1513098
-130.9365441
-123.8427652
-355.6334809
-355.790614
-259.6970051
-121.4921268
-422.1265376
-144.5920912
-402.3766316
-109.3096313
-94.42702848
-87.54120228
-180.1626338
-90.50198804
-87.11346128
-59.31046995
-20.77479213
-743.9889712
-92.29468331
-126.3762618
-77.49938768
-83.85696656
-115.2444246
-57.9026082
-135.1187796
-172.5148631
-114.2435442
-70.23580944
-191.5829131
-581.0789418
-489.520037
-41.71176039
-85.19277849
-150.0939678
-486.3747582
-189.4152603
-107.066251
-80.07902222
-744.1566399
-152.086795
-92.46048528
-96.13125603
-58.70476583
-323.04877
-67.59598757
-343.9899208
-200.0533754
-711.8591934
-76.1598688
-190.4447801
-315.4787617
-120.0641275
-140.0999953
-145.4618214
-122.4285674
-114.6875426
-115.7557278
-540.2934754
-148.2499923
-65.01174277
-249.6776604
-201.1833822
-113.6815081
-386.019048
-237.7852069
-53.39564329
-656.0783392
-165.1861749
-44.96247603
-3319.537578
-236.9119941
-220.1511186
-550.3090004
-74.29505782
-131.2272623
-240.9369691
-47.66786959
-79.58396013
-338.9133756
-201.81631
-63.21740456
-558.6508704
-119.2711686
-182.8041315
-86.24860842
-117.9868049
-80.18328316
-31.88178656
-238.4628189
-300.7768104
-82.83937777
-82.10688006
-110.9386386
-52.97457037
-154.0703852
-100.2719814
-225.0777123
-276.2123955
-167.2816855
-201.5449546
-267.0555453
-48.54599099
-310.508571
-71.74214156
-247.0726996
-181.3419846
-364.5910443
-241.9802723
-206.3249636
-164.1391365
-126.7093948
-174.5830816
-141.9044182
-72.44882585
-123.7362636
-74.04650196
-76.69294222
-290.3715239
-183.949785
-111.8905586
-230.7551453
-296.7750548
-126.0995288
-101.053657
-261.8729055
-68.96997116
-251.8306885
-64.52762265
-162.7976975
-57.66289879
-61.26088013
-174.5965275
-167.625929
-94.09491999
-118.9064707
-101.7772556
-240.311128
-301.1050303
-242.4095915
-92.25328054
-491.347234
-452.0174947
-267.7100679
-74.90443967
-238.5404385
-81.46123737
-469.8087577
-70.40683624
-60.76929378
-237.1737761
-99.61717482
-257.5074116
-57.17342891
-136.3115902
-96.0779208
-93.12074213
-63.84477622
-732.4416067
-631.5065653
-63.25775692
-263.6439329
-311.8310117
-148.142902
-288.7954182
-262.9323774
-118.4550079
-248.6294248
-376.0487951
-382.5993112
-600.6869387
-58.37123904
-473.2969209
-266.2465765
-177.6123234
-148.1514935
-643.3045129
-142.3866406
-153.2623857
-155.7974897
-43.83755537
-176.6100445
-69.14734385
-206.4691742
-170.1649569
-92.01264273
-268.8514377
-152.8836675
-44.70413842
-96.88368029
-320.9824639
-85.61938841
-78.04322517
-130.4531053
-89.71648757
-68.50250632
-193.2831691
-539.1503583
-177.9025087
-96.85186747
-122.9273814
-94.8852124
-96.10781388
-220.4788668
-98.21198664
-291.7771444
-80.89063359
-153.4139234
-193.419237
-242.2872602
-281.924233
-147.4122155
-130.4828065
-116.5516898
-449.8375236
-69.45434931
-73.15064994
-489.1540694
-109.4642496
-161.1042958
-288.1537878
-123.4601116
-430.6862354
-153.8978374
-78.66385801
-177.933954
-131.140277
-68.50400891
-330.54565
-98.54671456
-261.3315986
-317.4771884
-90.57242088
-207.3962933
-549.3586439
-1201.201001
-158.3193648
-131.6672642
-59.65966477
-105.7166555
-159.8606263
-150.330445
-469.2287568
-93.40810048
-226.9177793
-135.0794919
-62.3316869
-175.4544535
-52.85368231
-47.61669748
-135.5444777
-56.62791863
-138.1458306
-110.9934381
-587.0293525
-54.4350251
-71.76788546
-246.6584106
-61.09490372
-1164.188866
-274.1974217
-698.0444773
-144.3404732
-205.567437
-184.3066891
-117.938113
-149.8420123
-182.4860336
-506.9082163
-933.8575209
-300.566456
-120.0484317
-44.72450788
-302.3417739
-173.4987804
-131.8140718
-145.276025
-32.43271348
-53.30438266
-121.6322835
-130.6295219
-561.2436842
-338.7414732
-163.9262409
-60.07495893
-48.56544793
-109.5670756
-124.8881692
-100.9445558
-95.45682812
-34.00951708
-146.7537952
-94.27900874
-145.1130297
-224.2135851
-89.50338111
-67.66722586
-193.0905982
-83.23587695
-803.948003
-95.53610982
-226.5074048
-258.0427043
-696.4237783
-172.222482
-201.5632208
-79.54116126
-89.49701233
-377.5811725
-108.4169403
-545.0170107
-39.74148758
-145.9980565
-177.3465205
-130.8258652
-192.6566471
-56.44224109
-48.28553937
-100.1572313
-312.5355171
-61.4973578
-113.602181
-69.99118721
-1036.539479
-236.1731447
-131.8644687
-303.7980568
-638.9290724
-163.0877232
-493.3049937
-230.714948
-285.0450423
-76.44853983
-104.1496472
-172.374813
-547.3940111
-740.8059485
-168.6519034
-128.3813531
-75.32051503
-78.31056222
-199.2803931
-36.61103743
-352.5751414
-66.38470033
-128.4101437
-199.8824371
-319.2746326
-159.679122
-181.237144
-131.9684702
-189.5542557
-153.5218049
-82.94709394
-81.57861983
-70.83932942
-421.3217053
-96.53909108
-340.7224888
-229.6221297
-130.4602715
-423.6078734
-260.2564773
-142.1563143
-205.7280762
-100.0428585
-127.9186236
-183.1654562
-100.04891
-94.72115625
-99.3132107
-486.4835118
-252.9078593
-103.0187135
-202.1190141
-230.8453541
-370.8499161
-56.83846534
-119.5398019
-59.58219739
-43.03730399
-158.6867533
-86.17072535
-121.7906893
-155.415578
-57.84856311
-632.8613403
-97.56378583
-241.5709832
-603.841354
-233.3057447
-202.6811884
-162.0797863
-98.83262191
-151.1274256
-225.311791
-88.29977173
-32.03214025
-106.6312536
-94.82500117
-73.85383735
-312.6256642
-146.0167653
-82.07124877
-140.5388425
-292.2982009
-589.8381331
-173.068909
-358.9613577
-181.2830388
-104.993264
-545.3707881
-322.0240479
-116.4313314
-158.0261925
-125.6193829
-143.0115542
-57.42140791
-236.6313798
-94.78656302
-147.1185269
-202.8612504
-201.0470739
-59.52631877
-74.20802124
-124.9768566
-220.420301
-194.0013119
-83.84935612
-217.9802918
-137.7636198
-158.641302
-318.8514349
-421.7430689
-264.7621773
-144.6259669
-76.68525961
-198.8423081
-173.9772588
-241.2146035
-272.0529178
-43.8890867
-69.79113234
-78.3707391
-113.1871818
-138.6176234
-66.14820022
-96.74341744
-263.0207399
-2180.068145
-53.5648859
-132.6486656
-225.5445962
-387.9273918
-714.7308932
-140.667871
-106.4156893
-320.664153
-110.6802114
-491.2895501
-86.98088334
-103.2895686
-186.183679
-928.804871
-1024.637239
-431.2911472
-101.7727431
-555.3405291
-479.4943327
-243.902916
-224.0139294
-75.92320216
-174.6269124
-115.9392614
-3462.09293
-132.1068175
-180.0018803
-196.4431325
-101.9550683
-109.8160597
-59.5174788
-282.1547301
-79.86635558
-32.58725455
-125.0916459
-117.7646453
-81.61607106
-136.5420442
-47.07226473
-205.2287116
-158.4296143
-29.86607463
-80.65592751
-184.4788873
-150.225532
-192.0866485
-94.8691543
-95.37673704
-102.1781821
-308.6111858
-71.53373602
-49.09610667
-123.5705611
-139.9125474
-279.0747181
-50.94410917
-213.1101513
-307.01577
-222.807026
-113.9974552
-546.8682062
-173.0281511
-93.64211333
-173.8985573
-125.2194477
-96.58401033
-128.2877269
-426.5093943
-196.4629202
-125.0964161
-126.4067977
-191.6634566
-737.0261324
-170.3502041
-87.80964995
-223.6131014
-218.1769903
-46.13369658
-127.0443921
-102.8420392
-292.2634286
-138.748976
-75.60835769
-196.616265
-92.53943204
-149.6303728
-184.9336478
-46.02183523
-141.0035029
-93.38035759
-71.26195489
-88.99904802
-256.7539797
-343.1270929
-145.6735015
-117.7550596
-83.33234547
-805.2360946
-105.6918995
-310.2282091
-170.4506946
-186.1387828
-58.90927661
-70.99253726
-256.2218528
-355.9527466
-236.4950423
-267.8842665
-110.6317758
-76.29432258
-71.90765407
-133.3885734
-127.5190908
-194.2461373
-83.57285232
-70.31227654
-104.9745164
-114.881853
-139.6860669
-359.5539161
-88.78390038
-138.2455263
-139.6152431
-855.6994632
-128.2943057
-98.65619267
-183.815417
-225.7194853
-105.7194914
-74.95608762
-259.433827
-259.2131238
-263.7289028
-85.44067823
-80.26624672
-252.702397
-52.6780481
-100.381031
-117.8647413
-575.8692294
-186.3422158
-109.5789957
-151.1487507
-167.7697193
-83.84702692
-207.5848701
-64.13101902
-462.8546733
-236.985132
-255.4416203
-264.4027861
-176.9911534
-191.3107363
-158.1781316
-151.077284
-372.7784182
-146.2600487
-214.6621066
-116.7158049
-274.7810277
-92.81980276
-1787.656506
-145.8902371
-59.63391081
-732.6897009
-211.1173063
-69.64690125
-169.2631158
-158.6052124
-99.0424931
-79.20195048
-95.77840787
-103.8724144
-404.0104767
-264.9048815
-87.90839184
-157.3515041
-350.045017
-307.1005588
-89.12654601
-161.1366678
-77.95949958
-210.9814877
-116.6176187
-412.3685709
-285.4401859
-64.87983634
-214.2887186
-134.3613506
-76.16578191
-189.1198904
-461.4572633
-244.0388643
-132.3709901
-249.9333067
-155.2425159
-123.598927
-286.3782666
-67.62689085
-182.1211629
-75.23150459
-61.94991577
-55.06103002
-91.48250347
-201.8167853
-124.9014647
-62.43506899
-275.6602934
-93.77933073
-108.6898919
-263.6771617
-139.7839903
-158.2945825
-90.36232014
-174.9400128
-59.28645065
-66.09544671
-70.28325643
-117.6584554
-169.615646
-94.12386573
-184.7653164
-72.15420354
-96.91439978
-893.8272005
-345.3929471
-616.9052278
-145.5770294
-83.00477052
-205.5378226
-384.2850581
-298.2774514
-205.2890249
-82.91726109
-104.5460695
-227.2702446
-96.44561643
-256.8056811
-1601.057525
-184.3028813
-106.452233
-220.3441594
-63.08288681
-134.0459768
-289.5180064
-143.0607755
-794.4893757
-295.1701576
-202.2733099
-99.58149305
-299.264425
-86.05407044
-138.9725042
-242.9305026
-589.5994164
-74.32898321
-108.9690223
-110.2050514
-173.6305015
-149.8850547
-181.2688745
-82.34918258
-125.7906794
-43.52788547
-286.4014779
-134.9673214
-153.2775418
-88.45560485
-97.13069731
-72.83673663
-149.2532572
-274.0889593
-398.7411368
-145.3702116
-165.3840357
-106.3579897
-439.8806778
-150.9181981
-164.1783264
-52.29602215
-112.1909597
-160.7478882
-63.45838436
-2188.40513
-121.5299598
-91.65853633
-31.88398676
-50.85196349
-62.80876832
-98.99537174
-300.3949513
-96.94030216
-350.8640641
-357.0363493
-145.5175333
-257.33405
-325.7559685
-110.5731273
-177.5193198
-119.4930395
-125.3902809
-311.6990368
-99.31869528
-97.09985891
-152.2053173
-35.5711727
-80.755122
-189.2374882
-110.3132012
-265.3383913
-64.59580469
-199.3613719
-217.2088427
-1107.655412
-221.5939233
-182.4942199
-177.0088569
-125.9433806
-309.2145636
-164.1304011
-219.4342616
-66.84919571
-322.3098356
-293.3336031
-130.7773415
-229.4585533
-85.33751572
-384.6979098
-90.68905268
-248.6202989
-82.25651259
-294.5006152
-296.9934422
-138.1381954
-139.1916738
-121.208932
-298.7284098
-202.6729019
-98.76901643
-1156.508217
-146.2401593
-172.1325057
-25.92517733
-98.81784428
-67.29676746
-183.9166818
-68.76796188
-43.07016279
-189.5821474
-156.3388474
-225.6293671
-107.4506645
-130.7109611
-93.63949857
-132.0440676
-255.4277989
-116.2949855
-150.9257823
-71.99840304
-258.9335161
-38.82491516
-134.5825526
-96.54362175
-174.6169759
-299.7045567
-122.2070319
-73.41253131
-112.667369
-84.70317496
-107.6523871
-59.95446853
-83.2966459
-43.13246209
-88.92436648
-125.5746417
-93.51903632
-166.9862609
-998.7388434
-78.51333253
-116.646512
-184.2285026
-226.8702621
-59.04598322
-349.9718865
-263.2154916
-130.2449574
-565.0370109
-106.7896503
-129.3962445
-116.4601495
-311.1167336
-330.6482088
-85.6228372
-197.5515866
-66.72794721
-240.9626935
-267.484616
-182.7166223
-107.8519445
-288.1490235
-188.2673107
-134.6996301
-84.7035486
-377.1551998
-413.9117939
-91.16372882
-261.4087547
-68.84684441
-106.5159979
-161.2906919
-118.3189757
-196.2302306
-813.5843308
-168.4529653
-77.89216011
-70.6399977
-243.9914377
-99.13821863
-86.2106326
-439.3990367
-103.8025025
-106.9087067
-50.61551324
-280.5577365
-353.6027453
-108.1972028
-150.5653518
-136.1773748
-106.1743588
-108.9802994
-274.0750426
-107.8380444
-74.86457905
-174.0859163
-340.2053467
-125.713835
-98.07820359
-141.0763705
-108.3248617
-542.347267
-94.55325821
-157.1302489
-417.4176988
-1138.165754
-539.656767
-135.0484291
-654.6385259
-83.57727615
-124.1835298
-178.1331831
-123.2460162
-51.70588921
-102.3158093
-128.7694735
-326.1414738
-105.7463554
-387.6710135
-282.3999936
-159.9355671
-654.0851251
-63.07862144
-315.4784546
-71.79374398
-235.0327139
-203.4685771
-122.2425349
-137.7348195
-106.3675753
-95.67751759
-106.7159297
-1918.885237
-183.9644501
-201.1384107
-127.7086023
-72.77050832
-66.96410907
-120.2105237
-1325.176793
-84.03624246
-285.6020847
-221.0066002
-196.1339967
-99.62808672
-118.4973662
-146.4708639
-120.331838
-96.97778939
-152.4215856
-294.4456759
-129.8077212
-134.7625744
-130.0199803
-222.7439805
-87.9878886
-89.09162002
-333.5360852
-78.02408508
-213.2986059
-228.5643626
-69.83172622
-322.9108574
-290.2175458
-90.01411791
-492.6120274
-61.12452677
-160.5438499
-46.17616253
-149.2149436
-82.47233531
-105.4324349
-148.2755036
-258.9831564
-120.6654842
-201.9971975
-89.858933
-107.0217657
-77.04150967
-172.8737232
-72.83966025
-138.9384652
-77.02557383
-66.12497382
-196.742414
-99.7506988
-112.4249955
-62.04173592
-155.5036763
-104.980079
-610.9232566
-52.71139867
-114.6415838
-84.53852706
-248.2572724
-67.6070719
-67.73555006
-511.77437
-378.6155128
-92.4608836
-149.1158882
-93.84987371
-158.1850303
-102.1044533
-145.2443128
-73.59587044
-277.8477414
-155.8861563
-111.5833241
-182.6191443
-675.329818
-233.5067895
-205.2247363
-152.3465296
-268.2479221
-159.7804184
-105.9552547
-117.3568689
-943.6044385
-430.2750688
-263.0438929
-173.106956
-155.7341105
-99.86170518
-358.7818237
-408.8786182
-243.9366505
-241.6979109
-299.4689209
-74.00081529
-65.85083731
-344.3620804
-85.06133923
-69.82890053
-71.11795169
-112.0717301
-113.780682
-194.2003302
-164.4202285
-706.6435053
-97.66428609
-488.9381291
-194.7502761
-125.0653505
-139.203703
-124.8968754
-94.89191383
-99.8443093
-76.34451469
-62.89878524
-262.5280476
-353.6179442
-245.8275841
-536.7413267
-151.2596484
-85.91895587
-212.1836586
-48.2726369
-56.28613176
-353.0606084
-132.0364833
-163.342207
-110.7872366
-107.1769123
-112.467106
-91.58563222
-190.2358369
-124.9738044
-95.25290823
-137.0084258
-154.1857164
-90.19437527
-334.6861361
-124.6394823
-129.3196345
-50.59216485
-101.4402285
-100.6103575
-634.4992789
-422.5096345
-102.6047824
-258.4278702
-108.1192116
-229.8144631
-131.0566018
-101.010325
-121.4977794
-68.74413155
-227.2125242
-69.54412612
-101.5129881
-78.14275229
-77.36568903
-139.2631756
-367.4435684
-219.0315765
-206.1991724
-49.78540607
-201.9293467
-96.53604155
-109.6310026
-89.68133689
-87.92471535
-105.7352625
-141.9435654
-478.753188
-159.284992
-122.4932357
-239.5521719
-118.1860343
-148.6034279
-77.53329024
-145.3709833
-89.38155999
-113.9684953
-183.1058786
-94.27122542
-67.60876788
-50.85367744
-84.86442209
-127.8185233
-183.8452445
-189.8711223
-257.5602731
-5052.91838
-114.3599184
-154.7685396
-294.7413802
-149.1239857
-109.1287444
-120.1763268
-387.6646441
-163.5417991
-133.0789242
-371.7517579
-65.60927932
-186.4881421
-103.7440171
-179.1412902
-214.0022966
-88.4730271
-419.3377571
-267.2690368
-239.1664467
-117.9801776
-394.9831881
-229.4092717
-87.21368198
-165.394463
-148.8112897
-66.36553052
-445.5807366
-68.13822172
-35.90862127
-39.24906651
-171.1664846
-119.7001364
-76.35256696
-85.77817495
-91.73321652
-186.643375
-50.30819978
-295.4892257
-246.0988607
-194.5644878
-135.6639587
-80.88815624
-178.8795546
-263.9459437
-31.38786995
-194.2540053
-130.5098083
-560.6364367
-182.0165424
-232.7410013
-149.2305897
-232.8189179
-176.3612844
-511.038216
-58.23951516
-134.9949051
-202.104252
-97.41247943
-53.86357687
-224.8486699
-122.8785397
-112.7738312
-99.09405572
-291.9061341
-108.776774
-310.9452863
-131.4831473
-65.96039626
-171.6752481
-120.1137213
-137.6846787
-158.6598222
-321.4298591
-419.6021355
-1150.353346
-106.6915493
-309.4439476
-681.8065434
-233.230247
-156.5640129
-90.8950614
-286.5696055
-87.32198117
-183.7496822
-122.6765089
-57.84580834
-150.7049411
-356.7911061
-137.1571522
-269.8618956
-117.2032387
-214.1217807
-84.52769622
-163.3006365
-110.9876363
-99.32074198
-129.4806141
-300.2895374
-148.3045312
-156.4185832
-130.6129931
-115.9541522
-130.4548536
-112.3480862
-79.8585624
-216.7884468
-65.43686766
-107.4657893
-164.6571918
-288.515739
-233.4405287
-190.2551545
-165.5695751
-207.8517674
-178.2610952
-157.8202892
-132.6146658
-644.9988943
-181.3949931
-112.8449762
-178.024758
-715.6265605
-79.4499171
-71.6362254
-672.4177277
-80.99623644
-144.4201689
-64.67219592
-73.380953
-228.7287577
-192.2275639
-585.2010834
-182.3386254
-202.3325639
-78.77511483
-251.7212891
-209.5586976
-26.15583763
-117.6310755
-62.04724017
-79.05729519
-558.9400441
-328.2687036
-208.0853844
-373.170753
-124.0582592
-100.142337
-59.19786529
-69.37651246
-155.2224695
-102.5232476
-97.94260788
-310.0206292
-274.7703778
-157.803401
-141.0334312
-724.5338733
-228.7154841
-127.2340964
-106.3705424
-84.77873753
-357.4502311
-190.601074
-231.6333007
-45.94448076
-111.3727027
-66.77790463
-305.9485226
-199.1427888
-235.7757821
-254.0992307
-120.7095197
-72.82196297
-464.0907274
-181.3887868
-621.588562
-346.4428887
-615.8072044
-170.0217994
-186.702453
-157.9897562
-67.99890432
-131.1604006
-114.2300277
-251.7375187
-582.9872631
-129.2001311
-192.9832756
-145.3539356
-58.9317734
-302.6185251
-184.3046392
-558.3235038
-107.8147443
-124.080217
-232.7558318
-183.0747244
-102.376501
-121.6214032
-50.06126574
-63.74376263
-1125.562898
-164.1991369
-223.4058142
-187.0783958
-107.6920757
-130.3645453
-103.2317641
-448.6405304
-72.7388423
-1141.897826
-95.26590344
-557.1458849
-192.1226887
-452.8750525
-110.7639569
-149.926753
-762.0809104
-241.2504245
-304.0126999
-498.9174399
-426.6857396
-99.25803402
-95.69653149
-104.311498
-234.2381443
-67.37953489
-82.68198838
-139.2537081
-199.1270292
-121.8767155
-96.14047868
-117.3813297
-205.0340495
-96.5893977
-104.0210727
-198.9285434
-101.1960497
-157.8863938
-72.86080148
-304.6517729
-277.0375348
-151.7816332
-123.8876668
-140.5673994
-189.1793922
-120.4760401
-113.1933137
-133.4394673
-137.0968401
-246.6258956
-99.52081636
-157.7306631
-73.38491849
-106.6147792
-241.3603533
-109.8695214
-138.6913867
-97.35022118
-63.87742321
-125.0074165
-188.9392579
-121.4443883
-474.1744597
-85.21774333
-217.1582611
-86.43097562
-78.65745071
-45.70829817
-454.5505411
-129.3360417
-131.4660641
-121.0370898
-245.1272044
-82.42419918
-64.58067607
-195.3554502
-99.57481602
-109.2529715
-68.03623723
-775.6303902
-204.1293002
-303.5765801
-177.6544315
-74.34143743
-165.5987677
-379.8777963
-91.32249708
-678.451359
-113.6609112
-251.301114
-243.5833741
-70.0180634
-100.6658803
-207.3132081
-93.22962705
-69.0638391
-187.5368995
-115.317144
-33.32147338
-138.2101709
-67.59802432
-59.36635571
-243.3690166
-143.5695773
-232.6492478
-303.8138127
-244.3141303
-100.8797429
-239.8939437
-132.0217486
-135.1830512
-71.357496
-74.99904323
-177.7843165
-235.5133249
-140.0466759
-164.6064994
-70.18331922
-225.4466666
-148.3072834
-210.5799104
-293.3284418
-148.0856768
-146.1741791
-67.16422728
-65.45380249
-105.4580147
-149.7941224
-102.6666448
-167.411522
-123.314067
-207.7529943
-112.3039454
-349.0856814
-170.0165629
-598.0807129
-522.3926827
-45.60912066
-260.1977038
-122.5549236
-267.9858433
-155.8575721
-127.2801925
-191.6280894
-78.31104413
-131.9767069
-84.32117777
-88.94779914
-2158.180751
-155.4677889
-116.8499036
-293.7951014
-206.6760539
-198.3525374
-55.30123223
-1395.637911
-495.5188485
-337.641344
-56.08154482
-97.78703598
-1424.453065
-287.0740323
-39.70355842
-27.49101782
-227.542067
-350.4053025
-61.05026042
-94.41983589
-108.5660676
-134.902131
-89.51256489
-138.9710777
-218.8823147
-122.4003058
-88.48563576
-1383.421986
-195.9956173
-100.3507335
-358.1525589
-73.86383326
-78.37101035
-1239.134864
-274.6067947
-43.74573709
-126.0757822
-499.4660701
-161.126737
-86.62255226
-148.1914537
-101.3791087
-92.70931757
-80.92300107
-377.7414771
-92.80047762
-84.73979808
-396.8183252
-74.19557103
-54.52419282
-124.2577127
-180.0161387
-89.88060436
-187.409375
-401.3793832
-28.43377051
-168.2500589
-90.06791812
-45.61064466
-565.45952
-656.6663991
-95.65053337
-80.96089613
-41.31814144
-138.0629782
-145.6682942
-114.2247097
-641.6580482
-219.2519213
-146.5157516
-95.28109599
-719.0336992
-353.3808813
-205.6434192
-115.1494982
-112.5091519
-364.7405869
-94.99861506
-168.714279
-146.1949737
-232.0394581
-227.151147
-94.07007039
-136.5278271
-112.6710179
-60.40358868
-178.0262038
-157.0480761
-38.07428792
-242.9393273
-128.2629608
-262.5542317
-83.47636733
-115.5260269
-63.42543585
-184.1005175
-164.3181051
-168.3609981
-91.3619903
-231.9811234
-141.6144788
-234.0959983
-176.1705945
-285.831068
-193.9192138
-213.469028
-245.5495465
-100.6055743
-400.4313991
-116.1917468
-180.3997849
-267.7249484
-165.4209621
-98.50440716
-673.197407
-155.2770748
-289.3035432
-55.31191067
-89.97956236
-190.691693
-199.0520673
-215.7163023
-129.2028732
-84.92409629
-80.26372751
-90.55825575
-138.6023779
-120.9512533
-96.83103155
-113.3106765
-149.5775899
-44.06452536
-66.36734259
-394.2312038
-129.0429133
-281.3838786
-31.60420653
-59.84281745
-120.5213674
-68.9995711
-55.51222326
-175.2641425
-883.4103429
-160.9103331
-60.65084378
-153.4391187
-519.6670154
-189.3496822
-86.43395751
-158.8924879
-130.1759683
-134.0012243
-235.4003668
-194.2504951
-1277.148148
-483.7337976
-318.1151882
-242.6002978
-678.4003887
-246.7369138
-441.5254577
-118.8765792
-466.9962558
-88.16978509
-186.7393381
-46.83054775
-175.3825506
-206.4947357
-147.9755845
-140.1343134
-224.5054255
-122.2383175
-534.1478186
-89.60232793
-97.52484321
-83.91556791
-231.181721
-912.0672397
-66.31145439
-175.3052221
-94.66685094
-129.408313
-132.4858142
-133.9038481
-97.17134031
-157.9556019
-211.151443
-172.8884071
-166.5158163
-163.0061158
-314.7057074
-177.3559483
-109.5889642
-123.7249714
-145.6687388
-113.5931023
-462.2840756
-110.7270942
-98.82338408
-142.9579548
-110.9598748
-292.7753375
-156.3136378
-294.7180075
-498.7218997
-289.4306064
-236.6615785
-323.2703825
-63.35057077
-156.8212077
-116.6265636
-494.0043678
-61.2902466
-112.0673257
-1123.566224
-141.7244653
-392.6008732
-314.5455162
-219.1176385
-109.2073499
-189.3413727
-223.6790862
-49.58956485
-91.00203572
-142.1488774
-280.3660228
-313.2345954
-135.7670515
-104.3537973
-98.13144798
-373.4025362
-86.90604368
-214.2824684
-43.85751795
-120.66564
-81.54827419
-155.1408786
-110.7382468
-74.11090757
-456.6084407
-112.9523608
-63.60108833
-75.67292036
-71.33331317
-98.73263695
-484.8727574
-104.0081296
-38.74360784
-54.20041908
-899.2294084
-351.3157541
-69.02555474
-144.000465
-127.5561076
-101.8806877
-340.4213672
-229.1556437
-114.024208
-102.3839197
-716.6263823
-108.584814
-626.8318077
-100.0187672
-477.8433897
-104.4182653
-180.089952
-4464.72012
-49.96996094
-78.23284558
-351.2557301
-157.7964993
-85.09979302
-195.2944562
-103.623085
-173.5813453
-125.4058549
-59.77280421
-977.8356046
-85.29540192
-148.1669954
-65.12882559
-634.6185125
-161.9213899
-111.8203458
-257.7135881
-97.61863583
-190.8115744
-98.36918969
-184.7365005
-109.4282483
-64.94057824
-164.9888386
-101.7512004
-185.1202973
-70.23769799
-116.4155047
-124.8043294
-150.6022866
-220.3829376
-127.6454298
-60.59256665
-70.19089946
-173.6885337
-159.8169387
-362.1823232
-192.2562284
-831.4292392
-100.6511226
-124.9622346
-137.780554
-55.61161158
-126.2048926
-169.5701342
-352.1108102
-82.64456857
-56.34613033
-131.1052912
-141.6172322
-636.2469901
-158.9096552
-176.5231576
-115.803043
-122.8695928
-310.0331106
-83.30538975
-310.6558973
-70.74893546
-163.4762789
-108.9100562
-170.5468195
-130.591831
-110.3025234
-178.5645571
-217.0190243
-268.9969271
-102.0435342
-110.7154865
-300.6467245
-135.1785047
-162.7832402
-66.64703046
-108.732171
-111.4416937
-61.3017566
-67.98136482
-123.5854127
-122.9947632
-237.1481134
-63.80377675
-333.3764727
-63.13911672
-127.2173364
-50.77253058
-106.9237827
-46.40636437
-225.5158648
-51.1425573
-56.6477139
-166.4721025
-247.9009071
-129.9080147
-184.905636
-85.28748487
-161.6711647
-77.49165915
-51.33632503
-187.6356923
-131.5632066
-181.4130148
-406.362549
-121.2515692
-96.54862783
-43.38324843
-72.91212478
-132.230701
-122.2330399
-655.670378
-267.7451408
-66.26850686
-199.6698254
-103.2110527
-230.421153
-41.97955886
-185.9704041
-257.661765
-82.85689677
-232.9350245
-224.4911287
-77.10366999
-105.4358525
-143.2118405
-203.309673
-105.0105702
-182.8340318
-305.6431609
-90.52450914
-306.2350099
-163.8448595
-195.776539
-154.9413206
-512.3553952
-163.1410312
-110.8928312
-107.6960142
-160.458577
-87.87963982
-159.0740799
-165.0193838
-128.8264754
-411.4146493
-109.9095116
-72.05592626
-91.14868349
-161.466464
-54.08202471
-97.20428235
-95.9360863
-188.210405
-159.6671206
-100.3540102
-335.4236945
-37.65101156
-225.3721859
-111.8455054
-198.5340978
-154.2283257
-43.00594771
-113.2375236
-535.338041
-312.790203
-138.7915241
-185.9118302
-734.0069275
-54.70391152
-146.831886
-122.2052188
-93.05699889
-263.7935632
-277.7823748
-83.19814028
-112.4110994
-89.81036379
-236.7140901
-195.6974616
-204.4076357
-46.94374915
-217.2542323
-64.70451378
-68.93484332
-136.5692669
-358.9296253
-207.4455186
-561.4173472
-98.10836057
-752.6886368
-136.593567
-97.58872464
-109.0597474
-106.3719226
-450.7967649
-142.4430938
-242.1500302
-85.40004154
-908.948324
-442.5440709
-138.848976
-192.8625527
-50.46985733
-256.4394229
-133.537329
-218.1617028
-75.74040654
-50.12381891
-69.79983472
-199.3516026
-113.6540543
-140.8044686
-111.8128226
-183.8467063
-61.95092187
-129.0757699
-160.0441886
-123.0308821
-140.1443435
-220.2191832
-438.1131686
-99.12082229
-139.7628036
-86.14992312
-89.85840398
-122.4921229
-554.6306704
-127.4603857
-77.14779526
-95.29079846
-126.4190164
-87.08836198
-223.1770996
-91.59513253
-116.6078957
-67.20837179
-32.08079603
-97.7559911
-130.5254516
-173.8243589
-204.9612062
-159.3594487
-334.6003818
-81.1661755
-158.1515159
-175.5815509
-123.0676885
-182.1374092
-57.69696236
-289.7683408
-90.57089678
-87.16611264
-122.5248173
-77.26593295
-219.4228246
-215.7429498
-33.94328675
-56.07467496
-130.3305172
-182.5394462
-111.7489817
-248.9428555
-167.1253488
-80.53025309
-110.2822984
-139.2627712
-77.73272866
-63.51479229
-109.093836
-160.8301897
-43.7367403
-136.0419513
-141.9241202
-238.8641429
-219.6687334
-646.6241024
-246.4718468
-46.29722973
-90.778546
-266.1899227
-142.0824358
-109.5034154
-46.91454336
-50.43437966
-62.16627305
-203.8416444
-224.0340839
-187.3931857
-123.296916
-168.5955143
-83.09627299
-51.41240577
-518.2417753
-200.4121527
-137.0922274
-50.14284392
-378.0755858
-215.5898666
-139.8160669
-270.4882224
-139.2859425
-111.7785237
-110.5726344
-229.6589683
-136.9585153
-176.0690399
-235.9829796
-131.2644881
-452.64783
-499.8198464
-414.3838678
-159.0959587
-46.58008982
-1708.955589
-310.7871479
-119.5851348
-43.18431042
-82.58396139
-327.9302456
-215.6253209
-93.18196897
-307.2353199
-127.893004
-342.2762981
-90.52513699
-156.2020775
-57.19264291
-226.1511941
-148.9231965
-584.6090633
-289.4702007
-56.43372231
-123.1212528
-160.3795557
-59.47640316
-67.65214788
-121.7577882
-1192.999542
-365.6688185
-220.001116
-78.84547124
-113.9484875
-124.6246184
-413.1572675
-155.0012816
-130.7195995
-83.82563187
-143.3740109
-86.67090712
-115.5391164
-120.9796583
-151.3101593
-262.8291125
-73.061345
-481.575952
-193.0044474
-290.6920996
-148.4093444
-366.9467758
-44.63030221
-88.04831952
-74.8007456
-341.7574688
-128.2395896
-372.162265
-128.1499376
-392.0380269
-351.5253616
-126.0422956
-207.6882781
-218.8046858
-148.6405383
-198.8660752
-289.3092774
-358.8055879
-138.085715
-162.0456559
-113.9862663
-416.3602823
-328.6006084
-76.91087105
-83.69137182
-167.0129422
-49.49144542
-129.7247306
-123.2196765
-123.4367501
-121.0583199
-34.74966709
-593.5306122
-126.6242856
-120.4785646
-161.076996
-114.8673188
-101.2107163
-187.7679624
-114.4068507
-139.7739538
-187.9840683
-159.5370341
-63.98084306
-281.5946048
-56.83480745
-644.0216742
-199.0934925
-62.01890059
-70.44845337
-42.60795917
-2535.180926
-155.8806608
-249.3006506
-97.86492042
-208.7006719
-127.6546291
-93.63713632
-254.1370236
-443.5645069
-316.0849123
-43.78108825
-79.97213438
-253.8587296
-338.4242384
-75.54524812
-80.00641196
-277.2231488
-492.5680573
-100.159665
-599.4163393
-178.3748931
-152.9607437
-62.02848433
-92.01902234
-117.4745231
-112.0859804
-221.5906797
-72.36541623
-125.1861325
-41.45706454
-66.80435009
-93.03469394
-80.59098296
-113.7723922
-56.67183818
-89.23327705
-114.8373661
-406.7274503
-274.8590502
-100.9197882
-186.6026116
-92.93609532
-159.515537
-284.1103827
-272.4626033
-104.0268239
-112.5183599
-227.6222862
-150.215061
-62.59955743
-42.90718183
-218.5411298
-467.9667581
-306.1424579
-124.0480351
-209.4200526
-107.6588539
-373.4024288
-392.2961296
-67.30999936
-93.13393458
-44.28387219
-154.3953283
-88.87156394
-168.687976
-153.3036737
-227.3632252
-1018.862617
-146.1628146
-153.7434526
-86.21262193
-199.898657
-50.1564282
-300.9393649
-156.6457415
-162.5665593
-160.5192609
-154.4486804
-147.7484221
-249.4865812
-332.7362786
-137.5869758
-117.6167053
-107.6291532
-113.4462007
-74.09534497
-180.8873029
-218.5083578
-116.6909918
-291.1055971
-138.5541641
-73.28638106
-182.2997642
-132.2943731
-94.61284574
-268.1665757
-150.3890681
-47.20979511
-171.9889146
-212.4207721
-141.0176183
-318.7397882
-209.2989387
-51.77294812
-81.92105245
-126.2443168
-252.617261
-57.00333112
-240.7091396
-123.1898908
-213.2264506
-140.8765759
-77.9047728
-319.8721347
-91.39472587
-416.6452914
-271.5726895
-128.020661
-206.4058436
-951.9557482
-115.2626479
-119.8667311
-272.1676004
-128.9505419
-60.59486994
-190.2405641
-184.0765171
-145.7769736
-157.002368
-161.7147871
-285.1497995
-407.1855656
-111.0697461
-161.738738
-67.92344217
-266.0625518
-100.3925723
-95.46128218
-69.89631371
-468.5469976
-94.30315861
-167.6680735
-572.262309
-161.3980573
-107.3315781
-112.0793814
-160.5250286
-104.2487561
-58.72771095
-383.1698857
-169.8977476
-142.546099
-126.5498063
-67.04166227
-157.1740097
-158.4667052
-130.7886213
-256.1936618
-96.35101567
-121.1880709
-162.6974948
-189.217615
-131.4481451
-117.4285055
-135.3318172
-138.1275607
-109.1373315
-219.7910139
-150.7151583
-167.7887416
-206.862
-148.8506538
-279.1076455
-382.063986
-134.4305759
-82.77073329
-87.65470937
-95.56364498
-124.4218177
-76.79458092
-100.6564185
-108.2181874
-390.6705246
-734.6806894
-57.18908813
-70.55486259
-535.6835393
-275.4169229
-102.4871161
-130.3364655
-89.30791843
-225.787753
-409.0249558
-71.19355033
-35.52514601
-354.0734732
-185.2408036
-609.521054
-150.1480193
-91.30568535
-389.7273959
-166.6146383
-77.93218422
-297.7407615
-107.0670385
-339.9583002
-153.8498183
-139.067843
-189.0251476
-211.8998958
-225.6137946
-72.53686457
-218.5421646
-71.34266634
-216.3145956
-146.3911795
-223.8075997
-1143.889396
-208.910183
-86.24834942
-61.26363027
-184.839702
-209.8095065
-91.53211509
-132.9627727
-211.7295772
-343.4822204
-126.9109917
-215.0340253
-268.7926411
-460.6436756
-178.5394179
-209.2638569
-362.7993653
-93.03859199
-132.8806896
-119.2940442
-132.0072772
-128.653013
-204.8830166
-516.1095647
-50.60286778
-130.7330984
-153.5221314
-299.7191497
-184.7587667
-255.9213644
-550.05486
-149.534268
-393.3403481
-134.0809843
-124.425868
-220.683111
-93.47467162
-257.2935509
-135.27102
-117.9363024
-203.7432061
-101.8819913
-267.4548497
-467.7051887
-771.775736
-278.8145585
-586.6354735
-135.6010578
-314.0336421
-108.9660822
-129.0845215
-60.24986007
-112.0530472
-83.99594048
-1129.323658
-205.0551199
-54.84649565
-230.6629268
-194.3742182
-189.7831898
-266.8472459
-153.9006082
-385.9343391
-245.5514313
-121.5203182
-89.04391608
-131.7792727
-292.9304431
-99.57490548
-182.3757106
-115.164826
-120.8034319
-297.5262751
-838.7884566
-272.5537254
-221.9861276
-171.9866785
-425.6730218
-65.46459025
-189.3525428
-202.0737247
-222.036146
-340.2391138
-209.6652743
-247.8964114
-1835.963824
-219.8558551
-78.03669601
-68.20829832
-51.84591423
-156.5656048
-240.0361229
-153.1892292
-283.9610767
-203.1736928
-178.5140075
-152.3784642
-387.2922632
-145.7771882
-44.0806718
-327.6797815
-123.5765797
-136.5215365
-140.0445442
-111.7382839
-220.5023583
-253.3536993
-148.0115441
-64.97800132
-214.4891834
-288.8588697
-77.32885069
-199.7615352
-45.1502678
-96.69850366
-150.5934184
-93.12027605
-143.6099726
-112.6281048
-67.04514287
-100.779573
-222.9211649
-230.1647
-249.8776018
-68.81049545
-126.8672985
-205.5040123
-214.5910229
-172.7492673
-66.10682405
-154.8287377
-298.1829406
-38.09441707
-213.1655515
-143.7780365
-145.4269063
-209.5707662
-29.99388384
-92.00475846
-203.1037982
-172.8462317
-78.13567113
-136.1662356
-101.680098
-248.0604105
-229.9205803
-131.0681663
-289.8075192
-184.0689667
-56.00587845
-291.9061089
-95.43900293
-87.02880763
-113.9030131
-172.5378846
-80.14207276
-134.0434895
-166.8384746
-1108.408991
-165.8590597
-78.290096
-472.357674
-386.9022818
-67.1642157
-77.50900393
-107.8108876
-67.60931891
-121.5547519
-89.3143132
-164.4598155
-172.6980955
-186.9669279
-100.5313039
-194.4696821
-689.386789
-44.74729165
-209.3084322
-39.79851512
-38.29965737
-128.1187482
-634.1832068
-93.58780499
-247.1008936
-214.6674895
-120.4515772
-104.2044332
-133.9990745
-56.30560792
-75.80217629
-149.967733
-128.7149064
-179.9458438
-79.14216121
-216.2106159
-112.6419021
-95.80968408
-200.6071051
-119.638761
-120.8708842
-180.1878265
-203.9164633
-331.2217131
-29.14518128
-91.70888139
-389.9362336
-283.0071147
-139.3851541
-364.019804
-107.3863827
-53.44701885
-164.6188416
-148.318582
-117.4840752
-97.99906609
-128.3147412
-173.2368666
-198.52723
-99.10233069
-126.8525355
-71.40185167
-59.82581833
-175.5680926
-213.6584235
-225.2651653
-508.6631042
-193.7665331
-123.6492612
-216.1314887
-148.4071116
-64.21931494
-110.8442398
-353.6954293
-201.5771957
-217.8916412
-63.94068901
-117.2883949
-114.3071817
-56.79724824
-79.29298539
-402.2604853
-122.6214119
-67.26319298
-136.0819017
-90.36683932
-78.76512831
-81.28377556
-53.59015849
-88.05864803
-92.20880882
-80.69836494
-209.564998
-94.13486728
-135.7735212
-125.2924568
-35.39294166
-427.2895626
-276.5021931
-262.3336746
-71.42511485
-237.6851144
-118.3277531
-684.5756313
-76.55762348
-99.89435488
-214.8905199
-162.5696096
-191.8233564
-193.8100494
-691.9386933
-171.9276891
-55.83727205
-172.6467985
-63.46776775
-165.0158899
-284.1422527
-119.9387524
-318.38469
-295.4535515
-83.0181064
-95.19966085
-90.14071376
-77.96487558
-203.8923022
-216.7247267
-444.9853622
-46.61318198
-299.7531637
-61.38975811
-146.9656951
-169.6127912
-68.49303975
-65.703777
-120.5650746
-76.25158667
-170.1670945
-117.2305616
-104.373175
-106.0626575
-71.83860812
-182.170327
-137.2590984
-179.7090225
-770.4334385
-102.8860879
-159.8348137
-135.1384927
-161.6435623
-116.7023052
-224.5306907
-149.1082328
-245.2389838
-120.2184416
-153.8721856
-129.6883691
-153.0287217
-86.05500631
-118.7806946
-257.3002838
-475.7125734
-132.9036477
-365.1295012
-104.9750539
-123.3224709
-163.0712315
-86.86288555
-138.3865463
-61.33477339
-62.19562218
-129.9425596
-246.0226887
-118.1117821
-541.2595981
-612.0283764
-239.9354611
-265.1145278
-86.00262096
-133.8963569
-216.9128973
-86.89849498
-122.7662456
-158.7437756
-123.4414132
-79.01700672
-1006.829866
-124.6123632
-180.0553596
-245.8088901
-54.55929713
-126.1649726
-194.8245542
-263.208783
-123.5185039
-83.94529947
-254.9746483
-69.99237155
-657.8731442
-149.8882408
-160.0310382
-124.3759969
-205.7082791
-111.3471762
-100.9788234
-301.843109
-79.02483209
-121.137553
-395.6500275
-223.1111142
-76.04536781
-114.295356
-216.0335087
-75.55514962
-838.055538
-247.3135512
-270.4711712
-95.40210641
-118.3951365
-244.8730703
-164.6023019
-25.82588882
-487.1649137
-198.3033924
-90.6702645
-91.12785898
-848.6056309
-89.66664085
-191.2472195
-84.08901401
-96.42436473
-529.755265
-270.7352672
-312.7114328
-65.76915462
-64.89802528
-282.3336467
-116.1705256
-1079.151326
-101.1285632
-131.569023
-108.5927548
-437.0238929
-110.8315467
-77.89055658
-61.77230243
-265.4072866
-146.7286246
-302.125045
-281.2829938
-144.4857756
-156.1903181
-358.4261061
-161.5150284
-169.0764827
-53.72399774
-178.0570294
-182.4804011
-223.96475
-147.7026778
-231.0342233
-178.3581783
-108.7510563
-332.4690769
-315.629719
-580.312299
-90.58895177
-79.12396077
-133.2645868
-217.0215284
-89.031081
-200.7572806
-336.2263038
-354.921808
-226.4962193
-465.1772664
-158.6921986
-153.3367101
-84.36918053
-137.1298464
-178.5657747
-119.7001162
-79.08673698
-1069.775012
-672.6278949
-69.61345422
-137.5502586
-199.1743214
-195.1702726
-176.7758018
-73.13844195
-470.6320121
-154.1734351
-59.44070001
-109.4855333
-247.9897191
-54.19717175
-232.4218166
-168.5328551
-157.6915111
-139.0979093
-55.40996433
-87.17996048
-1170.666673
-522.0415921
-178.2387689
-60.79413307
-327.1003848
-125.1341813
-597.1771262
-41.91968384
-155.0214906
-212.6088628
-50.24802757
-108.5171355
-103.1522877
-231.8635052
-320.5274393
-164.1593637
-621.4430509
-236.2386282
-222.9343248
-23.66996017
-53.52431293
-277.6051288
-305.7247494
-215.4451282
-61.07325518
-204.7372378
-292.3911468
-120.8702506
-59.31752677
-160.9261202
-94.57570432
-405.9512191
-98.8922774
-76.53083021
-589.3310763
-1393.284449
-329.0026309
-181.2487761
-124.2427646
-87.76448379
-598.0651385
-59.2174545
-1209.409005
-170.9075142
-56.19064286
-391.8907018
-82.21301854
-197.8695891
-194.2116257
-162.6059799
-230.1475066
-62.73599246
-157.6241259
-64.46826328
-86.232074
-254.9001024
-96.67928749
-254.2395548
-327.5438963
-120.7085711
-71.53384769
-143.2971339
-121.5701699
-697.8086645
-186.8714457
-771.6894407
-75.32165563
-289.8916326
-139.4945556
-147.8600184
-294.6749395
-73.39113704
-247.9877922
-197.5494704
-79.68729426
-89.7770407
-198.4536641
-201.914119
-360.1277946
-145.1740585
-125.6909663
-205.9616066
-72.42518921
-90.01200048
-109.1323267
-171.7094907
-87.13782971
-199.1142448
-179.4445366
-155.088871
-440.27644
-128.4812962
-152.761028
-70.14168994
-71.77533394
-106.7842457
-124.244412
-112.1514724
-161.3716739
-86.42809889
-177.9809539
-263.5268011
-220.1416806
-211.4646935
-131.5117806
-91.97242525
-168.9660851
-144.0610238
-135.0890259
-113.3341907
-93.87664484
-112.3241012
-169.7392885
-123.0658336
-77.03327364
-49.59988904
-824.8035074
-450.402862
-128.3303729
-199.0064226
-97.84691891
-90.03392619
-149.4159744
-54.52543259
-82.56707611
-78.11966043
-579.4368207
-108.2538359
-806.8246542
-193.7159382
-325.3351875
-98.4170331
-313.258542
-234.1149454
-124.7757555
-117.5596131
-202.4870261
-96.1917749
-83.08396764
-166.328792
-118.2624986
-145.4933501
-355.0245801
-302.2731745
-137.1407945
-108.3767127
-95.73244115
-123.9133416
-185.3177765
-114.8307942
-227.130387
-297.2881298
-84.87972145
-216.4328129
-142.677854
-122.3974681
-81.16294199
-254.5992818
-302.5319366
-128.9891593
-176.6503719
-86.18015663
-72.07412951
-78.41315551
-176.1160442
-227.2729232
-152.007446
-122.3261961
-109.0712274
-221.0445031
-93.99048043
-56.24647658
-188.3856666
-114.2577432
-64.20847404
-99.69184682
-159.711822
-136.4493188
-188.6313575
-62.65173314
-189.8444683
-151.0025832
-54.84225055
-211.5272615
-111.9176962
-48.89466771
-45.04890872
-60.06735725
-86.22284271
-46.49366178
-75.61270284
-405.9635463
-126.6600508
-177.6815866
-123.6231555
-94.05109122
-109.4478009
-88.43096768
-232.2647237
-704.7471485
-84.38250609
-70.29737515
-40.70431322
-746.0308191
-560.0806059
-169.0579326
-460.3539508
-112.4593159
-347.7270682
-144.6176074
-103.0220076
-102.076533
-218.4393215
-63.3146953
-72.0334516
-116.536515
-105.8023763
-156.6314771
-65.79440767
-90.10299159
-113.08175
-236.0543656
-216.5037128
-142.4387518
-93.42217694
-116.3979061
-135.9282956
-289.266563
-237.1279969
-99.42596255
-620.6338729
-195.9309317
-198.1830416
-138.5307031
-290.9205682
-192.105798
-132.8243646
-61.55261182
-117.0793244
-245.5512554
-192.1069858
-218.0841583
-343.6297106
-84.26668238
-255.5206161
-358.1848956
-312.7614127
-220.4900688
-60.78920383
-129.2120147
-181.6949812
-88.91705932
-72.97800268
-116.129224
-116.55126
-245.9678397
-200.7864697
-208.7847267
-81.92360688
-127.6898991
-199.2833217
-68.06820281
-121.5367239
-359.52345
-103.3460839
-133.6661618
-104.0605828
-199.3825243
-239.0180034
-138.8497995
-514.2587885
-56.76967042
-89.47308283
-455.3048849
-136.1261211
-134.5389961
-236.6596987
-139.1647078
-73.06088318
-231.2299125
-171.0378418
-86.58555936
-252.686276
-161.0362374
-154.9982871
-94.70581359
-200.7208945
-200.6986499
-841.015584
-669.0045539
-188.0769862
-592.117689
-93.81921309
-94.5283413
-184.8140085
-270.0016502
-338.0663652
-233.6346911
-150.9539912
-292.2572653
-237.6972997
-87.18510144
-75.4071985
-102.8625453
-195.4207332
-269.2809221
-124.0431801
-114.42396
-359.8770205
-256.350102
-133.1855236
-282.6005802
-103.58662
-227.1078516
-62.01212105
-58.46407253
-294.3988586
-61.68306187
-246.4647194
-94.94510424
-57.32220702
-115.5284461
-82.16182533
-343.3995353
-325.6093555
-128.6699871
-100.7201461
-91.89591728
-148.7016852
-99.73487647
-59.25479395
-144.7006298
-63.6759664
-223.5762975
-122.8077017
-192.5315803
-413.5512568
-457.3388112
-268.1078773
-68.41544579
-80.4895702
-56.54454944
-222.221645
-51.89127306
-161.5093323
-87.39318163
-94.42337329
-177.2275887
-398.9169503
-322.9236042
-129.2393437
-790.1985396
-130.1211966
-266.4071933
-59.00997941
-56.38954027
-2441.041158
-268.9572101
-92.97650825
-617.6547913
-329.6975054
-274.4951389
-649.3144922
-218.9737027
-221.04149
-54.1974746
-56.79937617
-115.406687
-326.9522585
-500.9077307
-101.1796199
-339.6675131
-97.58955048
-37.8223171
-471.2008129
-67.07246086
-133.3449497
-832.5294208
-72.72834126
-203.8462543
-38.51089635
-221.3452315
-82.91017952
-213.9243945
-95.19259778
-275.1286059
-160.8003714
-165.9261433
-300.0054258
-214.0280006
-131.8756934
-81.44410623
-58.12065649
-120.078944
-165.6616133
-262.1084749
-481.1798615
-481.8084064
-181.2234252
-77.24274528
-86.0493915
-790.3175123
-140.1695314
-91.72445074
-208.7785271
-130.1544045
-138.9361959
-796.6625367
-179.2877294
-42.30996778
-97.87169588
-39.6089283
-169.7776877
-88.58754891
-91.40652991
-196.7871616
-236.6183259
-68.02145491
-118.1384628
-58.95623416
-190.2955659
-65.67391742
-107.24564
-533.3231403
-191.0622124
-172.3644864
-138.1326545
-214.9954028
-238.5271876
-99.99690859
-109.4843974
-284.3996676
-171.4877164
-45.72029071
-118.0388761
-169.4399382
-146.1071191
-143.403398
-94.25439337
-114.2485311
-222.0610308
-95.2801693
-996.1450379
-198.3243471
-60.01059628
-661.5372204
-111.9067985
-188.460147
-189.9900063
-220.3476639
-255.039213
-54.02162163
-192.6454323
-59.31582861
-562.5924852
-240.6772167
-28.6987554
-996.4362454
-105.5722535
-364.6905887
-349.7430408
-303.8667657
-57.12186453
-96.28471756
-124.8357161
-82.39645063
-261.212379
-309.8180545
-1218.328028
-63.97514555
-205.8420821
-116.3325444
-89.60467797
-238.0857374
-237.1871544
-296.2222428
-87.39487192
-67.21986924
-216.2990534
-172.3450455
-95.45611131
-276.774979
-124.7056959
-131.1360014
-145.2704419
-77.63118668
-214.6997766
-141.1222945
-185.9857054
-2286.600608
-78.07576884
-176.019407
-92.98672695
-261.312184
-152.3874931
-402.7965847
-143.2891622
-196.5477233
-148.7008373
-84.32107932
-189.6275999
-82.52725764
-389.032113
-314.2154551
-97.24145637
-132.5709645
-353.4581943
-242.5406907
-908.7044115
-368.0499283
-99.7522711
-64.20755082
-196.8955704
-114.9901318
-155.402426
-31.63718253
-153.155349
-310.8899595
-134.200829
-155.5415502
-348.1604694
-179.9697968
-118.7191066
-1194.697439
-80.2645605
-123.6538673
-380.5344255
-101.6611955
-189.0092732
-83.23968559
-308.8857867
-111.1769681
-130.2608799
-106.542664
-216.4425273
-341.1147857
-170.9795815
-136.5192751
-124.9064104
-269.4668141
-183.8533685
-236.9839127
-148.5664396
-160.759769
-371.1264009
-79.50522282
-139.90384
-87.00673438
-867.7454093
-137.4864694
-124.7479274
-112.5492646
-167.2343534
-193.3859859
-112.854406
-75.02041209
-176.0649171
-138.0887298
-82.34806276
-261.9593342
-87.52485121
-2018.2415
-333.6114569
-149.5936935
-165.8025809
-156.9138526
-113.5219495
-143.6962982
-166.1976711
-2317.043664
-85.30674208
-159.5944562
-196.0186345
-190.1549647
-136.959934
-86.33399809
-293.0206887
-157.3608195
-278.0215937
-91.21847549
-46.17464658
-134.8527844
-92.70058052
-219.9062171
-59.34088349
-83.11503021
-41.08648587
-119.6971776
-107.394859
-280.4448205
-144.5409054
-161.7649727
-236.1974203
-96.02102903
-72.10759219
-64.14870621
-38.8124392
-157.5429473
-45.69303727
-431.2828555
-107.0795705
-157.0219895
-118.1402358
-86.20228381
-108.6137835
-79.08141854
-530.9147507
-99.22501783
-183.4325606
-149.7251405
-354.0883923
-57.754974
-85.07382388
-138.9451744
-124.1139884
-596.3905319
-130.3623731
-105.2321241
-185.0026216
-53.12580511
-98.7741343
-88.2929152
-87.20684746
-42.76377127
-123.9914622
-54.80893809
-89.00865084
-76.01700906
-94.17465302
-906.9148069
-127.122429
-263.7126128
-360.0946115
-85.65929396
-92.16505618
-68.35851126
-141.9272881
-551.9688118
-101.7991754
-64.53399261
-99.23820023
-157.5176805
-208.9923838
-59.96325306
-180.124572
-79.63111944
-92.50516817
-251.6742238
-83.31632087
-65.27578845
-109.9799015
-56.26185323
-1244.384097
-424.3011898
-197.9532593
-265.9027713
-360.4533132
-61.80250577
-283.7088791
-153.4094223
-81.72668547
-207.8466969
-151.7547049
-63.76531942
-553.9755945
-311.5860252
-185.0058568
-41.86261269
-53.90455938
-189.2272839
-152.9604164
-123.1565722
-161.8086303
-185.4512686
-52.55849119
-52.60615564
-57.0928965
-118.0819421
-60.31848196
-123.668119
-201.3609922
-64.98079043
-62.75823468
-168.0192898
-137.113021
-92.31220008
-89.83338564
-389.411141
-97.85174486
-90.85798648
-81.27501742
-109.2677088
-94.89575222
-348.2644798
-93.05606328
-109.4581852
-69.37635388
-65.75748728
-157.2872111
-494.6104466
-96.90423881
-75.04173356
-143.2416006
-112.7725819
-154.9085006
-145.542017
-235.0413149
-241.6162619
-154.6449716
-79.91497848
-303.2063951
-537.2856283
-89.62183242
-194.8356258
-74.1238234
-258.1550586
-39.28897023
-184.2460932
-55.78208205
-45.57509752
-217.7277459
-111.3450345
-95.93239132
-1063.668139
-94.18869433
-272.1689351
-143.1571839
-77.01723977
-231.8869513
-105.1427926
-164.4692474
-66.45889006
-541.9895304
-202.8173792
-215.6480144
-130.8164313
-111.2823939
-173.3535512
-80.11317923
-150.5760256
-110.3936238
-150.6336559
-103.3682597
-445.2896793
-227.5046197
-209.0844318
-119.9014626
-306.2411327
-51.0520275
-84.70059583
-103.7103497
-184.8308635
-107.6190459
-102.7314547
-284.0651504
-167.9662254
-222.3146415
-121.2697455
-390.6728242
-171.4257978
-176.8678367
-208.1756731
-76.60120019
-146.9342263
-347.6460053
-303.4844864
-83.15792025
-76.68323818
-147.5672031
-99.42650104
-117.5393267
-92.43839626
-86.61804339
-138.4285445
-88.60550434
-71.46110462
-104.030133
-304.1260186
-252.4495815
-95.75589973
-202.1719626
-77.71720127
-77.77003592
-238.5116939
-64.22832317
-68.72464445
-98.87712446
-77.48343409
-137.4404886
-133.9320066
-119.979448
-189.168174
-262.6848391
-207.880486
-277.1293754
-209.3914101
-241.2340971
-91.2437407
-1241.101612
-113.8718638
-248.8187653
-121.2463111
-142.4350928
-81.45150281
-352.8149149
-158.7736785
-154.3890423
-85.26866815
-47.95738351
-118.5211337
-527.7486257
-456.299865
-52.78246695
-65.35524996
-397.1371772
-139.9170208
-467.7479583
-26.44433717
-72.97302206
-166.7371496
-159.5474122
-223.6284635
-204.2794955
-176.1126429
-151.8078722
-862.1178962
-57.12538098
-395.6185196
-232.2439796
-186.9273149
-688.9357162
-125.7203729
-92.39843983
-58.66872455
-172.1527355
-95.56350958
-139.1473174
-443.179473
-124.6568356
-71.89400464
-301.1351288
-119.3280697
-169.5127798
-104.9811695
-113.4007531
-82.35013398
-77.01666624
-663.6881904
-66.34886178
-343.3221128
-92.79896978
-362.1618943
-59.18009951
-150.7129069
-51.62566412
-81.62543421
-280.7781103
-517.1600567
-189.7869261
-160.0743571
-95.52425717
-72.91037217
-82.01242784
-81.4179755
-48.69356885
-58.2561445
-58.82144842
-144.5895362
-185.819006
-440.284577
-158.9936914
-288.9392427
-85.27114053
-153.1442318
-57.27357454
-80.4469089
-150.9285291
-408.3736079
-206.4070694
-52.83738882
-296.6828735
-128.878929
-98.60316324
-122.6514465
-150.9511392
-99.12607412
-90.4995752
-134.4179442
-202.1792586
-435.0356292
-173.3862657
-122.7497077
-157.883133
-88.6574882
-427.4647215
-125.7761863
-207.5116387
-122.3366319
-53.5198675
-151.3713774
-70.89902198
-54.12525449
-316.6131998
-210.2863246
-182.046336
-94.4938598
-130.2797562
-122.6884296
-44.27920611
-152.6759463
-202.0546417
-82.65952045
-165.945825
-270.4408763
-69.7469813
-68.30676448
-75.59015428
-319.117162
-100.9454501
-379.9106405
-105.6599461
-135.9966901
-163.08661
-109.920072
-141.2327829
-76.0032132
-23.64715144
-93.56518269
-140.2206838
-86.60286763
-82.83439743
-873.3365675
-186.1522293
-71.22316864
-184.7103776
-70.46848041
-77.03461196
-297.3700856
-438.0994489
-264.0522029
-370.8171365
-54.17815617
-55.19778416
-81.38454257
-212.726806
-117.8043619
-171.7685579
-68.17497774
-56.40353631
-76.45770313
-68.95264816
-85.89425141
-257.9325593
-371.6737298
-191.1286466
-138.0757879
-319.3811212
-79.30194774
-94.48463099
-140.5592334
-299.8466298
-66.83562142
-49.34151894
-87.73501484
-725.9750186
-287.6065016
-186.7760384
-291.1686771
-80.68422087
-302.6292282
-91.17549523
-383.7279097
-1003.132416
-128.6151097
-99.52823783
-109.3950982
-92.77635642
-154.0799683
-125.8656689
-59.95381734
-148.1866983
-87.04386842
-152.0970471
-174.5492657
-111.2136187
-80.16579606
-438.7518897
-101.6614729
-216.2200833
-104.7662249
-63.14854777
-269.7572803
-249.8587855
-105.7601602
-104.0633825
-1077.659251
-100.6659114
-283.5490576
-325.5519718
-96.52445196
-664.4052259
-143.9363102
-134.1760764
-114.4193067
-471.1473706
-71.92089179
-338.8506376
-111.9753327
-111.0133787
-114.4736016
-214.8035081
-561.9272462
-85.52338731
-220.0298361
-66.4882402
-622.3695506
-202.5801872
-149.5206714
-65.25148958
-346.0363745
-535.8421769
-170.0358168
-831.5040199
-665.2972427
-62.76395381
-86.91632207
-65.74444421
-277.8611105
-124.874643
-399.6182886
-54.38245908
-229.1273937
-255.6347209
-221.7227229
-405.388207
-227.4225302
-424.6792861
-239.9515298
-89.73265223
-99.90351243
-95.18323171
-99.42825622
-182.7821359
-45.81528573
-114.5747309
-96.48076234
-461.2959291
-93.81111381
-337.0960808
-105.8025749
-165.0222312
-148.3196024
-96.73368414
-43.56158039
-65.52730306
-60.99102161
-72.92452129
-142.3387752
-208.3562064
-54.62446131
-169.9721641
-72.29400559
-82.86295686
-83.68290402
-86.15063377
-69.37454761
-66.44472629
-245.6951606
-234.5287385
-130.3174205
-68.17400236
-95.01020949
-39.59106441
-93.02611031
-89.16270733
-60.43608143
-165.730093
-81.01382805
-193.8706956
-80.91822263
-91.25759506
-87.3072852
-74.60330816
-138.2730492
-82.4855625
-162.1095545
-317.7162781
-121.5671832
-123.9953794
-200.3173936
-72.0403859
-189.0420658
-339.9159995
-270.8809013
-114.931793
-200.4901237
-761.3665217
-261.3129586
-323.1302863
-74.7650042
-118.0159922
-63.04200896
-116.4809515
-154.0458958
-337.1362275
-219.2625914
-182.4753208
-279.3632751
-101.0696534
-187.1420315
-16.55277662
-312.0854612
-46.09127468
-77.94074342
-585.5342073
-529.5187213
-171.0651559
-140.593726
-353.2418316
-64.30936633
-141.0838873
-134.3058343
-168.1607742
-107.724731
-86.63648675
-176.3259881
-63.89153294
-204.4869069
-707.2156068
-237.6015056
-63.2706095
-51.40321936
-131.8845273
-309.740271
-104.4905123
-587.4093251
-143.7515599
-152.02437
-502.2244839
-103.4333883
-61.31125818
-108.5818096
-134.6582046
-213.5439789
-214.2181498
-97.77056451
-137.9452049
-117.855104
-315.2106773
-187.1245134
-53.51372458
-315.6009757
-309.6271186
-130.999873
-115.1939203
-555.0855014
-130.6839008
-117.2575933
-116.2549613
-148.8330301
-233.9240242
-244.4574166
-70.67020156
-115.0242897
-375.3084801
-81.89462796
-229.3512617
-173.6932014
-59.56976943
-80.05932117
-223.934646
-120.9048066
-222.1196086
-205.0638854
-117.5853316
-159.2631151
-695.9162434
-195.2559006
-84.38554027
-245.793511
-64.65512755
-121.9945399
-186.0977762
-76.97290382
-242.1373377
-109.6363378
-58.02679946
-175.1352571
-95.61099301
-45.42787683
-131.9384666
-86.76947045
-332.1924052
-294.6932531
-192.4437816
-409.0000399
-125.409847
-149.1829679
-590.9530071
-103.5319986
-316.7063416
-56.11158753
-84.69556994
-106.8695312
-146.9313504
-93.43732825
-136.9989098
-62.44520029
-97.07964901
-762.7787439
-139.3011147
-303.9434197
-65.56020298
-218.7362556
-53.85751662
-72.16019431
-94.3623683
-183.3500464
-112.2284214
-61.80640553
-143.3702921
-176.3232783
-144.4916383
-168.3009211
-111.493028
-63.77974433
-151.3013568
-879.3741181
-119.9537464
-376.2898485
-75.14752707
-286.7948306
-168.5057039
-102.7581663
-244.4937223
-748.3894104
-872.5435699
-303.9823238
-307.7568952
-137.3705189
-91.01887293
-234.1627626
-86.73121612
-143.2297862
-188.4161294
-79.07248115
-90.4080292
-814.9278955
-101.4441315
-72.71778866
-604.301275
-79.6770118
-276.0565934
-286.2109337
-168.6190213
-259.0332271
-123.8859238
-59.93095705
-95.58394668
-170.9389125
-241.1830234
-471.0662318
-69.87613828
-89.65884488
-156.2124932
-259.4364995
-43.43289726
-448.6618001
-133.1524575
-159.9142572
-110.2158892
-56.27008342
-129.9566745
-59.12768494
-195.4529592
-209.6003581
-67.56139865
-131.1905778
-128.7195394
-159.5917631
-252.88852
-167.3558888
-203.8880511
-180.396969
-321.3584227
-90.85573021
-171.5125958
-79.96273049
-136.5360696
-95.32146477
-167.8687016
-124.0606246
-170.6639849
-83.74445482
-98.58120419
-143.6853111
-314.8284028
-443.3110301
-115.3405968
-95.5881383
-176.2315548
-200.6365819
-202.1548186
-157.0156435
-153.2821462
-114.1255785
-134.317867
-211.484466
-163.7909269
-156.1821606
-3320.144715
-242.1344175
-578.7828754
-127.0062912
-101.0793764
-370.2792171
-1480.035882
-68.40675464
-350.2750107
-696.5536464
-296.5120871
-61.73651025
-248.180565
-330.7239688
-88.81238754
-212.8794408
-74.24382571
-81.43006236
-618.2225724
-337.2508998
-96.25269738
-1302.269441
-128.0989113
-118.6530011
-152.6214833
-157.4879682
-204.0311401
-134.8934873
-195.3476407
-91.50017538
-826.299323
-41.24587656
-219.4632875
-127.6280245
-1510.16945
-67.50900058
-177.820289
-43.71064648
-248.5571111
-143.6238553
-78.55143982
-461.9905293
-599.593902
-66.20610597
-174.7350241
-170.0695397
-176.7682744
-78.74038278
-231.5500089
-77.9158331
-203.705507
-85.28048026
-103.8102953
-270.4684604
-101.7073624
-77.65129883
-157.0123243
-177.3623359
-78.08479444
-86.07066726
-203.8307541
-395.3347708
-167.0560881
-115.4858313
-437.023809
-262.6702356
-188.39351
-122.0467669
-62.70735623
-128.4503568
-114.3137897
-160.1614093
-79.03432356
-121.5634235
-857.515914
-116.1184544
-43.36976884
-108.2819641
-104.8826059
-112.4010751
-96.83133722
-478.796451
-169.7911799
-67.15870828
-334.3785496
-88.77019364
-233.8225435
-131.380013
-99.79651097
-172.2151132
-513.7334866
-128.8751923
-101.0061302
-258.8627469
-190.5101475
-257.9732325
-209.1253855
-212.3496945
-177.8568752
-41.65396424
-160.1696955
-255.0530713
-74.4775112
-515.7292977
-133.0531326
-96.29818561
-73.78768703
-206.2101205
-580.2922201
-421.7329407
-175.0552665
-270.059078
-72.40084947
-103.1775585
-118.0812654
-165.4575384
-85.98944396
-79.30897979
-419.14729
-198.5349641
-256.3559034
-129.0584418
-228.0975863
-60.76272406
-412.61708
-91.73978538
-395.930994
-98.70932921
-85.58175057
-208.4414397
-77.41774108
-102.809959
-76.97568756
-113.1160833
-136.7141002
-327.4819262
-131.3642305
-118.3782784
-74.11297723
-366.7804512
-190.8365004
-174.0972849
-150.5456131
-74.75465249
-158.2803796
-162.7628681
-141.4621015
-116.8605475
-142.2966559
-65.54493518
-278.2596477
-237.5239149
-191.082644
-72.05627895
-103.9862195
-222.0466852
-178.0292779
-79.12569149
-223.4096899
-68.62078791
-123.9283641
-183.2219491
-396.7902836
-510.3009724
-177.3071287
-76.27462312
-74.53939876
-66.42769219
-826.3061093
-317.6722435
-183.6105445
-298.9551974
-101.3660719
-90.04612755
-226.2883522
-81.88560525
-587.1883223
-175.9772852
-88.04834304
-69.19522901
-43.22608001
-68.77334403
-174.4125266
-108.9732115
-165.9088567
-128.6590278
-111.447181
-109.4912428
-233.1760126
-431.2343956
-202.7120713
-101.1084716
-63.75221826
-113.760017
-133.045044
-69.06340983
-137.7683425
-198.0153262
-55.75655908
-121.3699319
-142.5537997
-229.8526364
-252.5081351
-206.5919186
-77.2942459
-122.1587478
-68.94166327
-70.84737839
-764.4135663
-17.22896709
-94.73153785
-151.4673579
-69.75383348
-179.0274894
-153.0699803
-69.79825157
-115.8720304
-142.9023179
-121.8877476
-169.2311315
-102.7191743
-135.2738078
-164.6045765
-128.7058951
-135.87865
-47.67510491
-117.7763882
-101.5047628
-82.95458486
-176.0075439
-106.13294
-132.4055774
-61.37563536
-316.2285105
-182.2578799
-131.8586479
-78.48668191
-91.18393962
-184.2577239
-114.1692172
-112.6728853
-155.4358326
-62.35910609
-98.87757394
-320.6784833
-105.796613
-140.8049992
-317.0040679
-130.3909392
-44.1296735
-88.61862367
-80.14479253
-51.8483465
-36.5164784
-214.8792256
-75.3835449
-447.8929951
-66.23415484
-140.4665054
-73.23012641
-122.4202403
-107.427819
-77.80001639
-226.9134841
-137.4222744
-1065.305395
-118.3329878
-306.7977013
-87.78304953
-71.28162971
-153.1521926
-124.8248305
-171.1600547
-174.5649948
-67.91845033
-48.16564149
-808.3071381
-100.8565965
-95.97526181
-363.4743133
-54.95792179
-117.6257865
-458.2211913
-71.17919675
-91.12992778
-208.3506707
-154.7091145
-163.7223588
-189.3794416
-96.54161461
-74.96520214
-192.6478614
-62.97376461
-324.3584804
-116.6825652
-507.9680124
-69.02017045
-106.3218046
-88.89291999
-79.77832366
-298.0132129
-38.89212516
-78.3932685
-268.1552878
-135.0288111
-89.61366735
-245.4770851
-188.5371183
-81.38621469
-135.2914063
-146.7547226
-104.6329004
-226.9086713
-231.2156699
-96.12164374
-140.956211
-285.0183132
-43.46989134
-46.90630081
-143.3579191
-147.2314672
-161.7022513
-347.3442865
-180.2842346
-607.2710189
-268.270177
-293.8327252
-30.27112958
-109.0492085
-113.2872475
-94.18413185
-213.4455635
-145.194278
-146.8709046
-423.7866021
-77.634178
-176.3037677
-202.4732526
-395.1507461
-89.05076514
-247.8546142
-143.3371999
-248.2521938
-83.1816361
-163.1375193
-478.7313021
-115.4644942
-90.25141221
-239.7791547
-51.35895669
-187.508666
-112.9776263
-283.7846257
-212.5215222
-62.13043119
-133.1393278
-131.8719737
-200.4325371
-325.2971251
-79.43815642
-192.9137804
-97.53617088
-124.7842094
-59.5347389
-206.9335358
-69.81842684
-441.8905723
-121.8581586
-269.8702383
-112.293582
-472.7199811
-105.795118
-1131.760666
-66.61526062
-87.01636778
-99.36785781
-57.73778699
-99.30250724
-208.6756032
-97.93981689
-273.3433052
-1063.971096
-116.2420344
-236.5785886
-77.31852705
-111.7383576
-229.651482
-97.09037174
-100.2891363
-618.7932408
-899.0440294
-487.8581418
-206.4187413
-170.3094352
-95.66336961
-441.8306159
-104.6213131
-69.86661152
-111.3692474
-108.7189919
-274.7501445
-160.8640372
-226.30934
-52.1589729
-113.168705
-890.6578114
-299.1786493
-72.89884809
-205.0581841
-177.26706
-396.8933111
-60.04153163
-192.2820289
-302.28646
-142.4040356
-448.8007028
-82.42299652
-114.642891
-126.7091665
-231.9416361
-108.227391
-124.8275708
-172.2079729
-194.7346208
-467.3060703
-131.6198386
-452.7987287
-130.3361123
-452.8490556
-697.7051627
-159.7860199
-415.9186746
-82.56587491
-113.6660978
-259.291036
-216.4019444
-61.11072062
-142.6207902
-45.09881848
-123.1470767
-88.11770553
-36.45645066
-105.7983044
-134.9857102
-122.7146693
-234.5548018
-101.478889
-148.2370811
-392.6716435
-78.23625118
