-432.4551372
-1100.096565
-444.1924612
-859.1878305
-514.6687079
-789.9437991
-1344.815628
-611.048788
-307.8666093
-688.0040092
-427.7305842
-1097.025979
-997.2458394
-606.1898379
-639.456037
-2503.872425
-1054.801438
-1230.035309
-599.3238271
-1320.093067
-2257.680912
-721.9135248
-889.7373105
-1503.438383
-433.8675958
-671.6637996
-1593.289007
-3523.007823
-432.4271984
-512.0283782
-881.3096585
-2420.860427
-1889.744183
-1521.596594
-632.4957786
-672.8821471
-988.6191936
-753.9576173
-808.4305024
-857.6162891
-1024.428706
-1096.986876
-596.0710308
-2109.880448
-797.738825
-376.8594681
-1056.606368
-781.8670114
-899.4543775
-347.9458032
-858.9780947
-1640.14212
-929.9677772
-663.606623
-1347.90678
-772.7940695
-755.1796129
-726.3594046
-547.4024922
-1000.401519
-1269.53545
-1199.65057
-2335.971609
-496.048045
-473.8511154
-1173.901658
-724.2223029
-2260.449686
