      1.05110547      1.106533712     0.9252990674      1.010601117                1     0.9803104844     0.7605186851     0.5830082733     0.9092709431      1.717534034     0.8762147944      1.935245869       0.90638969      2.175093264      2.448583053      8.080809487      4.241174516      3.794060284      1.834784763      1.763966167      1.011882682      1.845878383      1.430150288      1.188630357     0.5642732764     0.8728186702      1.381000612 
     1.101675375     0.9988934689      1.348367394      1.516375117                1     0.6388328281     0.4516451448     0.6385206431     0.3470227212     0.1805156651     0.3057722881     0.2155696331     0.2483295403     0.1379914465     0.2441983024     0.1919461426     0.1496883405     0.1374476393    0.09760423918    0.04031065832    0.03304875533    0.01562125344    0.02136644903    0.01293970464    0.01980390098   0.004530520936   0.004293352682 
     1.016817148     0.6074770563      0.569257978     0.4829883281                1     0.7707630703      0.580245686     0.7063375973      0.640274787     0.7744149166     0.8822756868     0.3662956262     0.4206551051     0.2933126271     0.1933239911     0.2041436042     0.1993036862    0.09147517937     0.1018891756    0.07078265409     0.1410507783     0.0814401125    0.05395120688    0.09611222755     0.0204180738    0.01683406448    0.02435327547 
     1.016188563      1.318828829      1.507295257     0.9045558594                1     0.6599021563     0.5420671606     0.5880389492      0.735838213     0.6019635428     0.3507531858     0.3349421814     0.3322010383     0.2352969996     0.1177848877    0.08877055246     0.0756573846    0.07394381281     0.0350226671    0.02656376042    0.02661213429    0.03820320002    0.01550810538   0.008911691774    0.02102136579    0.01809541495    0.01587568913 
    0.3816518643     0.7068313342     0.7634406003      1.220129859                1      1.099850234     0.7680565645     0.9136963673     0.7962000139     0.7257048081     0.5372733975     0.4150678108     0.3721714978     0.3018038728     0.8630415195      0.316784093     0.3404197606     0.1372685307     0.1912446886     0.2905681841      0.301558728     0.1370003694      0.735146129      0.342290978     0.1990347183     0.1883054161    0.06990409562 
    0.8544703447      1.119210318      0.563239748     0.8747031719                1     0.8517473672     0.5117842688      0.479244864     0.6429841859     0.4180374026     0.3283226272     0.4665114804      0.318151238     0.2551570461     0.2675465292     0.1184143435     0.1480036168    0.07462192005    0.05746382878    0.05571000527    0.07544762872    0.04037764931    0.07039997778    0.09224382156    0.09022995664     0.2664583957    0.03441793754 
    0.8970597094       1.24506369     0.8947315095      1.229818828                1     0.5751239375     0.4731316528     0.2965362295      0.270454901     0.3263570381     0.3548881108     0.3641011335     0.1942292513     0.1721347537    0.03038987043     0.0346262026    0.02601546074    0.02202179523    0.01513201862    0.01216251114    0.01360087878   0.009632388213    0.02150060902    0.01532947642    0.02386521506    0.01564093752    0.01328406257 
     1.146732139      1.075655602      1.508031732     0.9517932031                1      1.042881578      0.728942153      1.361494058     0.9410298918      1.012739813     0.5989812485      1.028792966      1.483192282      1.194674758      1.043439241      0.498229557     0.7945655572     0.3037721027     0.2349051361     0.3476149323     0.6887897147     0.4080029169      1.657278452     0.4618873263     0.6176534683     0.6363618749     0.3804172668 
    0.7186374816     0.6966013115       1.26786069      1.046828516                1     0.9896982031     0.9739083228     0.7534947618     0.5408884627     0.3919138164     0.3382310119     0.3938597397     0.1123805178     0.0680092927    0.08194657442    0.04382805364     0.1053506645    0.02810858024    0.04050010873    0.05766728624    0.07017313452    0.02286561008    0.04062619848    0.02063788457    0.02750152915    0.02212326778     0.0824909138 
    0.9774882626      6.092341849       7.43055861      1.226394422                1      1.356546437      1.098620722      1.591339663      1.962771742      2.121516899      1.442304653      1.212688338      1.003540408      1.022171921      1.214769204      1.847816139     0.3128830222     0.5774326286     0.2870746173    0.09468289535    0.08538447969    0.06701081362    0.06475271934     0.1135653279    0.08351192151    0.03741457088    0.04756826242 
    0.3669694767      0.576628901     0.8946592856     0.9805500781                1      1.126325375      0.961516397     0.6282345092     0.5656808294     0.8103114559     0.5941102296      1.083139941     0.8106204572     0.4259302684     0.8189763797     0.6752344733      1.327770511      1.013033159      1.239229616      1.486926347      5.468671111     0.7705620416      3.109099765     0.4081109923     0.1231381309    0.04882906544     0.1092000012 
     1.338612189      1.321671449      1.242746983      1.167297359                1      1.429586031      1.308487987     0.8617473413      3.001178072      1.961000899     0.9280319309      1.024688871      1.750086148      2.061701057      1.249255508        1.6808309      3.326356529     0.9076187084      1.078340389      1.307010505     0.6998862089     0.8073874484     0.5966154111      1.693550572     0.6991380121     0.3075754172     0.3830967797 
    0.7963088629     0.8694311985      1.797327424      1.373203367                1      1.095105562      1.267436193       1.02097543      1.604870338      1.255975145     0.7555195687     0.4465911346     0.3914814705     0.8740107615        2.5136493     0.4998709068      0.424320629     0.4622865287     0.2964797412     0.2296819087     0.1539198143     0.2889017906     0.2977440525     0.1500166486     0.1482027308    0.03407433184    0.03852693826 
     1.052788841     0.8824779915     0.5316977588      1.240817266                1      1.319649305      1.206520153       2.42097931       1.89594254      1.502358236     0.5363253831     0.5630034354     0.5053766328     0.3133206403     0.6313855216      2.523678188      1.396019369      1.114470418     0.3012583373     0.2909419042     0.1309864033       0.13036883     0.1489843326     0.1455862779    0.09509032102    0.04888458688    0.09265321248 
    0.8148982411      1.235419337      1.048528311     0.7107712109                1      1.374135906      1.731142145      1.363432715      0.736702019      1.249092611      1.314621802      1.558395733     0.8851793289     0.8321796391     0.4793956194     0.4468983949     0.5358818967     0.3033965766     0.5298402008     0.3531422369     0.2746356814     0.2536224363     0.1139421736    0.07658966162    0.07658405242     0.1120621589     0.2003231209 
      1.84897944     0.9328936266      1.024202392      1.138819734                1     0.6919175469     0.8624740459       1.28719924      0.671856462      1.247750176     0.6912099285     0.6011737289     0.5963934345     0.3172355693     0.2831285693     0.2292627706     0.2239413627     0.1542442335     0.1003879458    0.06716368264    0.07248552766     0.0785766309    0.06750582614     0.1575549633    0.05300262366    0.04328625194    0.06541232585 
     1.597740755      1.110282338      1.158176201      1.071186734                1      1.033477109     0.6809974111     0.4201349258      0.439103355      0.642961334     0.6579530326      1.009774525     0.5964585469     0.6959898294     0.6504112327     0.5158292634     0.2851673814     0.1556195272     0.2318739779    0.09404383516     0.2005374482     0.8626132686       0.65479536     0.4841098693     0.4293269002    0.07774629216     0.1259624451 
     1.420971259     0.9538861986      1.125498544     0.8758885156                1      1.439926086     0.6340214893     0.8522641594     0.5080699558      1.057447151     0.9095453083      0.499652595     0.3191960342     0.2798227225     0.2255642424     0.2211252288     0.1175299388     0.1278685879    0.05344753212    0.05505274675    0.09068231342    0.04907446046    0.09559900965     0.2575017376     0.1853106798    0.05129593386    0.07520936278 
       1.1753432      1.214132787      1.880811616      1.314057609                1      0.925715625      2.374786024      1.442105227     0.7570761817     0.8834468504     0.9708451391     0.3622783526      0.469289429      0.191514287     0.2659449956     0.4363744022     0.1204613788     0.1581095951    0.05912820895     0.1160769493    0.05193145976    0.04749208168    0.08528225058    0.03339565145    0.05322433938     0.1747453167    0.08422194462 
     2.085866662      1.551201031      1.920905683      1.178452781                1       1.13462318     0.9756933564      1.167829901      1.703687217      1.194987308      1.271023507      1.355432102     0.6463862505     0.5438534847     0.2756131361     0.3867856236     0.2468858862     0.2592815969    0.08695915907     0.1550589847    0.09341060028     0.1234180871    0.07413158379    0.06113603095    0.06464199103    0.02633749513    0.02590658635 
     1.065099026      1.026610945      1.201302543     0.6685458281                1     0.8214562734      0.858594812      1.101639105     0.6749889644     0.4440116846     0.2866833753     0.2291755499     0.2690400895     0.0647189921    0.07592552499    0.04486859501     0.0457861812    0.04030163848    0.01538123034    0.01313562097    0.01457852845   0.008533448764     0.0112566172    0.01656316839    0.01096401263    0.02535015781   0.008155516877 
    0.9042200999      1.129014477     0.8619948013     0.7596428125                1     0.6942741328     0.6859232942     0.9939440359     0.7448522458     0.7506900139     0.2995310963     0.6560574786     0.5993560201     0.5475335806     0.4730534619     0.2662102911     0.1167004162     0.1939200224    0.09183387285    0.07121694712     0.1506066622     0.1565622755    0.08032114053     0.0643905117    0.05359872469    0.06006864517     0.1301550631 
     1.016290715       1.31252273     0.9472526982       1.57784243                1     0.8164483359     0.6761424399     0.3408897047     0.1778743482     0.2050768252     0.2763697277     0.2682925092     0.2112398022     0.1518714138     0.1345806552     0.1606929163    0.07032255802    0.05697949494    0.02628638339    0.01194392462     0.0121933711    0.02122541777   0.005527790441   0.006044115783   0.003928280311   0.002940186209    0.00352614429 
      1.09296812       0.90579663      1.199524898      1.437710375                1     0.9794194297      1.244429607      1.026477314     0.8861823888      1.019510482     0.6806415085     0.4719878638     0.5630068133     0.4035254327     0.2671797575     0.7662860645     0.2155645017     0.3473067972     0.2002374267      0.200193673     0.3378240216     0.2342695695     0.8566143162      1.226998582     0.7638193845     0.7437504183      1.412305049 
    0.4753037063     0.7473818694     0.7962277048        0.9349185                1     0.8835822266     0.9566112908     0.6024741758     0.6094702774     0.4177439101     0.4648275857     0.3118435444     0.2064290921    0.09923732644     0.1037788672     0.1853924715     0.4256721441     0.6525213218     0.2250946708     0.2373533629     0.1680288622     0.2726290095     0.2047209399     0.3258458877     0.2833125716     0.5004986899    0.07169970415 
    0.9977473152      1.109703556     0.8906711699     0.8360071328                1      1.317777523      1.128491748       1.39620105     0.7899949371      0.370225298     0.3367601238     0.1998035114     0.1575355403     0.1094356258     0.1026528726     0.2117831225     0.1302182331     0.3578397287      0.280113243     0.1747793444     0.3720465121     0.3551316864     0.2680837823      0.114511031     0.1080714014     0.1440165341     0.7683119585 
      1.34185675      1.034081949     0.8286253716      1.163938117                1     0.5741192969     0.5351129199     0.6295913278     0.8652243313     0.5097534443     0.2474031239     0.4661850886     0.2666678456     0.3533431832     0.2309638996     0.1400638309     0.2255577171     0.1742120495     0.1351262066     0.1234217982    0.07720934182    0.04293616007    0.06413901738    0.05370523819     0.0283734563    0.05145414109    0.08722454357 
      2.24062633      1.095359929      0.996406584      1.490888258                1     0.8932133594     0.6981075254     0.7620336041     0.4274058993     0.8343031821     0.3592557185       1.80362444     0.5982886466     0.3401132555     0.3104688128     0.1338996454      0.239644699     0.1853357009     0.1065899209     0.1953591817    0.06394832509     0.1582792487     0.1488740952     0.1885035392    0.04761421354    0.03502207539    0.04936849917 
    0.6653399067     0.5129734324     0.6394906924     0.4352368047                1     0.6399340781     0.6722181108      0.636681119     0.9343183773     0.8385883836      1.838835459      2.092849726      1.972350879     0.8118048477      1.248752469     0.6702915283     0.3413116844     0.6747364403     0.3097279224     0.1886942581     0.1148424154     0.1020093408     0.2178627915     0.2612536784     0.1146875342    0.05787258132     0.1175480293 
    0.6313695861     0.7505803564      1.028128105      1.201705531                1     0.8709585859     0.9514705548      1.574073294      1.082427486     0.8485487908     0.8157452173      1.482100646     0.8068176472     0.8421114914     0.4876251578     0.3971279718     0.3322893925     0.3193188651     0.0885781334     0.1975829628     0.1274622721     0.5103364194     0.4211367321     0.1110989296    0.02100275304    0.02801178955    0.01708133408 
     1.201515718      1.541688902       1.45408154      1.606151187                1      1.301686211      1.031854082     0.4249629249     0.5659104311     0.2832736081     0.3248885062     0.1917551055      0.136273658     0.2034040243      0.144690141      0.061628854     0.1108244445     0.1117495206     0.1212847244    0.07588399579    0.04020707785    0.04672197416    0.03598856356     0.0227786909    0.04644793119    0.02643951042    0.03303605822 
     1.550148384      1.277511782      1.197803959      1.099360578                1      1.605413227      1.704653117      1.472649336      2.217839924      2.502011707      2.530293836       1.64941197      1.317198977      1.186478451      1.460244953     0.8827674202     0.8563623832     0.5410794298      1.762232743      1.118151756     0.6365517345     0.9752612119     0.4728499207     0.3540121158     0.1892524313    0.07618988058    0.04171445454 
     2.459510311      3.183116935      1.509566206     0.9580698906                1     0.5181091875     0.4149726414     0.7115870955     0.4819494737     0.2444465539     0.3073804049     0.2180528251     0.1544706271     0.1885867624     0.2432875689    0.06750967487    0.08835897631    0.06953373526     0.1958615416      1.078708072     0.4995477015     0.1708091014    0.09222490913    0.01095140134    0.01374689021    0.01805799845    0.01018585573 
     1.130614031      1.362479194      1.325637391      1.053758789                1      1.424977852       1.00318961      1.070346095      1.047591134      1.371934562     0.6842863447     0.7378223988     0.6499398767     0.4467472605      0.422859628     0.4272127315     0.6193545413     0.1670725461     0.1322691459     0.2913734536      1.766824345     0.7815194492     0.1029592634    0.09914440733      0.101868694     0.3268927402     0.1084991278 
    0.9757867618     0.7663611573     0.5877506982     0.5895309219                1     0.7871895547      0.693616813      1.095780277     0.6158831151     0.4409573019     0.4807415594     0.1797568591     0.3415430911     0.2686832806     0.4387366552     0.4134671706     0.3736089855     0.5336916513      1.521644013     0.2495835453      0.961741489     0.4591776213     0.3727403578     0.3615679892     0.3404876281     0.2026925003     0.1002199796 
    0.9753582671      1.061331243     0.9833472461     0.9488260234                1     0.8792443203     0.5283854858     0.5708203469     0.4494431457     0.3849388999     0.6791960737      1.776882595     0.7447039814     0.3114762896     0.2773741331    0.05277904058    0.03917618957    0.02348431326    0.03902290104    0.01736651077    0.03042536607    0.04299663938    0.02242445736    0.02888738604    0.03917515064    0.02618699113    0.02759275661 
     1.128919429      1.132746996     0.7929294873      1.177975758                1      1.003479688     0.6451115454     0.5018656137     0.4719121602     0.5610395939     0.4978741618     0.5935827451     0.7810881987     0.3541744905         0.234329     0.2278215719     0.7578582851     0.2505163278     0.9073038503     0.1520586762     0.1843690357     0.2827970497     0.2034475011      0.222368111     0.1739940265      1.125566411      1.239038512 
     1.250374834      1.205169498     0.6794285933      1.269064492                1      1.072325148     0.9812291978      1.149710631      1.327409035      1.146979531      2.094499565      1.655663098     0.7951662663     0.4601780896     0.3149659294      0.201476605     0.2516041144     0.5381303803     0.2455763473    0.05305278654     0.3535638011    0.05629294593     0.1078810262    0.05276071047     0.1354003465    0.05423353401     0.2290709504 
     1.420005202      1.102219451     0.8740187764     0.8044183281                1     0.6696416328     0.7414547742     0.6257134105     0.5430035117     0.4896804582       0.66384329      1.504341936      2.107270511      1.801200012      4.562902378      4.041311269      5.418788295     0.3215712524     0.2373046777     0.1457289342      0.102663892     0.1106649512    0.05464377915    0.02790695321    0.04539082858     0.0213679114    0.01866921856 
     2.198578949      1.134192831     0.9574722012     0.9610659922                1      1.088299516     0.6619900181     0.4087838714     0.6233908848      1.095843278     0.4833418886     0.6583204907      1.927014154      1.283569518      1.347414077     0.4787889035      1.007325055     0.1255687324    0.06196931658    0.03634618739     0.0902291184    0.02014135747   0.007364206654    0.01208803588    0.01468801277     0.1150523649    0.02520156067 
    0.8644518349     0.8627965483     0.8536107026     0.8503160781                1     0.7164295781      1.000652719     0.6968999863     0.5003531835     0.7102170703     0.7713710339     0.3330889528       0.17390345     0.2215876567     0.1914594079     0.1672694748     0.1040784962    0.06465541649    0.06631514084    0.03249901374    0.01519402646    0.02049961977    0.01065639958    0.00900884526   0.008544884586   0.007425130546   0.009793105147 
     1.169981515     0.9304043181      1.248117656       1.59324893                1     0.8893540547      0.750298168     0.7945294781      1.224016098      1.746442672     0.6665208325     0.9676512447     0.7520263404     0.6843444869     0.9408724814      0.578176709     0.1861364206    0.09264334686     0.1555494055      0.175374595    0.07724289281    0.09236904343     0.0665166418    0.06942208143    0.02522578095    0.01811943906   0.005445730179 
    0.4533665112     0.6410528081     0.4735773086     0.6164908594                1     0.6138910313     0.7203212251      1.009758942     0.4725233661     0.3834243718        1.1837882      1.472012786      1.829026989       1.70405067     0.9014533155     0.7949995128     0.4202120568     0.3177977188     0.1767757248     0.1921373168     0.1331279666     0.1670839341     0.4156404841     0.1647643421    0.06147187312    0.04136288984    0.09421549488 
     2.041867802      2.479095901      1.305348289      1.305492016                1     0.7592660938     0.5827156487     0.4973367719     0.5971402644     0.3173385194     0.6073345866     0.2576932408     0.1882180009     0.2423227745     0.2000574111     0.2274768988     0.2172768775     0.1220934865    0.08808587843     0.1539100403     0.3557585333     0.1822151874     0.1606352409    0.06503519348     0.1937886256    0.07955080602    0.03173675398 
     1.382536114      1.192019185     0.8805790957      1.173680289                1      1.242822992      1.005281816      1.120620277      1.156329072        2.0265134      1.142221971      1.657038277      1.248769509      1.506628646      1.624040499      1.979393561      1.505735273     0.5974066976     0.4326573706     0.4399456024     0.2839031169     0.1944887537     0.1953167966      0.218252057    0.09470671908     0.1557667714     0.1179386977 
    0.5693850158     0.7803250015      1.232454424      1.384517633                1      1.394713953      1.462054952     0.6233458688      1.056387044      0.314733281     0.3313176831     0.3253797284     0.3491722833      0.262123216     0.2260375098     0.4975081943     0.5744693651     0.3414012037     0.3640382574     0.2735268717     0.1817382381     0.2343453295     0.2071473169     0.2519218593     0.3591819162     0.8065847848     0.7298065379 
    0.8129414405     0.8677523359      0.587022541     0.8604727422                1     0.8059002734     0.7022985107     0.4465679207     0.3816286212     0.6428424532     0.5689661663     0.8511597629     0.3977403116      0.581425674     0.8362697787     0.3046708338     0.1176412121     0.1617850758    0.05199134885    0.04431399088    0.01555440007    0.02492088795    0.05146738655    0.06790554213    0.07487418901     0.1081835333     0.1230817274 
     2.952196061     0.8051552493     0.5068912659     0.7895564766                1      1.236695578       1.18327335     0.8648893914      0.832317104     0.7639732726     0.2781266286     0.2965709869     0.2882371948      0.100757236     0.1159976884      0.132951878     0.1479237368    0.06690220589    0.05079624003    0.03967750021    0.03328754373    0.09691748212    0.03961334258    0.02366909391    0.03590464346    0.01158658243    0.02006948055 
     1.542478733      1.130946201      1.067161559      1.327051563                1      1.134792648       1.73889813      1.779490029     0.7756932475      1.046824901      1.059800251     0.4850409502     0.5362029528     0.5199558097     0.6027522794     0.3178050813     0.2412316275     0.2493976303     0.1415306591    0.08437945314    0.08523450437    0.04186193427    0.01606759366    0.02941442026   0.009755974608   0.009925617643    0.01357503944 
    0.3503486774     0.5636207041     0.7083419331     0.8408038125                1     0.5565728047     0.7166903068      1.057932442     0.7794341004     0.5579990888     0.7959417876      1.171608111      1.504355965     0.6246226624     0.7891520347     0.4186171574     0.2506847097     0.2049126281     0.2266092538     0.1940072152     0.3345217915      0.179044456     0.1321138546      0.090201234     0.1231064314     0.1260000722     0.0519124708 
     1.337943974     0.9073597063      1.029076184      1.472954586                1     0.8733603906     0.7800699141      0.962946688     0.7166236439     0.5538844214      1.039204266      1.219631391     0.7819756808     0.4583913645     0.3036195522     0.3530057728     0.1826865548     0.1664057916     0.1878452022      0.440275698     0.5252295397     0.5377761767     0.3218297653     0.2541316514     0.2813872681     0.5905446597      1.634077211 
     1.733807988      1.555628877      2.493572302      1.300534477                1     0.6303309922     0.6374841233     0.7121541367     0.8936482883     0.7392712873     0.7713875338     0.9900984371     0.7629283122     0.8385683249     0.4922863706      0.396193614     0.1315064233     0.1409995948    0.08261570246    0.06925426745    0.02610824775    0.01722817568    0.02648897688   0.009458876782    0.02571411269    0.01757727828    0.01070347321 
     4.952073748      1.365371735      1.580061252      1.677119828                1     0.8437715625     0.5417148921     0.4363136753     0.6974547268     0.5766443572     0.3947737563     0.3266217736     0.3128714251    0.09138326272     0.1659238367       0.11775478     0.1032637121    0.02829391133    0.05997481432     0.1155641063    0.08474952085     0.0157289941    0.01694127367    0.01488205875    0.01098228072    0.01341632545    0.01177758271 
     1.041015007     0.6967758945     0.8773973164     0.6754231875                1     0.7706367031     0.5061881814     0.4026802332     0.1908037803     0.1978761291     0.1585182017     0.1412905194     0.1039185977     0.1393642369     0.1205145335    0.08621666117    0.05675851904    0.07344598827    0.05579672485    0.02970680126    0.04038354108    0.01491210352    0.01538440387    0.02822711655    0.02457511522    0.01046220749    0.01470568619 
     1.627616748       3.51917111      1.772078019      1.065758758                1     0.7575612891     0.9306867573     0.5350078793     0.2875426138     0.4950003565     0.3770967858     0.3865296101     0.5574754301     0.2454957459      0.680037294     0.3932604305     0.1295515348    0.08262151611    0.06957423836    0.02773509969    0.03638297937    0.02440925102    0.02959429203    0.03232309862    0.02475375481    0.01555688306    0.02585415224 
     1.326863227      1.186352813     0.9227450205      1.613930031                1       1.14154625     0.7956894199     0.6326303702     0.3715801033      0.397736052     0.3044692161     0.3541593636     0.2661964763     0.1349384473     0.9372433049       0.28787725     0.1928960003     0.2325676335      1.813012577     0.8190351913      3.703409634      14.80460699      2.974467738      2.430134379     0.2124022923     0.1707362065    0.03390628138 
     1.650036904      1.917921862      2.056061628      1.079554352                1     0.9041701094      1.426029396      1.386362976      0.980232744     0.8833118265     0.7834753959     0.5730520183     0.5613437195     0.3710927875     0.1876340783     0.1183617768     0.1264564376     0.1890378251    0.09947551575    0.09567715853    0.04714120445    0.09742667423    0.05825045263    0.02575825048    0.03564349987    0.01131721572   0.004936674751 
     1.391787863     0.9323665297      1.042781763      1.063155437                1     0.8662026875      1.209776659     0.6552713133     0.5050560594     0.7355681318     0.6735462597     0.5363306408     0.5678178764     0.6507531788     0.2724946911     0.4406164406     0.3693484802     0.1867325682     0.2113458232     0.4934276885     0.1646790017     0.1271566029    0.06538674807     0.1102114804      0.207516493     0.2300165761     0.2363964953 
    0.6478236151      1.667186726     0.8270266729       1.13572168                1     0.7936107969     0.7702061946     0.8946486995     0.7000710434      0.687334498      1.022743583      1.017425318      1.950251789      0.542186062     0.9021823592     0.2858279149     0.2114654916     0.3839509983     0.2881618385     0.1724946694     0.1469157102     0.2658430782     0.1722861021     0.1704224619     0.3260839992     0.1440662673     0.8661722296 
     1.734345082      1.417017538      2.722079146     0.5874925781                1     0.6407532578     0.5352983092     0.6174775603     0.5880261565     0.9429056551     0.3961778358      1.046957441     0.7940871015      0.561832158     0.5006601266     0.2890729961      0.236230511     0.2088026051     0.1985868071     0.1699243603    0.09439263616    0.03729200473    0.04923982561     0.0368587269    0.02880436244    0.02328104654     0.0155322673 
     1.877617541      1.982206611      1.482034024     0.9639192344                1     0.7816113984        2.0405315      1.325938477      1.546894866     0.9523209224     0.5475779129     0.8209930393      1.065509931     0.6276164268     0.7295567048      1.171069904      2.026200971       3.55053626      1.336549463      2.902556215     0.5454052264      2.121842211      3.003143148      2.827380402      1.911969601      2.245120195      3.553530956 
     1.336624454      2.270104496      1.487332809      1.288009953                1     0.9587941016      1.279861186      1.127309656      1.040504112       1.36032237     0.7740951375      1.049368007      2.678871191       2.61266663      2.864639725      2.174652638      2.310001373      0.419284516    0.09855136212     0.1084814306    0.09513027176    0.05367184934    0.06328554898    0.04072314893    0.01645776321    0.01340528166    0.01209925865 
     3.250383292      3.361653308      2.658479308      1.869422992                1      1.260992664         0.889075     0.4565166961      0.525247018     0.6242827845     0.2303326636     0.4159462618     0.3545029266      0.455887782     0.3078548881    0.08804039777    0.08121523511     0.1080511862     0.1660714026    0.07172089275    0.07617734125    0.06267552122     0.1248595542     0.1212755932       1.13087847     0.2261440953     0.3901968929 
    0.7171611447     0.8484994091     0.8986973181     0.7788805703                1     0.9696847188      1.196253865      1.127356171     0.8230743953      1.314591727       0.88563429     0.5769183574      0.387683335     0.4272034944     0.3023507706     0.1659799324    0.07983392696     0.2958151241    0.08332029886    0.06161045215     0.0266392975    0.06988912799    0.08589660789    0.05690758634    0.01577573639   0.008254930841    0.01204781682 
     0.677283027     0.9979342964     0.7933617739      1.139786773                1     0.9901231797      1.307508849      0.838953364     0.8234627283     0.6688683747     0.4241180018     0.3825253131     0.2352686667     0.3869774211     0.3823372556     0.2198634487     0.1108130133     0.1340681067     0.1096355443    0.05429952997     0.0823591528    0.03616494616    0.04833096496    0.03815063314    0.03268626032    0.02346426078    0.01502171458 
     1.695450701      1.323782988     0.9815206924     0.8702812891                1     0.7882233437      0.718638514      0.405351672     0.2850244462      0.404758005     0.7996610684      1.060037846     0.1282636805    0.08511313962    0.05491186568    0.04290327998     0.0713974874     0.0373594069    0.07544907972    0.01552054014    0.00748441589   0.003711031666   0.004836542427   0.003307929681   0.002811917777    0.00283365075   0.001669991984 
    0.9226151108     0.6246564182      1.340681012      1.121911984                1      1.237247656      1.375138824      1.955189931      3.856244108     0.8850747411     0.9182648997     0.1813308297     0.2124459372    0.09740320686     0.3030102315     0.1574919871     0.1259385474    0.06482135777    0.07881705387     0.1739260831     0.1263957178     0.2768709747     0.3294527263      0.330126023     0.6164913749      0.563984723     0.1753641133 
     1.630670957      2.342210273        1.6337286      1.165170922                1      1.139091289     0.8282835261     0.5756075643     0.4181789447     0.2868043092     0.2548843781     0.1868407829     0.1674192893     0.5710562005     0.2447773581     0.1843322632    0.07855635481      0.046454679    0.03137762052    0.01622139168    0.02581211386    0.03030117864    0.04886237874    0.04760642287    0.03983230076    0.03408853116    0.01141720158 
