252
556
616
765
1132
1040
1280
1273
947
179
1404
1018
665
1149
516
526
329
725
219
1343
1242
1040
1340
1278
452
939
1060
669
414
1348
276
130
660
117
1382
416
656
1223
189
1136
40
92
721
672
1376
856
793
1313
393
978
1008
488
1122
1280
214
208
200
155
36
1269
659
34
1253
348
303
1060
1289
1267
1291
567
1345
669
1160
841
1301
459
163
196
944
42
56
1363
465
434
1105
132
1328
132
1319
432
1373
760
440
308
500
960
484
1351
176
106
790
444
1155
500
1015
475
1270
1228
1393
376
794
1081
829
135
1253
741
351
225
676
808
368
227
349
952
579
1387
111
1352
218
1032
841
656
745
766
1301
1033
26
644
592
684
412
855
955
1332
504
1282
1367
822
491
1205
1134
614
423
24
373
1395
1035
856
701
734
529
1130
624
620
1157
380
1022
594
243
26
735
531
572
849
119
726
313
1174
507
16
41
943
392
1368
1040
1011
702
239
1248
583
11
99
1144
1117
377
812
225
227
1039
1179
1154
626
711
324
556
364
408
25
1240
856
496
1010
401
83
941
1044
12
633
384
124
578
880
464
311
186
1293
1297
4
998
1347
526
1008
1382
1194
1159
763
719
572
1224
57
846
680
1367
1056
47
628
276
1045
1260
827
172
1004
458
1037
627
1309
55
578
883
642
1176
297
577
436
808
612
1382
34
155
1100
845
412
1228
860
62
539
733
1317
1222
565
130
455
804
36
164
1253
917
556
670
917
357
578
483
876
739
1
941
628
1129
762
1180
336
1221
1170
481
1028
569
978
176
1315
1172
489
74
887
793
513
711
444
1057
622
1169
1117
953
65
660
213
1315
1103
1096
711
858
119
1404
563
498
62
766
284
1150
1163
800
1367
119
533
448
657
148
675
868
335
209
1162
219
1306
458
1351
1272
772
292
1301
1328
1100
273
428
1397
940
833
148
766
491
395
1376
845
522
1282
27
667
1367
499
1316
201
645
576
1026
499
1293
130
1073
929
974
352
1252
819
933
108
722
472
1166
788
731
522
412
567
1104
973
1300
1245
876
504
245
328
967
421
273
49
512
782
72
1272
412
628
124
1176
405
306
212
333
376
423
1070
1119
258
739
865
982
1194
819
915
869
433
170
143
930
1328
649
1229
968
229
1001
206
62
1037
1236
398
1391
670
770
712
712
664
1397
305
1235
179
947
1297
1404
455
837
366
1018
1393
223
347
936
484
357
1246
152
1135
509
1050
222
92
1199
989
394
47
1345
217
572
1349
192
1355
544
716
511
1271
1200
8
1127
615
1037
1059
817
286
828
1392
959
1353
863
498
445
1032
216
632
447
512
837
492
557
339
880
21
1255
920
818
878
425
453
657
440
559
327
1070
1175
49
884
488
1094
428
788
1293
710
629
1018
1181
96
846
488
467
445
190
616
592
129
1102
1253
815
106
454
144
442
681
715
321
1014
838
559
281
1367
1220
134
689
793
19
1382
914
1229
325
907
1265
724
56
1028
1403
1365
1376
798
869
35
23
430
642
1385
1248
715
1147
404
84
627
1055
990
1338
931
231
1059
742
603
107
549
334
774
156
1240
1196
455
680
569
1040
55
531
1313
1173
1139
905
559
597
1022
1265
692
307
955
829
480
285
533
183
312
21
54
536
722
246
716
640
684
934
258
394
1271
132
1347
890
760
1196
1342
227
795
833
913
925
924
502
1369
60
811
1150
658
143
1397
524
629
934
1334
94
356
1058
1218
1249
1053
616
1335
329
1053
646
18
1321
794
1271
1347
972
467
153
1363
838
583
839
404
1178
1288
1167
507
643
470
1241
124
1050
941
779
368
647
649
1188
585
113
1292
350
337
1364
1125
1291
957
80
712
793
156
302
253
994
113
1137
1265
1369
1374
627
828
1166
990
968
507
882
1152
670
762
216
1260
264
1286
873
856
939
887
489
105
7
357
956
765
793
1130
742
358
1178
526
234
934
509
1022
1236
212
80
941
1001
1391
1000
1166
837
850
1143
898
1227
595
1332
1399
717
502
968
112
808
621
1203
476
647
749
507
251
1212
804
613
1311
1332
913
1161
1199
675
1378
1092
1278
583
339
700
1054
1321
592
609
1062
692
158
299
272
1388
122
3
555
393
779
72
761
537
429
705
791
693
437
904
98
800
734
746
345
310
1128
1357
1202
1158
986
427
508
256
1122
347
1249
221
1264
715
745
1178
1306
524
1004
227
824
353
461
969
148
804
414
98
566
983
222
964
228
304
755
1320
1248
1134
0
198
1247
673
723
1078
1366
1191
745
935
1357
339
12
811
392
806
350
434
1130
182
863
453
763
1092
377
1053
582
238
307
680
226
703
115
508
746
246
688
362
1064
603
1352
1002
1155
300
48
5
1172
1256
806
564
122
537
1333
523
488
534
718
238
715
820
1204
672
947
1145
406
1337
611
1183
1241
572
1219
1262
206
368
430
1392
757
865
92
867
601
453
457
620
1177
1036
1338
969
1361
102
1070
178
964
539
384
863
661
45
1312
273
109
897
90
287
271
416
1084
1051
704
576
397
219
896
1360
271
1020
684
429
357
18
363
605
1333
572
1165
698
227
1199
447
388
1040
1191
207
409
76
692
1315
943
1167
984
1237
90
1133
576
808
1281
684
1196
177
10
1256
504
1381
1077
658
226
439
253
358
1387
966
196
887
900
310
736
850
62
454
672
992
45
190
1123
1333
814
1019
1283
808
1174
949
1356
384
990
736
1402
658
80
455
1193
881
1129
742
607
1319
358
84
1200
743
7
124
495
1237
737
1254
1123
374
782
357
779
1053
986
751
866
874
1050
572
836
608
1220
1182
802
0
1372
956
964
1123
603
393
501
350
1005
878
947
873
969
174
1157
125
815
705
471
1274
329
716
1225
1389
757
575
618
416
283
569
672
141
929
910
121
907
144
897
323
1357
475
1313
1372
1015
1337
427
346
248
681
196
570
1060
112
1145
569
1023
217
782
278
556
568
1161
791
1363
218
1075
1266
533
1207
1166
7
490
780
953
1302
833
135
1067
255
619
492
1076
1274
304
1332
1064
105
283
1180
710
922
1309
1205
172
1127
287
860
846
1037
1132
1003
158
1075
168
986
538
273
1268
56
853
50
856
636
1157
1274
856
314
311
309
64
998
110
1164
1079
429
561
477
1385
964
164
492
1010
560
1262
234
1140
1182
651
259
182
1306
448
189
1123
315
276
319
272
638
88
260
803
829
186
213
448
747
319
107
915
0
1112
538
842
353
26
20
1168
1334
601
687
931
311
568
188
1036
776
773
314
907
37
777
1156
860
638
780
773
1144
515
1157
1106
20
617
486
544
867
887
20
515
512
709
374
1361
333
799
999
237
239
1112
1212
223
1105
89
860
764
780
305
1302
1110
272
1144
990
1173
11
44
1143
257
239
549
831
955
747
239
1172
528
398
398
410
741
720
471
1226
19
3
466
168
32
887
430
836
493
657
92
127
20
455
775
734
223
1149
1084
1025
1128
773
1158
545
1311
449
1088
1130
1272
261
76
1407
902
468
475
32
838
233
512
781
201
614
1182
176
461
1374
761
1315
185
1072
621
492
562
927
824
1214
1145
878
1323
151
1216
541
93
254
1236
451
1385
1160
222
652
315
626
7
1145
498
1193
153
863
562
1067
1309
789
62
1005
787
1065
216
612
512
1043
724
98
1219
1150
1088
725
1210
589
24
403
451
1312
1185
894
1206
681
140
1123
162
1157
483
177
59
452
363
672
166
439
907
1165
1081
224
1240
868
1213
10
842
1169
747
1302
190
987
16
242
1161
453
621
80
624
1038
868
46
1011
1343
633
363
326
440
793
1017
122
9
181
750
1027
849
449
159
755
410
762
254
1002
430
671
1179
754
1271
171
601
327
991
590
215
1119
248
379
1334
1361
564
763
671
335
1309
220
1118
94
373
955
52
487
1199
1081
137
181
984
1116
1009
1227
956
215
181
1202
1218
671
471
856
1318
998
817
614
1026
811
286
499
282
1337
633
1377
1084
123
781
357
425
237
172
1132
1054
1018
1158
332
238
1171
1154
196
732
149
316
296
870
1379
432
617
1166
1172
527
597
512
475
691
1072
1009
528
1043
451
1286
18
755
833
299
619
1295
688
1275
1030
1241
428
635
458
764
511
208
958
903
856
831
404
603
389
926
1166
1236
556
1225
247
517
1107
181
809
1132
211
164
896
242
992
1304
754
180
353
1217
927
1171
629
1356
750
670
1383
819
1208
1207
938
1309
1038
856
414
922
249
1343
707
969
782
210
397
405
304
1180
784
248
795
938
547
1081
660
1275
994
415
266
1109
627
160
408
603
732
603
50
744
679
958
101
643
102
303
305
260
331
1251
643
1262
810
539
416
558
853
545
836
76
163
270
1404
1398
929
1338
1
1153
1042
987
8
418
1301
781
469
496
707
1258
926
217
203
196
292
1282
603
204
76
1028
855
700
256
1319
1116
1309
635
1011
1095
266
1008
1037
1089
1255
1351
849
96
123
704
305
1027
1188
583
1129
756
1262
203
738
1310
527
1072
918
247
1395
1323
502
925
442
408
1212
1288
249
840
1129
1221
1264
176
383
1304
61
1369
1389
819
838
791
1300
178
279
441
1380
796
820
1213
1149
502
1067
1044
1221
930
1139
811
1266
670
539
40
184
389
856
226
84
338
43
834
850
913
201
395
583
98
500
538
774
1049
873
1065
1002
286
44
125
26
155
453
943
8
896
351
79
960
434
380
889
1239
541
761
972
699
100
1345
464
446
1063
452
806
969
1309
555
478
1373
233
1210
1078
675
395
662
872
47
1244
743
1379
427
1113
967
43
1064
735
712
1360
162
1065
1210
811
966
1155
1228
714
64
1215
683
350
284
1232
398
1128
796
1008
1033
526
255
506
1013
34
880
497
28
960
896
10
1143
407
1250
1292
612
837
301
1323
196
1263
118
332
590
130
720
968
96
547
574
1274
1404
365
658
1205
1248
791
60
2
944
595
936
1146
893
1272
1320
837
1231
169
844
538
301
309
1360
1107
1322
240
962
509
1319
609
784
309
476
1173
301
604
1278
257
1202
113
608
1387
1257
512
988
1201
1395
407
1125
834
366
1209
439
1199
1252
456
351
872
813
282
610
1232
781
679
732
1288
591
518
77
278
621
607
1178
1232
532
269
123
798
1006
174
50
469
167
819
670
809
926
593
4
422
380
621
1270
1235
341
740
1037
1369
326
939
1202
35
1148
936
1166
1376
899
467
295
384
518
605
819
398
1270
772
829
559
1283
1244
874
186
1033
821
966
1402
900
1250
433
303
1225
876
219
843
874
455
1272
983
1149
1212
1221
796
322
1084
1278
205
470
875
456
50
840
61
1111
301
1065
736
770
250
570
1067
807
1386
1069
1067
96
1383
1217
498
1114
350
803
136
856
379
771
174
99
1031
97
1332
433
597
1228
1228
680
603
1282
1349
441
839
217
1278
512
175
0
308
770
91
225
1054
557
873
842
799
12
1212
831
1175
1224
99
996
118
147
393
702
695
1278
1310
803
156
710
30
201
121
229
1144
707
661
922
331
882
1349
893
1207
536
132
1238
237
766
403
917
1292
973
546
477
162
248
531
1078
175
873
362
297
1151
967
511
461
295
107
254
767
47
1318
745
987
934
902
793
80
1307
1332
53
1070
882
575
428
205
801
1375
140
1254
114
696
1373
995
642
1326
980
163
1401
363
602
105
528
1278
983
1235
444
1281
939
182
199
1332
809
566
398
625
12
712
1293
1283
837
754
551
635
1084
712
133
924
1208
1279
640
948
297
118
719
133
111
77
687
76
920
1058
502
1402
979
626
200
14
1367
1116
444
217
1388
1163
997
611
155
1360
1049
932
135
125
1096
340
501
341
748
1234
1262
1006
985
1198
847
213
1021
1305
921
13
445
274
1219
596
524
1071
715
400
767
1006
470
1069
781
464
602
93
79
911
832
939
1302
1144
1275
416
1269
948
837
14
1103
445
59
266
157
225
1034
573
865
1114
1053
866
900
601
94
1316
102
725
836
229
583
993
862
609
1371
246
874
1180
968
1118
688
186
168
1278
233
527
559
1314
1251
691
154
959
1135
849
601
237
1244
1013
1196
892
1401
1312
347
1188
233
903
755
72
1126
755
332
294
1141
502
635
247
924
638
1143
635
1013
267
79
862
191
1023
1023
581
23
97
1115
736
1212
903
650
306
68
135
666
332
96
64
861
325
1144
1308
589
725
227
75
254
399
1137
1287
1132
470
898
956
435
502
616
1303
851
242
1058
113
432
454
703
616
251
792
437
747
54
1121
1055
1399
53
1183
1322
1349
982
73
570
427
1115
1186
953
928
84
1018
1340
94
397
1358
931
441
1268
748
1117
1088
935
927
14
532
15
974
1099
168
135
1276
301
703
1158
348
248
20
98
800
870
872
1228
532
699
676
1212
613
189
1050
98
459
24
763
570
456
1196
942
206
1002
1239
1300
260
1389
998
786
931
248
563
852
457
806
189
9
822
1038
170
158
840
773
1245
178
185
846
638
19
1367
1288
426
1302
1199
425
40
54
439
536
152
337
81
815
697
415
333
1232
733
1298
1018
440
491
583
914
740
476
29
942
372
1318
1285
19
470
942
740
135
493
760
740
1134
72
700
8
1108
1273
655
118
69
142
1241
902
296
1034
137
834
481
700
264
168
693
878
371
1407
1178
1096
854
8
1096
497
148
627
1199
485
47
918
536
20
333
723
1263
368
349
687
350
426
892
1119
1084
1181
1050
1138
217
535
959
530
318
973
605
497
341
837
651
1079
588
43
948
429
1197
982
186
1002
1218
56
624
998
432
821
1298
630
889
402
491
997
806
692
866
720
368
872
180
1377
582
188
368
525
1364
1026
1369
673
666
1324
178
1367
429
786
570
1407
128
594
616
1116
141
409
677
278
217
500
959
317
966
88
107
601
74
40
1294
273
45
89
955
848
1351
1157
6
490
1159
1274
687
1204
619
29
1052
1258
692
1166
102
1114
88
666
771
452
429
1298
83
1035
839
794
590
1351
1012
1009
1130
1208
460
977
1174
477
249
997
1107
847
979
1395
387
24
1116
759
562
1059
1009
619
170
437
1014
1173
920
429
11
1018
303
927
1344
570
381
551
1407
83
182
1010
53
274
240
396
1098
1357
330
16
1207
238
18
769
1130
321
6
1033
53
125
341
440
742
443
1256
83
65
748
822
699
789
437
1117
1184
1169
1125
1377
1174
1281
180
655
1258
1092
751
1222
20
1381
1097
763
194
449
1388
564
296
33
1181
1388
1033
625
256
1106
1401
328
546
1113
349
668
461
464
234
1364
1195
743
1045
300
499
473
1215
92
749
345
324
1152
1032
925
47
950
102
649
24
1063
142
474
229
511
715
206
207
1216
273
24
178
881
1103
1315
489
1085
269
565
307
450
452
658
1195
1342
1006
680
72
435
218
31
1138
234
919
1033
1399
895
1092
847
651
551
687
870
11
1031
557
1249
1261
550
443
1392
1175
900
803
1126
109
471
303
1386
1035
1075
1021
782
508
117
946
584
972
699
853
405
20
876
1351
22
688
573
474
437
1134
239
851
1350
1038
158
1301
763
440
1357
477
1324
546
538
324
541
50
530
215
764
1106
1302
692
1302
1145
884
560
523
456
655
568
828
1113
43
679
160
1324
1110
865
389
677
1053
165
1092
318
837
1129
603
1164
332
66
419
1037
718
413
1038
982
1338
652
0
164
1268
1208
372
286
470
1205
1197
1257
233
1214
392
619
338
46
503
1152
389
505
938
1248
234
618
985
233
303
919
355
346
175
1372
919
158
933
854
188
89
1322
1363
1229
523
644
663
340
627
411
1150
478
152
716
643
233
787
288
544
888
714
55
108
617
339
1335
243
656
376
646
1404
699
20
114
549
1127
517
690
355
707
1036
299
538
1123
1063
1360
916
1384
1135
950
72
627
256
738
111
496
1198
738
45
676
859
262
517
748
162
460
41
750
994
1107
449
424
140
506
1291
319
248
706
364
614
926
697
998
1235
557
307
481
1293
374
368
825
959
335
990
740
1388
1249
1126
1074
478
273
620
662
326
617
1119
133
821
1370
1086
930
218
173
232
66
1364
1152
1090
1351
291
1231
382
1112
1359
259
793
414
805
1165
630
624
397
1279
800
400
1174
1133
22
714
852
623
1355
297
319
265
1112
1324
319
1055
1324
493
350
483
452
206
716
1213
745
1106
1323
1186
828
584
287
1064
842
507
956
1003
334
1051
252
594
169
690
501
1058
1211
544
371
436
48
3
1048
328
356
1039
336
353
733
1237
549
988
423
175
1215
724
980
832
760
836
148
1391
1341
171
1164
651
1364
1138
452
712
80
1264
639
763
647
633
977
24
812
1233
1364
947
1152
571
1140
696
1078
173
3
763
193
422
1010
905
502
423
873
319
1364
707
965
1014
199
428
42
755
298
366
1145
415
94
612
1365
263
1207
1186
29
1406
741
643
625
601
1183
647
724
493
57
788
1354
690
742
298
54
716
769
434
477
722
1365
267
342
673
1054
267
314
823
1377
947
1163
310
1067
1124
888
802
625
1268
933
890
68
88
496
267
642
1115
762
1254
748
1087
1057
688
665
651
150
793
870
127
867
1175
696
483
988
60
512
446
622
195
993
407
162
790
412
898
1
761
822
284
314
956
1298
1073
112
650
146
1344
996
1010
739
21
328
1206
298
158
1261
609
1337
1324
221
983
51
933
1203
820
310
812
1038
971
1269
812
432
702
1105
649
634
221
1020
128
1365
1233
770
333
590
399
136
642
228
1317
274
225
1344
304
344
318
1243
247
1188
1233
1188
1097
1193
711
348
1103
180
969
741
855
1378
669
381
1337
758
842
49
1152
1008
1092
718
433
274
24
433
167
942
1068
651
590
773
460
1048
1170
192
456
569
930
810
1115
4
471
1139
1100
297
656
1081
882
1047
685
258
1102
607
388
1029
19
656
643
1257
1283
151
1151
837
377
318
664
566
246
1194
718
1309
690
763
200
1233
430
68
854
186
457
559
591
1215
41
475
1236
1153
72
121
435
1135
823
450
1048
288
603
545
1086
1068
1128
697
1073
421
378
597
1403
630
1021
247
858
895
643
1359
833
745
758
502
889
741
745
1170
795
1391
1407
490
327
531
1319
783
1216
1292
952
603
887
567
1344
1395
17
669
567
662
444
344
1043
1164
1193
89
1365
533
500
135
771
896
998
157
1132
396
141
423
343
146
1151
27
652
1309
284
916
895
489
963
634
167
40
218
1068
529
367
628
1357
957
210
223
525
622
1288
143
889
1246
1195
130
719
652
672
250
916
610
745
69
764
574
988
1377
516
923
1271
1223
1121
1208
365
340
190
556
265
449
757
774
323
695
228
950
700
841
704
463
1393
407
971
709
1405
813
1278
991
973
310
979
890
642
504
516
1303
379
1029
992
780
168
7
1058
1126
38
605
671
32
428
1388
921
799
1233
1395
1123
107
1195
1373
606
1317
963
757
865
460
380
758
118
1325
167
9
734
363
470
1073
127
1319
1048
1191
1126
54
1365
363
879
310
400
327
1399
660
1344
1218
1369
175
1201
1218
323
1391
745
485
130
1193
408
109
1248
777
1349
1325
432
999
127
119
803
7
564
1194
683
1076
926
11
634
54
214
1078
816
31
451
190
850
54
603
34
802
1339
1176
1250
990
1309
267
837
758
1319
73
57
1144
322
370
1139
1015
1405
1361
637
1369
940
745
975
387
198
619
978
973
1405
525
64
1144
912
835
1352
568
1323
1004
916
1195
1327
1129
1051
728
1303
1105
485
429
1141
717
363
130
924
827
1024
993
1236
610
70
704
964
302
817
1199
544
1297
647
962
581
397
1325
438
60
745
510
37
192
574
57
728
379
388
72
1373
689
749
562
617
855
1244
523
968
207
799
1277
327
950
366
995
1139
610
343
35
381
1368
1009
419
676
1368
1127
60
831
837
1120
1024
872
253
40
674
1294
255
417
1148
256
640
245
165
1236
853
798
847
243
340
1143
1164
622
82
764
1093
205
231
567
1
759
771
1164
726
180
298
543
542
855
1198
723
1215
622
188
798
1336
93
717
1304
175
272
1163
795
251
394
167
623
154
1318
298
738
190
24
149
1338
201
1377
1110
470
432
1394
1098
786
539
1007
546
1343
382
272
241
325
271
649
1098
977
314
1235
749
254
116
425
180
43
370
1110
550
725
991
358
1241
1367
533
1327
614
272
999
850
1100
675
1293
700
397
1088
1355
776
1269
990
780
1246
831
1350
606
214
62
1049
1312
521
1015
939
606
79
573
1048
282
623
1021
162
269
1116
1380
269
368
679
644
784
234
1038
980
1173
323
576
915
160
523
0
1238
847
1039
1352
1259
1077
151
1198
1214
568
625
958
133
285
15
502
2
631
311
445
707
577
513
207
656
106
298
528
146
117
980
452
1303
148
743
608
1045
187
304
366
285
1187
1164
924
151
276
487
1113
922
352
747
309
1047
274
935
904
50
1278
60
387
1232
1145
1259
35
146
885
98
1258
428
618
668
1263
1053
270
123
1040
405
1352
387
334
922
1357
130
374
14
1250
278
409
603
360
221
1304
728
502
767
412
568
1356
1064
1202
483
462
160
927
950
1078
1403
804
1022
261
259
1252
1333
849
456
843
416
12
198
1262
453
505
181
1163
204
1361
539
338
154
520
1037
830
740
890
1288
891
844
1138
1351
1140
488
1165
919
1105
812
734
308
1026
1018
626
1278
1274
246
809
1335
156
389
908
1166
1228
1405
302
806
111
612
566
1166
755
424
215
931
847
1217
341
1285
1217
113
598
908
1354
946
1298
984
1018
202
311
918
409
1303
266
358
1318
1344
1266
1177
898
1133
938
217
672
514
173
103
651
635
835
741
668
183
59
1380
558
373
352
1121
445
553
1390
1154
439
588
437
726
605
1137
420
663
1146
356
1262
1294
483
689
347
1281
675
460
1400
71
767
1064
597
931
820
307
695
436
1034
1281
1139
664
1382
60
1066
405
149
740
293
2
709
378
37
529
563
668
1213
792
1218
436
211
626
1177
367
315
124
361
1274
147
851
661
186
1208
973
1127
328
925
1331
958
835
704
1240
904
443
201
1332
1009
683
1026
847
13
247
867
324
153
1034
1365
7
479
1179
664
515
1208
1095
1221
548
1081
1055
1249
1362
789
945
1299
1269
1217
97
1116
1029
575
578
797
611
76
147
615
485
1335
365
461
1177
1273
937
554
1056
37
37
1382
1238
889
1278
14
658
49
641
1257
37
780
897
1160
1200
670
1261
76
770
471
437
356
937
1140
147
421
1298
272
201
784
1355
730
806
269
1367
359
108
1069
780
57
1388
260
800
1229
736
186
905
422
553
532
421
683
736
138
1347
43
278
1091
911
1002
275
1257
357
894
928
1243
673
906
1217
440
293
373
3
321
910
429
1303
1245
658
319
546
379
741
953
1318
94
1238
960
927
818
709
1379
238
1393
522
409
855
320
192
286
951
208
294
548
1160
305
737
106
1399
1046
260
1368
1167
1264
1108
425
1264
94
1402
489
765
1286
770
501
951
1139
479
157
63
1222
641
955
763
217
695
26
763
734
160
1094
438
124
655
177
1047
266
634
529
400
1368
1217
998
823
24
644
747
1227
801
1102
1116
1045
27
412
918
95
106
1104
912
658
546
471
1047
645
578
284
909
7
149
1251
738
225
319
311
278
1350
82
1280
689
759
864
723
1247
259
823
148
595
725
155
1081
234
1219
365
212
959
725
655
733
563
512
515
1050
650
456
558
785
683
1113
39
1179
326
339
222
47
293
178
1303
789
1267
365
1347
716
204
1175
909
781
877
1257
672
844
879
215
1288
1002
694
392
985
1251
32
707
634
265
514
918
949
614
558
880
477
397
1227
711
208
1183
744
958
1315
1373
250
1186
941
379
897
164
439
300
899
360
298
1109
900
868
925
809
347
1222
1053
972
1102
573
94
582
449
1281
1325
651
1299
989
379
507
683
1251
207
92
958
916
69
990
340
1113
649
510
1100
1287
1151
969
33
1129
341
463
712
324
937
978
237
984
606
106
628
716
777
605
410
346
1095
262
1318
672
736
782
712
978
137
273
1343
745
83
777
105
164
1315
1210
815
269
880
249
62
711
1262
56
1224
1106
81
885
736
1302
1254
538
253
438
977
428
761
514
1287
965
578
1333
145
1403
1324
978
1333
682
190
1254
498
425
272
404
968
368
755
773
392
581
540
1059
1310
327
1057
249
513
905
71
1283
990
39
1016
483
530
1020
1261
1045
1249
293
453
1078
628
1178
1300
1161
147
582
1395
692
1145
404
471
894
115
558
1393
557
505
476
895
545
571
22
1314
317
559
766
23
560
972
402
702
1101
456
186
812
1392
879
368
864
244
291
707
497
526
422
1077
1390
410
158
689
1337
545
755
211
145
1203
105
1269
145
612
156
91
212
1200
348
1255
217
994
38
934
1252
1325
839
963
1297
1210
915
874
328
1014
1233
178
885
1104
137
879
342
1151
349
867
162
1147
1045
1300
139
323
918
211
31
207
1338
323
139
1016
184
643
339
968
351
450
1234
848
617
123
644
163
110
1233
437
1176
897
1375
880
879
462
938
269
1017
1201
976
798
74
322
491
1246
351
305
290
1224
994
1146
819
664
190
842
723
244
1262
474
745
476
593
244
392
918
1252
540
1231
846
1027
124
1038
703
958
109
620
545
172
450
889
1147
315
905
1116
537
1132
492
460
15
106
431
200
31
178
839
486
690
577
658
99
1189
274
1193
818
368
1252
651
688
629
382
1365
1062
807
507
799
339
573
569
32
547
831
806
81
848
1368
1239
1037
464
964
598
522
735
1041
1142
481
83
1108
438
594
427
946
426
1373
1025
267
781
101
275
89
899
874
1286
976
509
365
315
1401
319
528
323
995
638
1086
476
269
1049
889
582
648
67
1265
197
233
511
828
1052
69
319
1002
818
124
985
217
1212
504
308
964
1270
1012
142
644
1262
218
905
763
178
365
838
1128
931
882
74
1331
818
1279
925
583
19
295
248
1189
142
1386
569
638
793
765
1049
786
1189
905
290
249
1193
234
537
13
329
573
126
430
76
385
972
1012
546
1359
672
217
1052
414
850
798
391
292
414
81
401
1007
419
218
1313
1300
1271
1041
724
205
1091
943
1203
704
974
205
1111
290
357
561
1246
1175
762
327
1234
793
1404
879
188
1152
1107
697
53
1115
176
838
1177
689
931
937
431
1029
335
126
1328
382
1037
676
56
352
461
1007
1294
1048
686
375
19
706
466
36
1283
981
543
918
161
981
400
255
165
891
144
172
813
1397
629
941
188
414
177
61
1354
534
1046
1379
862
372
515
1075
1331
560
566
1294
835
793
1277
1078
1242
106
476
347
1157
466
1397
907
890
1301
793
1226
211
653
1300
1323
410
299
221
78
1189
737
402
732
1331
948
303
705
438
626
511
1321
498
228
1040
963
1220
394
1360
444
433
819
553
1200
93
684
1345
1177
420
507
1069
1317
995
766
812
272
415
843
1288
42
1173
1194
1144
554
334
870
474
715
254
246
874
856
26
956
1226
914
651
716
253
1127
357
177
73
81
111
537
1057
1331
172
1036
1124
985
1196
80
524
1045
356
1116
1123
1004
1271
935
1089
259
1329
515
1028
817
1215
653
1058
676
762
12
1209
825
938
697
991
943
697
161
56
1311
1187
1096
675
213
1290
1213
529
1268
1168
301
532
844
118
929
778
194
247
1294
1341
1245
1277
758
284
579
993
530
158
327
654
754
204
957
802
1348
886
282
417
105
583
654
376
1314
1319
229
786
942
71
387
449
980
923
1111
68
69
1092
1233
1138
314
971
1064
1201
496
488
1010
1226
824
245
1249
1263
4
361
828
25
119
1017
899
402
594
331
523
1403
804
761
119
1347
123
314
9
1182
1306
1159
684
711
995
682
750
331
1078
31
895
1321
301
821
1359
303
316
1064
478
72
770
903
778
846
1017
221
818
1130
31
462
1167
862
234
1161
894
1046
946
273
226
1034
1317
1162
356
808
716
649
1007
202
1331
387
712
1014
382
538
369
741
400
1154
1102
1076
998
793
1271
216
923
1140
95
880
1019
1124
937
180
1002
285
590
113
325
453
133
315
1321
657
908
991
847
1221
851
792
327
1159
291
585
1052
583
1246
899
845
352
705
317
873
1222
1140
838
282
957
1106
579
731
675
1113
923
851
59
689
483
240
772
908
1190
433
107
510
518
1077
511
709
393
1259
724
433
371
740
382
1365
995
169
723
365
861
350
252
12
357
813
1072
267
492
552
516
573
1019
113
1130
934
1300
145
355
508
951
482
1271
78
151
1065
369
938
919
1291
1203
786
144
1337
229
1205
144
1161
1297
9
1215
641
546
299
1226
68
828
472
855
223
208
35
210
627
333
924
600
761
1253
688
275
1124
1316
1198
1104
1338
623
48
1064
845
868
962
805
790
1364
875
719
1077
1291
192
629
1186
291
319
1169
48
724
581
165
9
1289
1052
313
1060
1318
61
779
1030
367
63
221
825
971
1028
276
191
587
1271
1120
920
346
628
624
320
1346
1345
520
644
1226
272
1123
197
252
798
866
1329
390
873
1099
274
3
1298
524
98
144
7
1031
422
1285
401
479
1332
50
1147
1327
996
653
481
722
148
1170
377
410
1238
5
901
633
549
960
687
1004
5
1196
433
462
299
676
834
1187
26
61
1236
928
736
856
366
1083
452
22
891
1189
1184
999
34
79
879
1029
196
351
1184
659
1184
460
1069
599
17
123
511
572
371
1138
35
934
567
467
924
1355
1032
1244
247
613
1365
1138
1128
1043
331
902
833
552
498
307
1038
766
169
411
148
126
1113
1086
206
1003
50
1366
451
277
904
994
1120
884
303
855
34
285
9
1101
818
298
914
485
1287
1332
202
380
1203
472
435
1393
95
27
1271
1357
361
652
403
1099
1227
1170
897
994
1253
1365
1324
1227
1395
358
1208
657
1061
1314
774
1392
499
395
1341
1227
968
1372
999
854
141
897
751
660
1255
207
1324
1400
683
637
1397
1300
325
39
782
1132
472
145
107
413
1277
855
45
790
377
409
736
419
1010
907
92
912
1000
623
1135
104
383
41
222
406
761
1028
300
1310
317
595
890
663
1030
151
12
293
707
301
315
743
216
1345
753
1347
567
558
1219
666
802
820
97
710
195
409
431
519
187
497
823
663
123
936
46
963
689
1210
731
931
105
961
1064
277
1054
1404
204
334
842
84
1211
988
1242
148
681
852
192
166
68
1058
1404
255
1260
1175
1052
716
511
1380
409
893
1101
1
709
879
368
527
996
551
782
945
502
925
416
431
1148
1007
1153
321
1372
1199
225
1338
693
111
884
687
167
659
1295
1334
161
1169
451
1162
1393
1036
537
1004
1241
1046
519
1311
1184
1309
961
1058
315
600
90
321
1015
443
1366
245
496
1214
1137
1314
229
485
1023
562
280
260
818
1379
1013
879
238
552
1053
921
41
589
1011
1154
260
532
927
748
1116
668
997
228
222
942
1198
658
691
608
564
1131
762
690
604
958
1011
1347
248
749
1405
861
1266
249
367
703
1123
447
480
1183
1289
147
876
385
890
128
708
1328
1148
845
143
1363
847
388
1123
287
5
661
2
81
644
875
1189
541
257
1301
1328
1077
162
1286
434
931
1135
824
1097
245
707
634
516
269
674
1395
166
926
483
927
952
661
825
356
288
322
769
936
112
582
1082
1231
1198
1300
1028
1093
851
262
1109
346
1356
243
50
206
838
187
636
1060
18
1288
1274
817
1407
510
166
375
662
1347
1057
983
486
8
1050
752
906
886
942
846
1101
56
1191
1134
300
954
296
369
1334
16
797
1020
1338
972
1395
300
228
431
809
253
43
800
1214
697
13
108
319
663
370
818
496
191
1142
1283
619
824
1254
272
736
931
421
1071
337
806
876
993
1297
277
180
1331
160
1092
1353
1397
916
1123
1348
1224
710
572
218
537
555
1246
1041
546
1394
523
0
272
13
275
1013
1370
453
179
702
599
639
523
712
580
356
629
131
829
329
1405
158
790
250
1182
702
833
37
43
1387
876
1263
265
172
623
72
145
490
1298
1320
451
1358
707
364
577
1295
1103
499
1126
1274
186
484
1356
666
84
203
413
48
1034
824
1044
1272
381
1070
1271
1074
1025
1371
1221
1264
1347
21
567
396
122
938
912
1089
72
888
854
86
1328
293
829
860
484
16
1402
705
954
363
322
1078
39
781
1347
450
80
781
285
1195
739
365
1189
1068
891
118
892
262
1042
232
411
1063
232
13
1283
1100
302
1385
570
851
968
1182
122
212
1089
1388
148
131
305
1363
786
38
380
1373
1356
653
546
1363
1360
1063
685
219
650
259
101
338
1278
1283
1123
587
818
705
351
971
56
125
537
956
171
942
995
1380
670
401
1100
310
373
2
535
629
50
1213
1385
172
905
652
466
1063
527
991
580
1213
1055
1368
143
300
768
909
991
1177
805
447
90
50
758
929
921
310
905
380
324
878
1085
628
819
1025
94
535
1107
448
1136
1224
754
1235
1213
1257
489
801
665
223
639
665
273
921
861
757
883
1378
278
179
674
757
766
215
670
854
1169
1245
445
116
931
262
484
704
888
1264
434
310
1321
93
501
1049
1081
389
769
701
111
455
466
1404
9
779
587
926
452
169
670
807
210
564
883
917
562
1270
879
476
888
215
908
1119
814
389
1333
11
1398
836
138
956
805
1092
35
19
784
1118
157
926
899
1166
1191
457
985
554
247
1192
152
1342
1209
895
1192
8
962
551
710
891
761
422
1287
1311
1305
1363
203
57
530
446
187
192
287
597
718
803
1340
369
1117
90
1218
688
447
688
80
1185
1326
37
1049
103
797
618
196
475
1207
671
1228
704
627
405
1309
122
1147
1378
641
967
1078
235
34
116
546
1354
808
1171
671
1055
494
1154
1400
448
164
828
651
1155
1366
528
1059
1378
1116
1337
794
1351
127
1151
1042
585
774
304
677
1314
933
146
1336
673
487
1330
1089
513
233
972
416
108
588
447
422
180
1115
1003
579
966
238
699
580
228
644
1073
1315
882
1327
801
642
295
724
438
1142
993
767
1199
150
952
691
901
810
161
143
100
495
1377
561
915
742
907
1224
1190
1002
201
585
513
1188
1165
1309
1297
628
585
157
285
1392
373
998
1270
751
780
24
172
1186
637
1109
377
882
1213
432
21
910
306
1020
196
747
477
138
1029
1185
1368
142
552
780
792
291
606
907
890
1126
846
1232
1105
293
65
730
94
497
955
1382
1264
520
1253
3
1182
856
1297
1392
429
1119
356
274
210
585
376
227
665
1170
25
981
995
752
369
896
186
242
515
1370
507
465
975
602
304
938
693
1295
1147
172
85
1247
646
842
142
116
1232
606
992
517
959
691
1153
1385
1050
1371
805
72
542
1079
579
997
943
752
411
814
997
279
1384
339
119
1313
1291
372
203
148
1277
1225
247
2
150
761
250
1302
1357
649
52
68
547
1078
318
344
52
281
1284
733
1072
896
48
142
1085
1264
1108
765
969
548
642
255
1286
579
436
775
1270
741
571
558
1075
76
81
1371
19
774
1081
1066
129
43
994
836
264
479
196
303
1171
1256
1018
1161
1302
801
1318
48
1229
218
1031
1177
1375
223
481
236
236
1244
122
105
335
447
993
564
579
925
289
541
21
1326
1156
356
1020
552
415
611
278
1244
21
541
678
906
555
1178
829
952
1237
906
529
127
543
272
1368
574
186
131
1161
1038
216
1250
235
967
665
575
432
52
905
1050
1243
190
825
905
365
927
1125
943
644
724
242
823
1305
1161
80
829
418
1143
462
692
1243
1168
341
1387
1166
1160
1004
646
1033
838
55
310
162
588
349
628
1057
806
856
80
590
383
913
1249
685
21
1113
522
1001
780
807
496
342
831
164
800
58
632
479
1401
1343
1355
497
410
595
814
1183
1136
465
750
533
1190
184
762
1207
859
704
79
478
1288
1186
1057
1281
1315
118
853
593
912
956
476
552
38
1273
883
992
1315
169
1372
410
668
977
1047
1277
504
456
1284
1055
675
442
223
924
1345
263
747
395
314
612
990
188
342
639
654
923
672
1279
1401
995
485
81
480
70
105
434
7
176
945
1074
150
1231
14
1215
244
764
191
1228
1320
74
422
564
943
1107
569
909
1165
732
1352
790
1292
268
1388
319
571
114
816
267
1314
1258
683
802
425
0
1228
1059
263
292
928
740
1143
679
289
682
571
1165
924
422
203
1096
73
289
393
216
990
474
1305
1121
107
814
962
445
111
672
968
1294
216
906
137
1074
334
638
240
1180
383
571
220
1016
765
528
560
516
311
73
326
1019
14
199
491
185
1010
1276
412
163
1165
581
420
1270
694
1281
832
229
1200
364
247
1163
1300
1220
701
20
83
1066
4
272
395
323
615
1106
1094
278
403
822
1141
1132
1016
426
1030
493
847
499
268
752
422
1228
314
668
738
96
243
1138
1070
578
107
1237
304
322
646
4
955
858
1337
1165
111
625
1071
1047
690
64
1401
1289
86
672
768
522
47
1115
768
1374
519
1217
857
690
843
64
112
520
1189
732
848
1400
1104
110
236
125
750
616
130
1354
1141
1236
747
530
657
1207
1019
468
736
544
666
358
1094
485
741
630
314
1162
247
1284
131
732
8
1161
191
1280
1304
516
509
961
249
1190
923
702
1026
642
560
98
877
1019
1123
536
966
318
771
441
554
1286
1358
768
441
746
30
362
1085
174
1288
307
1279
723
832
552
1264
536
129
516
854
96
733
1320
630
263
957
877
440
7
983
642
1380
1303
1108
510
303
1280
877
1337
1191
669
65
972
1012
1073
971
1270
66
1380
550
184
861
125
771
117
387
715
307
1247
1156
1214
852
195
379
68
1370
1031
1147
745
494
815
869
559
809
697
195
1266
1162
1171
96
491
439
434
602
58
271
158
814
990
1373
1173
705
557
722
330
657
516
193
291
915
1146
693
757
1127
30
792
60
1090
524
529
28
522
379
827
1207
1257
148
972
124
1171
18
139
892
96
365
176
615
56
1352
1105
757
120
509
6
835
690
238
1392
703
114
279
491
21
865
751
229
283
1218
1404
1186
936
1166
142
333
1065
503
199
129
107
1127
482
910
434
1011
706
547
100
1088
940
948
920
1300
482
1216
495
1012
1067
620
1127
731
275
1331
853
56
541
875
180
269
514
476
387
415
662
1191
52
151
403
490
1221
679
65
1253
281
994
1266
966
1020
348
1142
392
108
325
1257
54
998
598
645
1247
59
625
679
360
868
700
309
1271
687
216
1183
610
1031
289
279
248
234
814
654
892
1170
281
540
195
1081
1165
235
244
917
14
1387
417
1212
91
564
1047
149
1064
961
1154
557
304
348
523
93
924
1085
1405
14
1396
556
399
706
952
386
942
482
1038
423
547
890
1131
664
919
1382
463
890
424
526
1004
1339
1038
449
675
919
184
1385
626
1309
449
404
1031
502
1328
218
31
1305
571
318
7
862
837
801
334
1038
910
528
630
1205
1091
1295
495
126
665
1116
50
205
513
413
509
1288
645
610
725
1197
205
306
810
180
292
1343
932
870
217
5
282
1135
175
1037
332
545
1141
429
618
1199
48
477
564
409
95
1111
579
7
72
264
788
296
1181
1305
1115
389
576
184
938
247
1166
74
824
1339
1327
192
172
81
627
1011
362
990
404
48
98
165
824
893
401
953
5
1400
261
143
600
522
452
1283
523
867
602
547
661
1026
252
67
1211
362
513
1382
157
1183
933
764
1283
937
1107
804
547
1283
1100
1079
165
296
409
1364
606
840
329
100
1044
341
1133
127
918
969
965
1094
118
808
475
824
1069
255
391
872
81
331
398
1126
555
1177
584
1371
1011
948
764
426
1126
878
873
88
825
593
486
808
856
48
130
865
799
7
591
938
379
1360
974
738
756
1305
187
406
835
523
1069
329
1175
53
23
52
179
1248
1059
823
31
765
218
663
604
34
630
872
774
28
1361
466
510
514
76
174
167
1400
545
1253
954
713
647
1116
937
820
550
444
728
1131
214
118
1026
1272
833
1337
1037
558
1152
1350
1097
723
782
1195
1317
327
606
1191
598
214
521
179
208
1070
1363
508
129
1361
990
1285
271
589
1033
418
1024
1248
1101
572
410
1187
992
837
9
159
195
790
1359
1086
1097
815
1097
1011
1035
1088
1338
792
552
337
1018
779
1282
293
398
897
250
1286
739
359
1202
882
462
690
1271
1114
489
285
500
18
575
550
1225
245
704
399
964
331
289
645
428
302
495
766
263
701
1385
1400
260
980
1219
1192
1071
110
26
1171
493
1050
667
582
275
552
984
1191
231
773
216
1164
1385
1153
541
22
404
715
386
955
656
56
584
82
118
541
777
490
585
405
372
143
298
1284
156
295
1300
563
1184
445
71
1271
273
321
971
739
1284
256
705
971
549
141
1317
1344
1317
293
48
265
1183
202
764
328
1364
60
919
1068
119
440
772
1061
604
1282
296
196
1407
313
243
1266
1191
1349
501
168
86
1105
563
142
1301
957
1316
1031
1093
598
338
870
316
149
1359
1338
698
544
250
587
793
1212
1170
719
1222
770
693
82
96
394
858
906
389
956
263
1255
756
1349
673
1038
475
135
1194
1332
791
29
1356
1189
746
343
738
1093
368
900
1404
1318
673
168
679
51
1108
1332
948
183
1331
1389
1204
638
783
742
1211
571
495
613
1000
1383
1376
991
322
495
148
598
1218
367
962
942
114
1016
167
857
97
1312
343
1129
1222
1101
1179
355
231
794
40
1185
518
723
985
112
1103
613
410
1207
804
399
1107
994
1101
490
261
1075
17
271
180
894
495
425
938
441
348
1125
762
749
692
1222
476
1238
43
1097
327
1230
443
115
632
1250
355
767
967
204
96
882
1142
1293
747
828
1348
682
291
33
976
1171
875
1331
363
1137
438
674
1105
137
226
1038
929
289
878
1181
1207
653
221
915
537
1388
100
226
734
645
581
233
1342
1203
1117
921
226
1377
167
115
1250
1038
430
859
870
1277
1289
505
1151
1149
504
466
1137
1163
1404
1380
384
1031
100
349
566
812
643
778
788
282
733
709
1352
948
914
647
493
1069
614
1129
264
307
422
1076
406
1356
337
853
2
976
94
1111
464
264
112
469
1392
723
848
726
32
26
1261
729
607
670
16
1037
252
355
471
25
1243
1169
16
808
457
301
183
126
794
156
888
256
1335
231
328
566
645
800
914
166
1385
1032
693
205
1183
1104
1378
1296
493
756
177
1279
1105
991
801
328
1021
75
116
879
96
480
22
1287
746
27
936
115
240
1323
951
338
135
820
144
1289
1145
115
784
1346
614
333
1135
215
614
802
89
611
730
66
1229
1275
525
1207
677
1198
261
729
1277
516
1090
1359
118
73
211
445
205
953
491
62
911
426
587
1271
943
30
366
685
861
344
425
187
288
539
1029
1289
1142
92
327
609
1276
456
725
139
921
778
1142
557
407
205
1360
178
127
192
1157
840
867
70
719
661
129
1355
656
880
604
724
1097
941
656
482
15
1160
531
455
123
663
780
1128
779
553
113
207
575
809
578
1375
899
1386
784
196
592
98
824
821
987
901
717
981
1117
471
591
493
273
188
298
1183
491
1377
113
572
1027
187
1398
151
226
815
1317
1022
324
538
321
815
1404
526
348
976
1181
473
89
289
401
450
1306
117
281
682
307
477
25
1263
1142
22
891
1304
137
831
748
1159
220
1150
40
675
721
911
263
259
772
776
413
1370
261
181
1048
1311
511
1094
296
1262
500
366
1104
682
1297
688
1029
551
1402
1278
299
779
473
530
1375
422
311
658
117
1159
887
843
1276
1397
291
1090
815
1339
1111
131
6
632
813
703
344
746
824
297
717
681
623
278
952
391
27
1317
967
284
1219
51
606
1105
832
275
982
1066
809
1219
1329
1401
43
1400
149
857
1328
1085
71
524
689
706
954
514
873
1167
951
1008
676
641
974
62
182
981
1359
482
464
1048
415
761
1320
988
1265
1310
506
759
631
585
553
687
36
1071
496
115
365
1342
585
1020
1316
656
1066
137
413
774
368
139
274
1118
829
390
1212
360
618
278
704
1210
1351
1168
39
823
884
1249
1204
259
327
885
289
197
990
1226
965
652
207
44
841
451
1268
672
43
328
693
1358
616
921
503
1115
227
550
6
1263
116
1243
879
381
363
1211
390
43
80
89
1060
567
430
781
291
113
523
1201
203
1009
1360
777
1299
316
91
56
1130
413
16
644
806
470
1196
93
907
1289
648
1121
856
1188
1268
762
62
550
52
1319
1161
816
1150
1113
649
409
104
1361
722
682
735
1071
354
1071
682
531
716
222
629
361
233
297
415
1224
994
113
931
237
890
1011
477
879
613
966
445
133
1299
1247
537
940
30
1203
45
979
607
413
1317
877
1404
841
367
1076
1010
967
926
166
400
935
1296
991
442
123
601
366
335
308
1178
495
836
624
84
372
72
816
821
713
1045
896
467
1175
1203
1005
1071
831
1070
611
1127
1181
700
270
796
1354
672
84
227
332
1239
592
1282
404
1241
1309
1282
964
1267
463
123
1347
504
1040
409
816
77
627
85
551
270
1361
107
372
1289
84
1141
528
1226
376
392
115
668
847
1097
71
1069
1171
764
517
1045
405
309
822
166
1216
641
1187
458
209
1363
815
209
1270
1059
503
1218
14
1374
994
414
952
620
548
598
1100
190
1204
42
972
1122
188
620
288
198
215
1363
94
1098
755
1069
643
1289
1371
766
533
304
880
1117
144
138
726
567
1211
570
160
421
407
276
1344
930
1115
1054
1380
1061
991
1170
708
1032
697
1373
451
237
412
347
835
1044
290
270
477
89
385
867
824
936
925
706
1235
718
1308
131
1304
1391
1157
726
46
3
996
322
472
735
1156
861
98
702
371
702
105
409
796
1170
1125
427
919
1370
505
1154
288
372
206
626
544
1307
742
625
560
710
139
321
1083
409
1307
299
1335
414
1331
288
141
29
1274
949
36
1370
1147
1190
1234
1008
484
292
420
11
1351
554
796
458
1029
301
706
97
88
1152
215
187
358
1373
463
231
500
1142
464
63
222
1013
1020
209
760
311
1170
746
592
571
1098
298
225
1116
712
1343
166
1203
55
977
1315
1112
1301
1171
628
742
636
430
1328
336
886
327
1194
69
175
975
279
1241
464
1380
1185
1328
157
474
636
1061
1098
1029
735
923
1033
1220
102
27
169
748
1045
1399
198
727
416
1280
1045
991
771
727
642
692
649
342
498
1139
82
1242
606
518
861
114
1003
909
1387
16
754
1206
366
553
141
1338
756
1216
106
518
145
339
1328
451
553
1015
45
447
708
173
416
106
301
269
547
339
442
255
388
470
438
381
1072
844
1168
342
648
566
862
1108
736
893
1208
245
706
1384
1141
1098
1289
1167
322
1033
1397
1020
628
1128
1256
304
112
798
1338
663
337
1159
737
1009
721
954
1150
20
1273
1111
545
371
470
1385
792
474
481
1358
742
1089
711
170
1262
1371
99
721
581
1127
340
1102
169
1249
355
215
193
363
329
473
94
766
748
377
815
712
286
630
122
855
514
1080
372
72
1208
1343
1117
318
697
777
1161
1374
867
372
1186
1283
1214
980
781
42
1066
192
376
257
1347
1115
73
520
368
1017
139
914
937
1307
811
547
746
958
1230
5
865
554
1399
1084
1096
1306
803
138
1222
847
1233
919
843
166
1214
422
2
1338
67
1034
649
397
1323
391
643
856
1190
67
422
99
210
742
279
865
670
1198
1160
649
596
1270
147
361
281
775
61
810
1165
451
1204
351
380
115
188
128
1307
635
160
19
27
819
592
329
737
1364
926
1015
1085
454
313
236
1178
1263
568
592
789
930
902
563
403
30
171
468
1101
741
694
1182
113
368
741
1049
34
147
1194
876
935
1260
909
31
953
624
513
216
400
1010
1376
553
151
877
1127
761
562
1255
550
218
485
36
1033
17
622
678
219
1072
467
1319
711
283
204
872
1125
948
1328
819
116
1305
619
701
541
1405
866
490
330
841
1403
1177
911
830
816
789
1357
698
735
1205
1092
1374
1119
980
670
271
1089
211
643
1021
16
705
1040
90
1362
520
351
666
332
1225
658
725
846
1152
1299
8
876
245
616
1239
940
186
950
51
483
252
82
1135
1223
223
1091
101
335
499
804
649
81
1372
1040
448
209
1180
760
90
1356
1155
419
434
712
1265
503
144
1048
1135
917
886
1217
1209
671
886
422
1035
466
989
160
1308
293
1353
1060
104
528
1316
577
779
377
223
335
1117
128
262
152
354
804
1128
17
545
615
1309
581
1308
483
312
499
1027
355
113
101
1169
1242
178
1045
1001
671
717
644
1199
176
486
310
40
18
484
433
501
645
741
38
322
773
1278
1314
773
853
1356
773
1066
792
240
896
1119
220
412
231
1328
1270
730
139
1302
411
32
550
1390
969
614
1210
280
1334
281
1009
596
50
642
1233
1075
1044
55
125
1121
844
202
760
830
678
1119
649
838
99
160
895
1263
503
1390
1302
1061
1234
1348
731
1066
314
652
987
1212
238
470
8
41
622
16
1393
805
1015
890
1235
92
1150
978
1316
1222
798
12
656
853
503
593
775
141
1223
310
956
1076
434
1309
1135
1349
343
38
911
1124
1150
1051
1237
764
981
1027
798
737
898
294
1255
1312
392
395
1261
852
1350
1193
865
275
1075
189
1097
649
1142
244
827
215
148
581
1307
911
391
722
204
189
1387
1066
45
607
1182
770
1228
26
597
1229
166
90
116
960
1015
1004
1200
830
904
178
318
225
909
1248
1180
746
1058
1328
929
1040
1241
167
303
1361
524
970
248
845
201
783
448
1177
1284
1251
185
59
342
481
559
548
282
1405
55
458
1163
594
337
666
107
1370
961
1222
890
581
295
343
1116
1235
1121
983
310
1357
975
538
1270
1064
371
964
894
171
228
273
475
21
228
1013
686
974
1272
838
1370
1343
1188
120
353
686
101
1100
239
1096
872
1047
1164
82
865
337
812
1139
563
7
1179
1130
1013
287
57
1146
447
1264
396
912
513
1338
1347
1274
877
107
1148
887
380
1273
951
1265
548
389
985
650
1089
1043
226
663
832
710
798
979
569
219
1201
475
893
246
1130
710
26
1032
127
1256
196
1096
994
1256
410
193
628
1134
845
276
594
1395
717
407
442
741
303
598
257
1242
1315
548
54
333
323
527
350
1139
130
507
67
590
102
885
901
1350
1164
136
959
79
887
629
309
563
1178
1259
706
1394
1058
1401
602
485
1180
1211
844
1395
783
537
1031
604
794
538
746
713
368
1058
1385
1153
110
1206
643
789
439
886
1404
511
287
888
580
140
666
981
1069
514
1120
792
373
584
1395
1244
663
1224
522
211
433
724
248
609
1029
872
533
1335
584
395
1329
822
977
727
453
476
545
925
829
1291
343
1017
887
395
283
783
1005
507
423
495
720
1125
461
1095
1297
152
289
528
731
561
724
206
1374
1406
816
969
719
1311
1179
347
116
1093
584
39
263
858
1141
970
845
710
52
692
470
790
504
366
1079
994
1319
699
866
1070
147
174
55
838
134
952
289
916
1220
345
1129
1027
752
54
519
719
507
41
538
1049
1326
289
156
934
1173
1361
116
813
720
88
446
1286
234
579
1183
72
8
71
741
1380
940
842
852
1203
1018
587
555
1232
742
928
1156
1020
885
355
1214
2
526
959
258
273
419
455
1336
261
1192
1049
414
761
1395
466
310
912
355
63
789
59
339
674
72
764
505
309
1232
242
251
296
215
733
751
1145
838
568
977
596
623
262
97
1012
280
216
1300
643
1383
1079
686
821
641
461
967
59
265
1293
1299
565
341
1170
805
122
442
716
463
288
1102
381
1213
780
947
39
689
509
959
1376
1379
39
455
840
261
1045
1181
436
1253
396
1315
644
811
1119
944
88
963
406
1111
782
757
418
270
1165
734
802
509
710
802
840
1366
84
39
1013
1206
1320
242
242
1266
1156
547
1134
557
91
1226
816
673
353
1058
975
1226
608
1370
21
305
702
215
2
1274
305
924
1020
637
1367
413
1316
454
496
951
463
875
8
337
787
718
808
255
529
5
565
654
517
789
1211
1221
656
257
915
1316
964
574
1066
129
810
1259
1266
790
230
27
1286
147
1237
209
1385
819
922
550
1211
425
1148
805
1244
997
486
1317
1399
1013
849
463
697
660
89
666
347
856
1076
371
921
1192
821
1379
741
1233
757
548
776
832
642
247
1239
72
817
723
1261
1344
1370
746
959
743
40
6
328
557
40
11
760
1372
214
646
536
219
533
722
181
339
146
199
1282
823
1093
1172
364
821
601
1027
641
1011
1241
536
1376
407
1151
137
226
156
442
60
1063
970
1192
140
1317
1370
1179
775
98
1006
1003
1312
408
1172
1246
588
109
1016
263
829
359
364
293
238
1185
454
318
1350
295
655
72
300
1116
1095
216
1172
1322
212
359
456
1066
1239
967
136
833
1401
483
1399
509
1210
1057
41
989
997
928
1129
669
138
142
579
1344
4
142
1070
552
1226
964
509
1234
558
356
1183
35
789
1240
852
509
357
678
5
870
209
300
284
874
42
893
339
271
1123
249
88
484
332
739
555
1289
1075
1362
1344
463
791
1057
1385
481
368
1059
3
970
333
140
126
761
745
1016
1287
424
686
261
515
761
702
174
1305
994
1021
1132
614
72
1143
163
422
446
1348
128
412
955
937
782
1033
768
212
766
1216
803
274
835
1236
578
608
402
1226
763
1362
34
464
37
1303
1367
746
274
1383
1351
165
855
518
1298
1254
570
727
187
134
781
1206
1225
385
1137
223
916
1100
60
808
436
425
441
1339
296
1251
766
1337
947
964
885
708
1140
253
1206
1062
979
659
0
