832
595
566
1230
46
137
928
1099
819
1225
489
812
681
798
1266
1010
1174
88
829
481
516
195
571
915
63
117
882
3
1328
1256
373
952
351
1196
524
817
115
615
1198
436
740
276
1119
1090
948
157
612
371
512
303
1030
351
638
766
440
25
259
583
272
1360
147
716
1128
1225
706
650
1156
1059
1209
1145
887
1136
791
1228
430
1327
301
835
101
1276
519
370
1295
1084
1388
414
120
728
713
200
651
466
706
1151
1203
548
1138
148
988
502
1172
92
576
120
704
296
876
819
239
689
84
850
1352
807
687
918
179
706
1097
906
1200
502
581
1088
427
606
1030
210
449
1149
540
688
1358
925
1205
829
1104
1280
483
1327
669
1140
1340
1404
949
520
1365
262
335
944
266
1352
1312
614
906
1392
931
335
344
755
986
741
123
913
844
744
398
1082
526
753
640
266
716
928
869
498
490
940
649
1064
666
825
1398
92
438
1229
572
1209
1249
844
58
43
277
781
980
79
666
193
713
225
212
550
1349
326
783
602
374
1321
385
526
1343
261
643
432
157
58
726
263
931
1100
681
179
153
435
205
394
374
296
620
44
1060
1166
596
1
405
95
1331
96
1036
1405
964
1
178
136
779
1263
871
161
547
186
1258
1068
409
130
1213
796
722
674
1380
776
1136
1280
148
1265
966
323
869
398
885
692
1350
350
733
161
41
1035
594
79
789
486
520
831
141
535
35
1211
1343
972
351
200
1249
1324
898
1400
1092
54
732
414
1068
593
1159
1110
180
1144
622
1320
624
669
1144
755
301
960
1371
8
4
726
1161
66
264
900
659
1017
804
1064
552
407
911
1353
83
1155
938
147
705
1170
52
1098
991
369
904
745
226
93
1351
326
1028
8
1271
606
1009
728
426
254
407
566
1367
793
798
689
556
721
1103
745
174
1134
159
1067
99
876
138
1405
1336
887
1064
1104
1384
731
1136
138
988
448
906
1244
30
1271
896
696
259
1140
674
620
1031
586
16
1229
1152
514
572
1213
1109
178
205
944
422
1269
772
755
1197
749
1025
61
69
544
1248
1027
1229
1311
343
1165
100
1085
329
1286
384
581
848
1049
325
689
1193
838
707
610
916
1166
921
146
142
403
41
1018
1212
1131
1059
932
729
964
1090
1400
308
766
576
1168
58
786
432
128
377
787
1034
1063
167
632
1150
1271
574
747
57
378
655
298
1020
820
569
808
916
327
1194
556
583
1046
1109
356
606
854
9
803
1057
923
635
692
712
1165
1304
944
896
1084
532
1096
403
820
1097
602
664
1263
783
1371
132
1311
419
990
400
1013
282
264
219
279
699
940
278
754
654
726
1280
1302
680
772
466
1108
1347
571
538
842
285
1259
275
987
526
249
93
568
904
672
866
611
1217
1376
506
1136
1267
781
12
755
243
142
628
824
312
342
1302
1013
329
287
324
201
979
198
20
1244
1280
212
318
781
191
1135
1280
1025
1149
1110
8
984
275
362
518
751
83
525
154
332
1045
713
639
39
729
1269
114
433
97
1300
298
1163
842
168
30
994
1246
43
916
339
13
970
195
611
80
1210
94
1163
1123
204
452
1144
55
396
727
892
958
479
470
389
11
1256
569
651
442
317
113
1359
1027
539
336
631
727
641
976
103
1136
336
840
238
947
988
419
610
531
147
1066
1284
279
921
798
1289
317
395
988
739
801
195
270
1212
1190
202
1284
1391
952
803
840
568
815
88
1144
982
1003
337
1160
681
1189
632
308
658
269
926
1088
552
572
317
388
60
1376
1313
497
506
932
202
88
367
1364
722
573
908
824
490
808
268
1093
591
722
739
1352
1376
1358
1285
1072
287
1119
576
1147
126
238
749
315
502
237
590
789
1232
47
913
623
976
1155
1172
368
1317
1008
1203
587
883
329
1285
328
333
1171
1372
1269
76
615
1332
58
1065
403
745
1290
820
1133
888
1119
738
1019
435
1161
731
1043
486
1029
809
843
325
824
544
665
35
38
1277
889
673
1165
89
405
85
232
684
1387
322
490
437
100
345
238
738
306
965
962
298
529
178
690
19
707
1395
144
779
279
154
8
322
904
394
1212
442
857
440
497
1326
1364
245
1351
545
94
340
149
9
327
52
389
770
529
979
403
1345
1282
937
712
188
969
807
500
1291
354
157
321
661
266
200
926
168
437
750
23
349
723
1232
1171
226
1394
1224
1164
1236
1013
1291
1006
831
279
1313
899
1221
16
855
920
690
970
1340
781
165
466
29
589
498
1005
1097
161
797
589
1264
810
945
919
649
402
1154
812
429
45
145
274
854
448
45
408
1383
341
52
795
117
617
179
332
477
318
323
776
460
1203
1164
616
1276
1229
607
485
1140
1212
1
1040
1273
531
1115
502
37
66
400
1134
851
708
950
1219
764
439
1179
833
466
1391
1014
207
661
1110
272
747
603
1089
1169
1372
824
1395
971
323
672
138
623
1055
564
738
90
816
807
1396
10
1039
120
97
1165
1237
488
1064
1225
601
562
708
453
537
756
765
180
674
1170
793
337
800
523
1124
2
1394
710
325
904
860
1270
1170
938
284
34
1148
239
337
1070
978
460
40
309
111
466
293
689
216
603
1212
1078
34
246
119
935
1004
462
283
1270
215
746
489
1140
1175
1400
1237
433
1031
955
990
820
775
100
732
1160
1168
784
1137
303
650
1078
1054
892
832
921
949
1257
1389
137
1020
16
764
565
110
1214
963
1045
126
331
216
576
656
384
1385
332
824
1236
450
495
1187
1304
916
708
1163
1003
1096
1390
106
962
705
1326
493
645
1360
1032
1322
783
1078
1110
1127
949
1359
421
933
1325
502
283
1229
1241
1230
506
195
643
980
384
869
1107
598
1354
1356
1084
895
508
1303
1017
1338
491
1131
390
829
1283
1045
324
369
279
869
1344
1050
235
989
483
107
498
1332
17
10
874
348
1023
1397
394
1190
453
303
7
732
170
239
110
565
1277
1282
589
661
540
406
679
1284
302
1003
623
397
1146
1022
563
982
337
1210
1171
1014
809
912
1335
1293
1009
49
807
637
0
820
1013
1376
42
1352
318
127
824
627
824
988
180
73
999
977
27
1182
1183
713
1069
9
1315
507
1211
120
589
1298
389
457
1297
708
669
1149
1407
677
381
844
546
579
433
386
96
302
169
140
1047
506
1110
224
388
891
1095
1154
1114
1196
1284
734
787
196
401
5
559
734
451
1016
1093
1063
1282
1380
185
354
729
887
138
188
1344
1219
704
1230
451
328
144
675
654
1074
1302
1143
66
1045
520
562
480
930
54
623
725
1115
839
725
1103
311
1356
1334
541
1052
934
1
283
697
456
1290
899
790
1230
424
1185
1134
61
1183
183
901
1359
615
407
1047
216
1163
1079
27
259
1107
1070
119
255
1165
782
1092
1064
809
10
374
135
1328
636
695
1158
1172
225
1333
303
813
25
998
931
537
1148
746
734
285
737
480
1232
1094
178
176
33
653
1278
136
513
870
803
947
1391
477
1094
219
702
877
215
248
602
962
690
1030
293
1134
219
197
135
633
832
741
1209
940
797
1170
1341
1218
984
692
1173
285
493
1249
1283
947
790
966
661
586
6
348
179
1274
645
215
711
1153
793
1274
855
1024
287
696
1115
1019
2
677
110
337
916
318
527
448
242
1277
1334
170
931
746
60
1208
449
1229
724
353
1119
1386
440
583
258
1331
55
1385
966
638
643
929
775
127
1285
575
1094
1315
851
182
1061
1171
221
1060
1171
1055
1208
450
867
903
405
57
169
1153
284
330
159
883
51
161
293
649
316
398
1097
277
114
941
489
729
1315
726
640
1214
544
745
66
161
277
601
760
540
653
360
1188
415
1122
588
224
479
345
300
1146
837
217
450
681
110
680
447
536
882
1064
916
300
1364
1122
656
511
809
1061
1210
974
694
109
333
682
1402
470
811
344
529
1283
238
624
1402
260
513
1204
852
368
504
975
1070
749
889
739
644
328
682
331
1372
998
1334
383
1260
448
686
233
524
618
720
1099
1165
1162
1375
854
195
618
1146
892
1227
403
30
453
704
1201
1044
1232
233
540
1006
505
1040
1386
931
513
1282
433
144
405
984
776
793
223
1105
398
300
741
830
574
751
392
503
817
1170
448
517
994
309
1242
502
553
352
998
758
561
1294
574
916
185
980
86
821
295
872
435
928
1302
712
1240
1386
899
1302
149
602
145
384
407
1378
33
615
717
539
874
501
631
648
1150
616
1345
944
73
1130
1237
586
1047
338
26
1024
960
111
402
746
1375
1119
71
1170
830
1103
1096
516
539
1191
127
479
650
589
1142
1082
1039
777
13
29
841
668
368
829
233
69
177
384
873
503
161
1127
287
641
887
1210
622
774
794
384
1184
389
849
766
315
1104
177
473
1402
977
234
550
1050
1007
509
627
361
1290
1249
860
855
92
540
609
975
942
1387
1007
887
1318
534
102
442
694
397
2
277
2
1318
1092
1275
1146
248
983
1258
1221
624
566
633
707
1331
531
48
604
794
749
603
92
932
810
983
113
315
1170
241
648
1298
94
1310
1341
1179
48
688
858
594
1063
15
434
858
347
656
1126
266
106
913
36
467
881
1216
712
959
443
581
355
810
456
27
1358
394
407
956
1170
250
511
1277
1049
738
88
87
215
1113
377
59
30
953
835
34
370
1284
1369
1238
194
521
3
120
13
605
838
298
984
1037
385
1259
841
376
1024
1361
698
269
428
15
85
1193
317
1342
324
1329
238
1025
785
949
699
679
1235
828
410
287
651
837
1053
981
256
327
1180
872
761
400
658
416
809
1002
416
1103
1269
33
1103
241
76
1007
180
204
1376
511
1018
1073
401
281
1113
1185
1246
304
326
484
1045
698
1
39
718
1340
609
5
693
362
1104
613
863
9
1013
48
410
265
1072
150
20
193
560
1071
1282
642
244
1259
1239
1152
361
7
21
317
118
1193
412
1330
1029
1264
1315
956
292
234
836
401
762
1167
693
194
176
1302
611
2
373
276
1206
1168
1093
1347
235
688
375
1353
1037
110
814
1162
391
457
334
1152
49
604
195
1198
1316
651
82
957
1130
444
616
1334
281
1333
643
408
951
573
843
107
971
1282
381
720
794
24
439
1270
360
819
1082
819
183
549
832
269
193
484
473
928
887
198
843
513
438
1266
1165
467
810
162
1009
623
682
1390
982
137
679
485
597
548
208
1282
737
733
522
345
1064
902
317
513
26
1225
175
1087
405
970
835
15
1374
428
968
827
560
791
618
44
326
48
425
1287
1156
1022
1238
1103
835
1289
41
169
1037
141
272
941
247
508
63
21
32
48
645
1238
688
130
747
1065
400
2
305
600
1241
701
7
487
1100
1054
1185
736
370
1116
1255
1375
107
840
551
75
503
511
699
1294
516
747
59
1188
335
413
1333
1340
1242
856
379
1234
459
870
815
200
392
237
416
486
687
1283
1270
1177
1268
239
887
783
993
1091
1333
1085
572
868
855
895
255
298
35
917
736
766
133
39
1356
665
31
1391
701
1065
107
1279
1074
819
1287
257
401
513
1330
379
543
54
1384
1312
313
1177
879
920
315
661
874
1048
1259
75
1336
632
1100
44
1256
851
516
421
638
644
526
1030
941
416
413
566
1196
1187
155
1209
63
787
473
1
69
298
787
120
1175
389
1295
1245
1346
147
1270
956
1247
241
135
649
880
1054
1079
564
1184
703
901
704
613
348
1122
584
177
599
501
1310
616
1171
645
1093
731
36
533
469
510
103
902
336
982
355
107
232
427
262
899
703
994
88
801
793
351
375
978
183
302
566
787
619
206
1314
39
429
1358
1303
777
1315
927
1134
662
505
1092
791
1196
657
1315
359
1087
982
54
521
1227
1320
642
186
828
844
849
825
1188
1228
338
426
429
848
268
897
466
409
1031
807
628
510
478
1248
100
1214
802
660
1065
258
1131
50
794
642
395
1012
1281
1332
472
358
1048
328
636
90
122
1226
860
404
77
914
1064
141
1025
203
345
1211
395
879
1273
139
381
1293
197
688
59
1225
283
710
157
429
746
826
813
1254
1124
574
1024
1396
41
39
20
663
1358
661
1323
295
614
1165
114
1101
245
713
373
802
105
539
942
1065
1117
1135
689
77
1072
310
619
1364
606
1295
138
401
64
510
1219
1210
762
1035
237
1261
1371
1293
976
395
1167
374
86
1083
423
1159
113
554
365
568
1004
126
1013
628
859
785
875
1168
1174
79
1268
484
907
512
413
113
1021
101
725
1131
767
845
158
651
664
1115
1291
928
333
1206
683
1076
757
382
326
1124
745
783
1057
1125
1255
39
1209
841
237
664
839
518
1071
1375
589
16
219
741
928
689
976
1060
298
651
1256
216
1069
861
571
32
1241
1317
487
384
512
895
760
293
868
414
382
20
1351
568
300
754
668
932
1083
286
1151
819
64
1268
336
633
1122
1363
805
160
980
479
1246
1331
392
571
1372
804
105
628
714
1069
1011
101
358
1233
789
119
149
533
362
829
744
1234
1042
713
811
1067
1205
623
1134
1400
359
299
1118
1327
697
688
195
392
928
421
262
232
779
246
1352
1180
1249
924
1325
695
1266
1159
614
578
809
214
982
715
135
208
514
396
1023
1287
355
242
1386
1049
317
531
335
341
787
597
249
1352
720
1037
1295
846
79
1095
337
1057
428
120
1242
1167
1356
90
1064
482
981
1279
971
72
1285
115
120
578
384
816
1040
299
687
929
202
525
659
1364
600
1140
273
109
970
251
270
924
293
880
421
1084
40
164
189
982
1134
1400
1229
1024
778
1102
736
1192
601
579
120
1303
600
994
1002
160
725
1022
1118
1209
1194
579
451
22
1156
1069
235
1013
1299
1157
137
178
802
151
531
783
1176
302
1360
339
953
790
855
695
546
642
981
1348
645
938
495
633
899
314
404
937
106
725
5
725
898
781
181
274
92
859
1365
349
923
321
185
1331
785
946
1123
223
60
571
431
787
65
72
933
244
1214
381
176
319
1306
1048
16
1075
120
249
8
1037
732
529
682
968
895
969
185
1316
280
713
1019
17
876
409
142
1193
399
91
170
146
192
788
787
32
832
1266
1109
660
610
941
1225
103
1118
1194
802
339
1267
543
754
1186
1030
1393
571
233
419
280
156
1311
725
1110
1138
634
403
4
984
150
49
939
498
933
1203
1048
958
524
1023
91
8
954
39
404
826
976
37
375
463
1076
903
1166
790
839
1024
1113
274
832
1339
1342
1128
2
711
197
1360
86
434
1219
794
5
96
704
939
49
1337
487
1242
1360
1023
777
1336
1339
437
1336
534
368
1104
106
880
1233
810
689
704
226
1048
744
1032
288
360
667
1226
359
221
1400
506
292
301
1297
325
22
1144
142
674
42
1243
867
916
949
386
1084
970
405
976
1320
1007
885
924
1032
311
1243
55
1363
1294
1300
317
594
1017
855
360
1239
1243
954
1130
1176
695
1023
1332
1187
1335
1346
954
988
663
736
656
660
647
814
895
978
260
752
837
717
700
114
851
1160
862
303
1253
101
1308
1187
347
1239
266
1130
1215
277
599
1098
816
1109
1236
15
459
705
673
275
1378
247
1173
294
647
1329
1346
385
647
27
388
201
519
216
388
751
666
390
732
514
358
434
460
867
783
566
95
1156
170
139
1393
936
930
756
74
973
969
1204
325
319
372
0
1213
796
1319
233
680
1151
1273
172
1308
296
1300
1243
297
1066
887
601
949
645
1215
8
89
814
470
599
615
1038
1093
194
1296
1156
1118
869
610
361
1357
113
428
594
419
61
352
941
1186
147
482
56
964
17
12
73
1386
341
110
1043
1320
27
239
1153
742
185
1403
378
1298
712
144
1010
176
530
508
555
347
109
994
147
866
141
829
1127
394
147
1177
957
1114
1388
481
81
1282
578
215
1217
929
342
100
829
1370
586
1103
778
413
1199
1139
1135
78
921
80
688
1346
340
432
894
822
916
796
619
1248
881
1168
955
1251
1406
993
367
800
310
916
872
1210
1179
337
247
930
1207
1270
870
703
988
122
1131
1114
725
1313
423
998
107
1029
105
924
942
124
1322
147
771
628
1300
595
1210
866
602
1209
121
138
455
446
195
519
1159
151
873
554
787
160
907
1076
249
1016
1305
470
1033
1068
168
1168
1346
238
61
185
1192
288
71
685
1271
421
301
887
742
247
1269
775
1318
1296
1325
334
652
902
370
196
866
1010
1119
778
1179
255
311
382
710
1370
615
620
1291
876
907
578
27
874
522
377
191
652
311
100
1112
112
126
964
324
1137
1069
573
965
889
267
124
1023
937
92
333
957
1263
1139
824
463
1032
1154
1018
656
348
1003
852
333
1212
206
317
790
1195
279
1219
886
1398
531
1149
1380
432
631
1292
1357
1301
329
822
431
90
374
576
724
352
1231
428
579
435
600
426
1179
667
1004
1348
669
1289
781
1287
960
492
984
476
1055
610
1362
712
138
357
665
633
573
484
1315
1079
239
552
1205
1281
1233
575
491
281
1014
1328
198
1203
1070
457
1020
327
148
691
1149
1401
36
1305
1025
195
344
256
64
276
529
309
244
779
817
1007
707
954
1135
949
1109
254
965
1251
929
456
370
595
785
763
276
351
454
1270
682
543
426
349
1132
1055
1088
746
25
836
831
1317
490
1223
1398
585
73
802
156
820
1380
657
488
1336
333
1032
1125
598
608
1007
620
350
400
675
1318
393
483
691
854
1139
157
1344
309
908
76
1364
472
460
1154
465
105
1164
1098
239
1088
537
1270
1258
135
545
482
881
374
374
1185
485
97
190
1048
1187
270
943
725
1172
1309
300
590
456
296
111
533
707
830
398
1026
1258
1129
1067
603
1215
485
205
1390
1107
1271
504
27
526
1176
923
670
539
826
1206
1026
421
413
1169
1027
1293
404
337
178
1170
385
582
932
124
1051
309
463
101
757
1266
190
923
1228
1221
43
833
950
661
273
1355
607
311
643
483
135
631
677
510
771
410
1263
474
286
423
624
176
208
1125
1266
1227
95
309
514
1196
1294
22
824
459
698
1056
265
370
388
1164
1027
11
472
576
717
460
1132
1151
679
1190
746
388
527
331
1200
781
672
510
1090
1147
244
566
56
740
57
125
633
18
1137
1403
29
367
770
397
1080
1346
937
291
352
1386
685
1267
863
53
742
374
344
1350
242
624
1378
1054
202
742
2
1293
1185
716
787
454
407
366
1320
325
976
1131
933
756
1244
366
996
1028
777
294
213
1075
1046
15
717
272
128
795
802
462
1289
489
1320
577
697
1320
161
625
922
1235
930
399
1216
1026
1340
787
687
922
1196
1166
1114
588
33
1111
1323
213
960
570
583
646
695
1270
988
1182
1113
1035
846
283
680
101
213
267
1350
266
607
993
382
1384
481
624
235
577
1177
992
155
1088
117
1165
385
436
542
325
1392
924
884
109
960
1006
916
1155
1349
1147
586
231
789
864
1111
736
672
109
125
585
670
1340
80
631
531
614
89
1236
82
111
246
1089
1038
768
816
1140
515
264
372
164
624
491
1035
475
1110
436
338
1126
56
1113
126
1306
992
516
1094
590
1058
502
16
637
1367
455
319
1230
1225
1136
799
797
307
1281
642
42
198
15
775
304
455
738
185
1046
830
984
1110
503
605
972
1308
264
485
426
207
1268
108
1276
988
168
1225
940
860
817
1032
762
1214
835
229
435
682
805
405
1246
734
246
973
885
1301
87
1061
896
9
538
1158
697
486
954
930
1259
892
993
1054
1204
373
558
1260
48
814
1383
1171
769
679
813
552
586
33
818
649
630
850
306
1120
1349
791
308
805
1176
186
748
876
25
38
891
192
338
1218
781
135
792
1100
624
483
1105
361
1167
1038
42
1306
391
1238
921
1223
175
1294
1366
670
379
1055
630
323
403
388
405
485
72
876
1054
1254
1316
606
278
372
722
1118
1335
939
48
520
391
1086
1316
726
1085
845
830
1407
144
1343
227
32
293
804
124
1155
118
816
821
1294
94
1315
791
1321
122
715
734
467
864
1003
692
1248
769
1211
891
1379
79
155
476
597
252
1146
211
51
670
564
682
1225
949
349
2
935
1239
249
535
602
1179
835
799
144
1092
1123
96
119
1238
885
1316
1343
1066
478
276
666
1182
839
649
1061
363
975
15
1251
62
236
1267
182
673
990
1257
122
883
1307
270
561
1044
349
1196
1284
420
1294
573
552
757
889
1154
49
1181
359
863
1009
908
1385
1124
752
189
1361
187
399
1118
372
789
792
862
1003
1332
848
25
846
316
323
627
798
1151
597
1257
601
1143
98
469
511
156
156
1287
403
318
805
1330
1363
114
1099
9
922
1271
780
78
81
1152
763
105
1396
810
994
528
943
810
1120
1353
433
1012
248
714
813
231
767
29
1156
506
1099
949
719
1066
748
341
708
1347
1041
741
816
1339
954
793
1196
835
224
1335
1058
255
1198
540
294
1135
694
550
490
235
855
349
266
660
910
258
370
969
7
354
1328
814
992
1284
1181
529
2
395
1057
1030
505
625
649
1268
876
594
225
799
367
119
391
1120
144
349
629
605
1083
1281
1261
1370
1349
668
1349
800
219
964
986
600
949
765
793
559
662
235
25
14
714
1100
49
780
1246
669
405
670
379
111
120
455
107
1240
236
99
74
470
1242
134
754
1307
490
1348
288
701
551
805
1030
139
403
1099
1359
438
53
420
1383
276
173
296
367
1254
587
920
515
191
120
638
212
888
920
584
252
426
227
236
172
991
189
314
72
754
869
1152
519
166
1086
580
1086
566
584
1261
102
1166
1147
450
62
955
392
1295
643
888
1319
683
355
1402
1066
999
497
22
505
519
369
503
582
553
276
72
225
757
819
717
1139
308
839
1381
1185
1110
1081
1196
1099
1185
402
101
159
110
431
272
35
1372
1217
478
189
1223
192
896
869
697
1133
1257
861
647
1388
655
154
927
838
818
772
1218
1297
1004
1295
510
537
396
530
328
1267
105
236
1181
1147
477
538
162
1170
961
377
902
572
424
362
1385
856
735
710
1007
141
1214
1004
285
1376
1145
614
381
505
963
198
173
1141
536
1033
701
1010
405
210
1363
1081
623
1037
1322
1257
26
259
732
564
1320
1309
1341
146
920
237
375
284
166
49
452
1280
620
627
1033
883
523
837
1171
430
58
1293
184
1335
984
665
1187
852
1171
1305
1036
273
312
472
34
1106
763
1265
686
1100
1157
310
1054
867
1376
233
1100
554
1376
275
494
297
1155
1267
637
282
263
150
1161
976
46
1083
138
1105
404
340
1147
952
345
804
1301
288
134
889
1374
1347
1190
611
424
643
801
961
1021
452
80
607
240
576
697
939
1344
263
1306
808
414
553
1103
881
811
237
103
1004
643
1309
409
1086
178
1065
505
316
113
755
1325
493
630
267
573
107
50
40
1032
1322
1065
237
1177
317
1089
552
857
311
998
1314
1131
827
867
259
1235
1379
823
371
1100
262
1370
364
1109
425
954
943
1223
677
1209
9
742
114
749
293
643
281
576
651
801
571
97
608
162
1231
1377
266
1153
369
0
791
859
1041
424
472
293
273
1117
812
655
1080
282
1218
138
1363
1120
674
641
822
625
392
420
496
1066
589
818
582
809
758
827
48
1295
227
154
1230
429
86
252
750
424
566
1131
259
903
935
558
532
288
998
239
333
383
665
167
47
575
68
559
722
63
288
678
276
585
59
699
806
422
1395
615
594
873
63
382
462
1288
338
6
1183
473
107
139
266
923
1010
318
814
532
331
113
303
165
1010
391
1085
1357
787
1185
1288
409
1208
121
455
380
1389
1313
1057
771
327
996
952
860
241
1359
750
412
477
1121
1090
1076
329
1218
358
249
718
479
632
920
783
863
69
335
200
867
1042
372
697
1273
755
734
513
515
868
400
1025
608
1339
1239
723
830
639
106
593
279
1051
348
1395
208
521
1339
974
1207
1316
1070
688
70
544
196
773
776
601
1132
837
1171
1391
141
1273
735
1171
414
868
1406
819
979
873
734
420
1275
605
18
551
167
1033
434
566
502
1360
686
784
773
1046
825
1143
326
512
77
8
1075
278
484
18
1218
868
503
524
1093
977
658
1113
1
821
1265
180
757
1154
173
374
577
925
649
976
57
744
758
416
927
1214
1178
1215
1230
358
1152
859
1061
224
1168
1241
68
246
914
1151
734
344
1070
1152
835
1018
224
1343
1203
1384
454
382
1290
986
188
913
275
50
1276
1059
401
1170
599
115
914
1112
986
813
330
1407
1279
690
333
47
1102
892
1145
911
857
1020
1049
821
358
754
587
1241
1380
366
851
266
571
1266
446
1020
831
33
1043
1353
1359
1156
202
1214
1001
392
1220
585
916
141
954
258
587
128
856
962
540
1306
62
1049
412
142
594
1163
405
933
325
1008
262
1155
1127
1303
1194
973
174
1127
1345
1349
809
1296
68
1376
683
243
261
768
1303
219
86
157
872
272
1119
1330
606
925
34
139
1305
737
1205
426
682
458
343
515
713
474
988
221
588
821
1203
1078
592
594
1178
4
187
71
577
229
266
825
834
1062
556
1242
1245
256
694
434
513
1198
124
116
401
1325
863
379
155
1189
1261
855
453
463
1380
878
1151
913
423
43
418
1303
1031
226
1182
326
931
261
153
41
911
752
1265
638
386
413
1274
378
276
913
1406
1400
497
1138
805
673
1218
604
895
658
911
356
1254
992
568
666
1031
1219
1193
278
171
1377
656
196
831
1123
453
402
1406
665
1308
978
171
1390
213
594
444
182
1263
1076
25
514
791
718
800
750
378
215
1249
254
615
335
1116
1293
857
673
1158
182
1326
188
1248
91
477
1084
431
850
1191
811
864
495
1004
1011
1155
34
188
60
1347
428
1381
217
139
563
1065
974
474
154
1241
1220
626
1356
1348
1190
940
96
1333
596
1146
1311
673
191
496
131
623
499
1252
372
1186
611
1384
1091
179
824
1356
842
992
1137
1131
102
971
220
992
393
789
766
552
1135
1011
1190
443
100
650
606
206
150
1163
1387
402
1186
206
1201
1121
1178
996
296
868
797
487
803
1260
803
171
458
528
953
1044
258
801
16
134
792
735
80
413
65
611
434
601
1329
181
570
341
1286
1000
512
220
677
155
969
4
312
217
585
229
1200
978
212
1008
1260
755
1145
117
1348
206
626
771
112
396
1326
1354
707
752
1071
144
8
362
8
741
1257
1358
773
749
762
224
940
300
296
846
188
1167
889
663
1030
778
725
1171
1136
637
644
315
1345
719
1374
248
90
757
312
778
602
1190
674
742
145
792
1346
1349
837
1350
552
462
596
188
623
846
631
436
1214
95
515
231
343
756
1344
409
819
150
147
581
828
222
334
1236
340
757
153
946
326
909
1360
568
1058
846
505
1014
1257
712
935
524
1126
800
605
841
863
1292
46
971
510
300
49
232
762
707
28
1001
236
490
1239
583
413
952
805
623
650
282
57
469
644
925
1058
1064
893
711
578
726
87
1298
893
754
1119
546
379
423
1277
1191
459
800
1052
500
1000
1153
832
766
784
1157
800
254
846
29
869
1321
930
1072
841
180
129
728
181
1182
910
103
528
992
647
897
406
958
206
1380
308
330
654
1271
546
201
514
339
1145
1332
642
554
958
1400
796
277
811
1326
463
1360
835
1230
25
1385
321
192
841
313
196
965
267
442
1279
801
1177
1357
14
508
1352
531
265
1027
620
1087
978
52
791
809
781
5
1310
174
120
349
891
857
362
1077
87
706
1019
946
903
1240
1117
1096
80
0
1209
792
916
206
612
935
361
1136
96
452
273
941
190
1241
1089
140
1305
1005
2
112
770
1305
1180
133
83
1077
1352
853
1246
275
933
524
624
461
1035
1332
535
214
608
281
339
986
1125
115
1265
1249
372
721
1328
119
1125
49
428
1380
1406
800
1344
1055
1284
1116
965
1152
124
1272
946
1271
96
989
788
1265
168
537
340
27
187
159
431
1163
100
135
120
1305
858
156
452
498
914
1107
560
1322
670
842
1294
382
865
1127
430
1107
1387
1143
610
242
608
145
308
893
693
814
83
491
789
1108
551
58
1005
491
121
542
47
107
109
435
213
857
425
151
870
843
817
858
197
92
869
21
265
79
693
761
856
1180
357
835
521
18
739
2
1383
546
767
1112
384
165
653
897
40
1097
226
1241
1062
528
251
969
433
1241
1285
213
729
564
1306
704
796
1400
39
547
48
964
962
1197
1133
589
1179
1111
1142
398
475
1247
1181
703
717
825
501
1116
807
948
897
860
521
1053
484
522
628
1035
659
1396
426
1200
48
206
108
834
827
41
571
1146
849
1387
1258
313
521
427
1075
1258
1180
1344
1275
19
1179
1169
343
973
332
998
1269
124
226
1293
809
1107
1357
341
930
1267
1303
296
740
1083
1312
362
609
1176
312
845
39
1092
1365
876
335
719
1124
804
95
185
1131
502
380
918
242
853
1376
259
777
1287
411
1345
795
129
781
524
86
1236
1402
860
274
402
1342
795
432
1349
247
476
973
655
181
970
751
550
1365
836
1316
1397
415
843
460
1381
650
1121
444
420
471
431
1198
1176
273
555
443
1211
1330
96
1376
479
333
129
704
525
564
1114
269
564
1353
18
942
454
781
331
956
698
33
1153
1241
1288
1226
197
893
752
1243
115
823
429
1333
330
1323
209
925
1355
352
94
827
211
761
731
1077
1162
602
68
403
1092
962
666
1057
807
1174
431
1205
750
655
1006
428
584
232
843
700
1309
1165
291
1164
279
1209
876
345
140
356
535
165
562
1046
269
200
698
539
468
992
872
94
59
247
638
812
553
901
115
218
847
672
631
66
843
372
522
1397
943
767
976
579
840
86
291
1022
52
1397
37
132
475
194
1346
170
729
1032
314
250
126
923
1247
555
1367
1198
179
568
280
1002
1347
290
8
1391
609
452
1081
1227
519
1188
1081
277
957
111
606
1041
461
704
955
449
274
1078
1091
340
361
1347
1385
565
454
875
1189
5
170
1032
1030
150
246
459
714
649
519
783
1312
301
664
973
1045
457
1121
1228
228
11
1399
1101
925
901
1302
853
3
393
772
614
697
82
123
1058
759
52
712
728
931
1090
872
1168
1148
51
380
630
83
123
1120
93
645
662
1117
687
257
424
809
81
1187
1199
1189
403
138
1226
461
961
79
355
1057
269
548
1034
238
162
1138
1100
265
626
978
739
184
328
524
1085
599
161
985
740
625
1298
724
556
745
1368
1099
952
327
167
716
843
219
1189
1357
496
641
789
1229
701
813
1073
400
234
83
1229
898
271
642
374
676
1236
1197
725
667
807
438
1327
991
286
72
1239
642
460
796
530
667
1141
167
673
553
924
399
694
107
143
453
351
548
1214
855
412
434
533
1092
1373
580
529
24
1315
870
281
1333
69
351
1365
957
787
181
1156
717
1324
501
740
664
1259
924
979
109
893
683
172
942
1106
786
775
809
1389
1066
347
855
1047
214
957
1382
524
304
610
622
199
823
816
1226
1140
553
14
665
1290
1307
323
577
684
955
847
1118
423
147
590
384
1351
598
990
332
1350
1232
1208
1067
269
1274
290
237
272
1163
452
1360
265
1314
744
58
1340
840
893
502
618
364
258
198
18
1118
784
204
804
1141
14
242
1232
1302
346
1017
170
1387
318
1351
1156
195
610
95
401
968
786
677
767
274
186
590
505
342
949
111
1107
0
315
367
307
575
829
735
447
703
907
1355
1323
1371
96
1111
1027
1136
664
1369
1314
423
568
610
1401
1202
1320
577
39
485
1333
1062
1348
1237
355
170
826
436
241
944
844
1322
857
1196
1024
299
1062
744
484
40
614
975
19
525
1232
961
190
342
15
701
186
1225
644
784
812
1095
763
542
816
640
1015
228
845
1365
1108
941
1319
1288
185
876
164
1129
1181
1348
303
35
279
416
718
1235
1367
1406
917
44
359
438
712
1054
680
1168
229
951
326
166
508
775
318
779
371
392
258
223
729
1267
1321
542
1356
1017
1211
649
1095
1353
1079
77
229
621
876
627
1047
359
499
306
1377
25
427
815
794
1077
365
932
1182
173
1069
475
451
809
462
520
1030
359
500
260
1252
63
681
380
1228
307
69
793
1111
338
266
744
18
684
422
1135
776
1302
1048
718
848
746
66
682
314
1355
783
651
266
688
1285
79
1282
983
155
1315
1247
901
931
83
560
550
1358
543
748
759
1024
1363
926
672
5
373
1385
345
514
937
519
111
562
198
1228
1294
224
1217
1193
650
1106
535
1239
995
1170
679
1303
422
1102
1265
395
522
1077
634
543
730
1071
1129
739
1228
1310
288
394
399
595
1113
1093
1019
522
421
934
187
1315
664
704
647
892
1240
717
329
1067
401
1075
742
210
622
572
603
84
420
134
425
969
956
345
989
243
869
928
404
979
1184
928
1002
781
1173
622
1077
336
138
559
373
580
1223
1318
204
609
742
439
196
1395
1369
776
846
1142
870
1093
759
420
1199
181
414
590
657
1078
1404
222
584
1075
779
1013
240
318
131
964
343
642
646
1277
1249
946
1201
250
235
242
1014
474
195
75
320
390
1373
131
673
1175
1178
1288
535
836
990
902
164
864
961
452
365
287
211
1380
1076
461
1158
1229
356
1212
1127
185
173
1131
750
597
861
608
536
681
835
44
204
451
1060
889
675
1167
824
265
518
848
1159
266
1320
296
327
959
132
1189
969
1080
71
17
538
153
652
476
1252
1299
756
1335
320
376
502
966
1091
1193
1332
667
195
1067
1288
473
97
506
1026
740
1185
204
79
334
1070
506
778
953
0
518
603
1101
539
1018
235
1199
1036
185
812
613
813
431
235
1050
499
1229
224
1317
1304
873
624
83
690
1155
423
416
925
728
1307
1273
1081
136
1342
1243
322
970
1180
663
562
1062
688
1348
593
847
1158
570
702
905
1348
49
892
351
99
439
1126
163
816
569
1238
305
43
80
79
780
308
356
1188
1065
1028
461
1362
1197
734
150
576
1312
326
95
613
197
1078
1022
673
456
682
81
263
798
233
29
48
69
415
1149
341
704
708
618
477
58
317
263
301
718
701
775
488
518
46
539
667
123
212
536
1236
1358
927
619
1047
405
562
1287
293
1269
187
96
382
150
1026
1211
1210
1235
889
1206
279
60
277
232
97
1324
1227
402
999
31
627
388
269
888
611
121
666
518
479
320
1076
468
108
1040
1041
461
802
336
411
966
555
966
641
543
1393
1399
955
811
945
1243
581
1192
1158
551
123
1032
85
1367
48
667
202
512
1011
280
976
77
774
1017
997
779
1003
632
662
634
240
441
731
968
1108
738
38
132
745
997
1373
938
401
137
553
1262
281
190
226
828
640
671
535
1383
997
583
966
886
1061
902
801
898
231
1003
1156
1235
1187
1002
820
1293
802
217
380
1025
1160
672
462
671
178
1286
909
814
638
1237
305
142
705
609
325
792
1217
275
739
507
1
15
568
190
467
811
718
894
137
767
1235
358
429
1148
513
1076
384
912
461
1150
606
1304
203
314
192
737
559
303
366
890
629
1260
158
975
1374
1310
579
972
522
414
1350
970
373
132
368
363
431
44
694
342
419
530
688
647
1
1129
871
820
508
561
1380
854
921
684
1260
5
508
1108
293
378
542
593
672
32
281
238
991
727
1398
152
1062
1362
635
342
433
1325
1260
947
207
810
1003
1404
1093
1203
795
1001
68
733
75
1219
267
81
1317
1337
418
510
415
502
173
79
1195
991
792
870
1040
1305
684
700
1358
375
1404
1160
1020
1099
868
1256
737
968
1347
627
121
467
1005
1099
466
1287
644
365
873
685
729
530
864
388
471
535
357
113
521
702
917
978
814
1339
628
1373
789
1242
725
1270
1217
767
1355
29
404
255
1117
336
1340
322
608
631
1224
760
242
379
307
1118
5
1201
1285
211
381
1371
1177
601
1005
536
135
68
1141
1062
722
957
1144
1088
1203
1269
1202
1406
875
1347
1169
1323
1312
1247
1147
472
225
1344
672
1388
694
551
887
1356
681
353
627
1274
10
1027
555
801
113
868
351
1147
930
158
246
1297
966
638
1120
477
875
1258
1197
1317
830
1124
898
1393
530
1143
371
281
731
1280
423
725
363
56
1082
413
10
1011
428
58
887
1247
1407
190
711
474
1370
165
1285
276
663
350
435
123
828
971
928
1007
341
1091
1046
835
837
474
135
114
690
1235
1398
776
1177
779
641
255
1033
66
61
1180
442
1261
835
999
1249
1336
1289
1284
1237
778
645
412
1096
949
890
1264
1049
171
322
308
263
75
289
1161
131
1056
24
126
425
775
104
1300
233
328
596
1394
449
1288
1057
944
289
30
172
1205
667
978
194
1262
257
577
436
1144
577
412
963
765
727
228
193
763
619
1188
720
723
447
502
711
521
993
159
413
691
90
498
221
1389
192
1101
435
696
1318
430
1312
980
591
491
1013
949
938
44
1370
754
932
966
490
633
1043
1249
315
44
1376
593
1114
486
205
1222
1106
1197
63
446
944
1357
1157
961
135
205
887
1089
305
1385
964
1118
621
1263
1276
348
1391
1102
498
905
1296
1320
1226
545
779
1277
1244
1198
1255
328
97
281
835
451
165
1091
589
248
123
368
137
344
190
556
1045
532
351
64
607
1295
1183
48
886
503
6
935
344
133
752
924
707
1122
329
359
1248
1261
150
548
873
108
1060
1399
331
1294
235
1369
169
472
783
145
316
753
1307
0
39
452
1058
1283
1391
741
308
204
1011
1058
353
1348
665
1110
1188
346
123
667
640
455
1160
1236
1068
410
330
327
524
43
665
986
503
465
1359
645
594
1027
234
962
1090
897
1340
393
1344
688
529
880
252
561
92
1371
1068
33
1110
680
918
151
793
1075
523
992
875
816
640
1351
1198
881
414
1369
795
147
19
308
763
670
282
607
1117
1214
748
1354
1068
862
765
1062
1101
238
985
265
1038
252
572
528
1221
374
215
518
159
151
592
1098
4
1158
1389
705
343
1369
241
139
1219
197
1179
216
28
145
863
804
339
142
634
13
189
779
375
1145
627
923
249
613
404
184
1374
1345
260
131
773
1140
94
1208
97
528
388
938
819
440
534
800
250
363
473
667
184
531
1070
1323
27
257
508
1004
697
592
1210
24
408
742
1333
1104
952
1314
132
511
1068
395
22
572
1140
92
1237
1236
344
1380
260
509
180
1052
207
968
1169
964
468
318
1145
1107
897
399
221
59
345
999
380
1378
1052
101
572
260
89
1173
333
1206
142
1387
568
567
1133
1053
40
92
12
31
743
272
174
605
403
791
598
439
947
339
92
828
406
132
492
937
1027
1221
215
154
104
619
1069
1263
1163
532
746
631
487
350
1376
232
404
19
583
854
53
838
692
497
1398
701
1202
617
613
899
813
1053
1107
444
605
118
63
294
448
28
268
561
702
398
601
829
139
440
43
1017
1194
215
1111
520
579
837
1224
603
808
388
175
620
972
1298
1183
127
614
1273
91
837
1252
1040
75
242
614
202
294
221
231
620
1180
9
222
1140
1241
81
494
937
872
936
294
879
767
175
471
425
824
957
279
81
198
901
878
39
721
987
616
54
905
270
212
393
345
97
1051
440
407
417
667
152
414
1173
692
1228
1113
274
780
924
784
916
451
549
688
613
312
752
1049
858
1246
752
459
572
670
318
652
233
165
522
1201
81
1351
372
390
80
1188
1117
95
80
358
112
1194
586
1206
118
1399
663
643
968
832
663
794
142
1169
901
813
1032
712
1124
518
350
232
1107
1191
56
1401
458
475
445
910
101
122
1043
663
1222
18
361
1156
370
1100
211
1301
975
995
1065
1140
1394
1068
642
1351
620
820
10
1163
507
619
606
19
50
910
1387
1334
236
624
1094
65
1214
219
1006
635
1146
619
435
776
182
924
978
1355
482
1012
1301
733
949
1299
1148
1376
613
865
524
943
610
574
1021
683
425
922
968
131
1088
612
1004
973
440
283
1236
1354
1024
1033
913
1056
485
789
231
37
704
1236
342
1096
1001
1400
836
1222
80
639
112
1339
1277
1076
1328
911
20
1331
428
989
549
1260
1247
646
563
1117
281
416
911
712
423
1080
784
1199
1245
925
577
1049
275
1260
67
643
40
1399
912
370
794
603
884
1301
1339
673
967
474
209
672
708
864
69
853
1176
1199
1287
1263
1257
824
797
579
20
194
959
707
771
1164
187
506
725
208
814
991
1094
896
247
121
1054
371
1346
1300
1021
166
1245
405
903
1376
448
744
269
183
524
594
1065
968
41
261
285
198
319
306
1286
9
244
151
294
99
326
807
524
1073
252
338
28
161
669
896
15
112
1065
139
1075
471
806
56
1051
1128
540
1224
1074
212
14
995
946
170
1235
287
97
1217
1033
820
220
1276
1237
821
684
554
212
1257
1100
756
480
403
1366
831
532
956
189
1272
1083
1017
968
1362
612
605
620
1032
1300
1335
1094
969
584
1128
1400
1336
1072
617
190
1272
71
740
1391
403
1173
875
1335
1219
410
533
531
639
919
626
1251
428
1141
278
726
890
1052
280
469
627
916
339
580
28
929
251
183
437
1011
1245
1063
1061
723
25
891
1289
1274
97
1252
1031
371
1115
987
960
915
600
25
560
103
1021
1180
619
493
316
689
1268
1150
833
194
56
1017
470
672
884
619
103
50
294
115
1058
1381
766
122
516
33
320
263
1248
780
187
577
642
137
428
1096
793
360
270
159
913
1086
1178
369
545
600
904
286
1225
1121
414
1104
868
1080
1239
226
1148
452
830
1345
651
326
1243
889
28
267
178
1154
128
675
200
877
987
1334
788
1085
264
545
354
687
20
1275
14
256
1183
299
801
864
1192
370
60
977
1020
1050
967
136
1293
785
1391
298
1283
801
205
100
316
756
364
1379
1328
180
110
93
593
1353
895
39
801
630
318
1326
1339
331
214
720
386
770
1391
822
1232
177
1379
726
1327
1054
498
492
605
149
142
620
1330
1141
1394
1192
1345
1239
246
1201
934
1051
805
315
237
1391
1301
739
393
583
958
902
379
1294
295
790
584
853
657
994
1100
1024
245
128
592
207
989
691
214
1299
966
267
475
711
1200
31
312
400
1124
689
927
1088
1168
22
730
163
1016
86
972
484
135
1313
19
278
745
497
1128
1192
1371
1301
1398
242
130
378
1052
1181
1292
64
851
862
1214
302
725
911
278
38
1319
492
581
843
774
844
954
409
725
911
870
56
1294
86
408
1073
620
854
1312
168
71
953
1110
222
1312
1128
1038
354
411
814
801
907
916
1323
810
1222
620
458
884
1148
545
1100
800
1067
1371
971
836
30
692
1159
0
619
536
915
944
1063
29
953
1144
313
843
105
10
30
630
425
1349
919
114
1217
391
1038
226
210
269
712
1400
1404
45
1012
31
712
93
29
493
1371
322
1401
833
873
527
1063
209
653
958
866
568
1254
806
1293
87
270
702
603
1392
1319
1257
731
1061
408
901
346
659
124
229
48
14
1218
1059
129
894
1217
1257
1317
59
1011
1205
789
1206
1297
0
428
458
1189
780
226
437
803
591
278
209
584
1389
238
726
939
196
907
59
343
612
815
1078
391
103
1067
378
444
820
1323
647
528
547
1143
174
103
557
1282
1241
74
378
895
524
750
54
681
1100
919
1180
210
770
30
916
1138
1187
678
1257
1323
556
934
1212
549
903
909
825
168
1237
1160
928
1143
298
556
1334
1293
1361
954
1368
123
183
374
923
113
987
170
476
310
1195
560
886
209
1346
89
732
1245
1401
1222
579
1195
690
386
714
634
309
404
635
1048
93
520
611
205
256
474
278
454
457
206
88
410
902
1098
1073
209
1256
176
299
378
568
1359
263
1401
616
896
35
568
536
1391
1107
190
710
261
477
242
568
1278
584
4
946
738
1084
732
1387
64
547
1121
1054
667
1188
285
783
744
1217
720
1098
522
1187
948
177
521
267
128
895
351
991
6
340
1114
614
909
1036
1293
770
493
709
961
1017
1144
739
982
213
149
1353
602
87
292
855
1381
627
1033
199
805
1339
1063
41
1118
997
686
516
1002
1008
460
1295
810
61
1086
1382
96
296
626
829
1100
1391
971
391
691
1325
1246
38
851
488
131
1346
321
1226
1125
669
159
330
1107
1379
574
196
872
991
811
241
293
1188
1337
943
195
981
920
617
994
23
229
547
830
901
1169
31
1038
1041
1116
1238
242
1061
1099
454
283
3
114
1334
907
264
222
1245
67
836
782
1140
1004
689
269
202
642
649
437
660
610
392
1274
994
1227
800
932
472
1166
635
35
840
1075
1354
387
840
961
1045
1318
563
444
830
64
350
16
41
490
536
129
635
901
1228
259
617
312
1405
1033
1166
1358
1237
1303
1048
1018
1168
77
400
164
776
575
392
1335
440
354
1398
1377
612
988
129
618
693
1111
573
1245
310
939
611
1111
343
924
113
559
177
1049
1381
1260
732
569
691
419
922
77
73
396
929
402
760
1307
259
13
1336
700
80
967
508
1243
691
275
844
811
372
34
1125
665
138
1191
504
508
30
472
1342
1216
1326
576
462
1366
559
221
1159
663
1166
1312
1166
978
767
620
264
88
707
750
278
1024
934
649
539
360
361
1281
187
976
75
1275
444
791
1242
857
864
1060
528
1355
128
3
101
1117
714
181
540
589
1066
872
28
85
1151
1065
1166
948
333
435
915
756
378
1039
558
212
293
800
662
1312
514
370
78
591
729
647
237
302
972
470
923
302
492
116
345
1326
1193
1230
315
295
350
353
381
1050
927
58
165
700
655
225
982
170
1054
1207
535
469
899
1207
1313
790
677
997
991
128
381
544
261
126
305
402
217
761
809
907
351
1057
1377
794
916
1343
134
163
941
501
362
901
81
681
883
1004
52
876
171
232
329
176
1241
780
1337
761
204
652
821
504
1060
900
1063
248
1340
336
825
1011
757
637
150
1011
338
1183
614
1297
174
1151
1406
1289
170
889
916
288
439
544
759
64
987
950
328
246
992
811
730
195
1108
278
1231
844
650
1174
732
34
951
260
960
1273
553
1163
1266
1222
515
320
179
599
1282
821
1253
613
1254
352
679
144
1263
482
654
1220
641
772
1144
295
903
158
1145
815
1349
602
404
424
1353
1313
1212
895
1200
899
513
632
28
167
1258
1095
792
692
1265
442
1238
312
440
1292
533
765
247
1103
589
1112
940
251
1102
1198
494
1258
653
592
1401
1269
974
698
1152
229
4
658
1272
56
95
221
1173
50
420
1152
1173
251
1303
1091
597
967
10
52
173
954
569
859
861
279
595
213
792
361
1004
1393
346
166
732
473
276
1063
971
1108
79
1091
842
1289
4
925
566
697
547
50
1278
623
462
338
1279
662
1385
1133
358
1283
275
595
245
1109
110
437
1395
1035
860
466
1318
355
687
677
850
1112
1072
198
99
1395
574
718
184
930
910
676
1049
351
733
848
229
1326
1305
630
792
86
800
373
332
948
606
1340
48
1093
1386
440
197
819
716
436
1125
730
637
213
15
367
1061
910
1362
476
564
1180
277
306
1241
1337
197
234
922
1348
549
724
539
622
1355
141
1198
1062
1052
798
195
1233
874
296
444
512
189
263
283
556
267
187
167
794
420
436
840
779
23
336
715
213
414
601
364
820
1227
357
1010
488
1113
1255
641
1206
941
972
925
920
964
1254
1117
164
1074
1297
865
89
485
1296
1206
810
209
58
1242
1111
581
639
858
730
1292
112
1258
602
289
1081
77
493
15
143
359
869
1202
1272
602
569
945
280
207
512
614
773
878
218
596
869
1039
779
780
1045
1158
1301
453
191
1245
335
201
739
180
391
644
729
1308
158
377
441
382
1172
509
69
1156
1031
1012
1140
399
738
958
1326
470
1214
1059
199
542
357
1366
808
231
1050
1207
169
794
1197
1383
74
1258
444
1022
600
1094
14
6
305
191
429
757
1136
350
179
1386
656
1261
1369
909
25
1259
1327
689
1317
806
1168
332
169
1190
360
827
787
375
219
1060
275
257
819
991
366
711
741
61
1152
285
833
34
273
1236
1330
614
727
915
223
47
605
149
87
1274
725
860
1012
383
971
18
138
556
472
530
1351
1198
1259
507
1237
698
193
493
55
897
1386
1029
205
973
397
547
226
1066
100
1297
1254
536
1139
735
383
1185
1359
519
679
747
1023
445
133
911
987
757
822
831
216
1386
1251
1379
328
739
702
1392
904
859
828
732
740
224
367
1119
448
759
394
984
238
513
1316
941
53
115
1150
1283
1118
1357
1240
912
151
343
1306
966
164
1060
191
1186
1121
1180
1202
204
549
378
1018
300
1198
1218
292
310
415
755
798
570
365
1246
284
1136
316
360
933
265
988
1170
904
72
307
1296
296
934
369
191
420
1084
1223
1397
530
679
1162
861
544
1337
621
514
128
680
928
1133
353
246
100
837
1114
29
792
1339
110
642
857
1162
984
1166
361
18
1268
405
1146
844
332
827
1143
1185
1045
1254
1227
627
1247
234
1401
676
1197
1076
1340
746
341
359
599
24
29
639
310
1290
1112
971
994
647
766
93
1292
388
1016
498
57
259
416
510
1316
138
281
412
525
705
659
49
518
732
1174
522
478
910
562
880
1008
837
668
962
780
707
1210
882
472
347
428
355
1350
565
9
186
106
701
1308
606
824
303
1004
1277
764
397
1210
602
7
1199
1149
1340
929
750
740
341
417
1107
1126
1407
69
55
1057
403
1341
190
1398
1254
650
1282
347
958
1292
1272
939
311
847
599
996
252
963
953
1139
1183
984
754
428
11
1162
1313
367
199
86
694
292
97
496
390
1377
7
824
472
305
726
875
1034
914
855
971
655
1139
22
804
746
198
1235
706
1251
702
1311
400
910
844
1157
367
696
520
822
445
1158
128
1407
967
1349
1141
1180
1338
1039
1118
133
971
149
407
926
782
75
384
1206
1230
24
984
382
76
1316
158
563
945
882
1177
84
522
331
205
251
47
1181
1237
209
665
1324
583
353
598
602
412
1129
33
1249
537
1088
348
151
261
1158
1161
1353
676
189
1016
1226
229
451
1188
645
112
578
75
1132
373
312
827
205
1296
919
808
443
933
319
419
348
1038
1248
556
373
396
1155
586
25
412
1018
115
259
16
537
1397
1031
1208
552
446
89
1310
1125
168
1159
444
454
475
107
1223
683
669
532
603
743
1016
29
494
517
1185
678
461
987
81
1026
1143
164
1260
525
499
819
1296
456
1200
1264
417
610
798
481
522
89
562
1334
1037
813
350
940
1036
300
705
347
645
1296
1344
72
134
474
142
964
85
481
551
1342
5
307
827
549
663
184
100
170
46
991
1317
1059
1004
167
570
625
284
696
1024
1061
840
566
1386
934
894
1124
11
36
894
381
1307
1345
560
647
245
434
1276
578
252
529
533
497
1075
1270
980
71
874
1091
259
210
242
434
1097
299
851
353
1256
1207
410
534
791
1280
991
804
689
573
1379
1024
1398
226
1184
926
1266
671
1195
1397
1062
272
1351
456
909
671
668
97
773
362
546
1195
72
257
318
1252
1069
273
752
1115
1
978
58
1043
1053
1143
822
411
507
1405
646
523
933
40
1137
913
919
873
1239
791
224
72
794
1051
201
26
866
787
1006
311
1155
419
880
1397
971
1124
666
948
642
1155
911
510
207
1197
362
668
564
229
1106
978
1239
717
987
124
663
1155
440
1207
680
366
1149
1219
140
581
1048
1024
1056
1246
776
939
1250
578
530
540
663
68
326
618
848
343
265
124
919
897
402
703
804
641
1021
1032
851
1117
1375
1388
25
822
1053
625
1344
797
1107
537
1269
1272
1228
766
137
1339
602
595
63
1219
658
1345
1217
1199
869
404
228
802
1374
798
94
1258
1121
422
317
330
1209
1375
1303
1028
1159
415
1240
211
822
919
311
790
1162
864
1192
739
337
1241
157
589
1055
705
520
805
455
311
865
1245
1333
1361
589
110
195
1256
1392
474
557
451
356
1219
958
854
1085
344
1090
207
242
749
1200
1356
1146
850
148
1108
581
248
595
1316
496
1395
1378
977
173
1188
598
1391
85
65
1099
156
657
988
802
1387
988
1398
68
447
1194
1267
279
987
1028
152
1085
1168
187
676
612
702
1225
535
287
754
353
262
1076
958
988
480
198
424
783
818
464
758
822
54
480
719
1103
409
1384
1220
600
284
752
258
1259
27
1217
322
811
870
668
507
940
830
730
284
965
1056
1399
7
538
790
806
1362
213
575
19
111
213
698
83
1078
409
655
854
1378
366
1052
1388
308
419
1235
638
1254
762
529
50
1334
514
609
187
758
239
140
378
480
282
170
496
1109
404
596
933
398
1266
382
72
1336
446
295
1197
1233
612
1161
56
24
1132
1108
919
565
1023
662
316
183
736
89
980
422
1219
589
328
865
1349
827
251
869
1206
111
680
1254
1220
926
840
181
1153
1270
46
796
563
1362
850
189
846
57
736
575
448
1168
1292
204
345
404
343
252
441
1240
953
653
698
113
377
100
225
299
97
1324
230
765
284
530
33
565
630
1205
1324
48
1270
1394
470
767
550
447
920
1127
487
920
773
657
65
1011
23
446
1368
1140
1095
494
691
777
484
1042
682
510
262
661
380
1368
796
355
1403
1082
410
621
398
349
258
139
266
101
367
780
89
546
380
256
1025
520
1039
1113
410
645
1336
545
1200
228
1257
169
1356
1181
350
622
979
1027
1349
777
404
232
1232
239
1311
128
658
800
1403
739
37
247
1103
687
1285
409
468
164
1299
865
545
983
1024
769
652
978
65
1312
1270
877
686
504
973
246
294
1154
577
481
1071
341
131
988
947
898
1179
830
82
947
434
7
659
91
950
547
1199
170
1219
1403
947
948
1249
1012
182
208
1011
265
486
1076
764
1008
288
995
1017
1348
1035
711
242
879
633
482
909
577
1273
619
284
7436
