-70.83175015
-38.10298141
-114.1273988
-78.57241512
-117.7239592
-138.9755163
-42.81226989
-267.0618082
-60.99854018
-471.3734271
-224.0538547
-356.0652582
-379.5852128
-258.3242321
-2452.660182
-72.8622823
-298.2664068
-443.5080365
-381.7575285
-123.04615
-892.8440161
-23.27630189
-73.29607371
-572.5733943
-1055.898961
-176.7822721
-671.7560274
-171.8169469
-80.07110573
-33.5655657
-73.11098883
-115.8629553
-854.7236894
-50.51711417
-54.28459013
-362.8123767
-40.91250256
-204.0639306
-711.8534816
-193.4392843
-651.3283464
-244.9814308
-88.14035104
-99.59743125
-175.8470428
-848.5968043
-1268.146027
-203.2345903
-212.046732
-355.2292245
-58.90705857
-279.9236732
-132.045134
-238.5390939
-23.10375729
-2744.707942
-165.0332006
-251.7476151
-50.7617707
-1895.941749
-230.9593705
-472.0841764
-71.9898812
-23.22722553
-2536.336175
-373.050943
-574.9453395
-84.74720529
-133.846566
-416.533407
-104.2182943
-173.5312678
-302.6122337
-82.94518284
-124.7025859
-137.9137859
-344.4537403
-387.6419994
-157.5176366
-17.57872208
-312.9740384
-167.5617601
-100.36437
-288.333854
-128.1471705
-160.848898
-90.57300412
-146.3609617
-306.8167844
-334.7401365
-57.70435292
-2731.521592
-53.27831783
-583.5287095
-233.833659
-80.13011597
-550.0432109
-2403.144127
-327.7771135
-286.3242685
-55.67727478
-94.86697777
-556.8908169
-232.7555812
-89.20213538
-197.6218995
-126.0189723
-544.8714507
-115.0544005
-107.0201282
-415.3705361
-78.58897633
-249.0954695
-121.1032193
-312.1703371
-1423.680825
-72.6214843
-62.89610198
-49.52262277
-668.9035403
-262.8053943
-113.9077828
-184.2671314
-526.3058262
-188.8038843
-69.62746357
-116.1334788
-78.40439235
-49.4658248
-44.85658086
-733.4316086
-54.05690698
-321.9066653
-107.7551028
-318.2569834
-218.0288101
-579.6285488
-986.198004
-882.8627038
-83.71170056
-42.25383626
-966.0111521
-946.6417042
-725.5634799
-164.3244289
-1703.259069
-53.25609872
-465.6174833
-154.1840856
-1124.923076
-892.3903919
-773.880897
-535.1032478
-25.19687001
-47.01735994
-187.4570813
-147.7441951
-410.7417228
-8773.220076
-74.1957813
-123.1932548
-370.1528044
-1555.007152
-219.7399725
-69.60009402
-312.9257136
-493.8366507
-57.14821913
-114.8124072
-2139.049747
-1102.364791
-342.2978152
-264.4265565
-5066.994278
-80.41895018
-41.79258756
-453.8032037
-395.3325072
-76.33134554
-144.2356896
-44.61852723
-1335.35999
-729.709382
-290.9269313
-140.9733446
-1341.165828
-88.78777667
-203.1476375
-99.45692491
-947.7161106
-186.0011139
-737.1927965
-546.2570576
-147.1648985
-47.05593059
-436.6940584
-172.6837374
-222.0759333
-33.04057553
-206.5534211
-204.8025245
-276.338238
-13.13821489
-207.6723623
-132.4580621
-110.4234157
-67.69947367
-193.7220377
-465.4972466
-44.24327991
-1485.500616
-99.94122019
-1411.627046
-49.57838769
-112.8218091
-148.0666152
-53.2013223
-66.50489411
-164.8632057
-13.60671621
-1615.082442
-79.20619331
-472.9073318
-51.00701435
-82.78104912
-5757.41224
-368.1773624
-87.32552837
-292.2474944
-56.31558896
-73.28975404
-116.1022093
-294.0674455
-181.5438805
-147.4121661
-250.4150956
-196.6095318
-168.1314263
-157.483116
-92.98962656
-129.1354017
-459.7420957
-433.3279164
-3168.872976
-1657.851962
-116.9375567
-150.3620613
-120.4108719
-328.3225102
-612.4766884
-71.53522553
-679.8798423
-498.7513358
-143.673237
-248.733183
-83.92346002
-774.4792219
-220.0868484
-9675.325018
-75.80360951
-4188.098607
-158.2397084
-342.1622698
-325.1055038
-111.4228412
-69.97025777
-142.3966488
-980.6437241
-92.09287096
-112.2295078
-184.5560761
-246.6158747
-204.4466229
-171.3086133
-139.2432953
-316.9397201
-165.1782246
-61.25505002
-595.3761826
-85.51542328
-156.7903701
-242.1783291
-228.7491554
-244.9701294
-191.6299892
-294.422337
-507.2701126
-557.3783409
-64.68596209
-203.3396869
-46.14747676
-331.3166039
-57.64302967
-231.8131918
-101.6650741
-300.777579
-303.6884252
-403.3379071
-43.99087583
-271.4152052
-1859.969082
-494.4247855
-215.3806371
-290.680234
-1134.741233
-695.2018448
-248.5296925
-486.2700574
-331.4214669
-121.6059645
-284.1542385
-502.8404913
-284.8527191
-38.08899564
-60.98058604
-73.20411335
-1267.00884
-77.01163532
-56.24950061
-451.9766331
-35.14151859
-44.37409987
-299.8196475
-87.29852639
-76.10947331
-428.8791837
-85.7264587
-449.1024186
-11314.96896
-98.13693471
-110.2362625
-162.8075611
-1821.725993
-108.2434389
-309.275072
-178.5238672
-312.3228422
-202.3821055
-144.2946296
-384.519759
-1125.832949
-984.3870054
-861.4054755
-2448.072062
-99.71178308
-126.2445713
-415.6827256
-213.4738205
-192.2598356
-169.2536717
-314.2750024
-378.5369816
-189.6994054
-395.1728421
-189.1488201
-287.5055511
-82.39504586
-28.38676102
-183.3137428
-300.6833887
-65.56266188
-172.3336524
-1553.164045
-60.605884
-552.864683
-271.4404527
-770.837745
-212.6749578
-7217.650175
-186.696691
-419.0774316
-137.101411
-157.4029122
-323.3118368
-1086.553466
-561.8029943
-41.41341125
-40.60128152
-95.67364131
-165.7763891
-76.68895009
-276.5635611
-209.8642601
-170.8142882
-1352.020702
-2074.358951
-196.7740882
-1095.185721
-30.25650481
-239.573022
-135.3684951
-236.4180253
-85.08809087
-106.8878344
-1554.636875
-254.8305185
-95.92807002
-105.6455387
-75.39043009
-91.69520383
-51.14239094
-123.9548178
-423.5747102
-64.38208724
-2670.020895
-46.01096461
-79.90066652
-234.265952
-10954.97097
-133.1304108
-88.85793115
-2900.505319
-945.1643502
-290.9297668
-63.17519803
-100.7980294
-325.8799587
-107.6574391
-421.3404721
-117.5355609
-257.5778848
-84.21380329
-141.3908762
-76.38635785
-88.15047078
-272.6996559
-22.74832279
-131.4113543
-50.11638779
-1066.479841
-1231.69299
-365.1798561
-15.48429113
-183.2605961
-39.16335609
-123.1257702
-267.6548399
-47.68611079
-714.4528808
-198.9578779
-21.30864696
-1293.934201
-63.91748747
-764.5879511
-268.2374873
-167.0851245
-123.4221422
-99.90213939
-887.315119
-478.2471329
-56.65273573
-163.5456773
-258.2774159
-89.31751493
-114.3336776
-103.0281449
-70.94834926
-170.1837173
-194.4178349
-541.365273
-56.9205435
-47.09655602
-327.9017892
-10.93543567
-43.0465288
-490.4436102
-63.00271441
-798.2972233
-166.9337438
-115.4478554
-375.7320994
-4259.15969
-967.3860644
-127.766214
-132.3771838
-509.1528094
-61.71841539
-32.60897416
-349.1816373
-333.3793694
-416.1396735
-215.9348524
-360.2452194
-416.1828796
-184.1606969
-82.42626719
-65.47552823
-60.6135014
-145.5913861
-406.56053
-142.6285462
-178.8057084
-1132.985506
-872.027679
-317.7787727
-355.5751082
-79.99394533
-81.00276797
-301.011878
-242.758279
-213.0541769
-131.9598754
-93.83154618
-814.1982049
-402.9820817
-29.70941821
-201.0531223
-180.8767801
-336.4422871
-72.00041463
-1106.774796
-70.6893124
-93.17127632
-124.5132044
-1149.927447
-69.01153509
-70.82479191
-124.0461344
-63.13101484
-44.14753023
-26.59152826
-21.99836434
-498.1498583
-368.2017347
-194.5584539
-89.90540485
-632.1127495
-124.6738386
-30.44251649
-319.6873306
-5651.269015
-427.9769264
-26.73058983
-164.6206822
-1377.393216
-188.4293411
-488.499835
-119.2521048
-97.31372464
-41.13101446
-437.6462783
-366.4144147
-27.66871164
-1074.616321
-44.98844928
-637.8277126
-156.0526972
-65.70432118
-535.2514366
-92.78691332
-18.33879193
-738.5728359
-1165.990299
-72.14512544
-58.60110264
-454.3197637
-34.74775041
-16210.02873
-170.9235374
-215.706605
-587.612116
-564.3991011
-105.906257
-1095.696474
-26.68692028
-317.028948
-110.8344747
-676.8131751
-102.5705481
-327.6594138
-895.6383491
-728.1469996
-57.293718
-278.8446844
-211.2237786
-212.1758037
-75.68162929
-202.352991
-138.9300851
-274.3491296
-281.621421
-443.1293532
-139.5065184
-193.3848465
-891.9927969
-228.2377214
-351.7265867
-164.4708408
-264.4311878
-185.8049138
-433.5374151
-635.0155387
-525.187703
-420.241789
-423.2103589
-137.4417901
-608.3394955
-818.8333598
-130.4170147
-2491.629003
-94.50989729
-190.3257857
-41.50419415
-1102.079593
-369.0282963
-1491.257048
-275.392365
-844.4838791
-69.70822106
-119.370557
-1003.486432
-111.3868975
-119.3095591
-322.2035009
-241.8910263
-130.9868482
-68.42633461
-180.4932443
-64.68244239
-49.47942219
-587.6955727
-749.3472236
-25.03910536
-83.32174908
-143.7410511
-67.2838881
-1044.789435
-1961.656678
-75.6998977
-760.2664083
-37.17567587
-38.36224465
-76.68861215
-3195.811489
-152.0678335
-65.91280912
-367.3759087
-107.7275698
-197.6954461
-340.2524595
-274.4866833
-107.2319714
-131.7644887
-141.4017232
-124.5286154
-59.32938896
-364.2611192
-153.5016045
-296.5283299
-283.6730926
-54.40468742
-1349.925997
-42.01695068
-263.6674991
-2564.464418
-75.59238611
-139.7530614
-52.89480348
-120.8215852
-141.5393606
-1256.883605
-104.8208752
-305.6091769
-300.7480893
-122.103588
-2433.38256
-588.8613723
-168.2436069
-65.59753945
-70.78945915
-10253.27869
-694.1654048
-117.0880815
-302.2751864
-441.6056601
-66.97856082
-59.09660563
-22.92907753
-3874.787694
-31.60511203
-108.8321125
-220.5257186
-294.185638
-79.71823022
-135.9713192
-396.3728807
-507.4083377
-180.7459641
-217.3723771
-20.64577331
-751.2597875
-365.4644824
-97.82281958
-219.6596024
-1543.234808
-241.6900543
-87.89434469
-83.11890049
-48.38006543
-53.31775675
-3001.624166
-73.10524168
-902.7030707
-20.57676089
-83.59805465
-85.02772183
-517.677225
-99.93993333
-732.3759305
-80.02933665
-149.4052076
-57.76498226
-181.0957116
-441.9047436
-59.28344352
-63.12637328
-73.54737472
-64.05833324
-150.2462184
-1104.1644
-103.1280001
-410.9915112
-173.8617411
-273.866715
-196.6084526
-982.4781965
-91.3762502
-265.1421139
-24.65835772
-165.8492779
-63.76649322
-66.4876623
-442.7124963
-203.3857055
-25.82632524
-585.5093092
-332.2049257
-237.908189
-55.30257715
-147.0990712
-114.1186805
-448.2847793
-136.0222953
-214.4054475
-1097.213078
-184.6072445
-195.114135
-72.7919026
-275.9281757
-160.320787
-140.9449934
-182.9542543
-185.9839787
-124.758261
-64.25670358
-94.73031258
-581.9571279
-135.9310462
-176.3064603
-28.60886197
-54.09434638
-114.5285375
-74.59638265
-52.14077308
-290.6233644
-534.3034095
-50.25090234
-91.60647456
-165.7536725
-405.4019673
-192.8976543
-1255.135693
-102.8554435
-539.8999112
-33.84244444
-148.44162
-40.87627898
-62.41767377
-183.8855799
-62.3979316
-67.92571521
-205.3416002
-90.18348736
-761.4346714
-1821.210867
-54.57354317
-337.953944
-138.3040184
-157.1214358
-583.8402729
-54.99905711
-955.7718747
-348.3155143
-58.16821725
-43.95378
-51.31781855
-160.7051191
-9710.364572
-242.7858305
-177.7618367
-557.679313
-65.45599967
-153.6756689
-134.5520398
-76.9756192
-154.2237146
-92.74066423
-25.60146079
-153.6453231
-104.7723445
-362.3501203
-88.01515884
-55.31608997
-46.85406603
-113.4917534
-273.2031971
-5952.718439
-38.54101612
-49.26542769
-39.53157848
-331.0660108
-14.08024643
-154.4904985
-169.456436
-1648.443958
-27.58788444
-866.7004824
-76.3975646
-506.3701956
-158.9669151
-12500.84255
-432.2510553
-7923.2084
-489.856201
-1432.775121
-54.73154893
-292.997729
-198.9760054
-637.6030035
-307.6820865
-67.39008624
-322.1183382
-137.465382
-784.0589612
-121.7295934
-606.4344061
-288.4986507
-55.07813908
-2565.257401
-264.2733049
-969.6521219
-295.5758019
-424.7768089
-534.9794268
-60.01582698
-101.6256267
-89.28565629
-277.4203659
-113.5157638
-430.5589306
-2293.603389
-379.4729972
-192.5220635
-83.99787783
-1583.180047
-168.63868
-133.0704026
-47.4535261
-1535.459461
-179.4035705
-801.3083341
-2136.146116
-124.7523495
-471.9485949
-621.1450345
-879.215278
-54.96554812
-187.6271534
-190.4077259
-2717.897959
-42.2287357
-1136.689586
-43.85884151
-104.2445779
-100.6335754
-1308.432421
-527.0916784
-393.7871795
-32.67150712
-36.46976339
-257.5903037
-1290.584951
-163.3030496
-9.577337526
-106.9038131
-135.5013112
-245.1662136
-110.8363628
-53.24477903
-334.6676922
-166.1090926
-82.72414985
-91.69289909
-90.05380667
-27.68511594
-123.2205868
-26.0078462
-124.6458603
-128.4787929
-307.5641407
-88.45484947
-180.4637063
-80.61271076
-110.7835661
-66.37817355
-77.80863631
-911.9639295
-201.9372991
-980.5080546
-77.53827405
-22256.90427
-72.94688227
-427.4937923
-70.92848869
-1012.159007
-522.5353814
-154.8697646
-365.9494873
-279.7894305
-26.7765863
-227.781398
-198.4726078
-2215.750452
-105.4852724
-176.5179833
-292.638882
-627.0550714
-941.7193162
-216.6679612
-137.2982615
-1725.189077
-411.4838379
-125.0158796
-222.4214954
-74.56657941
-321.3841093
-912.4229574
-223.3707716
-930.3499364
-80.37089191
-51.37132934
-10.9246332
-2086.226077
-9311.186928
-68.93169397
-187.1115409
-61.46854804
-269.1523939
-70.63773314
-23.22261777
-140.2792589
-409.9824156
-432.7212211
-35.73635252
-399.7757434
-104.7697598
-689.2498953
-172.0908018
-512.6707342
-273.407062
-58.46419111
-151.7698324
-187.4823412
-105.4654835
-173.6799892
-189.0667541
-36.90151599
-385.3742283
-578.9999104
-58.6112701
-178.5458117
-369.8197844
-48.92775174
-139.8510586
-342.5755941
-45.6356359
-152.1602674
-108.8555821
-77.68963181
-83.14455054
-1355.004939
-62.40722732
-154.4918929
-350.3329407
-479.9699392
-63.65225899
-140.1302165
-4224.730541
-190.3117759
-74.07332487
-633.0249931
-1832.144604
-130.613281
-128.6586186
-198.2842676
-635.2242659
-18.98477573
-84.76292166
-71.03704
-97.5791453
-206.2641639
-690.7584907
-1046.056843
-2400.657212
-210.8503683
-140.069776
-3153.52389
-382.2572786
-118.5156401
-214.390207
-151.0767725
-56.3698089
-55.11247251
-2076.987519
-200.1501494
-109.3833158
-7919.290399
-140.840515
-180.0142189
-40.71916853
-230.9591691
-198.3737404
-139.9093057
-70.63754238
-132.2844618
-252.0810277
-186.6866291
-131.9180222
-361.3393721
-112.5200133
-136.7156096
-1396.90769
-386.4404818
-116.0122338
-461.1250131
-389.8183789
-939.8594107
-53.63351303
-76.59184374
-1902.706717
-221.736896
-450.8305045
-1101.31495
-139.4869327
-500.1761867
-262.2992779
-18.31476877
-132.9370512
-250.8518662
-199.2244258
-88.05115565
-92.23249215
-810.0313677
-143.8963006
-71.51145789
-72.23526275
-52.56505684
-229.5583232
-180.9071562
-33.30738382
-118.2076525
-25.44777588
-156.2104371
-299.3967075
-41.16388121
-96.15938584
-595.2649684
-178.67116
-1414.715479
-190.1127869
-119.8694935
-100.7277325
-961.4296662
-2008.52918
-194.3197785
-141.4109805
-784.1212557
-165.0407167
-12.26095574
-2309.701511
-253.5800626
-180.4209187
-63.55121862
-264.3299208
-57.68478355
-327.8555949
-238.719537
-127.3091578
-51.37595077
-2167.491102
-478.1750772
-150.086754
-108.8260442
-1147.541834
-143.3164817
-100.6634415
-14556.5727
-110.705986
-92.0642324
-2661.464521
-1834.124755
-3310.672695
-893.0605108
-98.35886799
-282.7379502
-896.9243407
-1471.822933
-828.3740462
-94.27872322
-121.6032747
-229.7346677
-573.9925063
-48.41344033
-111.3455932
-2700.390449
-385.0633939
-119.3088675
-39.28133699
-218.2720462
-127.8349711
-15.21267424
-424.9301758
-177.3406091
-73.20367473
-61.07713636
-207.488083
-770.9483561
-441.092657
-1335.249253
-133.4639722
-36.6183771
-114.8528286
-170.5723053
-416.9255733
-127.353653
-1342.023583
-227.5016517
-31.11450546
-85.2319755
-78.3814989
-55.89834829
-260.0951247
-41.78514173
-330.8053723
-84.8874087
-91.05870852
-43.02453025
-96.29648082
-95.28425054
-203.5754953
-291.4786018
-34.55885752
-1151.071982
-222.5539696
-57.42101908
-181.7963467
-76.77959004
-259.5387249
-163.2567913
-108.698753
-135.4737573
-57.03029849
-199.5256213
-88.12474143
-155.7808065
-74.05792162
-183.3941604
-530.0030571
-616.1405225
-75.84444288
-125.1524131
-385.9050819
-170.8103503
-111.7642732
-95.86164383
-56.28728018
-275.3736
-853.0420025
-586.1081083
-188.5391582
-167.5916144
-447.971754
-4287.952342
-421.796941
-64.02805381
-105.5661905
-50.23184178
-219.3611169
-64.80889636
-25.16736457
-748.4883219
-244.1790664
-47.22450896
-306.2461545
-48.99621707
-296.7748584
-1044.917929
-158.5609069
-394.2952559
-508.2043178
-1014.931573
-833.4129348
-349.0226466
-103.574512
-152.28585
-127.7273901
-81.23604212
-55.74767716
-966.9945367
-60.43171863
-81.95132444
-279.8968944
-14017.50992
-120.5650445
-54.40381121
-849.2202264
-284.8063138
-510.3092347
-170.2534413
-291.4549402
-93.74373757
-343.3427205
-52.90740624
-112.0171433
-121.5511336
-66.24953195
-71.16656825
-803.5016195
-78.24845525
-85.55627051
-5585.849974
-56.78987623
-45.44224238
-574.2287326
-434.3994395
-83.98152579
-1397.694544
-26.52420542
-688.6422291
-32.72729976
-137.6485826
-279.046343
-119.6420824
-627.5865375
-152.7564836
-1067.846348
-96.0634737
-35.37964555
-24.91534406
-257.9837538
-9156.969056
-293.3587355
-799.5475301
-37.39386947
-240.9503344
-141.0061621
-105.5344802
-1413.071077
-1906.793419
-549.5263116
-119.0811169
-208.9168944
-55.82072712
-99.52229834
-236.1476483
-595.7856597
-443.2689395
-62.28788999
-236.6972274
-124.010148
-40.1122044
-35.97986236
-151.5893458
-104.1596069
-344.1076828
-453.7421455
-22.35054582
-39.10353276
-306.5485984
-104.9677808
-574.1193093
-961.3387674
-321.8386187
-511.1395821
-203.1700885
-36.12321372
-112.9488255
-60.46039109
-56.36969413
-53.57228412
-77.03403738
-1132.667606
-141.7283478
-293.6001275
-934.900802
-176.1150313
-262.2314202
-311.928222
-1155.068402
-784.2149723
-1470.86824
-55.55774329
-150.5030794
-160.6598552
-186.3748741
-406.8719581
-188.5329152
-227.6461529
-131.3578923
-158.7823213
-58.19314129
-495.5169015
-338.185995
-5940.825273
-196.2431118
-97.24575724
-81.817735
-187.693381
-151.0358791
-175.9828149
-58.33211829
-42.54822784
-81.15305968
-71.12539849
-272.8036593
-3478.022876
-84.57705046
-657.8900917
-66.07498782
-492.8040405
-455.2968747
-39.65944345
-33.85430394
-67.51480466
-23.92472439
-54.1219466
-243.4627829
-879.2609274
-163.0869252
-275.716931
-378.8007689
-335.020061
-127.047243
-2471.321262
-10913.3545
-77.62288777
-241.6943285
-58.36000275
-290.44093
-298.7375716
-12.14641021
-32.38823152
-3489.674078
-72.97862916
-139.7148729
-611.917631
-38.32811151
-132.4119078
-136.6840471
-348.0311731
-343.0901083
-83.12311658
-753.9535596
-416.0960368
-63.24064647
-102.6026424
-255.4127064
-122.4626332
-34.13054172
-17.64876391
-328.9407584
-43.24038805
-112.3502494
-246.7139856
-81.60274588
-695.1757623
-182.7353218
-232.3493433
-46.9786681
-54.93895941
-92.27707517
-126.9145071
-198.7180121
-161.2007123
-130.5619369
-24.79728808
-261.109731
-193.8127626
-269.657314
-289.7683747
-92.73862511
-427.8105579
-79.6909943
-1524.840754
-134.1864339
-39.38439847
-1011.173894
-563.3866616
-54.7225681
-33.20324508
-176.489772
-283.3916985
-74.61264959
-109.869351
-317.5774601
-37.72017405
-1438.141567
-337.8858858
-121.9618664
-582.1295864
-498.4521847
-5989.480186
-689.808402
-41.46799178
-101.6078231
-44.65333889
-109.6159438
-3145.559666
-225.628202
-84.5844438
-344.2951802
-63.83890176
-639.3015285
-263.8537856
-1451.285307
-73.86023753
-161.5994711
-29.47145732
-2209.835696
-406.1056622
-671.719777
-286.9197934
-64.7565914
-91.77301153
-285.2327066
-704.5715694
-140.394873
-20.25257706
-45.61507484
-33.90464999
-135.0717808
-121.8246831
-29.60429187
-46.42355902
-47.25120766
-183.9378794
-109.1035992
-42.1370991
-317.9044113
-269.8480186
-202.1088116
-301.85091
-64.7457872
-40.9738594
-71.66050135
-34.03536643
-1260.148912
-151.8685538
-291.2918898
-36.8456759
-245.608643
-148.0728956
-203.5222653
-158.0190181
-177.2811795
-128.5669483
-66.52820007
-280.1374696
-34.35922334
-202.6617214
-109.3768599
-238.9736231
-357.9013529
-621.6805382
-856.1347326
-2457.899311
-74.46498404
-7773.878027
-34.33610005
-425.1216738
-129.8080648
-35.21969424
-81.81587779
-462.2011153
-31.26314639
-65.97747485
-2948.912479
-196.3044894
-72.38036797
-162.6681688
-103.8517515
-542.361247
-41.39396497
-225.4422972
-35.23341098
-588.0803044
-27.23680019
-70.26139139
-148.3239508
-323.0707314
-43.17425828
-40.13061133
-18.85092716
-130.9142415
-153.5395685
-260.0100674
-37.32565163
-182.7488811
-596.8332722
-101.8682502
-32.86039876
-2659.509681
-43.82408502
-1066.441507
-47.73118053
-395.1604695
-118.8142357
-44.76537017
-16.69598662
-52.28616467
-1048.815656
-170.6904724
-382.1463946
-93.74502068
-5049.5105
-44.52305369
-1944.831434
-772.9555778
-2147.825221
-349.4694693
-67.84956258
-206.3626296
-146.0259432
-299.0700448
-145.8455539
-506.0923577
-97.90312396
-121.55999
-467.3104671
-1203.81921
-282.359168
-292.3013087
-63.20511281
-151.6734234
-108.6653133
-100.3322554
-135.104446
-163.7888789
-66.49856418
-25.52179759
-211.949168
-377.9853931
-101.678795
-37.57514477
-35.08803721
-305.0802273
-87.02181247
-225.6119976
-251.7435392
-70.99900472
-1038.714657
-599.028065
-407.1716652
-240.8487559
-37.7937708
-154.0263944
-93.04171998
-31.9246711
-205.894028
-408.8916955
-329.7318375
-671.5242944
-402.1577594
-184.8391077
-5317.139309
-153.3532763
-227.385187
-257.6126438
-312.6998206
-60.06425142
-50.88897578
-56.48441578
-93.74221112
-106.9863827
-93.35861736
-615.3402793
-28.28399591
-92.3084202
-52.09153078
-399.1502036
-421.6125046
-1260.934226
-593.5446984
-39.85805655
-433.3885561
-58.4026106
-2434.756142
-817.6925774
-56.82247766
-537.3167173
-772.4349078
-59.52789292
-263.0025328
-55.46751872
-25.59990596
-222.5920146
-13.58763561
-144.4649885
-182.7003109
-53.84805944
-232.2540494
-71.25822126
-593.4367135
-4339.676069
-256.055951
-192.7590413
-239.8827137
-330.0409018
-316.813809
-208.800403
-550.7014298
-186.0989188
-1402.414219
-566.1423821
-327.9849434
-223.6443148
-233.3817647
-305.8957757
-6231.219712
-19.02784149
-96.90727265
-866.6287974
-962.5627768
-102.0277326
-1053.030735
-126.379416
-57.35793348
-81.6502275
-135.1521779
-244.0367927
-261.7486383
-340.8028922
-61.52318791
-2139.551495
-308.3706841
-249.6397319
-3617.847933
-376.3158009
-2727.972015
-3985.679788
-79.85915124
-1268.356324
-81.93320639
-55.94639826
-404.7057791
-63.24974615
-118.8434525
-68.32322089
-173.6334228
-225.2314303
-1070.366244
-482.4101599
-93.98362834
-1386.892086
-108.0036789
-609.2411931
-366.3559443
-402.4924128
-64.43206621
-421.3364901
-2246.895159
-276.8496336
-172.1806174
-528.7208503
-157.7968825
-217.4639206
-159.8155853
-42.2051409
-106.6010245
-193.0223127
-616.597589
-29.26860423
-168.8804359
-173.5058101
-87.73509922
-260.1446019
-374.7973723
-283.6337783
-1367.89931
-129.6269548
-194.5281235
-692.7593481
-744.0805557
-58.63820764
-35.46033765
-113.131789
-43.95779583
-25.7443325
-449.2356128
-294.3398
-30.42331481
-625.8189134
-15.13768356
-22.59636183
-2065.169028
-328.7853635
-93.72158578
-113.5487206
-2040.811563
-38.94433261
-72.29943932
-88.30897797
-322.6793774
-72.04900142
-296.3161638
-488.8157386
-70.50659681
-275.7658883
-3188.539953
-108.2666482
-115.9360889
-119.7192502
-1802.751427
-45.3289411
-950.473438
-197.6350479
-219.0154811
-82.57569239
-97.63051515
-94.13659683
-266.3471767
-509.1439633
-165.8787129
-681.3358957
-285.5116321
-272.8194686
-44.50512569
-572.2850399
-104.7182915
-1000.92605
-458.9055769
-292.9438064
-575.3235249
-2927.469485
-118.2299784
-211.8427178
-213.6171346
-146.0422442
-1033.951378
-35.64714571
-200.425249
-77.29267846
-975.2350287
-73.04130562
-27.52618023
-104.3701565
-1472.058872
-485.1969578
-79.74374474
-152.8620933
-38.31819345
-271.7844453
-104.0450335
-3179.5896
-310.5016798
-1283.70982
-1670.282679
-464.2564103
-287.9242501
-143.8431091
-2792.692268
-507.8692336
-47.48331124
-194.885183
-647.7716361
-409.2546203
-166.4539913
-17.04363949
-177.3877399
-156.9237935
-404.7411624
-61.29604538
-34.61360167
-987.3220295
-702.2501155
-92.9691441
-671.1075894
-116.0787533
-75.8676126
-515.7596674
-61.97179458
-398.4010586
-152.6240115
-74.19019047
-46.16177748
-83.98120958
-3047.464234
-138.341162
-27.86805832
-253.389927
-65.83744138
-124.8589157
-162.1092836
-2684.566206
-264.0514171
-135.3680762
-651.4006691
-60.25283171
-42.04967915
-366.4508671
-121.3123776
-266.0541215
-141.5272989
-50.57317548
-1037.233117
-196.3945809
-171.5174985
-381.6316972
-206.829932
-363.7340765
-115.0701456
-830.7484097
-157.8870795
-80.49672538
-1372.439113
-130.7727764
-1316.169834
-187.3378714
-32.32920771
-3644.178704
-356.7301628
-49.23836063
-1179.464278
-196.8463946
-413.8560892
-35.46067908
-85.39920802
-266.2832353
-1985.431471
-125.2751046
-96.28975864
-108.9856197
-123.6079237
-126.9633683
-79.5152516
-408.8943183
-48.29331253
-109.3018172
-195.2407091
-263.9252665
-370.5566673
-628.5528139
-79.74020479
-56.32273437
-750.0142728
-571.9819048
-1329.678199
-100.0990223
-226.9789799
-22.19143938
-116.2202823
-66.82420342
-135.0443741
-191.3590197
-575.3683294
-2428.86211
-35.77755205
-77.9629645
-330.7894588
-160.0343482
-150.3199957
-36.66994267
-657.8037677
-124.6750824
-124.6166538
-75.68764347
-103.2332075
-266.3059681
-301.8024162
-448.1539751
-123.2750524
-76.66254563
-669.5984407
-1318.168925
-207.3429188
-190.7569062
-227.8769161
-200.9928507
-851.0684595
-31.53306832
-280.5082002
-222.4407282
-46.13830924
-334.4948702
-199.4900356
-166.2119459
-66.02334193
-295.7735443
-191.6895599
-150.3967248
-1639.310293
-243.4635184
-26.19553449
-900.3058462
-499.5652248
-49.25864142
-134.3131972
-465.1802574
-121.5283428
-293.913311
-118.4519874
-120.6924601
-108.333983
-75.63406464
-518.3299311
-55.95625524
-74.99820352
-114.8353538
-111.871355
-186.1527059
-234.0081595
-198.8243275
-127.4288551
-139.468943
-141.1113651
-162.6878099
-60.35486456
-77.40766203
-1106.8166
-406.8261051
-63.50803933
-195.530857
-984.2303768
-97.17325541
-51.17039826
-982.2565931
-303.6539077
-66.35021718
-288.5083286
-119.0429125
-53.73505314
-256.3746111
-60.98357908
-320.663315
-43.1300492
-380.6561945
-408.8843127
-193.9477027
-66.98969596
-206.9563794
-198.1813589
-177.3821133
-78.87454623
-4103.516675
-134.4598979
-243.3966688
-189.0806227
-40.87959862
-612.0859074
-303.0738823
-117.9044118
-62.52143093
-93.95046307
-57.88823998
-43163.8394
-95.01785064
-604.3351333
-278.4591244
-90.19043774
-91.78170029
-54.12492715
-893.7538338
-48.40684218
-199.5966374
-180.8567618
-50.20836153
-28.96865732
-218.8697369
-66.37958313
-1100.099514
-750.2381546
-129.3844186
-214.8625388
-48.02949813
-91.45680441
-549.4560849
-144.0462805
-74.07253998
-49.91370549
-127.3900504
-175.8598756
-56.25959401
-64.50073225
-222.3604766
-21.97276968
-329.264181
-92.94995709
-67.13706257
-953.0530441
-352.0306869
-113.7789303
-2084.979054
-448.6193185
-27.1717224
-458.1335438
-541.4810754
-20.31800202
-154.4026872
-54.08354843
-79.19262405
-253.5873629
-233.7142314
-19.31615979
-1742.400064
-197.5036552
-42.68746437
-483.7631514
-993.5279272
-304.9623849
-110.373696
-75.32094673
-123.0403233
-79.62581201
-89.90876922
-56.85425656
-731.8322166
-270.2878104
-13200.75894
-292.8317505
-83.91737109
-79.68042251
-558.022186
-2250.861371
-716.7152658
-472.760544
-959.9016711
-968.5589524
-386.3044897
-66.82954725
-182.7544996
-177.0194396
-80.79434396
-384.0124249
-136.7671095
-553.6385433
-113.4560896
-332.8962241
-229.1309572
-65.67254335
-304.8540415
-359.3894428
-202.4363593
-119.7976036
-12003.10243
-463.3486874
-16.355997
-203.6842299
-73.08944276
-94.59258773
-119.1176218
-673.2782531
-889.9032024
-317.2783897
-92.58792025
-279.6385087
-68.43777371
-232.7545363
-133.0745215
-186.0101545
-1281.147964
-50.84699759
-325.6303363
-55.11869606
-95.08599655
-165.775759
-116.5829777
-119.0770715
-324.3061972
-206.1094185
-125.037773
-320.606388
-102.7552223
-785.1349089
-71.00448376
-1081.51444
-228.9769364
-70.78650815
-6602.973809
-99.0087484
-190.7825931
-24.39042245
-276.0727918
-559.0396075
-125.2590524
-174.3661792
-378.7809713
-80.12915514
-92.92618199
-117.0765648
-225.048817
-2507.533251
-97.77024021
-62.56775671
-59.63030011
-147.7294309
-84.90170012
-297.4944763
-78.94565175
-246.3181883
-38.11480582
-295.1561706
-31.45212781
-234.285646
-80.42951002
-147.3140131
-496.5567763
-407.3062118
-30.90211118
-2013.874087
-341.3736893
-272.7028787
-146.1687695
-29.34000171
-161.1806144
-4351.258645
-136.7993208
-175.7530078
-9879.627957
-104.0995461
-135.2542468
-102.7665809
-62.02514572
-73.54763821
-3932.109938
-948.1021319
-2138.019108
-528.2646989
-135.386718
-45.8432234
-176.0432526
-1855.94512
-96.71508702
-169.6880667
-1998.685863
-111.0723311
-225.0912808
-145.683569
-2050.660193
-60.03084153
-45.86084318
-484.0359949
-45298.3019
-33.87048772
-54.60312235
-4420.26549
-161.605875
-185.2231081
-3627.588334
-3270.266026
-195.6196483
-78.67001923
-105.8363598
-947.3144072
-224.6772924
-4364.768632
-242.4888987
-180.7388419
-48.56800138
-65.51457992
-564.8594867
-29.74506422
-404.3245645
-156.6311131
-297.046801
-127.2486218
-28.05042015
-121.4810649
-90.18713201
-120.4916803
-252.2856294
-227.106776
-28.30950744
-872.2342239
-257.2681114
-327.6659158
-809.8090571
-514.8959575
-6157.0925
-93.64394174
-161.1031085
-56.2120394
-312.1591814
-179.2864955
-39.78621131
-729.3105202
-86.94644282
-168.2033949
-275.5385354
-136.3383388
-61.64024483
-47.05844931
-701.0555071
-106.6547101
-291.6230676
-88.44023372
-1187.897576
-336.8826078
-117.5967583
-147.8884867
-86.93958366
-115.878865
-309.2819327
-96.25159207
-80.71256981
-278.4250555
-282.9784214
-1198.531056
-130.6981389
-209.9449989
-3665.913222
-84.56140379
-184.0872334
-18.5689305
-335.3345244
-62.81346004
-453.3101498
-182.5417598
-430.9035533
-157.1288195
-23.67365272
-278.3640114
-132.5989633
-82.17717861
-736.1104598
-43.12662718
-1606.911084
-501.2868012
-389.0159761
-643.4817097
-712.0921594
-1245.659843
-203.7971288
-88.7196587
-753.7072949
-189.6857085
-64.9747274
-84.64487033
-93.59505158
-90.63654977
-111.4510188
-178.83796
-1504.008553
-137.5840547
-67.34656668
-187.2912203
-2295.854126
-352.0622837
-225.887774
-104.0294931
-166.5900862
-56.7442426
-54.36677871
-328.5876442
-1414.552061
-386.4610081
-315.2313979
-2852.423372
-103.7029672
-32.61048053
-108.3200557
-77.02958834
-913.5712558
-79.03462148
-115.9778635
-246.5852992
-132.3090437
-48.90835497
-105.0397136
-89.16763484
-80.64639159
-1186.003841
-1252.143127
-170.364571
-225.5831668
-2669.298532
-35.25509821
-93.11881224
-498.480147
-51.87963082
-88.5430571
-281.7298322
-218.5143331
-133.2968864
-193.2364378
-179.9382407
-64.70374053
-580.5056799
-74.56346778
-67.87964864
-1877.104877
-73.46880626
-98.05650135
-104.6461518
-549.7601556
-404.0370998
-252.9539552
-573.001386
-189.2544301
-271.6452017
-417.7255994
-42.47338122
-123.7395338
-262.7315668
-164.4296348
-496.6395192
-58.46982496
-176.3015723
-95.38941814
-110.446904
-498.7011109
-50.31070677
-597.1516351
-500.5075295
-1262.765527
-472.8334781
-480.5574429
-2319.003928
-158.6249387
-1010.685802
-645.4110704
-65.28391676
-660.2882291
-1617.401096
-109.8779325
-224.4110873
-89.13002694
-521.2816241
-812.1357337
-916.9927336
-149.576972
-167.5489963
-109.064125
-479.248308
-82.81196621
-203.6394172
-567.8135215
-124.5346124
-220.6148504
-126.61696
-96.00670118
-154.0380301
-58.40416747
-328.3129946
-1693.700674
-154.7450436
-336.3758638
-256.9489729
-16.8248066
-321.4361928
-450.2650665
-46.71381838
-564.8942488
-168.6908474
-225.062766
-108.1856867
-375.852843
-1282.603481
-3294.899623
-268.5718325
-1059.20624
-594.3414399
-167.1962385
-76.73549717
-125.1490987
-455.2153885
-647.9642597
-23.56773996
-55.75253883
-107.866533
-262.2905973
-188.4623222
-47.49419899
-1505.26597
-76.99155398
-152.4004621
-117.6304212
-260.8344814
-74.4425958
-305.7590441
-319.5247989
-364.1580185
-87.93362974
-505.3100397
-786.7645356
-165.5586194
-69.37889774
-160.4982168
-161.5114699
-20.0685598
-128.2184208
-195.6051778
-452.9753167
-181.2840591
-61.85412008
-627.0787852
-111.3302037
-780.8706084
-123.3802704
-663.3908065
-290.6171183
-752.3572205
-203.9607582
-303.4046478
-127.9973306
-167.0946174
-242.7550015
-161.3388952
-407.0410559
-277.5308072
-45.37640315
-62.16865882
-27.01952798
-201.3542995
-110.4425433
-151.8725923
-238.9477264
-320.762299
-320.6942195
-24.21244674
-68.61659555
-585.4480038
-524.3290486
-140.0550169
-1198.568918
-104.2355948
-117.8009418
-25.54349145
-134.3456766
-929.178241
-131.2931192
-315.1895106
-141.9157667
-149.1285315
-45.74592301
-900.2954779
-120.7310614
-37.64181719
-31.32102036
-243.1854223
-74.84457243
-34.07457071
-48.23052931
-122.1982275
-670.5435635
-168.6490918
-1087.163463
-143.8285766
-330.0415788
-117.6429221
-144.5968931
-112.0898228
-5282.591145
-177.0894263
-106.9984992
-45.45949803
-444.7788257
-241.0613867
-301.6343952
-91.93087513
-89.02748575
-71.48431162
-483.5377743
-806.613659
-1190.46951
-595.4169345
-228.5767007
-77.99532488
-49.97975936
-43.42415682
-66.76343644
-117.3667207
-311.2003388
-70.23687038
-163.8593886
-104.4720886
-78.4912865
-487.5989477
-591.5323877
-43.13820586
-118.365635
-274.6056347
-134.9740335
-444.7622691
-731.6742236
-25.32260132
-339.0419232
-91.61695977
-1292.688024
-290.2085927
-733.4289183
-512.4702737
-67.86862235
-439.1911431
-62.46479758
-337.4869354
-114.2031006
-77.90909882
-1367.043978
-253.0388192
-63.57609971
-248.9217671
-153.043198
-125.9727526
-313.5857861
-496.9901559
-2843.926791
-78.55103772
-108.9868185
-344.7253586
-179.0785818
-913.3981511
-37.82414764
-135.41655
-97.02630048
-727.0174382
-170.3689879
-98.89567608
-76.0249436
-258.0434812
-113.8902186
-1157.284236
-244.3245435
-173.4622404
-3632.910146
-439.6780317
-54.76073013
-255.9747486
-37.50251037
-126.9128525
-2720.154862
-98.72904859
-546.4913114
-286.169983
-75.26166281
-50.03704126
-190.2985548
-46.42290605
-624.9099085
-222.04313
-6179.046369
-195.0223904
-253.7171291
-502.3506798
-133.4711981
-80.19649206
-96.35415621
-315.0834823
-199.3162768
-341.4987371
-135.5396656
-249.8305806
-58.70164329
-890.8274394
-384.3082857
-63.31504204
-50.17333216
-437.1638345
-62.41169613
-646.3795024
-474.6314767
-266.5732602
-112.7806867
-89.17230841
-117.386441
-491.3969651
-322.7919285
-247.8372557
-177.8374082
-141.4668331
-2875.206776
-146.0511814
-82.96610054
-539.9935035
-1294.623952
-321.6720383
-242.0814565
-53.9023919
-102.4162136
-6768.325611
-180.993161
-297.162649
-192.2349126
-340.0069689
-130.0948164
-497.4254444
-130.7380426
-461.8695758
-297.1107496
-565.9430751
-85.0086371
-57.12755
-51.08114345
-96.93640954
-84.36899919
-94.57918131
-106.9665453
-194.7718122
-227.3106032
-1294.798798
-589.296161
-562.4888414
-198.7951221
-225.8785581
-234.0437009
-344.4960738
-439.0369603
-82.57484709
-50.75996985
-48.20411271
-568.5103722
-55.00492447
-422.8240136
-227.2670892
-179.6025212
-43.44858065
-68.08151558
-135.3264961
-121.5131889
-836.6023526
-148.0460805
-71.93097325
-249.970313
-667.9257095
-393.6782883
-142.5456851
-664.1007058
-155.2680445
-175.2859331
-122.1665441
-692.9894291
-443.5897005
-62.70793338
-121.3723766
-38.77971529
-25.38646941
-4746.401263
-114.287862
-530.6243826
-596.7772419
-231.0059638
-1733.393809
-752.8817977
-326.725157
-29.93552063
-194.4876086
-151.9986897
-45.27639505
-68.34099536
-166.8085015
-84.91783162
-154.6500248
-1000.535352
-586.6330935
-173.4993097
-298.0611598
-359.3337309
-66.52478673
-106.426341
-1260.501067
-42.27127531
-541.8717145
-2497.362191
-94.95139477
-278.5616978
-1315.939855
-77.20372569
-35.11904847
-734.450009
-95.72054207
-265.8930634
-279.3919225
-351.6183037
-881.2967024
-126.198784
-27.93406314
-416.6911222
-48.45957299
-134.8233524
-333.5655746
-1262.978079
-237.5920106
-187.8329813
-100.2169422
-1001.649683
-144.3857942
-40.14104941
-23.47051582
-212.5844781
-42.37680793
-1390.364562
-134.4427029
-200.3682059
-155.2439205
-218.8819348
-12654.24992
-164.7454709
-179.0818996
-1579.581194
-56.90815264
-142.4277693
-126.4722128
-137.2613708
-39.87652602
-178.1283941
-37.65494007
-87.53435386
-51.94472222
-188.6731587
-532.3096086
-33.01074326
-35.5502588
-50.88325094
-375.1799333
-406.0898124
-74.1552627
-42.26285449
-185.4968412
-75.34387739
-241.3444948
-36.70332584
-239.6363014
-96.05988519
-179.5714969
-203.5579136
-424.7475179
-195.3553156
-375.6430924
-34.96321538
-213.838784
-44.04197049
-228.8763991
-14.75153087
-634.5475579
-1483.327052
-1741.458462
-124.6903602
-275.9252027
-131.5223274
-3338.313699
-32.41213445
-34.84286843
-98.4767526
-132.2513237
-65.85308295
-82.32720079
-265.1193308
-106.2640676
-1184.98734
-68.01464022
-96.9381992
-78.88746039
-175.774048
-89.17284378
-1421.579351
-30.51686361
-10.90200095
-114.8143528
-236.3040743
-115.5300187
-211.2282295
-272.6570068
-21119.73747
-288.7080712
-599.8263485
-205.1926221
-511.9305097
-1528.763339
-83.27033536
-228.9956065
-353.2155778
-123.8733215
-301.3754875
-29.7873488
-214.7145563
-81.47341121
-189.4811041
-122.6837245
-396.0902764
-35.07753069
-72.44365998
-79.90197244
-575.0344347
-419.1968163
-51.92187549
-4933.023647
-162.8587224
-188.8153892
-1008.183356
-272.4633599
-187.9963136
-143.629128
-68.71524165
-35.33414372
-30.74132065
-343.7274068
-97.80704026
-85.3428506
-207.4169201
-70.28795009
-287.9205837
-110.6311344
-309.1091246
-84.54636811
-156.5965015
-295.4436069
-291.9832228
-110.0777364
-201.8446307
-80.53206495
-91.20596431
-271.3934852
-112.1945401
-341.165497
-104.1602511
-306.2583306
-52.99092664
-273.9188115
-131.5250469
-1006.991423
-16.46864542
-103.7376761
-40.40745127
-955.4908715
-71.42074934
-403.3503539
-46.76835248
-113.7740056
-404.2791058
-52.4653971
-53.94745423
-108.602899
-645.5921245
-2291.809275
-83.78859938
-140.3088773
-158.2981817
-433.1305867
-35.76746356
-354.3354532
-80.51269296
-121.0923438
-144.3638992
-78.51545054
-294.6263108
-69.16020102
-61.30073269
-180.9418125
-99.954675
-277.5496014
-86.59012456
-22.82540988
-87.04050837
-25.95441004
-170.1903613
-290.9254058
-112.2084888
-43.02140085
-309.7690099
-442.5312613
-144.9661366
-161.7355542
-77.12147525
-60.84074007
-308.2402384
-299.576399
-224.230526
-17.33330994
-424.4940533
-54.57858246
-56.52019528
-38.5654131
-592.6488548
-104.7532195
-220.1542905
-71.36414768
-1391.621143
-367.9633165
-54.11925214
-125.876618
-137.2832468
-77.36755473
-43.44786604
-61.14194748
-194.4986024
-1230.606415
-26.23047128
-65.8055156
-157.5613762
-1210.069833
-17.0281847
-320.4832713
-13601.35326
-643.1217334
-107.1696266
-201.1274383
-35.8965766
-1080.653963
-289.8626053
-497.6898749
-138.4889865
-149.3023601
-89.7553099
-1204.134572
-537.2486238
-186.7506526
-264.8577575
-82.85266044
-163.9295941
-794.1490314
-92.30277542
-284.1681532
-67.50319421
-224.3093827
-101.2121811
-97.00373964
-244.7367392
-48.42222005
-477.1958841
-1308.832558
-133.6317301
-473.4789024
-257.278901
-213.8236728
-954.296482
-65.98720451
-192.9746991
-89.79063272
-38.03674025
-120.6262576
-4.728614722
-324.5723924
-970.4409137
-37.06714425
-93.46810243
-154.6193887
-157.4241351
-126.2478459
-124.5167165
-56.62555642
-48.90807026
-63.28926543
-208.6860028
-142.7633599
-375.9421812
-304.9315682
-200.6558396
-325.8497763
-46.81473218
-449.0513882
-285.0553175
-357.1916901
-58.3525916
-176.7342956
-131.7058969
-96.02887723
-1077.490263
-360.5108107
-48.72876032
-73.04521669
-68.55919461
-143.0555009
-70.56573739
-85.22239719
-608.7021441
-82.56523909
-572.0954554
-78.63235086
-506.9750835
-42.09494487
-92.6321098
-73.2777242
-29.83269078
-79.79025386
-114.9901915
-16.68797713
-614.5727908
-83.79753942
-137.5814639
-710.0090484
-399.6263487
-22.60234221
-85.51124645
-566.7553724
-1942.734643
-123.5831823
-361.0377472
-141.1854252
-131.6818517
-507.7071872
-215.939958
-117.7860321
-2518.68218
-70.69931212
-39.14182848
-885.8165345
-236.5835852
-243.2774735
-788.6461372
-1250.203922
-195.3132077
-1285.708715
-411.5207643
-355.3523277
-70.37122677
-147.0566058
-1001.904924
-829.6809562
-248.7344632
-139.5280285
-555.2158751
-66.92774363
-206.3080119
-101.5518051
-486.0344364
-94.74058016
-7801.867429
-236.02278
-1289.13773
-502.8037072
-368.7967152
-195.9335308
-112.3928676
-140.800417
-124.4606518
-623.5850495
-48.55053112
-52.62028948
-491.1031939
-1754.051897
-1743.674096
-336.6151933
-107.1790349
-785.6908279
-11584.66601
-92.46177413
-68.95275761
-71.24576199
-599.0015544
-145.0915485
-25.68091873
-190.0447862
-108.3557986
-433.0813047
-169.4437069
-330.4027667
-208.7061936
-205.2036092
-99.44674083
-61.03660786
-138.5214174
-309.7140109
-395.1774018
-317.2865279
-864.5706086
-4640.444195
-186.9793062
-158.8805373
-42.0338182
-293.2973025
-57.02632877
-164.6728902
-166.7114293
-65.35241124
-2906.272087
-1592.717033
-337.6261081
-525.2591657
-100.2587738
-90.46722454
-384.473301
-110.9876656
-86.39279556
-107.2522734
-174.9277603
-833.8687682
-141.9284176
-94.07641846
-62.16104012
-599.2156475
-211.2264799
-162.2157556
-14777.48902
-101.2365683
-27.21878792
-655.9788602
-69.8365773
-894.9090138
-127.2317539
-12.6709226
-78.90700628
-14.47154114
-239.3318703
-234.9419892
-194.147293
-922.2632308
-75.05798055
-63.85766705
-244.0294452
-14.36614461
-162.1559811
-41.63643992
-183.5090268
-845.3333138
-198.6039665
-835.7612316
-84.73266796
-67.81645767
-76.79024291
-74.30999758
-186.7105202
-160.9197807
-310.6121712
-151.1120796
-207.1466679
-1235.894246
-679.645705
-115.129329
-20.16355055
-74.45474587
-112.5469474
-23.0604104
-75.78836914
-168.9064713
-196.5911585
-83.44262312
-4201.628713
-56.6745549
-198.6709529
-390.2353511
-91.02698128
-118.8697799
-28.12658924
-1419.720757
-177.9335889
-68.37237538
-478.1452744
-80.50003668
-82.12858395
-66.66525152
-275.5207799
-153.9199542
-73.90750158
-36.35539622
-263.854734
-44.27363846
-161.1431547
-559.5677182
-2027.423074
-126.2087542
-496.5988087
-436.1828072
-81.87863969
-85.61272815
-183.1011843
-884.9665259
-175.5808068
-354.3473309
-126.9730456
-195.864732
-142.4390789
-451.1425834
-163.9258377
-188.3270282
-849.1371849
-156.7813447
-930.7071048
-80.85826462
-126.2716318
-96.59815964
-225.637441
-170.3907256
-65.45281444
-98.44256301
-83.54820508
-34.60671704
-789.4818748
-248.9998893
-129.3536338
-97.8321044
-902.7128355
-187.9685458
-93.99014715
-46.21699125
-206.5359509
-725.9456261
-548.1894635
-652.520819
-173.826944
-166.4774443
-114.7788588
-204.4707566
-197.3791743
-732.240975
-948.4078614
-349.3307938
-251.4794899
-71.52938084
-348.7366989
-145.2623097
-45.84693721
-598.9173319
-626.4637972
-579.8978181
-779.151534
-375.9654328
-133.5123956
-371.4366517
-2711.170883
-336.3558419
-110.9218794
-800.5779298
-117.5641914
-447.4589965
-20167.98883
-328.4494048
-60.68439001
-173.2113861
-1011.516954
-110.578139
-391.7630725
-106.0035243
-180.4323623
-9.342305967
-2250.331823
-209.1175458
-36.90879428
-168.4309388
-57.42556552
-135.8730313
-160.9569794
-166.0837058
-58.51763604
-62.40954361
-1646.695735
-64.17240599
-249.6158833
-15.2641761
-5903.686217
-62.49818161
-112.0103543
-157.0110776
-29.36050547
-109.0585778
-184.9009313
-631.3717644
-359.7570008
-196.7137742
-159.1312465
-390.21969
-167.5622492
-187.1436025
-156.8101989
-1608.232889
-99.08749635
-48.31332084
-61.09169912
-313.9769345
-1611.10519
-169.8300218
-144719.4477
-188.2316127
-20.42765514
-27.21620189
-74.27186751
-278.236475
-1290.401782
-229.561552
-713.8358789
-829.5965357
-373.5037252
-61.71591978
-348.617565
-297.599533
-185.5546485
-280.7828848
-242.3131289
-93.82759335
-92.89934074
-193.4305662
-57.899095
-214.2519699
-233.2768206
-400.2510534
-179.4565864
-171.2825037
-142.6824574
-2177.463873
-761.0504226
-369.6996191
-98.27126991
-210.3183063
-57.12721961
-35.78197091
-124.5657049
-26.40344908
-1069.11334
-80.65962229
-209.3151949
-201.7299004
-141.2328629
-18.81018397
-339.2956452
-2624.662217
-115.5742069
-165.2014032
-70.95546952
-83.83870487
-64.14641601
-87.08673093
-151.792848
-363.3742936
-36.28465667
-104.0958603
-51.49940189
-25.43324123
-109.4837768
-4496.452035
-98.77061008
-57.19273302
-1153.824174
-156.9078144
-165.7553855
-442.0447016
-65.50510251
-192.0545703
-184.6400609
-96.40975247
-264.8416169
-499.2432975
-538.6905137
-66.98666168
-96.23900209
-29.09887143
-156.333654
-146.2115402
-26842.63406
-458.158003
-702.4149244
-181.8317401
-113.1658795
-258.8286617
-33.86851465
-27.72704861
-557.8887933
-145.7534555
-104.5242787
-16882.41237
-143.8649607
-2367.036912
-120.6537842
-132.9988551
-28.48463404
-48.73812175
-43.26649295
-38.80363513
-847.5299315
-570.1003133
-83.99873204
-1136.679542
-399.3283285
-2417.514595
-106.002047
-5914.941965
-327.4456915
-276.5843483
-84.67220302
-68.54667547
-41.18025474
-50.96763679
-265.1270995
-173.9575051
-95.04355235
-101.0544212
-125.3913912
-40.7835577
-310.5219383
-369.3144279
-148.8737064
-127.8407517
-108.4226449
-124.3122966
-142.5905292
-70.54745063
-276.8659752
-666.0620176
-54.52735887
-493.8278033
-152.8536725
-194.3921742
-282.4548062
-158.1527506
-92.42483751
-215.1159329
-569.4979516
-147.7789396
-96.8173398
-199.5915971
-167.4800219
-173.7489919
-3364.64693
-140.4412433
-89.30344532
-65.14060842
-66.58670417
-439.8635634
-1542.828075
-34.7278197
-223.3400148
-364.8494607
-128.7613453
-389.1115837
-58.83698279
-174.0660872
-113.5801352
-75.42261855
-2306.105041
-145.7113223
-979.0811446
-687.5995129
-22.08884739
-40.43473207
-160.1882115
-524.1303937
-69.50940837
-24.30609389
-84.38263892
-213.0157018
-1937.610846
-2223.100348
-185.123592
-271.7524357
-144.2034254
-46.03093643
-339.5346564
-261.7660341
-29.81757763
-72.32039561
-235.0134164
-36.50485961
-1168.590441
-2033.520299
-2167.446113
-258.1757566
-86.57485447
-89.38865599
-88.00852938
-28.43874651
-87.60365197
-184.8572602
-24.77981889
-165.9178877
-57.23413059
-705.1624368
-54.5701324
-117.5534551
-218.6591256
-160.841565
-193.6559648
-240.0948833
-465.7794433
-62.65065813
-45.94096826
-103.3939376
-145.3911006
-86.22493583
-223.88185
-348.5380963
-858.2420959
-73.09147316
-650.1499698
-365.340391
-155.6247874
-501.6891472
-122.5512393
-352.8985781
-372.4489333
-186.5147162
-336.2886656
-328.9521063
-275.7229322
-261.8903991
-89.32035615
-96.80009753
-250.024449
-59.64226593
-7929.806853
-192.0345348
-106.3129541
-80.67386413
-49.57881421
-51.35439004
-431.8000936
-220.2910751
-3208.221084
-137.6030162
-2844.261119
-135.8194725
-526.5100382
-79.53111571
-52.11452146
-465.6168028
-798.7733734
-78.47516661
-225.2342913
-478.6350823
-182.9681059
-670.3056527
-619.8164045
-244.1732205
-238.9793995
-30.1998772
-101.4872111
-1700.516389
-213.0662561
-319.6185656
-44.0336381
-111.0210183
-122.1307114
-364.9663259
-320.6359649
-184.1686386
-226.4513359
-59.3100806
-304.064554
-165.5017448
-355.1347777
-690.9142821
-159.8811779
