107
836
1550
1030
1656
1532
1404
406
1656
175
1249
1312
1259
512
63
1057
224
1492
65
1352
1433
1232
513
996
1237
221
878
841
1152
164
520
895
157
1513
1353
326
1528
24
727
199
1528
985
359
167
541
704
528
1104
260
338
1052
618
240
737
601
1594
578
656
976
482
745
712
1328
105
879
688
257
166
259
196
216
671
1092
652
1280
1451
1336
1323
1288
1338
676
1090
715
1581
877
285
511
1204
1533
977
880
892
1462
929
1649
159
1259
212
1597
306
575
57
484
1364
1079
872
1274
852
720
448
433
1140
260
1492
439
760
935
268
428
52
338
1385
896
1096
1311
1410
25
458
1617
762
1140
1550
500
553
1037
1556
1315
130
632
343
938
1322
407
56
472
360
1322
595
557
704
617
1184
1162
1587
1573
1211
54
568
1185
217
421
1431
749
26
460
752
487
1145
1451
1656
544
1095
1288
1229
487
1260
922
457
1202
873
471
815
1229
1280
208
1496
484
13
50
667
860
1618
1244
969
129
823
1224
790
681
1052
1515
1372
690
67
1014
897
822
276
1405
1433
184
671
1528
649
1142
277
972
212
1618
554
40
1516
1113
3
586
1625
424
1432
1622
867
1372
653
1048
578
445
1387
1328
347
1072
884
1298
285
1461
716
858
813
540
1566
218
653
1414
1158
1662
1478
352
521
1459
1396
1560
224
50
1655
991
1007
7
990
1489
400
1509
1517
419
1496
1500
1088
397
1152
1078
65
685
1462
80
711
767
28
372
1235
1429
442
165
258
1393
133
198
1544
486
927
660
1170
1469
228
825
612
474
1429
760
1030
1328
487
979
550
384
571
959
392
1620
1367
14
1509
848
556
124
917
788
1662
1394
511
1347
288
1167
1535
836
1204
592
157
1064
1612
761
29
1010
319
893
934
1365
163
1079
713
63
32
70
933
671
1313
1330
640
271
590
1059
1577
978
1285
289
439
634
288
1313
1401
246
1469
1319
349
862
32
536
1516
308
407
875
376
3
174
13
522
1284
1255
464
804
1040
213
223
935
92
982
953
22
479
1427
21
1215
983
437
1129
700
1541
678
580
819
324
31
1374
1429
933
1052
787
72
1100
591
1156
298
1253
72
476
1089
765
586
1313
1102
1374
1550
1381
829
1175
975
597
1451
618
920
683
728
1139
862
1322
880
986
103
1028
376
1134
1290
461
405
1611
982
587
813
338
205
512
517
437
274
1257
920
585
1370
1416
916
747
1082
1101
528
1236
1471
1419
1084
113
1014
863
1541
521
655
931
1274
1160
870
1044
1600
248
131
1092
569
136
604
589
1566
1034
1394
153
1629
1460
977
1623
748
289
214
324
316
1120
877
481
107
1542
782
188
1650
532
744
1625
397
682
863
539
597
768
415
212
1663
595
352
162
1139
692
1530
819
131
1656
50
1180
256
165
615
1564
1503
338
349
1061
198
1507
9
12
1348
18
1399
229
712
1359
571
23
1206
1114
298
236
1589
646
1087
532
954
1046
863
595
824
98
1332
39
707
1220
1235
1450
120
229
1272
442
1121
1503
1640
1132
1602
494
1131
1645
681
556
873
1213
1521
1081
1339
1658
689
103
1356
1389
1081
700
1364
56
413
1438
467
1337
999
1490
314
153
1423
105
1029
1100
772
1210
764
69
1062
1345
1269
328
481
565
1476
1152
972
1647
1515
80
484
1002
488
401
799
1026
231
503
1145
897
867
872
661
619
1557
466
1344
1616
1002
165
1388
509
559
712
868
781
1356
191
1246
1218
565
100
1092
893
964
636
799
1451
457
107
471
648
618
501
1493
1582
1577
1403
67
1240
756
686
711
562
1063
1477
1612
823
404
1632
1345
818
630
448
472
120
1501
1632
711
562
766
1146
34
224
1599
1353
356
624
1099
1058
1647
788
137
140
386
977
1470
1612
284
863
681
787
1190
1249
306
317
1029
130
1436
332
1178
237
92
123
269
769
197
488
1474
256
1071
1621
337
198
477
1015
557
1338
935
481
1401
1234
184
929
1623
1049
997
804
1165
512
355
123
595
1189
85
881
26
1484
1604
159
703
469
1355
1336
26
569
459
814
1450
794
43
1224
180
1310
71
1365
151
1509
115
1294
1655
1029
939
1529
193
1008
571
1602
133
574
724
425
1255
1551
824
446
547
724
1578
143
1364
788
136
420
1610
1184
1428
1240
1199
351
774
1188
77
503
547
1153
1612
428
1544
999
809
99
578
1182
406
968
1064
483
1150
1422
504
338
1400
1011
1210
129
172
1380
146
1512
748
7
708
744
36
1153
1343
36
700
253
265
77
886
1322
599
918
875
772
1257
844
794
558
914
881
893
470
844
1410
1568
1569
1294
266
1505
1533
196
744
1328
517
898
500
1245
994
1364
405
1200
962
647
864
328
783
95
1634
957
88
193
1318
1514
1476
1244
562
656
986
508
314
410
1549
1472
976
898
441
904
680
1190
1459
638
410
886
1133
415
252
1486
1314
1569
1019
201
538
192
1242
245
601
1178
22
475
295
881
314
848
1219
1460
1421
1163
787
1011
1455
973
216
1289
1350
452
439
1574
865
802
1590
1011
0
1459
1197
1040
1106
659
459
1385
624
1099
136
1528
1634
1453
1190
725
921
85
932
126
1612
750
1561
645
1178
64
1655
1589
399
882
182
654
645
818
1222
376
334
219
1039
1551
968
884
1240
105
539
846
1311
535
378
1385
1106
249
684
67
712
362
618
1597
14
673
1376
92
3
1217
254
968
1598
1289
671
159
314
799
1409
750
780
404
1339
455
410
1070
1413
1068
1359
859
241
1389
103
500
756
243
88
1257
915
570
247
95
109
1395
321
183
1442
1460
654
380
381
1533
101
1269
1249
1442
680
1244
166
711
1078
72
95
618
671
281
512
1515
1663
450
770
1600
1371
1389
1197
1628
1333
595
1657
642
763
1029
377
1488
238
1116
1335
1500
243
526
809
1064
603
671
1233
708
1612
381
1347
419
508
1519
932
900
454
660
154
60
1627
172
77
524
845
83
1357
624
1092
1211
695
343
53
706
1592
1570
1354
628
812
685
1645
162
71
925
267
245
267
652
332
931
116
866
1518
393
475
1190
1255
1051
1573
1005
448
1205
470
1050
1423
330
344
775
640
1561
923
507
1143
415
361
386
284
81
440
176
154
669
792
1616
878
56
391
390
481
1078
1470
915
570
1613
430
1255
109
895
1183
982
1548
949
1322
519
1533
327
1128
1456
700
1198
1582
289
1110
459
79
123
769
1427
534
171
205
668
174
558
351
342
1090
220
767
71
1425
995
905
1080
606
374
250
229
1273
615
1430
1033
1490
517
75
432
792
44
1538
239
631
1014
736
970
1390
1002
124
772
933
1027
682
213
1299
1258
1451
787
351
1363
494
408
1533
518
28
933
1385
147
2
434
399
648
1127
1390
3
1430
860
774
898
764
1274
606
1014
624
1408
838
669
1106
1576
1091
928
587
904
817
160
1207
976
1033
1237
1075
1189
1512
1452
771
1265
1150
328
654
860
989
829
700
581
976
91
71
984
76
485
264
1052
314
1198
404
753
1273
1555
1554
1561
1513
966
440
220
1325
663
1425
226
902
425
1616
1332
1385
1595
648
1239
817
1002
163
360
853
284
132
520
1357
384
271
1576
689
669
678
490
1073
818
1196
1011
402
147
1037
1027
846
1621
915
1013
1506
355
32
1066
966
28
89
796
1627
1265
709
808
1622
1607
360
865
1417
1497
308
649
405
250
1053
266
917
1559
1244
755
734
1303
62
301
969
1433
1646
992
1401
247
444
91
379
964
206
111
1341
1409
481
1252
1644
121
95
472
489
1595
908
1066
1301
304
1486
1190
201
1495
1062
661
529
1291
1290
265
4
735
927
1135
1656
310
1266
997
813
440
889
348
1037
121
705
1472
942
1292
80
1294
111
1410
182
1003
921
1099
398
907
744
1287
1507
1105
223
1587
668
1319
867
357
1194
991
454
277
828
1548
1104
1039
933
55
1233
1638
41
1638
174
1334
1049
541
1031
1411
1326
1390
1629
719
762
1068
689
873
1448
752
1170
429
1599
608
1139
764
91
965
266
938
403
1486
158
1608
724
1242
127
842
1224
655
1495
168
1126
159
99
348
1399
921
1033
712
802
646
532
731
1337
640
1532
554
907
550
907
1304
557
1644
744
1649
344
1265
376
557
1472
153
1190
661
1337
895
171
1321
1595
582
116
1514
1132
184
53
1312
596
705
1280
1237
1481
918
1114
889
1422
1233
1630
564
479
1034
1407
1232
1644
1092
126
166
873
1531
238
256
113
1435
574
1530
145
723
60
1162
37
46
1110
124
1240
339
438
1373
923
857
191
1343
816
773
1627
1359
91
220
267
1253
1460
68
1267
76
270
744
1249
792
73
19
828
490
854
422
531
422
1093
1601
566
1137
1255
478
163
994
1386
372
966
419
480
552
159
50
330
80
913
116
758
434
633
1433
1371
1320
537
72
1581
47
319
1209
843
117
489
1228
1346
933
1402
957
1419
197
734
1398
833
736
124
759
415
1049
1473
1264
334
1189
1391
249
310
869
493
1242
7
371
303
1557
1423
76
1394
1294
1357
1466
782
221
1654
19
656
1319
462
1516
882
1555
1180
867
732
858
50
786
161
806
686
1498
712
46
757
1136
673
983
891
653
396
381
910
578
387
588
359
289
614
929
1132
105
1203
717
92
1203
1644
1196
814
1367
1452
68
682
318
800
1448
1089
65
223
1270
430
450
1172
218
189
325
1415
1366
295
777
497
1362
1255
1062
751
1476
1440
555
253
942
249
172
665
50
721
1092
662
1120
389
615
1656
786
290
1228
1398
615
1657
231
814
1065
1032
1036
962
1048
1413
159
232
629
999
1576
3
1607
830
333
501
1361
894
551
1121
1466
1195
1392
986
1564
520
196
455
150
1177
1475
1573
1623
233
323
275
104
117
907
1096
82
736
622
984
113
1547
19
1209
651
548
674
1413
585
854
495
613
840
755
388
214
1557
570
285
269
113
773
1450
1481
1217
626
1013
1540
454
477
135
1321
458
819
1007
396
1189
632
351
826
276
800
383
1503
1285
457
42
1273
190
1633
5
31
721
1521
1198
1633
892
364
1484
842
810
1088
505
259
491
1507
1640
314
482
1592
1631
1657
1005
479
1627
1593
499
265
444
938
1467
35
1411
349
238
578
950
213
1465
949
1299
218
977
377
1326
553
257
918
1121
72
1550
810
139
1305
1332
997
1366
530
867
901
1333
1280
1425
1126
231
622
1535
564
467
713
1169
92
928
150
21
466
521
484
915
1016
376
777
282
1506
375
185
811
326
851
224
1573
238
379
463
297
718
725
494
277
1207
219
293
464
200
1040
1571
412
1179
1537
1265
472
570
1399
1249
150
404
605
1341
512
1623
736
833
1126
828
1227
1501
279
718
89
1286
1014
382
1071
841
294
1602
207
1224
677
1538
337
816
782
1573
866
38
1517
749
300
451
42
13
877
1133
917
1551
413
820
1585
751
364
568
1154
460
1571
1413
227
1056
1526
1568
1617
546
351
1452
555
232
605
1249
1373
852
1298
232
1618
205
307
1285
1559
1084
1526
1629
200
1497
1615
1199
918
1310
1643
977
1325
1482
1643
789
587
1117
769
3
1633
267
306
259
539
377
813
1415
706
742
1092
350
1412
795
1551
103
1541
763
784
934
1430
406
1083
1355
1412
744
1656
1608
457
702
1083
1472
1379
982
1025
255
212
992
1602
1623
951
1203
227
73
1427
136
1604
804
182
1394
2
458
206
943
1211
1167
355
388
1065
76
982
325
1111
267
816
306
263
1514
545
211
1056
1425
911
276
1656
1464
922
1633
1142
280
910
680
479
491
1589
448
1065
16
1489
255
968
1293
553
989
959
1458
751
79
983
1074
65
177
653
692
532
274
1170
1306
682
277
275
1438
442
627
1633
378
1619
1526
378
772
615
1415
585
1250
725
446
260
1339
1170
479
153
1663
18
1572
495
1060
77
788
1044
196
242
1172
326
772
236
1477
1384
361
1329
1153
375
339
269
736
999
1261
267
1547
718
981
1458
982
1201
535
266
718
743
158
700
1590
1321
190
827
653
101
1024
113
1623
1136
224
1136
1028
601
253
1056
615
334
1468
1402
985
822
661
655
1266
1115
1627
277
434
69
1307
1375
414
1080
168
676
515
93
134
951
399
774
474
100
1411
854
486
706
51
466
943
1108
1485
842
1487
746
1513
829
1044
1157
637
1063
12
447
60
1355
464
1469
91
538
1390
1140
1267
524
1321
784
1073
453
330
490
305
573
1634
895
1106
667
1106
1403
1445
1568
1111
1304
1143
605
564
1551
1650
397
1153
1071
1147
380
1637
642
1407
7
829
370
1040
1213
759
959
319
737
1022
1124
151
1641
1192
1088
407
1534
730
1148
1546
921
294
801
1433
355
1580
182
1143
448
1053
825
1336
1495
309
815
1663
166
541
794
1489
417
928
1069
1213
1033
178
1153
824
150
1593
1622
1438
435
1461
190
190
669
1410
347
1514
964
718
1487
1185
650
353
1347
1142
724
132
781
949
838
1115
989
1118
851
226
572
1514
447
526
747
247
810
948
226
859
829
1042
455
815
1192
900
1583
1637
629
902
1446
709
464
1421
69
663
238
852
1192
243
1126
1150
558
833
1063
986
1607
1295
1421
267
392
611
1327
132
84
1147
864
299
743
15
816
626
1261
639
1360
410
10
347
1470
906
172
13
1250
783
599
960
1042
1512
809
73
330
307
252
272
483
97
650
624
45
885
129
89
28
89
1117
1232
207
518
1469
1406
894
1649
827
711
129
158
1214
1144
1083
153
110
239
429
1593
618
347
1494
903
808
362
639
711
242
1196
1456
1165
313
860
83
100
1497
1237
1141
805
836
251
1563
664
1040
349
249
357
1364
48
1535
2
480
405
778
773
1505
747
1335
1413
269
540
1214
1155
381
962
1641
357
324
787
1184
700
1438
1125
1503
1584
956
894
21
1353
158
859
649
1055
1141
792
161
941
498
431
1360
1557
454
396
896
1108
1044
338
1179
223
661
85
805
490
1090
1393
1337
1251
1149
307
316
658
594
770
1036
146
944
121
346
1224
1010
823
607
1083
454
521
1580
774
99
546
1135
1658
836
1003
18
773
1595
462
267
438
1164
1433
1182
62
114
901
1544
595
613
90
1521
394
480
144
244
1366
1097
537
187
1470
1195
1537
26
878
251
52
393
1596
1195
40
754
382
1224
85
977
921
387
1201
334
311
436
1183
114
126
1544
1183
1614
1608
956
795
686
1309
366
954
907
800
1481
1414
670
1137
504
993
789
702
451
967
1470
1057
915
1647
228
1026
454
554
243
1544
945
908
442
261
1182
1509
258
349
1375
553
1481
1295
1339
139
553
189
1223
1477
490
990
1647
1375
503
1649
873
1506
1202
237
933
982
476
245
1340
642
775
275
869
704
867
2
990
1389
840
1433
1268
68
349
1604
689
311
786
967
200
40
277
416
143
1173
237
1231
1231
655
1327
89
625
859
510
1375
123
294
441
89
198
936
1290
1003
184
261
1187
1233
124
13
1314
795
503
1369
635
1356
804
1402
494
942
194
1402
1451
1601
685
1453
1319
1120
1061
594
1450
44
378
938
1074
1116
1325
470
741
1588
1023
602
521
458
1237
263
1109
104
1221
1224
531
1126
291
151
1558
1490
1181
85
1201
1096
1389
888
1482
1169
44
1048
778
818
156
704
803
676
1610
1280
1540
1384
785
1328
757
109
936
1315
1283
154
34
219
143
862
207
990
89
431
867
565
1026
958
381
256
267
1165
282
168
1570
969
114
1456
1368
1460
1526
493
587
227
1514
743
553
960
670
870
1552
162
1259
1150
1074
498
1389
1109
355
430
493
201
15
406
375
742
1494
491
105
285
178
1406
1465
960
1256
198
34
100
1195
331
694
524
116
1535
98
1276
1629
98
1634
256
1188
1473
239
1362
1479
619
37
191
1041
783
807
1495
815
1138
579
465
1117
1652
414
1207
832
1640
942
160
511
498
1422
1465
1614
113
229
1650
796
1340
309
644
32
62
493
470
1629
806
1632
649
1026
413
824
1005
1506
910
1001
1650
1250
93
33
1533
548
975
998
1074
1505
1317
86
43
641
746
515
656
483
64
1654
1432
1331
1392
517
1015
741
1447
713
623
1336
713
533
581
969
321
1639
1269
1237
388
649
1384
1093
1086
88
651
981
525
375
831
1207
1327
1477
725
1426
751
267
171
284
1412
476
1283
724
1617
992
545
595
1166
1490
776
1020
1156
505
870
1317
708
1522
579
406
1116
1260
741
607
619
1214
1640
1324
489
1331
1069
451
611
1025
33
364
584
269
380
451
1482
911
107
1575
1495
850
291
702
797
1031
110
99
52
919
1445
1385
741
819
866
1157
23
144
581
201
1616
72
1588
582
207
1068
41
252
31
1095
759
839
656
1565
520
989
1526
1445
186
790
1456
862
512
961
191
563
601
304
1356
643
1092
35
241
1322
270
552
775
316
1400
977
279
507
447
1368
493
233
1294
1010
643
124
925
1310
178
673
565
196
541
1039
201
1275
1256
1253
1413
1329
291
636
428
915
808
1476
1651
10
1610
910
651
309
1467
1431
852
1198
843
818
87
1310
110
1559
505
152
1364
1509
1105
104
910
1602
1198
910
1463
1364
852
743
1218
87
1039
1406
190
878
944
1196
1645
911
1194
1047
1575
1238
123
1346
4
723
1364
1370
1226
1182
280
1507
284
635
1562
1574
467
162
464
1644
992
376
725
141
46
994
1304
660
1642
51
556
1605
83
1356
1631
1182
1271
1274
1066
228
494
888
601
891
1446
962
1002
1140
1330
584
685
62
923
1286
1383
110
366
570
839
462
645
454
164
434
31
268
1207
1603
1475
96
485
507
1194
1408
1557
757
433
262
1574
1033
786
676
347
440
366
845
216
357
1637
1419
843
980
275
573
214
922
571
73
154
1254
1112
1244
398
267
1490
358
1084
83
673
1501
1188
713
52
1101
1380
1572
370
636
910
51
673
1481
1480
833
576
1255
77
275
1313
530
998
746
505
430
1658
706
109
1415
154
645
8
1375
1461
1490
1159
622
746
805
639
917
368
1285
179
1430
1222
333
244
1578
567
391
1285
693
101
447
1586
363
494
910
1222
480
1475
876
195
829
1352
656
731
1086
160
714
1592
145
829
97
1400
1
1425
1105
1476
215
1576
991
20
639
243
1202
917
1525
1152
593
184
435
1248
1264
1214
406
1009
1245
946
507
327
843
1107
942
1158
46
593
1260
538
1585
1289
1087
679
1610
1196
896
497
1372
1017
595
796
1636
1609
1032
871
538
1340
1085
406
645
1525
180
278
3
748
790
1100
203
1175
1240
1248
936
360
883
720
275
1350
1418
32
885
100
1350
172
1065
655
80
1211
1257
759
1463
141
1163
356
736
829
1546
1419
1205
1080
109
50
460
771
376
498
1074
1570
1195
111
787
1066
795
1494
1490
697
1427
1416
274
672
986
430
201
656
1259
604
106
973
1627
1378
859
476
1169
1318
259
490
787
1042
912
560
448
352
1419
709
1590
880
742
381
309
76
551
1356
1491
787
580
500
141
1093
835
1122
764
1464
460
624
1113
1456
785
1583
678
1538
511
471
599
849
1148
1475
655
1261
1332
522
156
1344
294
421
251
693
4
1429
1347
989
1622
789
495
498
21
125
716
385
580
1364
571
513
505
905
1122
1359
1109
537
609
239
309
1501
1521
1158
1571
316
1181
1136
652
850
717
345
397
496
1507
1163
4
753
1419
466
630
787
727
399
1548
1204
223
193
616
543
623
1206
1647
1182
763
1339
694
536
291
870
31
300
1086
1297
942
1035
609
449
1
882
1145
436
1207
113
483
93
223
1149
1211
1075
1130
1554
563
1556
507
1362
908
1164
878
1478
515
1598
193
327
1393
722
1267
207
1235
338
1146
908
1564
1277
761
498
922
264
1322
28
127
745
1558
1339
1296
821
859
141
712
12
204
1194
649
948
1245
1212
1045
1028
385
705
167
1105
785
504
1026
360
820
1635
658
632
750
104
356
808
1092
222
1066
1304
1354
1185
1607
274
145
1464
518
240
480
789
631
1597
236
338
1055
1050
122
65
749
1509
108
301
1573
919
1172
356
1316
1065
1600
1521
878
1586
1554
1551
1394
1386
274
1213
1225
447
1402
1349
922
1394
239
54
357
233
148
1236
819
365
324
921
1630
451
98
672
1640
4
854
221
102
926
1258
335
420
1468
1514
682
1489
195
180
868
795
1627
677
1178
1539
84
654
726
1271
610
1609
342
1390
994
167
100
119
413
8
893
542
1258
264
1073
666
414
796
135
899
888
1256
633
1050
123
1211
277
1075
309
503
1063
1293
746
1234
705
629
416
437
917
878
295
1256
1242
1083
440
1538
1003
164
1304
748
736
899
594
743
568
1571
382
1361
103
1344
1159
584
529
902
433
391
1074
102
366
33
1426
71
888
391
123
1092
311
796
1474
1160
930
921
251
536
1328
1306
240
929
1172
159
902
1455
857
1150
291
473
106
1585
117
136
859
214
131
1126
1304
165
1630
1406
1341
651
1427
893
258
859
1658
460
691
83
505
727
1422
645
1061
1041
1217
386
1338
1306
456
1397
457
1183
600
1004
328
935
1644
652
1345
1313
1262
1169
875
1449
377
278
820
291
655
1489
1072
1658
1339
1204
1043
33
119
1421
807
657
220
1583
1565
515
962
277
228
571
1457
825
1238
58
1194
936
784
1086
1619
1011
1404
1119
451
242
1083
1029
595
891
902
1126
1605
146
1252
18
1322
1145
161
919
382
637
679
1132
1377
235
23
953
1449
1161
770
1252
1533
1065
1315
631
15
1306
1022
686
1305
559
483
991
1204
659
1471
1174
1181
444
1174
146
300
962
1658
1355
588
148
1145
1055
1593
772
143
1389
1389
1299
1562
4
230
1010
540
106
702
252
1588
711
306
1161
691
579
1206
486
649
615
604
1530
714
1324
1575
724
1359
430
693
616
1503
616
103
1451
1422
415
1551
827
466
1266
750
1238
1340
569
1050
848
1154
392
672
772
1257
495
702
1552
338
87
199
672
460
1385
1590
1107
616
1587
1598
1086
1461
1504
1089
795
1288
795
55
598
1433
1188
261
145
338
659
124
1497
1382
579
721
827
817
799
1380
146
478
453
47
1334
841
1029
571
1169
314
1418
1598
1183
247
1638
1150
434
421
1297
768
53
278
705
1279
224
539
178
211
1389
127
290
299
539
389
784
866
1072
106
1449
302
144
1288
377
41
798
768
814
497
1214
489
1334
1559
48
907
1510
1321
1489
622
162
1605
148
275
891
328
1194
205
1183
385
1096
1274
970
434
1211
1153
1002
562
1495
63
278
1312
497
385
1289
56
1267
573
997
698
110
231
1390
1660
356
630
1630
800
1620
1467
1447
753
1654
1214
1558
116
347
213
693
935
413
226
425
465
745
326
1303
497
1317
1397
954
819
772
319
1457
579
527
1071
1239
1150
758
297
589
426
33
206
756
101
1277
440
385
143
816
1077
711
1162
844
48
412
1622
1145
1453
34
796
778
121
1349
1388
289
410
1252
326
18
665
487
768
688
65
247
551
174
1637
1607
1321
724
1214
551
347
1149
27
277
1529
377
435
1316
453
815
637
938
550
107
1594
661
1112
1499
710
681
196
1453
672
1043
770
295
1651
966
1166
335
539
167
437
343
1123
157
324
385
1651
1044
1457
70
86
469
76
1321
1283
652
1194
1312
901
152
989
1225
1115
1630
462
28
20
476
763
86
672
52
240
51
1321
966
804
1019
1206
1044
1061
423
1055
1054
1002
1626
844
495
1487
1424
564
1580
1380
1285
875
1140
1078
1376
492
531
1610
958
990
65
1594
1000
1431
46
381
1551
886
43
533
980
1448
1440
505
1575
1361
539
1451
652
1621
302
157
650
107
173
1321
379
786
1036
1555
94
850
406
787
569
504
1068
1148
820
1575
469
812
687
654
568
277
604
200
1461
1398
657
1626
1570
842
893
647
558
1539
772
1148
969
389
306
1459
1571
1644
670
1296
1271
318
1107
433
124
41
360
968
833
622
1418
857
920
732
1023
819
421
843
944
1353
487
903
22
1610
590
297
1431
1223
355
1353
665
1107
1353
1182
453
692
182
98
1123
80
1593
116
505
751
826
169
245
959
1492
958
1330
1381
247
798
670
1239
162
556
1461
351
462
1455
611
1199
188
1102
334
1301
382
1109
1623
1241
817
389
252
806
1633
367
1214
974
1548
137
109
1532
303
435
1367
630
636
1362
1280
385
318
911
973
325
1267
573
1545
13
1461
1484
1254
1322
648
278
1206
978
1554
913
1307
469
1457
521
426
710
1446
1313
327
264
1082
11
66
1012
960
232
886
1525
581
820
188
736
1476
1532
103
275
383
652
383
894
663
1378
1138
1464
1385
1178
371
713
958
396
1063
1610
1269
732
558
176
1629
1135
115
389
695
1376
1504
417
505
1549
800
617
1216
124
373
1165
28
1610
1642
1565
1255
1300
797
924
896
716
506
1351
689
743
1177
1240
1054
1108
1528
1399
1226
265
1232
373
182
951
1085
341
1147
1310
1594
1177
1197
157
1164
1291
169
1593
1487
1098
305
407
880
714
540
1485
1173
395
1582
994
1212
1554
1051
1400
124
465
828
421
1077
803
992
714
282
1061
85
302
1486
679
82
43
443
1266
345
1078
1257
940
212
1118
1340
1129
97
176
188
740
1623
372
920
1216
929
201
1604
1121
1289
261
614
635
1448
1
237
242
978
1427
43
677
946
201
8
1052
245
642
1491
1359
756
124
879
1201
948
1655
146
1433
97
1303
1021
731
1591
1549
1477
852
238
1202
314
539
1164
283
152
1167
1214
132
1264
142
565
1494
293
359
1132
78
608
1517
857
1532
1454
843
256
808
1489
54
750
1619
684
855
68
97
808
1582
173
311
891
435
1165
386
523
958
1516
284
515
859
1098
1089
49
1043
874
1290
645
1442
1205
1531
472
1385
627
1487
966
1078
596
306
951
653
973
1324
660
86
49
619
552
895
441
49
333
1156
994
1122
1134
937
641
724
842
653
874
367
600
130
1089
313
1376
809
620
1156
1235
981
1165
301
1049
1229
579
1068
501
861
1581
608
542
392
1198
1587
738
1353
1424
884
1299
295
909
74
1355
1468
1332
1352
799
1296
932
187
568
70
1067
546
115
1587
80
896
1363
135
1038
27
1631
365
285
1481
967
206
244
213
1285
151
1644
427
1228
582
714
1608
111
6
990
1029
90
978
121
239
1609
14
575
1291
768
916
647
576
1513
1121
558
302
672
196
195
795
1655
1152
1212
1206
1534
991
463
1510
800
645
1617
1509
181
150
1653
520
457
95
53
820
1586
357
1047
1163
283
899
339
439
155
1342
959
665
1510
968
522
317
100
1179
1345
684
1241
1579
375
1645
133
1438
1205
1388
441
623
435
851
791
770
809
167
743
358
916
1662
1007
995
412
399
732
360
1028
939
723
206
1388
1043
835
1382
1481
252
1092
1020
463
197
1353
1168
1288
1322
888
658
1165
926
1166
814
959
169
135
1418
10
355
1440
63
169
1004
1261
1340
1276
375
939
381
971
431
1330
940
854
1554
1107
439
681
615
992
459
752
1285
1055
1531
810
737
949
322
1480
1363
636
450
971
369
1296
169
681
665
688
801
1304
176
579
514
845
1166
469
27
912
1010
647
1655
1591
1379
812
764
1607
398
105
416
485
1043
1386
732
624
545
518
8
1662
1036
1211
619
320
272
73
354
864
457
1323
225
18
379
951
338
738
1276
1626
1308
588
1539
732
1435
583
427
1010
83
908
1591
732
1375
1134
1593
1367
30
681
912
262
188
1280
774
932
1054
721
1525
1515
880
359
772
1165
194
1511
1206
163
1623
1269
1334
1398
1564
874
556
1255
342
1359
283
60
628
104
374
623
414
535
33
521
1170
3
1607
1021
1096
789
169
472
1259
75
355
244
687
1583
931
1522
373
1295
954
172
834
1129
45
15
1167
1114
1612
1584
1303
233
158
1017
1286
143
706
316
379
360
1314
1402
644
1244
413
1373
1330
1631
993
126
1308
844
1017
362
494
724
581
1246
506
853
1511
1234
485
991
1205
1341
461
1163
220
1049
1457
1199
944
1188
888
84
991
702
42
1364
967
1004
56
74
1113
1469
1318
196
689
752
691
1509
937
903
809
1173
1176
1264
1091
6
1036
1179
1019
1475
1227
1036
579
689
1353
290
737
1008
899
1364
1637
466
1246
947
1654
741
1410
940
1147
392
1355
222
1542
467
927
1198
608
795
615
1631
1047
433
567
942
1173
628
506
518
1618
340
1422
759
776
1007
1475
668
1284
471
868
514
301
1283
677
1601
1554
1052
776
810
1488
1150
614
206
1481
1121
1245
584
1302
1328
1140
1078
1406
1453
2
650
880
940
466
600
1598
1656
742
57
1264
21
173
1653
1588
447
377
593
916
1618
490
1447
322
1551
417
973
512
1586
584
1439
1054
676
300
770
1626
122
575
260
539
1244
1345
804
260
1608
1459
1416
1547
144
367
610
1041
859
1068
1468
1311
150
608
204
1433
182
1436
809
88
884
334
1256
1139
809
1272
952
1488
1111
844
490
693
1479
630
872
747
1414
665
322
2
1109
1228
1553
1391
1259
1283
272
663
766
83
374
663
356
1639
34
518
54
1350
1491
889
1344
101
740
1119
309
1245
1322
783
567
1029
1150
1257
833
765
1359
1447
773
254
1078
877
1017
1265
1002
1561
1152
1163
1362
127
546
1413
1654
1551
1083
1586
371
238
1167
1135
1215
581
1436
522
1458
111
1363
657
332
1030
1280
957
1419
1626
1561
969
398
1206
247
1270
34
502
1121
628
342
184
170
1042
689
718
868
324
433
1295
191
118
260
53
425
655
1090
1338
481
884
1492
39
823
660
180
446
1401
1382
1078
361
400
635
916
1373
1431
1087
822
662
974
1542
917
1190
681
481
1345
835
772
940
362
1653
1587
1089
913
1115
1402
390
230
1293
975
1058
34
34
1090
861
137
998
122
1571
629
196
1456
1012
231
103
1179
867
498
837
539
130
1199
220
1385
1499
260
14
1581
446
31
1361
163
449
168
1458
594
85
294
1102
149
58
543
1147
884
1206
1229
117
1271
601
693
1587
1276
1230
598
554
473
208
444
1468
173
1464
1651
1450
723
904
1595
1159
1182
921
180
73
1194
752
1215
1265
1173
575
127
1542
214
375
1066
179
608
1650
1358
232
1389
1230
1282
588
197
361
1144
1089
1454
2
1306
200
1152
949
1311
681
631
832
935
125
102
361
1176
490
1241
262
130
1329
878
989
643
1364
1544
294
1179
772
404
152
1456
398
1590
383
459
1479
606
1372
27
713
1128
1092
1587
114
1514
150
1476
1265
171
282
1369
1244
1506
102
50
556
1493
1417
1055
431
171
923
303
588
63
1442
1366
1174
1102
853
498
1655
769
1336
268
824
259
559
877
739
232
891
1385
520
501
1328
1135
1279
413
1338
799
1351
568
327
651
885
683
520
790
2
778
997
776
1439
176
508
118
634
380
261
1467
793
887
902
195
913
1633
781
154
1379
476
1528
475
1200
573
290
995
816
1379
839
164
1061
1071
1075
1438
752
1534
1035
1207
1237
1328
1568
680
1169
1272
476
792
316
1003
1003
838
1620
1546
350
1162
1463
1402
412
1357
614
1272
1358
1362
1212
569
54
366
77
766
1314
226
1205
232
1080
1243
1029
364
178
538
57
1003
685
552
1649
532
984
126
1271
409
1386
750
1538
1137
892
416
821
1036
1424
1641
814
487
153
1193
653
77
494
425
1257
1136
851
534
1189
1339
1099
498
1663
366
134
1302
88
1438
1356
1599
919
18
772
1604
1092
1449
938
454
1007
925
1618
1575
84
502
1257
760
538
491
1441
1024
841
1535
801
269
115
68
884
201
1386
623
1192
265
1583
836
232
1123
1507
969
1554
368
100
208
788
1499
214
877
462
1205
596
547
1389
1626
1270
845
1447
693
1597
3
890
972
1146
1521
1066
628
680
49
13
747
1124
486
282
1631
1561
208
1109
67
559
1207
1477
1238
1657
1009
98
631
1029
867
479
662
1205
181
1224
596
1280
642
1486
856
949
1529
1633
423
1256
374
374
1566
1185
862
703
1330
1124
1389
1258
294
465
636
1155
934
1659
1343
307
919
236
324
974
302
1549
491
1570
1571
1074
349
419
1426
758
1272
462
814
1657
190
1106
688
1663
1581
1494
526
1627
1628
1294
100
456
1221
867
1006
379
847
741
1215
1488
482
515
1480
787
24
1565
1255
1656
160
1012
1106
456
1614
1633
1648
295
657
11
162
1047
1624
1076
1243
244
48
636
918
1254
1316
791
786
1316
850
1069
1647
667
1017
1024
283
796
286
1153
1104
1338
1219
903
980
1167
166
1313
913
80
713
1458
1342
1046
1048
796
581
1618
568
1150
1325
1519
296
90
269
747
930
415
1488
1354
1542
716
1640
658
1289
1038
149
1395
316
1142
447
835
889
449
486
1646
519
350
581
279
1487
1654
521
485
1351
1078
1507
205
804
211
1187
991
1134
224
680
437
884
449
596
1150
38
738
1379
1441
781
952
581
1047
925
1027
1129
1532
1314
1271
50
1628
597
1076
1048
682
1048
675
1005
780
1612
326
1240
298
465
1605
45
1075
494
1179
998
1200
713
1620
583
250
1433
237
892
466
955
1485
398
876
384
1186
78
943
909
336
1530
1216
689
535
1306
60
594
1643
683
230
595
1546
1573
945
1201
18
1159
18
1115
364
1101
1499
415
37
948
1558
1091
685
74
460
299
1042
447
408
1243
397
230
344
1221
1595
292
881
1013
222
382
830
1102
515
1524
1356
256
375
1378
1180
676
1211
135
768
417
1138
1268
1062
1631
1584
447
29
916
292
333
876
598
1351
762
1296
905
612
1465
399
527
831
1476
1100
991
1238
1510
241
777
913
1105
1579
1378
1421
373
1204
328
923
930
929
1380
667
315
463
605
501
217
499
1018
1357
881
537
1035
563
804
1551
78
409
1
824
1406
599
1497
1158
396
508
281
1213
1298
1595
81
70
235
1658
773
1345
953
655
219
1224
660
1471
534
1540
726
1384
1465
240
500
745
1307
356
1298
1422
7
58
254
254
411
825
417
1061
1475
74
605
283
1142
1643
989
860
432
1434
1376
1641
1506
783
1034
431
413
1434
1361
895
1661
242
887
434
208
514
887
353
1653
1584
1520
771
1541
1601
1185
239
1392
1127
1079
1554
843
306
1331
495
341
447
516
92
395
217
571
1188
1337
490
481
968
486
104
461
1242
1284
1521
955
972
558
1319
1233
396
108
158
1474
92
1384
601
428
931
1302
128
831
1101
335
585
1105
262
909
1153
1372
1542
834
447
1494
76
1103
889
1424
486
1437
1433
1612
1269
201
1579
1509
1114
1163
1185
603
720
1456
946
1504
1322
1388
1470
92
353
938
1162
586
869
778
1039
1293
449
1504
1616
765
1653
948
963
1462
1355
834
86
943
779
523
470
823
679
687
368
1370
1393
975
10
251
520
383
68
138
799
924
78
894
1090
315
1368
168
1629
1024
230
779
559
1282
1557
403
1154
218
522
743
1574
444
1041
1434
1124
959
1348
342
1331
1074
239
1123
153
1446
515
262
1069
683
1034
418
1620
1630
914
45
516
1012
872
5
1140
1509
1654
203
1272
923
1182
1257
158
1240
910
1410
1247
979
943
45
671
283
230
1208
1515
519
1446
1042
1112
735
655
276
1311
491
1640
951
64
745
97
1578
562
22
184
1065
1156
1139
1410
870
735
239
1087
128
339
1577
1581
1209
90
898
508
540
95
1570
356
95
9
863
960
1516
1388
1357
969
1251
1080
524
1372
1313
1410
136
1235
370
1052
1090
390
994
934
1248
86
146
10
96
124
669
1298
611
142
1162
474
653
418
1477
1633
707
793
1076
545
157
1335
1534
832
104
876
964
883
529
1192
766
1278
1161
622
1263
1004
1252
1182
49
694
679
212
1491
353
1566
667
918
532
1369
815
222
1048
22
1061
34
177
1100
426
346
893
143
1590
1437
258
765
545
286
683
920
373
738
1360
1086
980
1224
660
874
1367
732
40
463
1500
339
1499
847
163
935
475
1517
1614
655
981
1491
570
274
1258
1517
1156
1262
1306
64
660
1267
1333
719
863
1317
470
436
228
1196
793
1636
1612
1645
458
882
395
494
865
1536
739
824
1003
1283
240
929
418
683
1379
1059
768
571
1568
198
480
197
938
875
569
964
1254
1048
1542
1463
1434
1059
4
719
840
1254
724
520
351
248
201
1337
34
1271
1362
1638
663
667
923
1162
719
777
377
1444
1501
1042
1613
436
1201
1084
124
546
166
1634
1638
265
298
728
1074
973
1630
486
395
1607
536
1189
1492
272
119
820
1508
918
1601
1645
1444
1058
1487
14
680
1534
808
1550
1331
871
523
351
1511
1175
973
971
1502
1326
105
1476
141
384
1570
914
352
326
881
550
801
1058
906
811
247
720
1222
267
1511
763
637
1175
887
818
891
449
960
393
845
546
1233
1354
936
1034
1269
680
450
577
349
1171
36
248
31
367
1474
921
272
768
1630
152
1315
605
1321
34
479
308
1645
523
429
1627
377
852
563
431
703
1170
333
1512
808
747
752
498
898
1617
389
1613
156
148
1379
366
345
106
883
1055
1630
145
171
1634
1482
1523
1009
632
1505
1289
235
464
1353
735
1338
179
174
305
667
1181
237
752
1189
980
111
1027
1120
961
849
1240
80
1540
123
1030
1273
792
1125
1188
1041
1267
136
322
49
141
1369
730
969
82
1584
744
725
504
1080
316
10
897
945
545
361
924
79
313
300
1442
179
777
718
1155
1632
683
256
736
1557
433
14
584
1532
1495
947
492
1374
431
984
1531
679
1181
1053
1224
1234
1399
1084
1397
972
1229
1377
494
992
123
402
1405
767
878
848
1132
1340
278
177
431
1258
563
763
820
625
1296
1523
1268
437
1406
1029
343
444
1367
28
1138
27
24
934
1080
395
808
31
384
1019
1659
168
875
93
1456
848
983
928
337
938
290
850
316
86
9
1423
1627
1663
591
630
1201
1554
34
934
240
1240
1480
990
108
1270
1443
1046
689
419
1366
820
562
16
274
74
856
1244
1565
736
1086
643
1489
1494
1104
906
936
648
1276
98
1629
522
4
198
56
858
648
1601
1102
908
1224
774
1591
14
706
341
1400
519
604
1398
34
1603
1258
902
1148
60
506
845
143
1555
325
1436
1607
1374
1097
691
592
758
843
786
292
838
1102
349
875
768
1342
1454
300
8
1548
1639
1502
1498
239
867
110
667
720
1029
672
311
1048
594
893
1385
156
902
278
1353
444
368
122
78
378
617
74
1009
806
591
1372
1610
736
1629
126
1159
863
1481
1088
1221
325
278
1443
350
315
658
1595
1573
1422
347
1572
1322
262
94
114
604
503
1048
258
240
773
655
1488
582
1560
1314
951
28
587
1034
1075
1490
419
499
460
309
813
52
122
114
1307
620
413
1654
72
206
1610
1350
432
670
403
32
260
184
1523
1566
126
952
202
1134
422
664
529
633
1588
274
424
315
989
309
526
1433
1261
736
754
1030
908
1136
561
1210
107
1563
1446
1033
996
792
551
192
1226
862
704
1331
461
1509
550
872
1161
316
653
1249
1104
1466
838
419
1061
373
1295
893
1025
168
1140
1462
769
996
1111
543
800
1161
179
927
854
171
258
1493
1435
51
274
704
1640
976
72
1546
1471
322
573
1349
1461
1601
27
743
147
1553
1111
810
809
635
1188
600
639
1425
75
368
1351
443
181
73
887
1600
1265
1510
1629
1659
494
1261
337
259
1266
604
657
539
1349
1469
1159
458
631
1613
1579
184
1136
87
696
1492
602
1604
643
55
1280
1308
150
567
444
519
1029
1648
631
51
303
436
691
1309
663
294
1464
1012
1220
228
1120
937
1627
1309
431
458
259
1228
1077
1058
237
1488
1244
453
399
1525
48
587
324
561
356
791
573
1469
173
296
332
1485
1481
521
1322
168
765
156
1042
643
664
249
524
1510
508
715
663
291
1112
1600
914
926
172
148
333
867
836
137
667
772
217
218
1147
1372
1250
289
184
384
627
712
873
48
418
1005
1615
678
1330
511
741
452
137
247
305
734
1656
87
314
1243
1258
1201
567
589
1424
681
543
1519
1012
1519
1253
1175
639
865
127
13
48
996
438
780
1021
945
1267
1445
1302
960
1318
669
1176
457
296
1535
602
506
102
67
1383
1178
781
388
436
636
436
60
65
48
393
941
304
604
1266
1266
926
598
546
57
602
1185
1181
1595
1207
1616
314
1080
380
1435
1030
1142
989
1255
1335
1123
242
922
1275
1349
1578
1249
903
742
544
365
114
587
852
1371
849
82
0
1109
1639
248
603
1108
812
1533
844
1302
554
1420
1181
821
1400
115
1644
419
812
253
681
127
1657
157
590
980
835
479
1143
792
127
139
1314
865
580
1650
765
1446
877
1513
218
1465
906
708
1018
592
1161
692
951
1584
1141
151
705
444
121
665
1443
813
845
847
1302
1088
1339
1628
1101
508
568
850
684
367
262
705
1424
1486
817
241
849
1264
172
1365
86
252
1446
497
1524
518
971
1390
1156
985
223
741
1451
1127
252
435
1603
1380
317
1503
708
696
1225
531
959
391
1231
146
128
1657
951
1487
959
572
381
296
696
173
1181
392
718
1595
851
939
1450
1356
42
1261
943
1233
1007
1065
920
99
1007
833
333
677
507
128
981
388
427
899
230
1402
94
1628
673
813
1646
258
735
572
1406
35
999
900
1321
850
615
1225
919
247
1127
536
691
851
1611
1397
1507
1540
1458
1063
512
84
746
214
1292
1217
223
681
957
1028
1155
190
125
1264
1100
1161
787
117
1488
962
1373
1029
404
851
899
1622
44
595
152
129
462
367
470
1387
559
1419
419
477
644
28
1574
1530
1359
538
824
522
789
465
37
1480
766
436
270
896
344
1518
236
363
1345
78
1500
1436
139
21
1578
99
1114
384
657
1091
239
1146
288
1160
1500
232
745
1568
1360
959
741
1183
419
996
868
595
1266
568
1342
1611
1018
980
835
1217
1227
268
1654
1002
780
1120
654
1348
361
1185
1539
41
14
1545
1642
667
1435
1435
1653
62
1621
1084
927
678
81
644
1090
66
14
929
1570
57
1376
128
630
1635
1186
216
1127
47
565
169
1406
147
48
1029
476
838
738
989
1507
603
851
1393
1398
21
749
438
349
782
1160
171
405
1120
1556
1559
912
341
1269
836
170
884
444
1033
123
644
737
193
789
1657
48
987
702
1484
1468
84
639
1278
1614
603
1468
650
911
1263
1627
1608
341
812
738
959
975
1393
289
1120
1482
680
872
1560
444
499
901
315
280
522
1320
1085
1400
989
430
606
310
763
1326
1388
1618
1381
1382
1524
1211
1321
1555
101
1090
543
1302
139
113
606
749
608
462
194
1483
1166
692
644
84
1052
969
1590
102
909
518
789
776
829
828
628
965
403
518
195
280
818
1007
360
499
1549
480
797
766
113
1618
336
1292
1507
991
498
1622
198
1320
753
152
1009
261
132
353
1199
612
853
677
1630
209
1279
228
77
132
127
1443
1065
1114
1548
1394
1163
1603
438
1658
80
405
1605
784
32
1498
1052
1324
754
469
302
1360
298
182
965
745
1126
1499
905
937
603
10
1099
1330
1508
532
1574
1659
1166
1254
905
968
796
252
230
1350
673
1072
1511
1150
47
1009
1066
186
1607
275
1048
120
1346
1594
189
1365
1172
1485
1120
1578
1463
1290
747
1214
1391
877
568
555
136
1066
1033
334
182
692
1060
469
469
919
136
1137
284
657
1405
982
1481
722
993
535
624
1503
1505
592
120
208
801
951
1166
1369
1126
1230
1065
799
1350
404
325
1380
677
1012
670
127
812
410
625
31
409
830
1190
982
125
68
1007
1244
687
1385
1295
1046
468
431
884
779
474
955
1609
239
738
612
81
642
884
1187
451
1561
1636
1393
1112
643
1077
598
40
965
192
537
68
509
600
1625
340
774
944
691
1162
404
15
1628
722
932
1057
1147
877
1196
812
994
108
202
1200
1556
614
310
1375
912
364
1363
1312
1122
1243
1183
867
555
303
314
961
246
1141
812
1162
1583
157
1095
1096
638
1471
997
600
1330
73
228
103
927
248
319
593
574
496
1320
1288
79
1618
61
141
420
858
828
11
991
1350
1585
1295
1636
1416
1618
1518
1564
1450
805
458
1342
577
858
692
458
122
657
294
905
1339
92
1315
753
1661
1521
418
21
1514
1093
770
145
253
1183
1179
392
1363
136
1179
623
1614
1048
1625
1614
1248
745
1301
949
1240
765
662
887
721
510
1225
298
886
181
764
1094
1581
374
603
894
763
885
826
1393
775
1613
420
1133
924
624
1479
892
1416
1229
1531
490
319
138
370
1201
1154
1642
756
1289
261
1106
102
1124
597
443
512
1363
1102
268
1023
307
891
1469
1320
940
12
1296
1607
702
662
935
1499
298
689
477
1306
783
431
1425
667
21
394
356
650
9
271
32
1291
82
772
1154
1459
1232
1486
708
1565
1262
392
325
1089
1012
37
237
958
1600
645
168
787
1232
1093
295
1027
271
1129
1412
296
741
782
1608
329
782
1082
934
1203
891
1463
505
295
1497
1087
500
908
310
121
592
113
425
624
791
645
447
1081
699
374
480
818
1340
253
1057
821
85
1468
417
1071
341
1489
121
1628
480
307
1055
791
341
1384
1019
48
606
1263
947
379
480
557
1248
991
598
992
236
849
719
73
1275
673
1036
1262
88
1521
1186
858
958
1568
1085
1512
1535
250
1588
1231
509
587
1474
742
916
1395
15
1482
805
1186
1556
1399
742
1636
54
1052
1121
67
1169
1263
1436
476
1260
1528
1265
740
616
1530
635
1047
356
360
96
1321
399
1486
1080
1161
1142
1635
997
1535
510
682
946
1226
413
973
1395
108
1447
972
1154
297
1195
1029
1588
676
1311
662
1466
1101
739
1233
505
491
1014
1603
47
191
713
46
909
484
190
933
1423
573
722
40
534
363
460
1341
830
1121
1039
1497
304
905
1393
486
1515
744
513
1221
183
687
1315
1138
425
131
767
851
486
68
277
1055
557
1192
460
1472
1324
592
396
598
1286
138
102
1565
1392
1217
1643
799
680
1106
1512
986
928
794
197
240
509
61
1348
434
849
115
719
835
1287
1077
871
796
489
869
387
648
73
1561
435
972
1234
695
885
939
1521
446
1017
1422
1137
1337
965
1617
1394
1388
941
945
1504
958
983
1305
670
300
9
195
1449
1444
751
1612
787
1538
675
1494
952
1525
531
682
800
278
1208
1642
171
729
895
1040
378
1082
1205
1595
947
570
444
728
1432
1297
1050
586
964
812
1599
633
583
749
1455
1129
870
116
1186
292
1309
508
599
1339
1057
81
954
552
396
353
1544
314
1084
663
1172
253
1178
656
1576
1170
1088
789
1044
1568
600
1007
258
564
438
875
1496
1241
1651
540
985
1287
364
716
431
1390
54
1549
1661
1152
1618
811
1201
161
523
1250
489
140
1012
113
1388
916
1189
1380
1303
1206
440
1162
1096
1525
47
1343
676
952
997
936
278
751
2
1012
603
1244
712
1649
1439
1083
1479
395
743
649
1291
619
1622
1135
1059
1105
1389
435
574
616
700
593
743
797
524
1017
1116
401
1353
117
1613
645
663
1328
317
997
250
986
401
1162
80
418
140
824
1018
1201
161
517
151
1069
263
1338
1412
1091
983
331
401
49
1297
847
1648
943
1579
1422
91
188
687
987
1419
931
1213
1140
1063
1288
800
481
8
912
949
947
971
1622
282
369
1008
593
24
1567
1194
700
146
790
1132
851
1154
134
672
362
1233
342
838
591
801
241
1618
1568
459
1541
837
1392
670
570
651
753
757
1521
262
399
1642
454
229
1451
1007
1479
432
1620
47
284
1063
1420
1633
1483
546
0
1432
1193
658
750
422
1400
1299
1203
1551
934
1098
977
1244
643
841
88
673
508
540
465
1655
297
915
1095
1233
651
80
919
632
835
776
244
516
781
334
279
754
238
740
567
1366
1292
1007
31
1365
1402
1315
425
540
765
1307
201
1430
1140
136
1434
805
1563
1349
763
739
1342
1299
347
1160
1536
1245
460
1556
995
695
1363
1017
231
1298
1286
101
124
1306
4
1000
1075
145
1309
251
1222
469
639
386
1187
79
1314
4
523
1624
1652
1091
257
123
504
379
505
404
1614
643
575
696
1376
145
1282
22
437
114
1380
1370
1384
1029
1521
1565
762
1157
342
1388
1451
262
605
1134
1329
1614
177
53
760
201
417
209
1141
386
100
167
91
1097
742
569
783
1313
1635
1504
367
431
653
1043
913
742
830
1472
1190
78
342
1375
249
466
862
1577
745
876
616
1138
60
664
438
1641
1080
593
966
115
24
399
132
1158
518
169
31
1218
904
994
358
875
795
548
1492
178
513
1326
1286
570
1464
68
491
1538
923
1603
1239
1039
571
1088
1287
672
460
1481
114
1150
1216
759
484
1637
1021
428
747
1329
557
1038
1338
149
247
1556
1370
1404
1104
1066
892
1226
1507
358
1458
567
1618
1506
895
86
243
715
667
1354
495
243
9
550
1199
1326
171
1123
1493
1110
1283
251
720
279
184
874
1429
38
335
1052
214
1269
222
1173
1340
634
848
190
1313
493
542
812
23
628
397
1382
914
314
1445
1006
983
955
1021
29
1496
1456
257
421
1603
1132
190
1496
965
1633
1355
1307
293
1307
459
1454
674
437
1244
1207
422
1495
601
1370
530
1199
639
1440
538
359
459
1386
1491
35
903
738
476
171
1477
1386
61
1308
447
657
883
530
1311
1031
1311
1278
589
213
1646
1396
1233
253
1333
1285
1028
1432
201
1425
1132
1533
1540
614
759
1479
945
1614
60
118
1489
52
449
19
1192
582
328
115
130
1613
437
408
1447
1283
909
1190
1040
1291
1540
799
1524
943
1182
207
523
505
645
1400
1388
1537
491
965
451
540
951
1123
183
127
570
541
1539
1098
1011
1493
104
1496
245
301
232
974
1416
1502
15
1334
1437
606
1663
1346
402
1325
279
265
647
864
1097
1568
1427
1091
371
379
737
639
516
1491
342
1404
495
1107
253
1031
119
1087
1169
127
1543
363
1611
506
545
272
976
29
534
432
723
500
1331
1169
123
1061
934
1078
481
1577
1605
437
1396
423
428
359
1565
1624
1145
1052
1663
800
653
293
1441
369
1431
800
331
1597
1455
1603
826
103
61
1624
1204
269
1414
1620
302
1371
140
51
764
231
896
884
908
847
275
1184
1264
658
423
471
736
184
760
64
1338
657
233
1654
1504
723
647
475
881
1524
1396
514
1226
294
811
847
235
672
89
166
1481
1308
1125
255
1569
25
654
1599
761
1650
781
987
1425
906
806
266
1404
459
389
190
1272
132
1049
396
1284
268
1385
1578
475
387
1445
221
1070
12
241
937
1575
1174
335
661
425
658
34
964
1118
605
118
381
1392
201
1048
408
329
1515
946
1043
1300
983
1154
222
322
1309
715
1523
1661
351
1324
153
940
96
220
685
563
142
1273
471
177
1240
1241
1559
1493
1338
1344
1320
1637
1226
599
1094
1200
667
1260
433
563
1331
1088
1136
1553
202
716
707
113
751
1109
124
625
735
1370
815
714
925
22
1339
1654
1585
395
826
1422
35
414
494
3
654
146
77
1597
924
600
328
337
707
166
1580
476
1487
1632
1239
1262
37
1505
1439
184
1207
1262
1330
1469
802
594
1532
514
670
1461
799
1643
1289
396
1034
882
1347
746
1514
119
25
1244
1257
623
731
1238
991
164
1444
969
1136
918
1551
1175
1279
216
1559
743
1559
424
9
1485
1282
245
336
1404
1089
877
1583
873
985
908
1518
537
1427
1600
1301
196
1366
1248
653
1414
738
708
101
838
1019
854
1427
1522
1404
163
408
1310
1188
202
1070
435
1265
1493
317
813
1024
433
860
496
337
1043
290
712
287
359
674
641
626
1122
918
1314
1105
775
694
1544
492
1548
496
1618
117
1231
48
1402
1042
396
1534
882
1344
583
594
1433
1635
1028
3
580
1660
1265
741
482
575
1257
1543
1065
1525
1401
1131
1381
481
1069
568
1243
752
527
1394
857
58
1319
1484
1578
694
1628
1428
1161
105
226
429
571
1339
1152
552
1038
1388
840
947
487
1109
284
1086
1424
621
1102
838
1503
1057
875
1515
1413
507
774
438
637
643
1279
458
99
717
666
84
1623
1133
1610
695
1235
763
791
1202
1245
768
1101
119
1557
491
905
846
786
1628
390
275
1244
88
1019
203
1342
1137
1390
1348
451
838
23
896
1013
1632
381
496
4
479
396
356
1309
857
845
955
912
20
1334
518
800
1079
1153
716
739
1564
1649
335
581
13
1134
636
594
113
1534
375
585
529
1479
1260
252
220
444
1632
1290
1590
712
206
1518
262
1274
355
502
742
1461
351
528
1193
1649
1010
822
1437
1520
1082
335
328
1296
1098
950
489
196
448
680
697
1181
1501
565
1082
100
574
28
294
1136
1027
1410
1084
190
648
844
207
588
1010
841
799
253
408
1397
687
1287
49
118
511
843
368
712
274
856
1139
411
1393
1327
1443
130
41
1472
234
368
1282
984
545
697
1233
1586
364
158
988
489
1542
912
363
537
1474
430
835
1021
1223
391
630
398
1044
1517
956
1045
1355
1583
154
652
574
349
692
872
892
19
598
1188
528
634
1085
1496
1454
1018
1231
219
900
1577
1646
672
24
429
1166
1229
475
949
599
1181
1603
1127
1475
528
1122
581
665
850
1524
1169
490
436
189
677
329
487
1363
573
504
635
1240
552
1623
278
443
1501
1279
841
887
1040
709
1386
56
1202
1585
1391
1610
1241
136
591
1019
640
942
1477
445
876
414
1092
352
887
822
402
648
1344
1559
578
1547
1504
756
697
1016
596
1516
425
1376
160
1206
1260
486
574
1446
350
13
1537
1475
635
1290
1259
1630
1654
1345
1626
680
419
1209
1402
805
1059
1160
425
426
588
377
284
425
522
57
596
1078
185
644
732
1161
1069
1599
599
1145
1391
1150
692
524
239
1448
424
405
277
1618
37
1260
859
1171
1517
782
174
968
648
655
1242
1461
512
1476
1188
772
395
870
717
1550
1093
193
995
1037
881
692
840
1193
1382
1470
551
1437
811
937
1262
218
422
1038
1320
960
368
294
807
382
975
5
637
956
1139
494
386
92
708
199
1195
845
1024
672
432
1229
1194
659
1531
1580
1401
856
401
1453
55
611
412
1661
1484
895
230
1406
833
1533
483
991
931
669
1291
971
568
1152
910
1571
317
193
7
510
1604
1504
1188
1626
660
1035
500
477
1463
1551
802
1227
969
1236
36
187
975
1335
1482
165
1094
669
339
1258
1053
1398
1625
214
188
411
460
663
377
390
1287
1427
1156
1250
277
138
358
248
111
673
768
200
1347
269
61
1247
737
600
12
980
988
559
994
1413
374
524
1531
1158
633
646
90
413
639
1363
64
870
1082
772
1654
1072
317
920
36
442
715
1497
772
1284
1513
876
1249
415
1161
195
207
248
74
1010
1091
548
249
1300
70
244
1362
1223
26
140
1030
431
1316
1074
425
961
665
807
1461
1607
1132
116
601
1234
218
100
61
48
405
598
88
547
123
412
187
155
910
726
1128
1167
703
994
1504
1281
955
1244
313
1575
1141
1377
907
1414
1328
925
1118
974
82
52
1517
19
1072
1039
367
1087
1151
1100
1014
1041
847
327
485
1290
1506
381
1144
1061
582
319
405
1614
1049
1618
104
302
714
1203
36
720
931
1125
1543
693
234
173
848
999
1503
302
1123
807
856
372
329
920
720
514
466
527
868
1609
321
916
674
94
251
1398
1390
937
980
1577
320
50
1171
1047
1247
9
1504
1537
1344
1390
274
26
868
134
1446
1163
490
680
978
303
218
1039
859
720
699
1546
460
131
652
256
1284
144
909
1025
1085
49
1229
219
266
325
485
1038
1078
942
432
356
37
659
774
49
70
1478
796
211
94
1247
1110
1361
262
284
713
1394
954
1528
1137
176
1129
537
1619
235
984
195
1524
510
1275
443
1484
923
1280
1644
265
878
27
1005
253
725
1342
1364
441
892
737
43
510
610
84
718
1352
1284
46
1437
1503
807
112
1429
225
639
1078
661
482
1198
566
619
146
1057
432
371
1374
511
1484
1212
1342
469
923
746
183
1534
1607
870
601
905
595
1439
1310
230
295
309
113
675
724
1345
286
76
179
1648
1412
1454
1380
737
1637
1533
475
1561
990
783
440
323
1069
1057
809
548
1016
286
1585
1259
448
691
167
1438
989
1139
609
1317
386
178
1397
1146
623
860
358
1012
951
768
1310
1343
852
626
1371
17
261
630
1648
853
1565
425
1170
1337
1482
765
1597
299
1255
286
1185
1534
878
1405
70
1193
1154
1166
929
1289
594
471
934
742
588
1278
119
843
275
1554
252
871
1064
1038
564
614
1255
1011
976
1083
1538
741
1298
865
537
1150
1635
905
1507
319
1236
4
950
292
14
389
1167
440
885
27
1454
70
189
1153
252
1530
329
190
834
1608
1049
1125
533
1514
959
1312
176
29
971
84
1071
1597
1236
1303
1021
586
1138
418
1392
693
1549
1109
179
637
219
1287
14
1648
929
1193
528
971
153
265
9
1491
1436
482
1271
1478
1511
249
1504
1253
746
1163
1048
729
406
905
1298
423
855
181
425
233
157
487
303
1233
1181
198
309
529
1256
518
648
1412
1367
395
1153
783
368
1222
1550
1562
983
431
546
878
1455
1486
388
823
1388
985
1633
1214
1398
249
135
1420
634
286
119
1583
546
627
22
1123
10
1014
1557
46
1540
642
220
892
1191
411
332
1426
146
248
594
974
823
994
139
1527
1482
605
739
1069
426
344
1618
1658
855
395
288
1516
1372
73
319
1622
262
1397
4
1280
1371
1201
862
967
729
158
826
421
129
316
842
292
1100
1560
1319
1185
873
930
427
167
1242
461
1639
13
1030
1068
1438
245
142
799
373
1297
1550
1234
161
823
1228
993
1445
750
1200
574
1181
842
1172
545
401
1530
1649
173
343
1421
1223
1599
61
186
1003
942
308
708
84
649
1558
746
1403
374
929
1114
1044
1440
426
947
969
1544
63
1453
182
1290
280
1244
12
1040
469
402
551
1525
443
69
921
69
901
1060
1597
716
1236
1368
1039
1483
713
366
669
698
942
307
1083
879
1600
1098
1142
1437
116
1343
593
1611
146
282
475
632
593
582
1182
1649
1504
381
1212
1369
1297
1407
1036
1270
654
1244
883
1355
345
79
1071
574
397
597
269
774
1134
1142
877
632
1424
1459
931
1620
388
443
1185
1240
859
1320
1514
1187
457
165
1150
1198
410
566
880
364
1103
142
954
1070
342
753
754
1403
1066
183
1094
8
801
214
1199
554
953
201
658
998
88
1523
1340
1125
1312
1301
215
1450
863
1093
659
511
655
901
1206
528
1642
203
676
1306
1050
101
186
217
1617
186
1025
921
1605
581
313
1261
1188
1656
487
768
758
329
1134
171
1129
1663
1088
891
815
162
1103
581
532
30
1303
805
1356
237
1392
325
1084
1162
1619
80
1523
935
1013
50
1356
758
290
220
105
1533
263
320
246
1107
823
820
1523
426
807
1026
684
1171
1279
608
517
1277
523
573
161
1264
248
858
829
1073
1065
571
1441
1091
621
1481
1407
994
1240
149
149
554
477
264
1193
1441
152
1278
1098
1244
1398
1525
824
1407
496
1487
947
581
526
1345
297
870
924
838
1498
346
1072
39
703
798
220
1552
76
1335
1103
1553
1289
307
518
1200
536
480
174
1148
879
54
138
1239
519
444
921
1480
1210
156
255
1422
1277
1562
952
1572
1498
66
95
1328
1105
515
987
998
223
406
332
215
1277
689
1636
205
164
1650
949
794
775
313
148
387
550
688
1342
1042
1124
115
997
1100
390
1197
1514
228
1444
568
138
1206
950
774
410
1209
774
247
1230
1045
621
1307
851
1582
1349
860
397
223
209
1199
308
1407
133
454
384
1044
861
1134
568
826
22
188
327
652
11
62
977
318
448
705
816
1053
1139
1230
1147
1169
1649
1036
1303
643
1478
206
1444
1179
181
1276
1487
1521
529
958
829
909
702
652
156
19
1253
194
1352
597
532
270
741
1272
658
1362
1290
264
676
1566
1636
1330
1557
234
1547
94
519
204
998
1414
525
834
1230
373
1410
292
1482
877
200
88
1308
573
419
1479
808
833
889
1458
1643
240
670
271
1256
189
623
1369
1289
1549
723
50
24
1429
951
646
240
1527
129
670
79
1549
1623
1328
585
33
501
1478
1448
1525
1478
1013
87
842
210
804
532
1013
975
63
1162
34
358
1417
1577
1136
1172
884
9
1316
1561
892
548
986
725
722
1029
358
592
90
741
7
774
1308
238
476
16
1663
792
1550
489
1023
248
986
824
1437
1368
1599
1495
838
1197
1499
1595
200
1410
1109
135
377
1142
1608
1333
1075
1450
288
1448
1471
1459
1027
1292
189
1037
323
282
76
1309
1598
1244
1482
1382
1322
105
1496
468
404
323
248
866
1404
807
1162
1049
1345
458
1334
1301
1334
338
985
1464
469
664
993
1250
975
1442
614
390
1209
989
1356
680
1023
297
1097
963
429
1052
819
1377
476
1230
1015
404
585
545
883
1206
1000
1315
598
863
201
694
907
181
1250
1508
1123
484
1232
1066
523
1100
1026
1265
1274
728
1608
1087
1200
681
609
768
1201
778
413
339
1515
1591
1234
261
1089
237
856
288
572
1527
546
706
1129
762
20
1556
1373
720
135
836
933
862
929
1365
950
112
583
1184
630
1303
1225
1289
1303
1504
1289
1454
944
681
622
673
799
829
576
243
421
1329
1326
123
1393
322
476
1454
54
285
933
1113
133
948
599
1393
1077
1050
14
381
1561
953
1058
218
273
1526
1547
905
1432
1107
1514
1317
1502
508
21
1367
1284
1393
951
603
1343
252
1621
636
847
390
1287
79
192
603
1347
1502
359
991
1346
1579
48
1643
1644
1404
357
742
920
1589
1550
1241
153
924
1534
1461
1049
1123
1467
347
781
1090
107
1343
1160
216
123
244
662
1441
1203
552
1423
1545
815
699
974
991
806
186
256
1101
991
140
1084
80
375
285
1506
619
853
491
630
987
1477
376
1503
1572
1505
439
1208
990
130
1379
225
23
1288
604
559
582
1595
425
683
519
1062
1382
683
84
1577
1473
66
745
1170
156
997
455
1174
1455
1505
1196
293
253
1074
428
1101
74
670
502
333
837
1647
100
1374
1550
162
1245
322
1103
1453
802
1533
190
472
330
866
1556
774
58
1635
964
303
505
735
412
1198
945
1351
523
977
1002
1123
97
557
423
1228
1555
1140
61
1361
542
1301
744
1197
461
527
1243
3
568
737
1509
132
1367
1496
184
1042
205
708
429
1654
1639
839
66
372
1608
1136
887
718
1377
408
200
527
1256
560
297
1391
789
413
55
706
476
733
567
359
1460
1229
763
1546
123
673
1244
138
542
482
1545
633
36
1057
280
482
419
1600
460
921
141
395
176
402
548
870
1308
227
1020
61
220
1053
1404
592
405
590
948
1540
429
1256
357
210
52
1020
55
210
1080
305
69
1623
1630
1321
266
1561
36
225
65
1510
876
496
747
856
1498
1184
458
977
997
831
1453
892
555
1020
1516
667
1148
371
1393
944
1246
1268
854
884
98
40
697
416
827
415
561
499
61
882
1362
573
466
1318
1582
224
733
1280
1510
432
399
140
1313
1087
1046
1638
1232
1628
543
1139
1141
1042
859
194
564
1502
760
157
503
971
402
854
1336
1280
386
641
216
974
1516
416
1011
418
1105
590
55
154
1318
571
630
923
362
102
395
59
1223
384
1575
761
608
1629
358
949
1536
518
173
1629
1546
532
1073
301
1629
881
1339
328
706
1485
1003
974
882
1163
1047
173
1469
97
9
1107
21
1422
180
426
1148
1105
1407
612
735
417
98
8
352
27
473
170
1285
1256
1425
802
646
1283
959
403
923
738
1291
228
383
1090
990
1513
506
573
1133
1249
268
1622
681
213
1512
1124
325
1472
606
14
1357
725
863
1334
808
586
737
1001
774
576
1601
181
132
846
766
923
434
1389
1592
1005
1024
847
961
1141
1024
659
475
1041
599
1355
1243
1045
1021
909
1070
1611
929
640
1060
1431
1390
719
74
399
1023
208
541
204
1029
1247
941
173
1393
952
1453
711
672
1402
955
159
963
462
173
945
132
625
1259
1155
1521
692
1292
1194
884
80
1635
1009
1660
1339
194
737
1252
1002
1389
552
662
613
747
367
755
575
1098
1393
1433
1093
1246
942
1372
898
403
1538
1002
1519
202
1292
1019
4
139
396
1618
1009
1415
904
3
1277
1394
1524
32
16
1346
351
681
65
24
1486
1158
1021
1194
56
91
993
1102
1336
936
472
748
1146
1472
1538
1296
610
168
1433
323
1425
766
89
362
1327
16
817
1564
491
1230
743
876
481
653
983
327
389
1577
232
1489
962
1090
904
798
798
529
91
434
238
557
338
242
1152
56
859
144
1039
214
1050
1033
109
1092
280
643
1325
697
5
1355
163
800
564
756
1476
756
347
440
172
361
393
1090
1110
1411
1338
1069
807
293
593
1165
532
1339
487
171
1441
551
161
520
978
778
154
769
1151
994
299
1460
898
1163
1484
915
1128
1133
1162
899
1093
855
16
957
895
305
803
741
44
161
80
374
1265
939
1481
274
761
1519
296
306
417
1428
756
239
1007
641
1525
263
41
487
389
1339
1418
1438
1406
1649
1546
1240
1415
1152
1393
1431
839
435
1029
491
196
1156
667
1413
1389
1658
802
1469
972
287
936
1156
1389
1446
957
214
75
898
312
268
44
1546
69
627
1587
1249
1362
924
1500
723
392
996
1049
1349
953
588
237
813
828
1282
1415
93
929
989
1660
543
932
898
8704
