0.097905
0.173865
0.0827175
0.0574725
0.06462
0.2037975
0.122895
0.140715
0.11823
0.2171925
0.17985
0.22503
0.1788975
0.15897
0.2044275
0.1810125
0.230745
0.084165
0.1488225
0.0837
0.281055
0.1991325
0.1121175
0.1406775
0.2651925
0.1233825
0.15321
0.10281
0.1473825
0.1688925
0.176535
0.18696
0.22953
0.16323
0.1838325
0.254025
0.083415
0.1848675
0.1572225
0.1727175
0.150555
0.090915
0.192795
0.2360025
0.20076
0.158745
0.1052775
0.1563075
0.2257575
0.19515
0.131775
0.1861275
0.1887075
0.2346825
0.213345
0.1869375
0.14661
0.2191575
0.1809375
0.2237175
0.15618
0.14382
0.1868325
0.097065
0.132285
0.2091525
0.135645
0.158235
0.0925725
0.07332
0.125655
0.04152
0.0774825
0.2298525
0.1532175
0.0261675
0.13182
0.1406625
0.146925
0.0830925
0.195735
0.1037775
0.1345575
0.0646275
0.09576
0.2509425
0.14751
0.185655
0.1387125
0.15756
0.2052225
0.1614675
0.258825
0.2121075
0.1685625
0.1437375
0.1821675
0.172755
0.1313625
0.122475
0.15294
0.0954
0.06333
0.166425
0.18012
0.1208925
0.1792875
0.21042
0.2755725
0.108285
0.1403925
0.21714
0.0605175
0.1047675
0.108945
0.2697375
0.092355
0.133395
0.1777575
0.1945875
0.148005
0.1053075
0.18612
0.22248
0.2622525
0.116445
0.119115
0.1165875
0.0579375
0.1847025
0.0846525
0.20655
0.04761
0.14148
0.1538325
0.1682925
0.14646
0.1450575
0.186075
0.2984175
0.090885
0.05943
0.176385
0.1349925
0.0632775
0.161565
0.087285
0.04128
0.164205
0.1619175
0.1454325
0.148635
0.21636
0.1581525
0.1745475
0.1830825
0.239415
0.097335
0.1340775
0.08922
0.020535
0.1095975
0.1736925
0.161595
0.1978275
0.23157
0.156165
0.08793
0.15351
0.0951675
0.204225
0.038655
0.3154275
0.201585
0.0986325
0.19509
0.120585
0.176985
0.2157975
0.23139
0.135195
0.14769
0.14595
0.2283975
0.139035
0.09939
0.1577325
0.1580475
0.1199475
0.1488825
0.209955
0.18105
0.2173725
0.12237
0.17601
0.0729825
0.17253
0.11196
0.107115
0.17439
0.070635
0.16863
0.070725
0.22809
0.17925
0.2139375
0.14745
0.0606075
0.096795
0.1956975
0.0926475
0.2588775
0.2017125
0.1620975
0.0888
0.0813975
0.1817175
0.1214475
0.18006
0.1912725
0.176265
0.1756275
0.12435
0.1158825
0.08205
0.16728
0.17004
0.218715
0.160695
0.195495
0.258825
0.17118
0.10701
0.182805
0.190425
0.2389575
0.1264425
0.096735
0.2379825
0.04464
0.1783875
0.1563975
0.204195
0.087735
0.1265925
0.1609575
0.2303625
0.10872
0.062325
0.1588875
0.1302975
0.2263725
0.0906225
0.194505
0.117345
0.1832925
0.16353
0.2349525
0.161445
0.1491825
0.2354325
0.1376625
0.2495775
0.2388675
0.1533975
0.245625
0.11079
0.1877475
0.1556925
0.17916
0.1062975
0.2120175
0.1494825
0.0721425
0.123615
0.13833
0.079485
0.0944325
0.225195
0.019635
0.2238525
0.144405
0.2457075
0.182775
0.13839
0.29043
0.14025
0.1155075
0.1301025
0.09915
0.169905
0.128205
0.11835
0.06822
0.13251
0.1581975
0.181605
0.1305
0.1778025
0.1697925
0.153375
0.1702425
0.11151
0.187695
0.1410375
0.1826475
0.1900275
0.101025
0.1374225
0.1190175
0.188805
0.186375
0.1367625
0.21888
0.0629175
0.03357
0.1950675
0.1825725
0.165795
0.1592925
0.103815
0.1968825
0.1922475
0.1922025
0.159585
0.1962225
0.2615325
0.209475
0.198675
0.1601925
0.1296075
0.15309
0.217485
0.2305725
0.154755
0.1405425
0.1231725
0.1908825
0.235095
0.2297175
0.161325
0.1597425
0.13224
0.1707
0.1793175
0.206985
0.1156425
0.1241625
0.1728075
0.2077125
0.117495
0.2125125
0.0568875
0.135705
0.1850925
0.14412
0.1106325
0.1317675
0.1310925
0.099795
0.0596925
0.0998775
0.216345
0.1190325
0.1536375
0.179985
0.1935
0.2306775
0.0891
0.149805
0.0346425
0.14175
0.2030775
0.1767375
0.0727875
0.173355
0.2408775
0.1668075
0.12969
0.086295
0.2093325
0.133215
0.0099525
0.0863325
0.11148
0.1725975
0.21717
0.1710975
0.1859775
0.1750725
0.209175
0.1197375
0.2612625
0.1299825
0.190695
0.13662
0.1396125
0.080925
0.15612
0.0513975
0.0611325
0.1556925
0.10032
0.13599
0.1202325
0.18666
0.18915
0.13605
0.1912575
0.092355
0.14181
0.2164725
0.150315
0.16011
0.0453825
0.15855
0.1614375
0.06891
0.1225575
0.22233
0.1160475
0.1271325
0.07713
0.169185
0.174915
0.1086375
0.2083425
0.1840725
0.1484325
0.1641075
0.1485375
0.2145975
0.116355
0.1360275
0.1247775
0.2496
0.11001
0.2537175
0.0902025
0.1328325
0.2112375
0.1588425
0.12264
0.100695
0.11064
0.1906425
0.18174
0.208095
0.1660575
0.135795
0.2274375
0.2136525
0.151185
0.14895
0.1091475
0.121815
0.256845
0.0876075
0.1928625
0.0868725
0.07416
0.1216275
0.159045
0.1272075
0.1040175
0.1606575
0.21
0.109875
0.098625
0.1554075
0.1666275
0.1895775
0.0888675
0.102495
0.163725
0.1822275
0.15969
0.205395
0.202815
0.14745
0.1157775
0.1534725
0.1200525
0.11004
0.136575
0.0263025
0.2171025
0.121875
0.1904775
0.1692075
0.1366875
0.205605
0.0719775
0.21207
0.1964625
0.084585
0.0804375
0.225075
0.15189
0.0453525
0.186225
0.15684
0.179745
0.1601775
0.09825
0.1112025
0.185835
0.1396875
0.192675
0.1253625
0.234555
0.0988125
0.1067625
0.1357725
0.15483
0.11298
0.21438
0.1119525
0.12972
0.1510875
0.1175325
0.14901
0.094695
0.1645125
0.0906525
0.10311
0.117885
0.1089825
0.1306425
0.1257975
0.3049275
0.1472925
0.13845
0.0993975
0.12201
0.1769025
0.1197
0.1223025
0.097905
0.0898875
0.2023425
0.13371
0.09288
0.2043375
0.148005
0.1430625
0.226995
0.1917225
0.2496
0.0879075
0.237
0.128595
0.1455
0.19251
0.0994725
0.13575
0.22527
0.1355025
0.1572075
0.1483725
0.188025
0.188835
0.20922
0.194025
0.191085
0.1760625
0.225675
0.185655
0.1865175
0.217155
0.17754
0.170985
0.167835
0.2026275
0.0963525
0.035775
0.0704175
0.0632475
0.224205
0.25515
0.14571
0.25389
0.13473
0.25965
0.124215
0.130545
0.2121375
0.20457
0.146985
0.176655
0.1205475
0.07374
0.11235
0.0855825
0.1110525
0.16449
0.1038375
0.1868025
0.18645
0.0912675
0.149085
0.1750275
0.189255
0.12957
0.1451025
0.2169
0.12762
0.1489875
0.2590425
0.162435
0.21042
0.21228
0.1256025
0.088965
0.1998675
0.2147925
0.157605
0.19473
0.145695
0.1074975
0.151365
0.2036175
0.1178175
0.041295
0.1411575
0.04725
0.124395
0.22494
0.166065
0.186915
0.09678
0.19833
0.1173375
0.1378125
0.201135
0.03558
0.1925175
0.1290075
0.0397125
0.207945
0.1307925
0.1984125
0.1245825
0.1085325
0.2974575
0.1949475
0.2219325
0.1209975
0.16272
0.1305975
0.1624725
0.2187225
0.11439
0.1877925
0.1365375
0.1803675
0.11262
0.2436
0.077685
0.16665
0.152565
0.17361
0.1012725
0.1995
0.17469
0.193965
0.18327
0.144795
0.133365
0.216795
0.1700625
0.176145
0.1599525
0.1390275
0.2447325
0.1098225
0.1731525
0.1219575
0.142635
0.198855
0.1645425
0.1950075
0.0728925
0.177765
0.183315
0.1289775
0.1446
0.161055
0.2703975
0.07212
0.1217625
0.21207
0.11448
0.1797225
0.18519
0.141375
0.11625
0.1704225
0.21249
0.1143075
0.1563675
0.1734525
0.205725
0.0697125
0.1310025
0.214575
0.0539175
0.2587875
0.1863525
0.2134725
0.175995
0.1007475
0.2211225
0.20736
0.0619425
0.1461825
0.184725
0.106035
0.0906
0.1417725
0.1840875
0.12066
0.15786
0.1476225
0.2170725
0.22005
0.19578
0.2067075
0.20646
0.1711275
0.1503675
0.2221425
0.135915
0.17103
0.0788475
0.02739
0.0871125
0.132885
0.049125
0.05436
0.0694275
0.181425
0.16554
0.2065425
0.148605
0.1335525
0.31956
0.2595225
0.2189925
0.147705
0.276795
0.07764
0.165495
0.2147475
0.111075
0.218775
0.24873
0.149295
0.2138775
0.2274525
0.20934
0.172365
0.1259625
0.235035
0.144975
0.1219125
0.1533375
0.1540125
0.0748725
0.21297
0.1389975
0.0887475
0.24036
0.079155
0.1744725
0.1381125
0.1527225
0.142365
0.09735
0.0945225
0.10515
0.2136975
0.078225
0.21411
0.227745
0.0523275
0.1616025
0.169155
0.04275
0.1457925
0.11259
0.238155
0.2417175
0.098115
0.12324
0.2396325
0.1617675
0.0980325
0.2220975
0.1615575
0.085455
0.15069
0.1136025
0.0739125
0.261165
0.2664525
0.2335125
0.141105
0.093555
0.17106
0.1890675
0.2064075
0.0729
0.101085
0.0933525
0.11022
0.160785
0.0983175
0.2215425
0.211455
0.16122
0.190095
0.15279
0.2714025
0.131475
0.0911625
0.0516825
0.042735
0.2644725
0.1351725
0.2175375
0.0979275
0.1325325
0.1723125
0.1072725
0.1718475
0.1479675
0.200565
0.0574875
0.176445
0.1448475
0.2603475
0.2302875
0.120255
0.1523025
0.12282
0.0691425
0.083685
0.1826025
0.1769325
0.120015
0.1179975
0.1753725
0.1658775
0.2619525
0.10206
0.14814
0.2275875
0.17805
0.1212525
0.091995
0.3066375
0.0803175
0.2308125
0.10773
0.1547625
0.1700175
0.142095
0.1039875
0.1596675
0.22155
0.1378575
0.1794675
0.1473
0.1694175
0.1029825
0.2318025
0.1217475
0.114465
0.171315
0.14613
0.1664625
0.22482
0.073845
0.138855
0.1665825
0.19053
0.05589
0.10392
0.1360575
0.1611825
0.233925
0.2173575
0.1584375
0.2010825
0.147585
0.1684125
0.1469925
0.194265
0.1525425
0.1849575
0.215115
0.2065575
0.1530225
0.14412
0.1159725
0.09942
0.15387
0.191625
0.190485
0.2205075
0.171345
0.102915
0.16344
0.1857
0.120435
0.053265
0.184545
0.08697
0.05325
0.1109625
0.065925
0.082245
0.1961175
0.182835
0.0870075
0.17193
0.13647
0.0688575
0.2123325
0.1169775
0.1551075
0.15402
0.2154825
0.145125
0.12
0.1487325
0.182385
0.12189
0.24207
0.16353
0.211185
0.18405
0.2313225
0.1949475
0.08112
0.22299
0.198945
0.262605
0.14919
0.1611
0.2355075
0.204735
0.24996
0.173835
0.12798
0.241425
0.224085
0.19293
0.1472925
0.2300625
0.200715
0.1718175
0.212415
0.2058225
0.15876
0.1347
0.03906
0.1899225
0.1999575
0.1125825
0.112245
0.23817
0.17982
0.1724325
0.151755
0.0562125
0.2421225
0.307545
0.171465
0.196845
0.081465
0.0770025
0.178155
0.2211525
0.06495
0.234525
0.126495
0.2405775
0.2602125
0.1542525
0.2525475
0.1622925
0.0889575
0.250395
0.278385
0.056415
0.206115
0.1825725
0.1681275
0.21768
0.1645575
0.1556175
0.1417725
0.14289
0.21375
0.1900725
0.197475
0.084945
0.1779
0.1263375
0.2037075
0.25158
0.23193
0.1067325
0.18312
0.1757925
0.069135
0.05448
0.121515
0.1501275
0.219735
0.06384
0.13743
0.14772
0.270705
0.106335
0.18867
0.1199925
0.16758
0.216675
0.1747875
0.22374
0.1448025
0.081435
0.1608675
0.1658025
0.2029875
0.1606875
0.201
0.2240775
0.177045
0.27279
0.16482
0.26502
0.1880625
0.2591775
0.187755
0.219645
0.1562625
0.240525
0.1638225
0.18972
0.1511175
0.24798
0.2133225
0.2161275
0.1613925
0.1574775
0.14715
0.12969
0.171675
0.15411
0.114405
0.15027
0.20805
0.109905
0.1793475
0.1012575
0.15018
0.1105725
0.1306575
0.0618825
0.166515
0.145755
0.0791175
0.08301
0.1230525
0.162345
0.24648
0.2211525
0.2287575
0.3071475
0.267885
0.07458
0.1280925
0.2083725
0.1315425
0.18069
0.1665825
0.2301525
0.2769075
0.23691
0.164385
0.213165
0.249585
0.2316825
0.2494425
0.2821125
0.1661025
0.0515025
0.17175
0.0864675
0.12645
0.16743
0.1910625
0.221445
0.1063275
0.12879
0.1339275
0.1381125
0.15753
0.1294875
0.21861
0.069435
0.0786825
0.201375
0.182025
0.1001475
0.26466
0.20856
0.22683
0.13293
0.170385
0.1795425
0.165105
0.1131675
0.2277375
0.162
0.2176125
0.1408125
0.2056275
0.144975
0.1166325
0.10464
0.1761975
0.167175
0.0553725
0.22752
0.1481175
0.13062
0.1050375
0.105915
0.1784925
0.1830975
0.12876
0.1577175
0.25644
0.1206975
0.19554
0.1118625
0.1347525
0.2017875
0.1358325
0.12126
0.1827975
0.07842
0.034905
0.133635
0.086055
0.1439025
0.1633125
0.06489
0.214425
0.10236
0.2150775
0.17766
0.1641375
0.09441
0.133065
0.212205
0.15411
0.2241975
0.141285
0.0709575
0.2801625
0.1693875
0.1470225
0.1667775
0.230115
0.2339475
0.1719675
0.1208775
0.12651
0.1350825
0.1484775
0.1494675
0.19188
0.1395525
0.2631975
0.2254875
0.2489625
0.152055
0.187635
0.2346975
0.122595
0.145365
0.0980175
0.2202825
0.1284675
0.1189425
0.091155
0.08523
0.0942675
0.171855
0.1667325
0.1352475
0.23325
0.152445
0.108885
0.1493175
0.1872075
0.0846075
0.086355
0.0561525
0.147315
0.150255
0.1115025
0.20469
0.1909125
0.2047125
0.085785
0.18969
0.1655775
0.1422075
0.1179075
0.13734
0.196005
0.1145025
0.282195
0.2384325
0.16827
0.082665
0.099225
0.1021125
0.2166825
0.1962375
0.224055
0.1413675
0.1468575
0.2115825
0.19134
0.1644075
0.1091025
0.12366
0.1082775
0.1387575
0.1647375
0.155685
0.2231775
0.0535575
0.14139
0.0773775
0.0891825
0.1343625
0.12585
0.148155
0.09945
0.1097025
0.1990875
0.2108325
0.075915
0.172395
0.25305
0.21537
0.11187
0.191745
0.165555
0.080655
0.18837
0.248415
0.1745025
0.119085
0.1126425
0.18231
0.1220925
0.1923375
0.1093275
0.2805375
0.24195
0.22611
0.152625
0.169065
0.1826775
0.07458
0.07584
0.1989075
0.1608975
0.1913025
0.219315
0.218055
0.1751925
0.1496625
0.185775
0.1388775
0.1385625
0.2641275
0.1816125
0.0927825
0.22857
0.076185
0.1063875
0.10188
0.13977
0.0515925
0.0549975
0.246465
0.22617
0.0441075
0.2024775
0.10863
0.1807725
0.214725
0.09759
0.11169
0.1772625
0.16128
0.143295
0.03858
0.1446525
0.26166
0.2711325
0.2216175
0.2722875
0.0882825
0.21039
0.1794225
0.210015
0.1359
0.141975
0.1827825
0.14754
0.1185375
0.2168475
0.236565
0.2984625
0.2107275
0.2714175
0.2565225
0.2358675
0.14787
0.13953
0.1450575
0.18441
0.2077875
0.10998
0.1826775
0.1019025
0.12099
0.15549
0.2405175
0.1535625
0.100695
0.1644075
0.1585725
0.1482
0.0422775
0.1559625
0.153645
0.0342975
0.1161975
0.157155
0.1281075
0.261195
0.1374225
0.1943025
0.2223075
0.1614675
0.20283
0.1703475
0.1925175
0.17565
0.2013225
0.1458
0.1663275
0.2368425
0.12369
0.2680725
0.261465
0.1564575
0.0833325
0.050115
0.2465175
0.14154
0.1316475
0.179715
0.1551375
0.1160325
0.0789075
0.11187
0.1498125
0.2171325
0.19359
0.1783575
0.2262675
0.2172525
0.234375
0.1250475
0.1853175
0.2111175
0.212685
0.0852075
0.130995
0.1098
0.1177725
0.12264
0.0971475
0.10749
0.13872
0.2138775
0.1288275
0.169845
0.2585925
0.1425675
0.1016775
0.176565
0.1975125
0.1468875
0.14202
0.1857525
0.1908975
0.0469875
0.0414825
0.1440975
0.115755
0.1191825
0.2167425
0.17775
0.045225
0.189975
0.1158375
0.114225
0.2007675
0.0977175
0.194505
0.22065
0.1687425
0.09513
0.0478575
0.12948
0.0772575
0.1665675
0.11853
0.144495
0.16221
0.17193
0.1351125
0.2191725
0.1363125
0.1673175
0.2385
0.209445
0.2108775
0.1791675
0.154515
0.20508
0.2700375
0.25608
0.1258725
0.17613
0.206775
0.220485
0.183885
0.0524325
0.19503
0.11256
0.183495
0.0836925
0.134985
0.2383575
0.0498
0.20646
0.1560525
0.1423875
0.1597275
0.06327
0.085995
0.2368425
0.2618925
0.1390725
0.1191825
0.1726425
0.2635125
0.219495
0.0851175
0.0521025
0.1609575
0.171855
0.12258
0.2019525
0.1969725
0.17154
0.0783375
0.0904275
0.15609
0.1234725
0.256965
0.1699125
0.237015
0.09405
0.15966
0.2133975
0.128925
0.088935
0.267465
0.1241325
0.172395
0.1989375
0.2101875
0.1028475
0.17067
0.1202025
0.0975825
0.21849
0.241485
0.107565
0.1499475
0.09744
0.1452675
0.1522875
0.1682325
0.1961025
0.2283225
0.085365
0.1035375
0.1009125
0.11184
0.0339975
0.2200575
0.231465
0.12756
0.2234625
0.1222125
0.2574975
0.20055
0.2060025
0.0798825
0.1591425
0.1668225
0.17094
0.086025
0.1899825
0.182355
0.181395
0.16011
0.220485
0.1222275
0.187605
0.12834
0.2337675
0.15348
0.09198
0.2574
0.1595625
0.1857075
0.1832025
0.1950675
0.18948
0.262485
0.152385
0.161415
0.243945
0.24867
0.1960575
0.1736175
0.2221575
0.2169675
0.19683
0.263115
0.1903425
0.19953
0.02349
0.15633
0.2107125
0.163455
0.065205
0.1879275
0.102015
0.1894575
0.198135
0.1809675
0.239985
0.119415
0.1364025
0.2597325
0.1551975
0.178395
0.11889
0.11868
0.118455
0.2429325
0.1705875
0.215475
0.216405
0.2327775
0.0918225
0.123855
0.19488
0.1295625
0.1195875
0.103995
0.088005
0.0153825
0.1375575
0.18843
0.2071275
0.2280675
0.16902
0.1926225
0.175755
0.1842975
0.213855
0.2305425
0.132075
0.266175
0.0844125
0.25545
0.20478
0.181725
0.2911575
0.1808925
0.07152
0.1635825
0.105285
0.19482
0.110715
0.2039625
0.18249
0.083505
0.1518
0.19398
0.232335
0.0603225
0.1098675
0.25425
0.3049725
0.086505
0.098685
0.24207
0.18123
0.1286925
0.09171
0.08187
0.19089
0.2549325
0.2647125
0.0940125
0.226425
0.1260675
0.122865
0.15015
0.1899825
0.13062
0.173565
0.13278
0.1018575
0.108555
0.142155
0.15606
0.23196
0.1095375
0.1702425
0.1284975
0.20382
0.17025
0.12594
0.2660925
0.0700125
0.07464
0.1659975
0.18864
0.1320075
0.1677375
0.15084
0.243435
0.322695
0.190875
0.0638625
0.132585
0.081705
0.158385
0.16596
0.158385
0.2225325
0.112785
0.1657425
0.1897875
0.2888925
0.2365725
0.1847625
0.098805
0.2109
0.18072
0.1599975
0.121365
0.0804075
0.183825
0.08949
0.2503275
0.1953375
0.11139
0.10272
0.1258725
0.20721
0.195165
0.12174
0.2834325
0.2410725
0.14985
0.170715
0.115545
0.1552725
0.1394775
0.2083725
0.1230225
0.165585
0.13185
0.1018275
0.2306475
0.164595
0.151065
0.162105
0.1711875
0.1374525
0.0825675
0.1872675
0.13518
0.228465
0.232845
0.106575
0.2581725
0.172485
0.051255
0.0812325
0.0877875
0.2111925
0.1861125
0.1985325
0.22755
0.1545225
0.1808325
0.124965
0.271875
0.10998
0.1584225
0.23214
0.142365
0.2446425
0.2449575
0.1370175
0.096465
0.1527375
0.0721125
0.1458825
0.119475
0.1641975
0.060855
0.2289075
0.1726425
0.070365
0.0777075
0.1242225
0.1840275
0.1114275
0.1545975
0.09213
0.0842925
0.184845
0.206655
0.1204725
0.2163525
0.195915
0.2289075
0.1885725
0.106365
0.2420175
0.14238
0.2226375
0.12123
0.202575
0.14268
0.1671975
0.22554
0.1326975
0.099825
0.134565
0.252855
0.14958
0.09744
0.0998025
0.139335
0.2043525
0.2304075
0.117945
0.24345
0.157545
0.145035
0.1923975
0.2045625
0.1904775
0.165915
0.1536975
0.0594825
0.216
0.0762375
0.198105
0.08955
0.1816425
0.1720425
0.1631625
0.2798175
0.20076
0.156045
0.2349675
0.122865
0.16941
0.069915
0.1989375
0.08262
0.2103825
0.152925
0.1834875
0.126075
0.11265
0.03774
0.16815
0.1858275
0.1423725
0.14604
0.2477325
0.17052
0.1381575
0.170805
0.1411425
0.132525
0.14463
0.0914175
0.10221
0.2334825
0.03393
0.108705
0.167085
0.1244475
0.232455
0.1679325
0.1529475
0.10266
0.1651425
0.0329325
0.132135
0.1010775
0.0528375
0.1442175
0.130095
0.06714
0.26394
0.1676325
0.1804725
0.137115
0.1265325
0.209085
0.1583775
0.1275975
0.202275
0.1974975
0.22737
0.058455
0.0949125
0.251505
0.09165
0.03567
0.1697175
0.1682175
0.1743525
0.18969
0.2004825
0.1217925
0.118695
0.092925
0.2025825
0.2144925
0.2090925
0.16017
0.1827825
0.129285
0.214515
0.11706
0.15723
0.1226775
0.0575325
0.119355
0.1957575
0.2106
0.1374975
0.11538
0.1878675
0.1842375
0.1511175
0.2530725
0.1266075
0.13707
0.2364075
0.0844425
0.19593
0.138435
0.1781475
0.1619475
0.2716275
0.1063575
0.15036
0.1968
0.168945
0.2348925
0.154725
0.19281
0.1926975
0.1525125
0.2228775
0.218325
0.139635
0.164715
0.1544175
0.2277675
0.09942
0.1809525
0.2357325
0.20469
0.1770075
0.1305075
0.08043
0.1764525
0.1609425
0.15543
0.1763625
0.192825
0.1401
0.20226
0.1348125
0.207885
0.265605
0.1068075
0.1734
0.22269
0.15105
0.10245
0.0715575
0.2267475
0.093525
0.17292
0.152745
0.1903875
0.2263425
0.207945
0.0941325
0.176385
0.1928475
0.1683825
0.21363
0.251295
0.16098
0.150855
0.18063
0.185415
0.1574175
0.17283
0.1851675
0.15246
0.1119225
0.1372425
0.21321
0.227655
0.1075875
0.06813
0.25896
0.2838825
0.1782
0.064185
0.179325
0.132165
0.1682775
0.225
0.2011725
0.2115525
0.1240275
0.2059575
0.1665
0.211155
0.253095
0.12546
0.1044
0.122145
0.2221575
0.0791775
0.145935
0.106245
0.13998
0.17076
0.1499175
0.086985
0.0042075
0.1544625
0.2638875
0.2600925
0.1957725
0.0887775
0.0658725
0.1717425
0.1378575
0.0754875
0.1219425
0.1028025
0.10296
0.0465
0.1545075
0.222495
0.1725375
0.085095
0.17433
0.12267
0.1478475
0.1496175
0.2285175
0.0495825
0.213975
0.1044075
0.2152425
0.2045325
0.16389
0.10338
0.226095
0.1435275
0.147915
0.2349525
0.241215
0.0948375
0.108135
0.13416
0.08025
0.1593675
0.19113
0.07041
0.157875
0.221355
0.1916025
0.18006
0.15087
0.1781325
0.2211375
0.214755
0.2087925
0.171255
0.22587
0.205005
0.1981875
0.18375
0.1834575
0.18024
0.154665
0.2537175
0.1311075
0.1550625
0.0932025
0.19245
0.1263675
0.0956025
0.2957925
0.1056075
0.1219125
0.05127
0.110295
0.1350075
0.1895325
0.0595425
0.1452375
0.1268175
0.1450275
0.1320825
0.153555
0.0742125
0.2179575
0.083865
0.1001025
0.206235
0.15798
0.08634
0.2088675
0.0998475
0.1509825
0.1033125
0.1218675
0.13923
0.17073
0.13281
0.098835
0.0086775
0.1582125
0.30102
0.268395
0.23811
0.159885
0.1758525
0.169095
0.175215
0.2013
0.2123625
0.158865
0.025275
0.1036725
0.1667775
0.0523425
0.1694775
0.16338
0.083055
0.1629825
0.18819
0.1203
0.246015
0.052875
0.1973175
0.2105025
0.2179275
0.0984075
0.2075775
0.166875
0.1682775
0.197295
0.267225
0.225405
0.0859275
0.2247675
0.09609
0.0996075
0.181665
0.1985025
0.158025
0.093465
0.1284375
0.151185
0.2338575
0.1575375
0.1649625
0.1452075
0.0837675
0.04464
0.25083
0.2088975
0.19482
0.1693275
0.185745
0.1608525
0.2039925
0.115215
0.25197
0.1977825
0.0546225
0.218235
0.28485
0.11499
0.1636875
0.10629
0.0867075
0.1233825
0.1828125
0.148935
0.036285
0.25299
0.1741275
0.168315
0.204045
0.112455
0.189615
0.1175025
0.1604475
0.1852875
0.1652925
0.1731825
0.2658825
0.133515
0.1297275
0.1292025
0.1641825
0.0582825
0.084825
0.153825
0.1572375
0.14694
0.17559
0.2174625
0.15222
0.15396
0.1407375
0.1057875
0.2038425
0.1823925
0.285525
0.17676
0.1624125
0.2584875
0.0554025
0.2590875
0.19644
0.1649475
0.1610325
0.16761
0.13626
0.1057575
0.08844
0.1841925
0.2078925
0.077475
0.16206
0.17322
0.110235
0.163695
0.13959
0.125235
0.1583925
0.155655
0.1966875
0.1239525
0.1864425
0.1981425
0.070215
0.0587775
0.0553125
0.2371575
0.1317675
0.0964725
0.17892
0.22608
0.2089875
0.0942675
0.1044975
0.1198425
0.151815
0.170145
0.2770125
0.207495
0.2000325
0.1618725
0.1559025
0.1636575
0.17352
0.0380325
0.08022
0.18672
0.1396125
0.24474
0.1254825
0.214425
0.153255
0.174135
0.1494375
0.22104
0.267105
0.17928
0.167955
0.2583375
0.25122
0.20448
0.23196
0.045735
0.106065
0.1784775
0.18744
0.20916
0.2605275
0.1233675
0.2048625
0.0441525
0.168375
0.27102
0.1313175
0.2404125
0.1633575
0.2169675
0.180855
0.20193
0.19212
0.0776775
0.1189125
0.0908475
0.1225875
0.1521675
0.16692
0.199155
0.2376975
0.1985775
0.1169175
0.2226
0.1009725
0.14328
0.24597
0.17808
0.2007075
0.2169075
0.2339625
0.173925
0.235245
0.0676725
0.12603
0.11919
0.0935775
0.05541
0.1124025
0.20949
0.193035
0.2468925
0.118995
0.23157
0.12828
0.1733475
0.19809
0.15366
0.170385
0.1978275
0.051255
0.2214225
0.2170275
0.167625
0.1493325
0.180525
0.0973275
0.2207325
0.1508475
0.1634025
0.185025
0.1791075
0.1451175
0.21786
0.18612
0.18279
0.2152575
0.1698
0.177765
0.137085
0.08952
0.136515
0.2394075
0.243375
0.107175
0.123345
0.2912925
0.20286
0.2382225
0.06783
0.1388475
0.1134375
0.11409
0.185505
0.2618925
0.2029275
0.1417875
0.166545
0.16977
0.19275
0.145605
0.274695
0.10365
0.0628875
0.1026825
0.25599
0.182205
0.1005975
0.1909425
0.1554825
0.1726425
0.125775
0.1615275
0.1296675
0.1241625
0.09624
0.1382475
0.1119
0.198465
0.1553775
0.1621725
0.14763
0.2286
0.2024025
0.152685
0.2816175
0.1782225
0.2411775
0.25302
0.20859
0.1008075
0.15888
0.128145
0.13548
0.0762
0.236325
0.21165
0.17547
0.1681875
0.2130075
0.23856
0.150285
0.1592625
0.1277475
0.1858725
0.16044
0.1593975
0.17697
0.219015
0.2448225
0.195825
0.078735
0.2959425
0.2038575
0.1131075
0.1349925
0.09684
0.157275
0.085425
0.1716975
0.11676
0.1384425
0.163395
0.1729125
0.166755
0.1985325
0.10923
0.098475
0.2131275
0.04854
0.1975425
0.1741125
0.2030775
0.047445
0.145755
0.1333125
0.19269
0.16692
0.08169
0.120345
0.1356375
0.16407
0.165705
0.162855
0.0373875
0.1758525
0.1590525
0.204525
0.2313375
0.210285
0.173235
0.068985
0.1397625
0.25566
0.12741
0.25254
0.1767525
0.0915975
0.1567425
0.1382775
0.1656975
0.1186425
0.086835
0.175485
0.21954
0.0952125
0.1312275
0.0774825
0.14568
0.2001375
0.0870375
0.1734
0.1604475
0.1361325
0.1070325
0.173385
0.10341
0.2102775
0.18657
0.2427
0.0819975
0.13959
0.1900575
0.1612425
0.259635
0.1492275
0.1719225
0.230625
0.0220425
0.0805275
0.1438125
0.184275
0.08403
0.10464
0.2326125
0.17847
0.1497975
0.1688625
0.22866
0.1358475
0.2634375
0.20442
0.2142225
0.1353225
0.2008875
0.14301
0.087945
0.12315
0.1849425
0.0822075
0.2631375
0.1796025
0.1553925
0.222795
0.1798725
0.1662225
0.2050575
0.187785
0.18288
0.121485
0.1528125
0.080535
0.1023075
0.1318275
0.17523
0.2022975
0.13569
0.1158375
0.213195
0.2325225
0.159525
0.1142925
0.230505
0.1762275
0.2326725
0.22896
0.1789125
0.102255
0.1376775
0.1024875
0.0548775
0.2277975
0.15585
0.2099025
0.17847
0.185685
0.243765
0.0806325
0.1879425
0.167925
0.173205
0.2279775
0.1301475
0.114135
0.0598275
0.23973
0.2708325
0.088635
0.093165
0.1854375
0.1488675
0.1900725
0.1004475
0.2085975
0.156345
0.1588275
0.1938225
0.18435
0.1588275
0.1459875
0.18435
0.11094
0.14088
0.2611125
0.2342475
0.0880575
0.173175
0.0734925
0.2151
0.1340475
0.2266425
0.1858575
0.1973025
0.0743325
0.214785
0.197805
0.1870575
0.1888275
0.1906875
0.1372725
0.122595
0.1015875
0.1276425
0.1656225
0.216945
0.0799575
0.174435
0.18156
0.1016175
0.157155
0.1091775
0.23616
0.1500075
0.1488975
0.1103175
0.236175
0.2529075
0.1953
0.2103675
0.161535
0.2197125
0.1813875
0.1626075
0.0522975
0.2129925
0.1289775
0.155325
0.160605
0.1701
0.1225425
0.2744175
0.1602075
0.184785
0.125265
0.1777425
0.28743
0.21894
0.1922475
0.0887475
0.095865
0.1236375
0.2052825
0.0479025
0.1002
0.1355325
0.2258325
0.0864825
0.15501
0.06561
0.11982
0.0828075
0.1601925
0.26403
0.1634775
0.2064675
0.2068125
0.21957
0.1273275
0.1955925
0.1424175
0.1127325
0.2185725
0.1859175
0.1232625
0.1871175
0.2268675
0.1672725
0.1455075
0.2391825
0.1031775
0.158775
0.1267875
0.2304825
0.2409975
0.1221825
0.1697325
0.1845075
0.2223825
0.1163025
0.18084
0.2646225
0.0914775
0.070875
0.2986575
0.134865
0.09069
0.18675
0.123135
0.144225
0.171435
0.1956525
0.17073
0.162
0.1754925
0.155475
0.22377
0.1139325
0.1263
0.19128
0.259485
0.1206225
0.2969175
0.243855
0.1512075
0.0950925
0.0995325
0.225945
0.2015625
0.1499025
0.1693125
0.22278
0.17934
0.22758
0.1549875
0.211575
0.212295
0.160515
0.189075
0.20871
0.1734375
0.2196
0.3084675
0.1968675
0.27549
0.1951275
0.2486625
0.2366325
0.188715
0.1800075
0.217365
0.0696675
0.138315
0.174525
0.159765
0.06087
0.16839
0.0847725
0.17295
0.1016775
0.16197
0.1425375
0.082395
0.1475025
0.10908
0.1469475
0.0620775
0.1590825
0.194295
0.2680875
0.168015
0.2172825
0.2069775
0.083685
0.1900275
0.16512
0.19386
0.25425
0.244065
0.230145
0.2703675
0.0984975
0.268755
0.141915
0.21504
0.243525
0.20856
0.205665
0.194355
0.151065
0.125115
0.1493625
0.1565625
0.1238925
0.0612075
0.0604425
0.212835
0.1902
0.17805
0.217635
0.297795
0.1833
0.2319525
0.1843125
0.097095
0.2004225
0.14004
0.1657425
0.217635
0.0566775
0.242265
0.22314
0.2244375
0.230955
0.143535
0.0049275
0.156195
0.2415225
0.1483125
0.06951
0.14442
0.142035
0.10647
0.0623175
0.19662
0.19551
0.21114
0.12627
0.131325
0.2775
0.026325
0.1577325
0.099945
0.1079475
0.1308375
0.1970775
0.13107
0.21951
0.2561325
0.1676025
0.251475
0.18294
0.0668325
0.1930725
0.1216575
0.16872
0.26799
0.136485
0.191295
0.10236
0.15372
0.226125
0.0946275
0.2105775
0.1551
0.1974
0.1760625
0.2900175
0.20055
0.098175
0.16812
0.1332075
0.16533
0.2590575
0.06318
0.23484
0.189915
0.1634175
0.116625
0.22998
0.2570175
0.19929
0.1884225
0.1539375
0.1312725
0.1304625
0.1734075
0.15618
0.1530225
0.068265
0.0953475
0.1331325
0.1469325
0.0927675
0.1995075
0.1955175
0.0781575
0.1014375
0.161535
0.0991725
0.09408
0.09234
0.23601
0.16473
0.186
0.1131075
0.254745
0.12999
0.1413225
0.135495
0.17433
0.1854225
0.2195475
0.1547325
0.1550775
0.064065
0.12294
0.0532425
0.1058925
0.2133375
0.1569825
0.1484325
0.1243125
0.04116
0.1178925
0.095205
0.2527875
0.2311425
0.0914925
0.1302
0.1090425
0.2290875
0.162345
0.049995
0.2322075
0.1099275
0.1211475
0.1272075
0.1642575
0.1890825
0.158055
0.159
0.244335
0.20076
0.1961475
0.1578
0.1360125
0.16341
0.2084775
0.1336275
0.2312325
0.082755
0.11616
0.1619025
0.1428975
0.2576025
0.104355
0.176355
0.123795
0.2075625
0.138075
0.197565
0.170805
0.1504725
0.0921
0.16737
0.135075
0.15468
0.222225
0.19572
0.12213
0.2052525
0.0981975
0.19545
0.1866675
0.175605
0.156525
0.1640775
0.2264775
0.0573675
0.16107
0.184245
0.07629
0.1215375
0.1436775
0.24117
0.134055
0.200265
0.15606
0.142365
0.1558575
0.201
0.2221575
0.13704
0.1537275
0.22914
0.20259
0.2012475
0.17325
0.13827
0.1270575
0.175125
0.13902
0.2105325
0.1399125
0.30669
0.063975
0.0729
0.1478475
0.16806
0.1420425
0.1177725
0.148725
0.1697925
0.1148325
0.268065
0.1942125
0.1791375
0.13464
0.2279475
0.29079
0.1657575
0.2122125
0.144585
0.1555725
0.0582075
0.09831
0.249945
0.197325
0.2004825
0.169995
0.116775
0.13491
0.174885
0.1070325
0.1241475
0.153885
0.238155
0.1454775
0.0552375
0.1597275
0.226425
0.1644
0.201255
0.027045
