110
11
181
129
172
110
185
110
20
173
172
27
194
204
183
199
36
80
52
7
173
32
116
134
210
38
127
8
153
165
215
71
173
150
125
77
29
32
17
70
163
187
114
215
35
154
158
11
31
12
11
176
194
125
38
200
210
25
154
0
118
144
166
192
27
202
149
129
160
139
18
59
203
203
14
37
2
31
33
143
23
25
139
78
176
15
168
52
87
2
132
195
76
37
66
207
150
74
184
110
113
182
210
215
115
125
119
33
197
105
22
159
15
138
47
148
167
158
14
55
115
136
25
30
184
118
15
111
117
47
9
159
144
167
143
26
111
179
82
168
31
116
201
195
159
195
181
72
182
205
77
209
159
136
0
18
155
135
10
144
137
192
10
104
167
111
73
24
24
2
10
136
136
3
51
136
131
54
177
33
86
12
129
131
133
119
15
128
40
15
111
91
147
153
173
14
13
24
112
153
35
75
17
184
162
59
162
22
3
7
22
130
213
4
180
43
83
98
76
163
15
125
32
169
203
190
11
3
113
199
164
13
194
70
74
139
160
197
9
199
33
98
149
83
187
133
9
111
164
153
39
102
133
80
113
79
16
111
80
193
179
90
172
111
9
111
3
16
67
90
103
15
160
180
204
12
38
117
112
7
122
159
122
89
137
119
151
20
92
193
20
208
133
207
28
99
105
133
118
61
198
149
67
151
180
131
173
72
140
12
92
104
25
32
158
134
1
197
21
7
7
111
89
119
112
159
146
37
126
95
71
31
11
95
82
53
97
184
191
144
172
1
140
15
172
168
47
92
104
117
119
71
43
196
23
44
85
125
19
213
167
49
18
113
43
203
151
15
206
135
127
184
43
126
181
170
189
111
112
155
126
16
164
206
176
27
140
41
183
147
189
141
51
16
26
134
83
164
147
137
203
147
201
18
93
11
18
131
151
23
67
71
53
48
211
211
155
66
127
28
172
28
97
2
134
120
66
117
47
113
169
69
9
41
201
27
138
190
135
99
195
19
211
66
77
81
109
196
158
116
161
161
105
176
120
139
110
96
86
139
83
45
98
62
98
131
180
142
171
97
170
27
132
110
19
98
160
52
187
83
105
3
91
100
62
120
144
45
82
44
23
51
20
196
19
93
153
63
51
196
171
206
15
153
201
6
193
92
83
123
47
104
209
174
89
63
106
149
146
180
215
23
38
163
131
172
36
9
35
29
6
13
125
118
5
120
117
109
19
148
210
152
24
59
131
66
109
199
207
17
146
122
67
2
20
23
210
193
128
3
159
179
25
21
11
127
17
13
94
56
56
41
119
127
192
202
101
163
103
206
6
175
31
178
111
120
178
192
145
2
111
172
3
44
9
4
84
29
156
191
112
212
3
187
44
48
212
8
112
47
11
176
64
31
198
23
41
100
176
163
88
190
139
99
36
212
86
37
212
75
37
145
80
116
203
103
117
45
11
199
89
54
167
147
45
124
83
146
178
82
17
146
159
95
141
187
150
141
85
18
18
155
70
166
21
30
67
211
114
176
46
187
46
46
75
211
83
185
147
146
125
7
18
87
112
110
62
144
66
166
20
83
55
67
197
63
202
18
85
114
100
125
99
115
7
9
112
141
49
80
122
197
187
80
75
46
127
212
189
47
24
81
135
114
9
105
108
35
90
62
89
159
47
55
105
7
182
122
213
141
31
37
96
180
188
211
99
176
62
115
142
92
198
63
155
137
76
105
122
165
46
103
125
211
91
64
77
21
167
94
103
207
196
96
164
80
50
53
188
213
84
89
34
199
74
138
164
55
30
98
31
128
82
135
98
131
205
198
85
147
121
212
83
186
79
65
147
96
17
15
55
31
168
74
203
169
138
167
77
128
128
159
109
20
104
67
133
133
190
130
128
132
96
24
102
12
24
101
102
39
124
35
171
78
20
124
4
24
140
134
202
202
141
35
84
15
202
84
82
121
177
116
135
80
156
116
35
11
201
49
54
13
29
200
147
95
174
45
128
205
36
81
205
9
205
177
208
55
14
49
39
142
183
185
102
210
171
36
8
138
52
22
129
18
32
140
33
210
146
8
128
161
153
88
190
55
127
157
205
148
190
170
118
163
102
0
17
118
201
108
75
146
8
76
43
16
34
59
71
118
80
9
192
160
101
34
52
33
61
125
5
192
85
174
9
59
63
189
215
194
179
213
67
8
66
127
20
65
87
133
164
53
106
174
134
23
142
215
142
85
210
105
2
104
142
80
10
208
20
214
75
189
127
192
200
106
75
2
128
105
112
161
83
74
197
200
118
178
147
202
172
142
14
125
125
215
201
104
64
47
159
51
39
24
95
198
140
11
88
9
50
0
11
8
19
25
195
103
170
24
14
215
53
147
68
25
27
58
145
194
112
151
175
0
9
64
155
96
90
162
104
119
103
26
194
164
211
111
169
108
51
108
136
213
31
32
60
33
197
43
145
85
32
148
181
148
60
178
103
164
60
151
130
146
61
194
39
75
76
98
14
156
198
28
28
62
149
159
201
41
95
146
195
88
204
86
166
35
37
193
38
130
17
166
39
79
122
89
36
14
88
76
88
155
178
209
130
113
49
14
81
0
70
172
41
195
123
28
122
156
38
212
13
34
191
182
198
159
192
4
39
111
79
27
148
174
60
212
146
92
119
166
63
74
194
162
3
62
123
38
155
79
167
143
46
32
127
4
32
162
201
79
169
31
2
118
53
191
3
159
27
84
149
196
18
111
183
182
71
98
39
118
102
201
149
3
24
115
71
155
27
79
215
108
36
122
125
140
214
35
130
153
86
180
151
22
84
138
199
199
158
163
194
142
125
108
120
25
209
126
195
135
93
2
180
130
30
186
121
105
146
213
17
195
153
141
70
177
204
38
105
190
98
187
182
190
214
18
191
154
50
41
10
206
60
63
182
121
91
13
26
133
0
205
33
59
61
62
215
74
180
138
109
41
204
180
51
56
211
185
156
109
180
93
138
135
120
9
201
181
46
211
165
57
215
156
30
159
57
123
132
44
71
165
126
102
158
50
60
180
49
104
143
164
34
85
131
138
103
42
42
70
51
114
27
201
63
154
35
209
23
214
209
215
46
56
71
207
50
39
63
77
26
71
49
119
2
15
101
140
188
153
56
100
120
124
79
133
186
74
26
165
28
182
24
188
196
34
104
63
205
209
206
194
183
85
91
18
70
57
132
76
46
138
84
5
23
160
76
84
143
101
159
71
159
52
197
147
104
73
104
105
189
74
90
177
164
49
112
194
198
47
67
203
84
91
140
8
102
5
83
22
208
157
153
27
169
24
27
123
182
31
19
95
27
175
210
5
96
4
36
46
8
197
136
124
133
89
44
202
200
81
65
52
21
1
157
6
32
35
191
24
171
178
200
199
32
141
4
109
88
70
8
58
34
116
82
191
109
113
193
33
21
174
76
199
72
151
193
27
41
120
22
180
49
198
3
47
64
165
134
181
146
17
49
170
63
215
102
141
47
203
38
111
165
30
106
210
198
73
153
39
95
202
62
64
109
163
153
11
27
178
112
204
40
109
133
75
212
32
60
82
109
51
52
2
14
32
55
96
125
17
95
171
94
165
204
203
132
114
199
112
27
120
94
106
74
104
149
9
196
1
180
49
7
24
8
129
185
56
27
106
15
75
182
196
1
56
109
22
117
134
82
109
48
32
201
116
142
191
25
33
25
109
77
48
78
33
178
72
117
134
209
133
11
86
33
103
113
165
12
2
13
104
27
2
179
149
188
6
9
164
129
123
212
17
101
79
198
196
86
89
45
170
162
121
11
24
213
154
164
199
133
58
156
49
138
169
190
146
179
88
17
96
164
87
191
12
191
176
177
101
138
96
156
150
161
154
34
104
6
63
204
6
138
153
34
5
133
34
116
154
178
122
63
93
136
72
103
35
131
179
98
120
138
211
101
165
127
89
57
201
215
39
26
179
113
191
173
146
13
37
96
118
198
207
206
98
206
172
49
93
52
39
197
105
42
208
108
215
17
161
147
62
0
9
89
157
215
111
0
46
206
107
58
89
78
19
0
136
136
112
101
137
145
108
141
86
100
19
58
141
38
213
36
107
77
44
138
148
116
63
183
32
107
83
103
46
138
19
49
74
132
27
65
137
74
134
138
147
165
100
178
189
206
207
123
203
60
179
155
69
67
195
153
28
53
72
193
81
206
121
108
45
65
172
53
184
176
65
145
88
26
94
177
52
93
105
150
156
63
129
137
94
198
193
177
155
106
134
210
1
205
17
50
163
32
133
190
66
93
27
15
29
148
167
167
74
115
198
18
184
87
124
63
157
33
198
150
19
170
89
144
193
37
1
71
13
145
179
73
83
181
96
5
52
162
95
0
71
10
162
198
170
8
95
75
3
72
59
72
105
136
175
92
92
75
212
10
197
92
34
178
117
170
185
131
195
177
41
128
191
15
133
130
122
191
37
106
186
207
145
15
78
210
69
140
115
83
189
111
124
106
5
107
31
53
189
126
106
197
10
172
13
138
140
139
98
179
172
8
165
63
142
121
6
106
198
106
60
157
194
124
57
30
46
93
181
22
189
59
89
63
191
98
210
135
110
63
186
179
196
104
93
213
7
60
176
176
61
135
197
137
179
167
211
62
104
157
151
37
34
145
18
202
86
154
140
46
141
62
135
130
116
96
160
166
177
28
56
25
215
140
16
0
16
28
163
156
114
60
2
205
156
195
62
75
33
81
97
128
93
152
148
83
77
4
125
97
43
33
114
139
177
187
166
190
116
10
125
4
176
4
128
118
91
172
27
194
57
58
4
154
164
58
148
212
2
17
187
173
46
123
83
0
78
75
3
101
0
50
138
141
187
61
27
202
110
10
152
53
64
9
96
96
187
210
195
211
193
113
142
13
46
86
185
42
84
136
115
89
38
180
8
8
25
73
172
75
46
84
89
19
9
139
142
210
91
17
46
132
80
51
141
201
43
212
60
149
46
167
54
11
85
25
53
180
9
184
96
156
182
192
175
33
202
6
176
84
205
100
83
212
205
120
59
128
169
149
120
56
66
41
104
17
35
81
75
156
193
155
175
107
140
197
47
132
182
89
107
198
101
126
43
31
59
170
13
43
58
36
59
198
196
161
178
202
102
16
149
41
132
110
168
155
67
89
47
35
212
110
6
117
31
43
90
77
126
158
108
189
56
67
8
39
74
127
2
161
90
69
3
21
74
189
200
74
97
89
13
6
32
88
72
152
49
73
106
58
180
35
182
64
197
68
5
51
62
43
159
99
74
38
146
91
110
44
109
73
31
59
25
187
44
214
19
25
109
36
133
166
203
203
8
164
30
70
208
124
203
157
95
57
210
95
66
165
111
44
210
32
62
186
154
57
182
114
23
105
14
133
88
89
158
194
198
70
94
5
27
9
171
9
44
104
159
207
182
155
122
103
66
145
182
180
179
18
72
108
165
203
55
142
47
175
41
141
38
78
24
205
66
38
55
166
93
173
116
105
210
127
155
185
105
24
93
79
131
110
157
158
51
19
200
128
69
68
139
35
198
55
55
143
170
37
196
54
188
30
92
73
146
31
141
34
143
156
13
194
101
16
180
133
133
102
186
212
192
210
128
93
102
48
28
180
172
188
151
104
19
145
101
1
178
10
18
125
42
24
16
209
87
182
164
48
172
215
67
215
154
34
24
173
85
150
190
1
156
67
114
42
86
61
97
92
27
71
157
44
149
117
156
66
30
48
100
134
100
35
154
170
112
61
165
154
95
54
55
204
195
214
66
77
51
215
102
106
150
145
44
70
134
192
145
43
205
34
72
186
79
127
1
182
109
47
61
1
211
162
84
149
23
23
23
117
128
177
16
44
173
46
177
141
53
28
156
188
183
28
18
152
138
209
61
132
20
40
82
64
10
53
148
74
214
204
212
77
130
180
143
148
47
21
55
104
82
119
54
31
197
95
99
173
137
186
41
2
96
200
0
56
124
99
135
176
182
138
160
56
56
1
188
182
109
203
90
203
99
24
209
102
160
66
117
74
18
48
184
172
55
49
182
18
177
72
47
65
172
209
28
201
180
72
7
55
110
196
162
97
128
130
210
14
164
148
25
9
129
207
154
50
113
20
198
73
115
140
95
13
31
108
17
8
67
39
188
45
214
147
193
147
83
132
106
51
127
83
70
86
42
114
196
144
10
215
213
7
201
83
70
213
183
83
194
25
215
47
212
149
175
113
154
47
94
3
149
85
196
63
4
4
179
124
176
25
20
107
139
35
99
143
74
60
172
170
205
200
41
28
52
139
152
69
113
85
140
70
171
100
143
174
138
2
112
0
45
177
72
75
176
47
84
133
200
13
182
111
43
81
87
137
4
102
4
35
102
153
132
73
41
86
9
102
137
159
29
78
77
144
108
78
43
183
85
12
62
86
100
135
10
114
213
66
51
69
29
170
75
78
96
59
156
158
199
124
11
157
78
50
154
35
148
35
101
107
92
196
107
85
146
168
89
140
137
176
26
191
50
96
58
74
151
17
205
185
102
194
12
97
169
110
0
52
76
140
20
176
191
102
58
148
162
210
114
73
64
155
65
97
14
91
210
19
17
202
96
105
155
157
47
127
6
184
78
46
143
79
90
105
201
166
138
124
14
128
52
100
96
114
101
90
175
104
1
198
53
124
114
115
40
74
52
49
210
190
104
190
57
29
74
181
135
200
167
37
117
113
38
68
125
149
130
167
59
124
14
127
39
103
33
199
101
19
192
102
19
117
116
49
50
64
69
121
97
45
20
127
185
31
0
161
174
97
30
201
79
125
163
57
24
141
72
117
203
76
97
33
35
202
200
2
71
58
45
7
71
57
96
46
181
109
53
182
16
100
182
143
99
140
5
38
164
209
153
140
27
146
97
59
191
2
61
63
10
181
180
56
44
83
28
175
157
153
83
44
53
60
16
94
141
59
73
36
176
192
38
184
60
60
202
25
88
88
140
45
62
38
192
184
175
174
173
83
161
37
167
35
88
88
32
84
20
209
174
79
42
179
164
192
179
141
5
95
198
50
80
202
50
179
17
10
192
34
198
208
57
156
214
44
81
88
144
113
203
183
10
98
161
140
83
154
184
129
159
32
67
172
61
136
206
15
181
89
143
7
60
215
18
21
161
65
35
75
192
117
49
193
42
178
49
84
148
19
127
159
109
127
110
19
183
29
60
44
94
164
87
46
31
93
56
134
101
173
213
210
44
128
167
127
6
45
37
45
24
0
161
206
121
209
100
107
57
173
167
153
111
75
86
162
153
189
180
154
32
38
51
59
15
27
123
48
30
49
82
29
75
106
186
161
192
120
73
113
35
137
166
165
115
215
200
206
59
97
167
11
27
113
56
110
33
71
84
180
149
143
174
178
104
123
106
3
196
68
154
189
106
38
97
75
51
26
149
179
63
140
38
200
146
47
155
195
38
202
22
47
118
18
71
108
168
59
95
148
9
47
80
68
36
9
179
111
57
31
179
161
139
77
123
140
23
3
107
154
84
142
23
110
190
203
35
150
13
6
135
163
50
107
162
173
100
197
184
163
3
147
156
111
195
144
145
132
5
155
16
16
188
170
143
90
204
40
79
106
98
88
69
134
0
31
59
36
31
2
48
133
133
178
58
126
80
38
70
63
161
26
211
171
77
177
193
158
96
141
36
149
74
99
155
96
162
198
107
164
149
104
169
172
194
209
61
36
15
209
130
78
165
104
10
9
84
2
72
60
169
131
78
45
30
180
48
206
7
54
43
48
193
195
177
183
135
12
209
209
130
142
156
199
80
29
114
10
134
126
130
212
81
185
56
30
126
170
74
55
139
79
46
170
47
202
100
49
63
15
152
29
72
178
178
5
157
63
21
79
115
178
62
29
66
206
172
126
56
168
178
154
121
185
153
137
91
139
4
122
117
70
163
91
149
38
182
110
145
80
213
145
20
184
163
171
204
175
15
64
121
48
115
144
155
57
47
113
186
111
69
111
49
135
88
100
90
10
95
132
5
115
129
8
209
170
108
161
107
93
46
126
179
140
8
212
90
96
184
196
70
191
183
196
152
115
198
175
31
50
106
107
204
177
213
6
145
6
66
107
93
20
10
96
134
192
159
21
51
177
148
192
100
213
212
126
69
46
208
149
177
185
144
50
139
186
214
165
77
133
64
101
60
153
200
106
144
91
42
145
145
93
178
165
135
8
76
150
54
69
156
104
91
115
40
13
188
13
148
92
142
112
91
11
192
128
112
50
7
99
177
106
48
117
64
172
10
35
186
163
105
21
35
199
93
24
35
126
128
107
120
24
169
205
185
113
206
8
17
151
39
186
30
140
147
33
86
210
96
12
63
0
16
213
8
128
5
6
0
139
155
164
207
17
169
68
81
12
82
172
9
4
194
9
209
175
174
50
195
195
115
206
40
152
50
122
185
147
44
78
189
92
47
138
116
171
195
44
153
80
172
28
197
35
186
69
75
81
50
143
8
176
200
121
51
149
71
125
87
71
157
74
44
133
67
210
59
109
164
211
138
113
170
161
139
151
98
210
132
146
140
35
62
157
146
165
86
34
45
179
61
213
192
138
149
186
57
87
71
47
0
113
177
62
116
46
141
106
191
163
157
61
3
34
114
149
160
176
180
148
179
90
87
109
31
124
151
43
192
60
61
13
141
177
146
119
40
19
205
21
64
36
130
94
77
190
174
143
117
86
60
60
205
87
53
16
58
156
43
37
42
205
16
95
30
161
108
163
215
156
135
107
215
4
141
98
161
173
25
75
2
24
37
130
36
145
214
36
191
54
86
119
87
213
198
30
210
24
156
51
92
87
25
135
85
61
152
93
117
21
32
74
106
215
162
69
34
39
178
60
210
190
199
172
118
189
158
32
147
105
1
41
48
145
186
159
50
80
51
158
85
24
214
183
89
69
22
208
69
68
141
176
6
87
130
197
171
47
181
12
184
132
14
183
128
59
9
95
73
173
87
36
141
96
97
177
85
58
75
146
192
160
3
118
177
25
192
189
44
91
108
108
1
193
80
73
188
87
106
181
25
1
162
41
113
179
34
198
175
208
199
170
192
26
19
106
13
112
29
12
135
84
164
166
123
127
197
43
38
95
37
52
68
109
51
17
4
49
147
48
197
158
64
27
9
175
26
80
50
119
73
33
43
111
1
131
204
85
189
100
151
174
33
106
7
157
110
189
149
165
206
126
48
138
165
189
124
16
189
1
19
87
95
59
154
136
110
85
41
166
138
201
107
66
215
191
106
50
104
105
77
28
213
191
20
161
122
131
16
50
74
188
132
180
168
96
105
112
204
121
169
7
77
44
32
206
122
132
154
168
16
38
103
58
94
124
204
166
28
11
0
92
133
167
191
32
100
120
160
32
3
28
195
181
47
121
67
77
206
195
90
34
54
64
96
210
164
115
147
47
180
138
79
64
2
213
40
140
20
199
114
125
29
67
55
124
85
98
68
180
61
82
144
85
199
18
179
77
35
122
53
5
48
54
96
212
81
30
175
120
96
15
164
27
121
20
18
144
212
60
74
175
17
91
75
61
21
44
24
27
116
8
78
71
73
146
100
78
12
78
24
177
9
154
53
14
120
158
120
27
45
23
121
11
105
71
47
36
180
111
157
5
199
119
154
70
142
139
154
194
109
99
129
210
156
156
215
171
32
79
159
32
79
140
109
109
93
116
149
175
113
77
11
212
105
202
99
24
28
176
73
99
27
49
8
43
158
82
82
19
44
47
44
180
168
138
40
25
38
48
140
205
33
61
107
168
11
24
181
170
198
155
128
24
113
71
138
123
86
119
2
103
66
10
40
38
156
181
171
57
17
204
95
181
171
104
28
73
9
199
132
176
199
48
5
19
36
127
35
190
84
31
5
100
105
33
11
190
99
26
199
213
84
212
114
1
122
205
142
33
119
203
17
97
57
24
41
212
55
207
79
11
72
157
215
90
157
26
147
64
15
78
185
182
107
15
152
81
13
7
119
115
119
213
119
103
56
110
17
123
208
144
20
60
134
29
51
84
153
43
207
214
208
20
113
31
5
73
180
79
157
33
79
92
5
6
15
6
204
113
4
29
116
106
28
105
160
13
119
22
172
26
213
72
115
37
209
156
30
55
53
103
15
10
18
105
185
108
196
37
73
1
115
211
31
20
198
82
135
166
84
105
47
195
195
43
13
101
92
86
87
17
94
78
46
48
190
27
63
60
81
159
69
138
152
119
184
136
21
54
84
137
22
2
38
141
17
164
62
42
140
186
80
24
127
125
138
204
94
24
184
87
99
87
80
69
104
152
169
92
94
134
9
133
83
187
138
62
144
14
65
203
113
57
129
32
104
197
54
120
28
19
9
194
165
93
135
95
135
90
131
200
103
208
147
140
28
52
157
39
211
89
200
8
129
83
156
57
125
59
2
46
150
204
22
143
173
22
181
29
6
53
25
115
14
106
52
8
5
64
116
6
68
109
214
203
16
5
90
9
139
133
22
29
64
92
102
80
79
126
14
55
165
30
193
116
42
0
89
117
78
198
119
159
141
62
198
42
100
45
114
150
32
58
103
89
29
149
25
174
65
7
178
153
119
175
39
166
136
103
134
35
1
63
55
214
67
146
188
45
126
90
118
201
164
38
196
18
31
88
8
115
92
34
205
9
100
139
113
90
178
72
146
90
79
158
159
140
204
8
86
71
1
144
158
159
30
109
36
79
144
62
118
167
116
22
9
39
155
21
115
44
117
149
32
8
189
112
29
91
143
53
72
153
213
3
144
47
101
71
24
112
90
122
188
78
22
93
40
214
35
11
118
72
4
60
158
212
122
41
34
130
191
167
141
185
212
38
49
38
12
52
80
50
76
107
146
118
19
106
108
116
29
114
208
183
214
130
46
10
100
37
36
57
215
212
37
152
195
161
202
213
152
206
115
5
55
19
91
10
134
145
118
154
137
22
30
141
38
145
2
49
64
50
120
196
132
126
9
206
134
98
180
110
50
2
29
206
64
194
27
50
76
51
203
130
131
101
153
146
103
74
124
103
51
12
45
160
29
178
85
152
163
179
195
13
166
82
165
214
207
90
29
8
0
107
136
21
35
94
71
72
160
35
117
132
148
200
214
114
191
172
113
206
20
6
78
113
49
204
114
76
128
10
69
88
168
136
201
110
113
28
71
96
144
177
156
40
48
122
202
178
42
94
98
144
115
24
64
195
77
164
88
104
180
105
156
136
155
32
51
151
196
145
83
132
48
182
173
117
142
149
94
166
152
142
208
96
198
152
131
86
112
11
95
40
32
2
27
83
83
50
150
210
92
74
74
50
149
206
198
43
120
177
94
110
162
131
131
134
13
122
80
142
198
32
204
189
152
105
210
171
20
8
211
171
195
51
101
199
25
160
186
176
120
68
18
98
146
164
114
167
199
80
129
88
92
80
120
15
0
95
15
54
101
166
206
141
187
194
108
74
156
129
177
48
162
165
153
92
150
68
155
84
80
113
118
52
95
142
28
55
211
71
97
51
58
140
63
179
71
33
192
32
110
186
79
33
126
58
71
129
79
178
162
133
125
147
65
17
192
170
16
160
47
7
48
192
140
186
196
79
48
148
110
3
153
175
175
155
207
144
79
188
94
6
107
100
36
21
95
10
21
106
3
36
175
10
126
54
131
110
211
112
207
149
68
95
210
189
159
67
42
154
68
16
132
99
120
170
113
66
141
140
186
74
123
71
197
149
150
151
186
132
86
123
82
78
177
203
117
78
71
108
29
113
117
14
110
180
21
9
80
143
26
50
4
71
167
85
59
3
129
69
104
29
21
5
212
36
110
59
167
105
80
207
167
110
44
115
64
178
21
91
98
9
212
105
68
192
135
3
170
207
90
144
196
100
173
6
184
33
96
197
95
50
175
100
49
64
147
160
92
197
197
2
112
69
88
106
58
140
184
140
144
99
99
98
190
8
70
84
25
122
192
98
86
158
118
72
67
111
174
193
140
142
81
26
141
213
212
185
172
214
20
175
174
40
119
160
143
4
89
157
205
143
85
175
201
55
184
127
200
93
41
187
157
126
199
212
148
105
132
199
87
160
94
129
20
178
78
108
150
4
94
66
206
165
3
206
52
152
108
154
37
131
167
29
139
127
3
37
117
148
55
129
82
111
14
193
77
162
11
200
88
113
131
55
128
4
72
115
165
126
15
205
12
185
177
75
171
147
45
154
202
80
115
47
6
32
134
90
48
54
17
135
149
47
163
174
41
10
176
75
70
174
148
167
30
37
167
43
136
206
98
108
78
70
180
200
144
175
176
147
75
45
115
114
15
8
50
17
103
15
78
111
157
29
12
207
8
182
44
125
107
74
176
134
138
180
191
45
22
161
136
159
122
112
78
17
164
151
83
120
50
185
118
135
140
186
212
108
21
161
55
107
118
198
177
127
197
79
198
199
44
140
138
203
183
197
158
186
125
47
112
212
135
56
132
52
167
170
87
108
34
2
55
179
147
146
126
5
108
111
21
122
153
145
108
22
84
214
198
71
54
43
79
143
148
16
124
2
36
52
120
161
91
171
161
92
200
76
92
195
77
111
3
12
59
83
209
110
25
126
108
184
26
194
78
55
59
5
85
60
176
15
108
29
22
120
175
165
189
212
140
41
154
43
50
76
187
108
166
82
73
121
141
138
55
70
102
51
215
162
118
3
165
134
101
148
105
18
117
111
6
118
29
142
113
70
131
29
1
45
0
8
135
100
8
50
29
71
124
132
176
93
25
135
143
8
89
111
138
117
95
26
6
14
46
73
151
84
167
58
165
38
81
48
21
23
18
210
201
102
111
78
124
48
174
205
95
55
184
135
215
192
168
174
24
176
91
212
89
141
196
44
36
121
86
75
193
26
111
211
38
101
26
151
160
183
156
143
98
186
73
117
65
75
36
189
26
144
168
174
211
169
87
110
24
110
196
21
168
101
197
65
55
132
169
115
101
107
16
113
197
29
115
67
48
210
10
125
106
33
27
82
0
69
110
112
181
143
16
13
105
143
49
18
140
63
102
183
34
167
70
89
34
206
164
52
167
80
40
195
119
210
90
79
12
35
94
79
176
195
49
183
88
40
132
134
192
197
191
180
3
209
179
32
173
16
100
72
124
2
23
7
210
36
110
197
2
192
141
132
209
162
141
150
115
114
108
3
167
181
41
158
86
119
67
93
67
97
107
85
191
206
127
27
35
180
169
57
86
6
64
189
112
102
23
119
179
30
195
206
179
191
155
83
119
165
121
10
6
86
127
108
6
203
6
144
130
162
92
49
210
191
82
195
39
179
149
8
138
189
64
180
124
210
119
4
179
47
3
99
67
99
73
146
107
162
155
209
118
8
83
121
24
92
106
204
57
5
105
92
5
132
169
35
18
57
121
63
13
35
29
141
176
33
124
187
20
130
29
143
175
119
211
141
104
170
209
170
11
16
61
135
183
8
192
69
127
209
107
0
111
97
49
29
100
136
203
132
192
110
53
43
203
74
95
177
184
176
99
126
196
179
59
50
80
175
179
9
144
19
30
158
13
115
109
51
90
52
11
147
201
153
179
53
9
53
13
21
11
79
18
184
114
8
33
29
78
116
114
174
47
156
100
110
81
13
116
150
171
202
26
25
203
112
0
136
155
114
189
18
169
132
63
38
117
164
191
110
98
189
50
51
123
119
113
153
118
47
6
29
34
150
81
186
203
101
70
147
125
123
150
73
51
158
0
91
128
92
101
211
8
99
174
131
10
120
31
34
51
208
60
83
27
189
136
151
132
3
155
43
23
151
59
37
42
120
100
159
50
82
143
101
67
23
155
47
131
134
42
0
174
54
64
24
42
49
175
67
123
55
159
13
49
114
177
211
161
201
34
34
60
126
208
121
125
64
185
49
73
144
17
174
34
138
139
195
55
7
118
20
175
17
182
26
148
21
145
108
180
114
165
90
40
112
92
174
89
112
81
10
97
108
205
96
158
111
132
32
141
100
191
211
54
23
14
80
83
140
80
107
120
8
214
66
93
119
14
88
159
88
93
70
32
208
0
93
83
165
78
165
163
12
54
63
18
98
108
127
57
196
109
46
185
214
186
138
195
211
62
192
4
98
206
53
94
114
1
83
206
212
206
12
16
44
143
35
183
19
206
6
46
202
179
55
192
100
56
159
1
23
130
114
162
77
162
112
84
132
83
208
95
200
139
120
120
51
99
39
63
36
43
18
104
162
38
70
174
148
96
1
209
211
211
85
150
77
155
71
116
146
201
33
136
44
153
212
215
116
32
129
192
188
184
178
90
141
178
81
14
81
8
215
69
12
171
113
76
172
108
64
72
209
28
171
112
109
171
8
126
12
35
39
165
50
103
136
109
52
145
103
50
146
212
119
40
173
209
189
2
143
15
173
129
25
146
212
5
89
77
79
38
142
146
201
20
193
2
164
172
174
193
74
5
112
166
59
58
28
38
172
87
121
163
200
203
195
106
89
28
200
89
110
166
20
210
163
114
14
162
96
124
124
198
138
78
200
179
42
30
181
119
109
127
30
87
129
87
84
89
207
189
121
41
214
87
42
140
119
118
190
118
213
129
113
23
123
114
201
160
215
121
172
87
26
66
122
16
3
162
65
193
188
46
187
91
212
134
124
97
8
199
28
55
44
197
126
18
139
179
135
68
65
38
108
202
129
103
174
41
209
131
94
191
108
26
30
45
55
9
134
173
166
183
29
98
113
61
193
102
68
173
172
74
141
177
138
92
49
22
199
34
164
135
61
180
81
30
180
48
199
127
208
24
210
52
183
171
34
66
208
194
29
174
132
21
113
128
56
139
55
153
13
209
161
11
171
37
179
211
176
169
188
165
41
119
174
64
10
68
199
22
108
189
113
80
40
68
153
139
145
146
68
81
26
91
73
190
42
32
116
172
22
82
195
174
163
51
79
198
131
67
40
13
129
76
104
9
27
64
9
3
127
120
108
47
114
105
62
210
66
105
95
36
170
44
141
202
195
15
36
34
31
92
192
79
104
47
51
111
182
15
78
172
25
97
209
204
191
28
209
136
187
57
125
199
209
199
97
70
56
205
67
56
127
27
194
123
180
194
135
209
31
34
65
54
116
11
98
149
58
0
188
53
76
59
66
67
95
132
50
56
97
60
96
53
202
200
117
170
111
202
151
98
111
187
21
147
191
18
91
108
26
19
30
38
91
201
53
127
203
120
0
188
202
154
152
131
203
166
41
158
33
57
200
72
93
167
123
144
22
17
152
30
33
29
12
39
164
180
146
197
151
215
146
94
0
43
83
157
77
85
187
36
165
2
143
75
47
63
169
133
181
63
155
17
210
195
192
63
31
1
58
167
203
128
3
56
63
104
176
66
78
13
40
58
20
194
115
88
20
157
195
195
88
56
167
15
58
96
77
156
176
97
4
129
48
25
193
202
42
197
13
90
2
146
33
17
168
130
187
168
144
85
144
120
24
165
176
125
74
149
147
82
157
86
90
83
130
4
168
25
9
187
32
146
107
78
17
194
191
42
75
2
67
160
178
212
147
62
157
168
87
151
1
50
164
89
98
0
2
9
54
161
62
164
42
197
97
213
99
59
76
184
108
35
52
18
97
116
25
171
46
107
131
143
210
148
86
176
9
164
159
58
162
15
42
108
211
10
139
2
134
12
32
16
198
8
179
92
159
99
193
68
210
178
100
73
61
36
73
184
173
134
92
60
29
87
53
20
118
199
66
211
186
87
152
134
97
20
8
103
131
154
124
75
104
121
39
184
64
25
168
48
131
111
168
77
76
118
52
131
43
32
187
201
132
68
152
191
28
149
192
15
180
53
186
62
32
126
85
201
200
82
24
91
144
210
55
32
0
66
73
123
98
49
111
102
28
79
165
70
163
193
117
159
73
24
147
137
159
146
12
11
197
194
50
40
8
51
28
73
59
159
150
57
110
103
13
91
110
170
101
166
3
23
146
211
168
121
143
31
97
165
191
38
58
7
108
26
131
7
47
33
179
193
101
192
121
15
84
155
72
67
95
138
123
67
65
43
59
195
69
60
9
40
49
199
9
170
116
210
90
89
73
69
146
16
193
95
69
198
214
75
7
109
42
144
168
120
29
192
171
10
28
170
103
131
116
210
134
42
54
89
117
92
98
149
47
183
153
69
59
126
123
119
75
119
73
62
24
90
170
142
153
73
58
84
65
190
177
42
76
60
86
207
97
169
75
50
58
183
118
57
97
153
58
155
13
193
42
204
20
121
52
60
153
166
150
70
193
65
170
57
129
40
206
177
160
92
103
51
87
89
83
155
155
73
124
156
16
15
124
88
38
68
190
1
168
32
29
52
191
36
24
112
13
21
40
62
115
29
162
8
51
33
192
78
198
38
118
169
42
82
163
19
32
34
99
151
32
119
172
119
56
68
126
99
73
57
169
155
73
65
87
62
42
187
73
141
13
41
30
192
71
20
155
122
150
114
54
88
204
54
36
162
34
89
181
185
126
81
37
201
182
200
83
62
36
71
58
206
8
87
127
181
53
96
138
143
132
201
180
180
63
101
37
21
19
99
132
48
24
161
181
155
114
62
132
10
147
14
190
37
125
131
87
24
119
150
17
13
36
123
132
119
160
211
209
138
203
162
21
70
124
163
211
74
44
169
61
113
24
96
154
214
142
78
190
136
142
88
90
190
124
14
180
93
53
166
161
0
194
210
15
205
1
35
187
170
101
128
107
212
69
145
124
124
77
199
88
76
167
195
35
136
194
142
184
76
124
203
197
65
169
177
146
195
200
99
190
201
53
170
198
11
201
160
51
24
130
100
98
169
36
149
29
13
152
32
170
101
102
189
35
101
14
47
195
47
117
14
116
175
79
57
152
195
100
182
124
124
56
158
157
62
89
76
102
130
4
38
16
53
160
205
212
207
145
95
200
40
127
141
5
181
161
53
197
1
11
61
198
142
160
157
107
107
107
117
190
120
160
76
199
157
182
68
214
31
18
83
137
6
181
47
59
177
159
154
12
61
4
99
36
83
68
181
54
154
180
71
194
124
22
3
36
121
171
211
161
167
138
78
105
163
147
64
31
199
161
40
61
27
5
59
154
102
147
83
26
61
58
81
76
90
104
93
23
183
1
117
56
2
105
99
181
214
17
61
166
90
14
41
58
2
83
156
165
102
190
134
52
145
39
104
152
33
142
37
30
178
160
38
168
190
169
59
188
196
76
59
39
123
184
33
181
214
55
168
126
155
170
34
147
37
161
123
176
134
42
14
161
59
203
76
161
141
103
191
16
203
138
127
169
1
191
117
95
137
147
79
162
52
14
12
183
133
1
58
164
79
2
83
147
43
176
17
4
45
196
47
42
110
143
96
214
27
164
48
122
175
58
124
47
105
121
99
101
124
126
110
161
149
138
121
60
78
139
112
46
78
95
149
184
197
37
147
121
116
140
145
129
209
155
212
21
64
63
136
85
72
48
116
145
192
117
166
133
162
1
2
15
58
105
212
130
121
138
58
56
215
57
110
108
59
130
91
46
41
140
172
73
7
83
52
52
84
50
96
36
83
178
125
137
56
23
209
113
200
143
41
200
21
11
164
207
66
212
85
72
29
69
21
202
195
84
126
153
23
52
64
165
197
23
205
208
30
215
105
121
83
192
175
197
208
24
121
142
164
191
192
127
48
167
53
176
82
99
89
91
24
67
135
55
127
201
200
158
0
208
169
68
77
97
46
71
50
130
70
209
3
109
79
161
41
148
0
125
62
94
202
3
116
188
68
55
27
94
184
52
13
176
117
191
39
153
183
93
91
194
185
108
160
21
176
162
126
3
13
183
210
194
36
37
212
62
134
12
75
177
205
117
208
125
60
13
15
184
202
116
134
48
165
51
44
209
35
95
168
204
8
148
151
70
36
185
174
66
50
136
182
109
98
80
99
51
116
4
46
139
56
132
9
91
76
213
134
81
175
71
98
161
34
170
148
0
213
71
66
6
162
62
30
30
24
97
169
194
161
3
117
181
63
168
74
146
85
0
135
127
141
64
105
33
120
196
59
16
188
65
33
14
96
34
141
3
64
104
50
211
159
19
124
177
141
141
139
32
48
60
8
174
139
5
174
177
206
176
199
92
67
145
80
182
19
57
1
200
150
1
120
111
117
146
210
159
30
190
75
15
205
125
211
32
136
74
209
56
97
193
7
31
14
190
70
57
2
92
191
201
190
39
164
162
200
105
38
201
39
72
141
75
15
149
139
145
138
129
135
47
135
126
160
77
207
73
163
121
132
84
124
23
208
102
39
57
41
26
34
132
200
96
158
209
82
135
103
187
168
33
72
45
108
98
176
57
184
189
157
118
207
171
207
101
209
135
74
113
152
112
137
65
168
112
208
112
85
65
6
112
160
207
187
135
131
209
32
87
184
80
145
135
144
190
82
150
49
206
130
123
210
73
195
192
44
82
27
201
206
90
104
65
34
136
23
182
182
119
96
25
97
23
145
38
38
202
84
43
166
55
166
11
38
123
104
146
192
14
20
84
156
152
194
115
44
58
159
205
65
45
121
104
46
149
55
89
53
111
21
31
87
48
49
75
19
87
108
29
188
78
72
81
97
54
38
9
196
153
185
50
165
107
56
127
213
147
188
133
95
157
184
19
59
18
69
143
58
29
58
21
136
200
89
48
171
84
32
133
67
106
87
145
107
163
33
147
0
31
190
66
82
33
29
61
198
208
126
110
60
137
161
210
31
61
19
3
61
147
116
106
170
153
54
172
145
54
166
205
206
210
191
108
106
44
75
136
54
61
26
7
204
210
158
215
131
195
75
98
61
48
95
147
31
181
104
79
211
30
36
150
65
57
84
59
47
184
49
44
203
67
171
164
164
136
173
109
103
158
157
89
51
211
204
52
183
48
167
3
23
158
142
72
166
102
142
60
84
189
119
156
23
83
14
122
109
51
186
95
84
113
18
114
59
154
130
16
32
66
176
109
210
201
60
138
66
102
157
27
127
81
17
17
150
47
203
125
108
78
110
57
108
74
110
139
101
130
203
80
129
2
79
110
5
59
5
166
69
189
88
14
64
146
65
195
58
86
113
127
63
181
3
182
48
133
27
211
211
167
43
96
198
0
137
133
96
5
172
5
186
72
127
138
199
124
79
146
184
47
138
113
82
59
79
18
122
156
101
175
91
181
133
215
17
139
121
134
20
167
119
215
17
103
5
51
183
121
214
180
73
189
192
64
121
207
81
182
109
135
214
100
70
76
65
204
182
165
198
127
27
91
58
166
215
162
19
93
3
191
17
181
203
211
90
158
35
14
9
195
176
135
59
106
39
145
136
202
190
36
166
190
77
64
128
174
112
177
82
82
65
213
62
182
51
135
62
16
207
175
157
132
65
185
48
187
172
145
213
185
14
101
124
145
24
51
103
208
20
16
56
106
135
89
115
145
12
103
19
161
101
157
178
101
129
179
201
86
89
100
37
0
39
156
11
110
92
111
6
105
131
70
135
173
172
214
185
92
9
179
89
198
198
102
200
192
31
198
123
47
38
9
70
135
135
6
52
141
87
20
177
143
64
147
64
113
141
164
70
79
98
27
44
111
10
23
147
106
30
75
202
213
30
71
85
169
107
22
6
172
76
26
160
149
175
171
16
196
60
182
101
80
180
2
2
88
177
71
155
69
80
106
45
152
47
101
2
101
31
17
101
195
60
31
203
50
32
25
196
77
92
78
125
78
177
0
80
41
37
80
125
132
8
130
69
62
197
10
178
16
160
59
198
126
212
173
203
113
48
115
126
169
165
30
45
85
160
51
115
173
51
112
160
209
108
88
62
13
46
80
10
58
71
199
137
161
196
44
34
187
184
124
163
113
32
210
167
207
25
149
170
192
197
9
96
70
174
152
70
84
67
111
179
187
34
103
149
82
142
103
43
93
116
16
187
26
113
16
117
3
205
142
37
34
0
24
199
75
20
117
157
174
75
102
102
75
113
161
29
64
34
14
203
128
124
5
157
153
38
44
53
82
3
96
205
16
89
87
90
67
44
60
114
141
6
6
86
138
128
113
150
36
153
51
64
75
36
98
46
33
170
101
212
98
203
211
99
114
164
154
3
156
169
166
70
30
84
141
93
6
64
0
100
190
127
167
58
195
141
175
58
37
76
88
138
140
162
148
127
187
96
34
39
204
154
184
207
155
88
26
138
135
71
30
44
181
104
34
106
70
195
26
16
16
16
212
64
125
148
138
173
103
207
87
46
203
211
150
130
101
61
94
137
174
201
212
71
44
19
178
93
13
9
215
82
44
71
44
71
109
191
121
102
201
64
204
180
203
74
52
180
96
163
9
191
96
64
97
148
20
114
102
195
128
203
145
175
55
82
48
157
183
210
186
121
69
17
43
126
10
159
172
90
26
103
76
202
185
47
124
37
59
67
194
132
55
48
193
52
146
189
185
36
162
209
9
183
173
30
118
111
118
51
76
201
90
99
57
70
115
2
214
115
186
197
213
34
10
1
66
152
47
0
97
204
111
169
113
90
9
161
67
89
67
145
122
172
87
124
187
7
168
35
135
158
162
119
197
22
162
150
65
159
196
27
72
201
47
202
129
5
129
24
153
136
32
211
28
163
44
88
72
89
136
215
204
66
115
108
201
47
163
88
115
59
112
35
140
128
111
87
45
171
210
96
98
64
186
194
186
41
75
70
149
135
127
2
12
63
201
149
58
103
76
165
24
75
53
150
1
96
54
142
183
202
51
17
209
56
56
111
26
186
167
13
152
196
122
164
28
57
174
186
34
95
30
30
169
96
108
164
67
115
142
161
198
95
96
196
153
164
66
161
44
32
123
204
51
116
169
77
106
8
37
164
183
206
75
96
207
162
206
5
40
188
103
77
186
85
112
160
109
2
56
3
73
97
152
83
194
49
102
15
91
112
81
33
36
114
136
81
90
208
103
62
169
194
58
116
31
163
169
126
146
36
127
146
152
66
67
47
15
36
98
87
165
5
122
144
50
120
78
1
159
127
185
94
195
91
147
131
112
93
165
190
49
106
104
13
127
101
94
41
129
103
177
120
129
153
23
150
37
29
182
17
175
185
8
195
179
133
135
106
156
172
20
144
181
8
23
9
144
81
22
40
26
26
0
123
106
179
155
97
142
79
124
82
15
195
134
51
47
208
93
13
132
4
82
155
101
149
180
77
197
176
74
126
111
37
146
196
58
147
174
18
185
127
29
29
51
41
113
70
89
149
208
190
102
152
109
134
95
116
202
203
209
133
192
87
102
79
104
46
173
72
62
55
144
178
120
119
120
108
215
58
3
41
209
58
198
19
180
143
197
131
211
192
9
176
125
147
153
37
192
120
177
58
81
143
138
125
13
178
145
132
133
189
9
37
127
201
129
111
47
56
35
117
3
211
208
119
108
20
65
51
117
50
205
204
194
3
94
155
27
119
79
134
99
188
179
179
69
43
58
35
113
169
35
15
211
175
107
41
161
58
143
65
158
5
56
22
73
156
184
22
136
201
102
131
107
207
150
163
102
95
123
173
120
81
161
152
78
25
110
175
66
90
36
149
6
195
78
40
83
3
91
101
121
167
171
81
80
212
8
9
155
47
43
2
24
98
52
62
75
47
99
170
79
40
12
156
141
122
181
177
152
110
187
183
184
212
152
27
132
128
138
46
20
27
170
147
62
0
52
52
82
73
39
73
171
37
200
20
4
18
116
197
113
90
16
186
164
29
126
37
60
61
212
88
23
111
24
106
24
24
192
37
82
201
195
3
191
199
194
62
34
105
165
121
62
85
187
194
145
62
189
39
123
23
0
117
132
110
205
79
38
199
92
59
24
52
185
161
149
115
18
162
183
206
36
33
139
96
51
106
170
89
213
135
181
180
20
96
48
113
110
46
159
54
24
10
117
158
131
127
88
114
36
200
86
10
201
99
121
24
42
56
57
154
117
124
170
59
56
68
212
19
22
27
196
83
61
171
71
119
82
171
104
143
176
176
19
207
194
152
154
130
178
24
67
103
196
29
21
25
21
61
13
1
55
207
186
94
197
183
183
34
116
115
105
138
42
187
111
165
86
107
145
27
200
116
175
159
89
170
2
88
200
164
48
8
101
93
120
145
150
45
74
44
34
114
6
161
11
138
23
104
21
126
152
11
23
6
107
120
70
106
154
135
180
1
133
86
50
56
186
13
144
56
144
146
151
146
175
195
40
112
134
23
79
178
16
34
59
19
142
79
180
1
25
207
153
51
111
97
23
81
212
191
170
7
89
87
32
96
135
29
142
37
100
3
205
106
193
183
193
214
88
113
9
72
94
122
86
166
127
214
26
182
93
145
182
187
59
23
16
35
117
107
61
31
170
100
67
1
165
39
68
62
116
41
60
123
182
212
49
204
158
87
60
107
175
120
116
196
93
108
89
49
63
83
74
82
7
89
11
35
150
36
203
169
158
159
39
123
3
60
214
145
174
0
36
51
51
138
207
64
110
1
123
114
59
159
182
136
61
108
151
111
59
19
2
44
111
1
204
19
181
174
7
125
19
180
188
201
180
2
12
32
192
110
179
144
131
80
106
9
58
148
207
180
177
9
192
144
3
71
8
37
134
67
106
151
95
156
80
175
167
82
82
2
203
139
158
215
173
35
13
81
45
122
169
39
187
190
53
147
40
144
87
120
97
52
192
190
77
165
144
107
128
86
203
47
177
34
164
85
68
53
13
45
62
61
84
153
184
30
114
113
209
119
139
96
162
41
119
150
128
10
193
154
122
4
163
214
37
163
113
123
135
0
76
0
165
88
10
145
18
99
198
13
113
27
198
115
9
67
137
128
181
18
154
168
201
165
88
182
182
23
180
150
164
49
214
40
87
174
53
171
107
138
91
134
13
165
179
161
160
207
108
174
214
20
117
120
215
4
27
43
55
207
107
180
22
63
146
20
193
33
207
131
196
155
8
23
179
28
180
171
48
66
142
45
155
132
171
23
149
176
97
197
50
31
174
101
127
42
194
42
190
67
80
28
180
42
214
156
40
147
89
9
8
170
140
8
80
132
7
83
167
128
123
30
25
30
85
200
180
38
200
80
3
74
1
29
36
193
163
110
171
154
21
162
81
190
0
