1 0.493942 0.0698
2 0.480299 0.0681884
3 0.505705 0.0565371
4 0.49166 0.0656238
5 0.651552 0.145892
6 0.532268 0.0721879
7 0.54072 0.085102
8 0.433163 0.0395236
9 0.511291 0.0568048
10 0.473266 0.0507563
11 0.484237 0.056098
12 0.566745 0.0933713
13 0.57772 0.0919158
14 0.817913 0.209423
15 0.98211 0.431111
16 0.621476 0.0908719
17 0.689364 0.142063
18 0.836868 0.266942
19 0.806449 0.238932
20 0.521802 0.0661328
21 0.499455 0.0557897
22 0.504602 0.0540481
23 0.532582 0.0859264
24 0.651323 0.116347
25 0.783869 0.207573
26 0.906993 0.307376
27 0.807445 0.262651
28 0.87265 0.325343
29 2.04727 1.61367
30 0.447255 0.0811324
31 1.06647 0.58159
32 0.557893 0.104329
33 2.67705 1.71534
34 2.34772 1.88778
35 2.04058 1.23551
36 0.920148 0.274931
37 0.798141 0.137697
38 0.879176 0.214027
39 0.779034 0.254921
40 0.815627 0.288085
41 0.587461 0.123677
42 0.77768 0.305535
43 0.697715 0.184369
