-219.4453303
-1433.28922
-237.3126579
-479.6661309
-3.853959724
-3.619544607
-50.34484812
-35.32738521
-3.516648378
-222.8207872
-244.7813964
-258.5005955
-621.549259
-205.2385226
-4.931418679
-23.34479745
-218.6016831
-21.77274657
-3453.99697
-3.425479451
-2.578998937
-1013.306419
-1332.1622
-296.3696016
-189.8363844
-215.5531104
-151.6329243
-42.827215
-19.71597484
-13949.16487
-230.5838135
-20.95677352
-322.6190943
-65.21659775
-34.18326652
-118.7978793
-5.907111792
-1405.084984
-134.6663584
-36.71691579
-1999.2228
-295.8073583
-57.73085552
-6.08478705
-27.68964935
-2.890041327
-687.4677479
-1802.775005
-6.670369523
-42.27451576
-1.724699209
-2.460519224
-40.08114593
-33.06943467
-232.0475775
-7.921869778
-79.9669754
-18.46272719
-64.48996043
-9.372217715
-4248.672839
-911.5349792
-768.1723413
-361.2557943
-27.39502367
-9.474736692
-47.70169363
-21.30784754
-27.05324533
-91.30081765
-38.0448661
-73.97626295
-7212.193421
-53.78612819
-72.20856234
-91.50286385
-179.863509
-31448.84263
-2354.502361
-28.26623897
-83.6631219
-2352.994393
-16.04770751
-5.509140168
-4.689915273
-40.47278678
-7627.17997
-15.76521106
-49.81451574
-40.34321705
-258.8473227
-609.825384
-290.4992255
-473.492378
-685.6575594
-76.80008411
-7.401626384
-607.03942
-19.78498504
-4.06246581
-6.379719316
-60.2348238
-214.6354614
-4.127613188
-16.57274031
-11.17903741
-73.97630046
-31942.35146
-40.94303193
-30.78417353
-0.4216364095
-16.54636793
-114.9095064
-22.67088317
-19.79598542
-7.428832736
-25.68078274
-646.2797957
-729.8132295
-152.6500987
-2277.40062
-74.88663294
-10.4906796
-98.04358566
-0.373543931
-3.918966509
-0.8381541175
-267.6425651
-29.2909722
-115.9809828
-113.7737253
-3.661520933
-7.609234004
-194.2958074
-382.3378831
-2.886044931
-77.82251466
-10.44049088
-86.37778207
-64.07076527
-2.631718407
-251.681663
-8.541104186
-228.7641154
-48.82451158
-3.584881843
-105.1858195
-4.492503474
-12.94303744
-7.233705896
-236.2312784
-7.493485797
-95.30609333
-2.851648968
-206.6818045
-3.330386038
-31.52460682
-150.6478297
-120.0194293
-13.13934882
-11.47554909
-83.6704187
-56.84264001
-642.2979719
-178.2408911
-259.0258423
-6.99823103
-152.199288
-12.1512758
-91.29939212
-5.478538613
-16.90391187
-25.34528634
-13.87741974
-6016.894162
-186.5955091
-237.8398569
-184.3120609
-51.38144845
-13.29119995
-15.5340472
-646.1991417
-45.25397951
-60.7206299
-145.6538646
-48.67517606
-226.4116331
-3310.87565
-204.3489836
-332.9152482
-1652.782902
-310.3818263
-201.8889735
-0.3769956601
-92.08927663
-600.9004131
-660.0193457
-8.412078577
-135.0220655
-631.7563057
-633.7882289
-30.46090465
-225.4862178
-2807.117144
-5.323107133
-418.753587
-407.9580703
-1067.043345
-242.4518494
-66.69129286
-183.6530083
-0.1880361648
-11.20824739
-7032.819916
-2.92852652
-44.20951953
-46.50910019
-0.5266861363
-25.6273976
-19.98338994
-45.01122765
-13.60605367
-2.673888563
-1772.277475
-96.55999503
-47.32467354
-41.92905242
-50.22321235
-105.1402117
-16.09948659
-1.184787863
-55.14834102
-207.2594178
-8.669058406
-200.855955
-1276.343374
-7.596470861
-51.0742771
-21.33082505
-1562.518004
-5.684004507
-60.49051396
-777.930184
-7.482424003
-197.4036914
-44.2662517
-206.1857601
-269.6848076
-3262.568859
-66.34672811
-392.0190217
-29.81611155
-14.71430804
-1329.436441
-64.63860735
-53.01812222
-132.5787553
-47.57325562
-1.392463978
-20.91219728
-2.512730375
-42.0271031
-48.42854654
-100.957248
-470.3644321
-47.01034432
-7.418317643
-6109.629905
-67.79162823
-88.1074529
-7.257948158
-2.519587665
-51.07552238
-33.39482963
-9.104945697
-18.65406574
-505.9465134
-551.8083383
-2.451796106
-1.437212356
-76.03844413
-11.76766034
-149.608177
-240.3471132
-146.24643
-5.559104667
-873.7829501
-2.251639364
-4140.176772
-57.11622871
-863.8240689
-128.7120627
-5.186240313
-116.2648324
-260.7419955
-7201.374501
-51.8547085
-6.799512279
-2207.245307
-218.1498186
-41.87435481
-125.2498523
-9.166593835
-28.52602089
-35.56255416
-391.4080811
-36743.82831
-8.786697365
-34.90068405
-223.2110773
-37.95246417
-1.619148334
-17.6922776
-5.263345595
-9.64974369
-35.99667764
-2.730626391
-4.459687107
-183.8753182
-7.497689995
-5550.199836
-2.919898269
-5879.896798
-57.44160665
-275.4903592
-317.7517003
-80.2771436
-7.16438208
-79.80888043
-11.97240518
-14.04963017
-1.687231396
-7.8550345
-1.771286978
-2.157828099
-37.27957561
-530.5500826
-13.79355079
-75.8435723
-22.00452893
-6.825553989
-13.36709758
-20.917298
-359.0992336
-30.64690085
-146.4506793
-3.951597354
-100.9163627
-193.0123922
-79.7197064
-422.5556652
-99.30995321
-8.688648939
-3242.434353
-35.29772335
-94.60762099
-189.0481399
-11.81443539
-2.758329116
-1.778797412
-524.3072837
-419.704695
-281.053476
-112.9823021
-9.822220975
-27.57800786
-11.24105073
-8.353959322
-249.2732776
-363.9843526
-7.924407423
-2091.808705
-98.1378504
-12.52057903
-46.45765073
-408.5367263
-170.6179855
-95.16582812
-8.930667042
-9.324216266
-28.8423026
-24.89655426
-176.5728414
-2.144935939
-334.1006461
-98.48951533
-220.1739465
-17.71654052
-565.8884674
-184.6245225
-97.69292497
-71.9925567
-2005.471521
-540.075067
-1424.549997
-20.28205194
-17.57948752
-98.52460374
-193.9867989
-4.660708776
-1966.385337
-4364.914479
-9.018856077
-359.4290779
-396.7142768
-61.05567443
-310.5796335
-7.257162468
-32.87598357
-5.843595887
-33.41060497
-53.27785144
-22.18263181
-107.1879229
-596.5432678
-8.802233621
-202.9015497
-35.5482743
-3.850308095
-10.5508816
-7.510157914
-8270.434497
-59.51785206
-91.65218287
-483.3999981
-7.596125148
-24.10819466
-34.60101851
-2.763353378
-13.93119313
-6.75690478
-8458.955857
-6.835401205
-218.244387
-46.22335305
-9478.761154
-248.0693584
-64.11318429
-1430.775689
-5.313059591
-4.206328631
-78.32480024
-4707.121416
-147.8915576
-424.295111
-10.8276115
-161.9684412
-12.75388688
-44.26268638
-12.10385705
-2.767242403
-70.46657704
-26.18387678
-0.3142881248
-2.658908853
-81.44123121
-18.69337844
-234.7647177
-109.0200372
-168.9197268
-42.73944217
-106.5662273
-47.28096644
-8.334327933
-39.2648792
-13.07648402
-7.098706833
-105.8109804
-64.65040195
-5652.786735
-34.77566583
-124.2189791
-77.67017498
-2.8608313
-107.2057601
-70.40456047
-62.03501735
-140.6577501
-17.86264676
-10.55658967
-38.26932219
-66.46198215
-313.1234518
-511.3933093
-91.94851588
-8.813042868
-138.124408
-111.7987823
-68.04630828
-10.22134841
-779.9991204
-54.51292741
-24.40908161
-120.5344137
-1034.139894
-11.80147146
-70.95379665
-608.9068671
-711.8074047
-62.30396872
-114.1655606
-8.548153571
-2668.187119
-347.4360725
-46220.95416
-5.92042486
-113.208482
-44.34477891
-1.544820656
-24.48098011
-135.3310292
-14.90952464
-19.48105972
-1785.453202
-394.6099695
-328.0927031
-12715.19991
-59.93737783
-25.56831849
-10.37164205
-3.550055571
-8.021761041
-116.6758609
-136.0377582
-6.449599063
-44.58662218
-8.628489758
-115.8214646
-54.43668766
-37.75603326
-327.9875412
-526.8390954
-348.1469084
-430.4055834
-158.0734423
-66.45679005
-283.150265
-56.95259826
-13.56611182
-304.1378383
-78.86327892
-8.711677264
-102.5333262
-8.629555917
-61.42169605
-130.4715058
-3744.098992
-4.799783521
-89.55569907
-129.2506826
-29.53229973
-5.653658947
-178.7753764
-32.45028985
-825.8673997
-479.5190189
-19.3546792
-3895.78285
-2.163019275
-8213.290619
-276.4052446
-10126.2111
-77.06980992
-220.113618
-52.46399206
-114.4271027
-8.923174394
-226.4433317
-543.8683036
-93.11859815
-17.27474682
-13561.29234
-15.63084277
-83.47474883
-6.716744898
-5.924336374
-3.351900833
-167.9517236
-6.462541183
-14810.68983
-850.6341601
-2672.583627
-139.335482
-4.723250998
-81.03965499
-193.6006116
-490.3978963
-11.12709485
-719.5526165
-66.30326548
-23.25557202
-95.36505073
-140.847305
-12.58034425
-549.6642285
-25.72879154
-14.98505857
-244.8306327
-53.2138785
-13.46510301
-0.9041358138
-1.038155286
-93.0222689
-71.41103156
-13.3134356
-406.0983347
-9.896207317
-23.40680546
-17.03694576
-85.77801365
-11.51996925
-3.918117289
-2.934560071
-27.2129571
-29.24048921
-78.62359972
-17.8177555
-2.32678848
-174.5034258
-39.16422742
-55.23967332
-48.44440076
-266.7503821
-47.26658812
-110.6867666
-17.17972525
-4639.842544
-9.085695629
-2.000113022
-800.7663291
-305.9425374
-21.71231779
-17.22069438
-30.05668808
-1.493862882
-730.3156157
-1565.132999
