1 2.06467 0.213803
2 1.59129 0.108676
3 1.4139 0.087499
4 1.32722 0.0663126
5 1.19217 0.041485
6 1.14244 0.0263024
7 1.06673 0.0173141
8 1 0
9 0.961817 0.0154517
10 0.926488 0.0248393
11 0.899862 0.0270963
12 0.894193 0.0413674
13 0.796328 0.035722
14 0.74478 0.0606558
15 0.787695 0.0617462
16 0.796864 0.0928516
17 0.808267 0.18287
18 0.754062 0.105852
19 0.971938 0.332324
20 0.545165 0.107749
21 0.526533 0.112429
22 0.552253 0.126359
23 0.545268 0.145586
24 0.437969 0.107255
25 0.293268 0.0472869
26 0.268942 0.0585656
27 0.209512 0.0394722
28 0.204361 0.0442084
29 0.309148 0.149189
30 0.225047 0.0478754
31 0.228243 0.0454042
