     4.165076512      3.529462587       4.04991424      3.338947321     0.7123392896      1.085578637                1       1.40914668     0.8446748533      1.066800683     0.3837227545     0.7564120227     0.5555916706     0.2533567957     0.6857476195     0.6438528107     0.2249711274     0.1439030706     0.7751001032     0.4544062136     0.3038133729     0.7605135674     0.1229190483     0.1200380696    0.09737464698    0.07929347349    0.03608387177    0.04935411915    0.03606559741    0.09017832335    0.03881955694    0.01162017543    0.01393588517    0.01090593505    0.07782298167 
     1.305384317      1.234842604     0.8788165426     0.7972588919     0.6921210657      0.597942502                1      1.035318803     0.5960189041     0.6195420037     0.1372508266    0.07729699936    0.04201724437    0.03348621191    0.03481066949    0.02478827699     0.0187281141    0.01512691643   0.007013392049   0.004483517568   0.004929908401   0.007007712612   0.002822953341   0.001254931852   0.001063491955  0.0006854762354  0.0007165886119     0.0012844754  0.0005483859129  0.0002440119073  0.0004840806725   0.001338402347   0.002584288582  0.0003337819759  0.0002536577335 
    0.5727048159     0.4456122945     0.6081473334     0.7261103163      1.320310152      1.380066049                1     0.9769854082      0.524478014     0.5482379669     0.7362686125      1.054766066     0.6430542948     0.2864064921     0.2591707856    0.06179473648    0.02671087876    0.01734617585    0.01696111229    0.02806030751    0.01160092412   0.004623065047    0.01258122062   0.006507551381   0.008435364753   0.007584197027   0.002493583909   0.002369616361   0.003508071241  0.0008428824385  0.0009191454702   0.000886407008  0.0003608568084  0.0003941174338   0.000116101493 
    0.7712026985      1.071426536      1.257821827     0.9047240878     0.5995263813     0.9319659375                1      1.872999766      1.339584764      1.164266613      1.039569672     0.6348263636     0.7825574188     0.3139478907     0.2009835172     0.1821773666     0.2125232564     0.1313980906     0.1214420011    0.06088113283    0.09259477786    0.06518243404    0.05626694338     0.2642753163     0.3306213469       11.4627814     0.3347696654     0.8504344561      0.232620061    0.04288116094    0.01675207825   0.005791774653     0.0057105839   0.001118422763  0.0009269152216 
     4.726833283      3.098944109      6.322379918     0.8722931614     0.8251486091      1.194951443                1      1.523719234     0.8633859541      1.201537681     0.6166203778     0.6291064416     0.3175376627    0.09161410296     0.1339586267     0.1754133028     0.1107867855     0.2230689587     0.2946905949    0.04205125223   0.005749160887   0.009837570955   0.006557526449    0.01038239499     0.0140021999   0.003170807125   0.005503846178   0.004414258945   0.001341576929  0.0009155216296  0.0003882276566   0.002712072173   0.002026243938  0.0006636407231   0.002156229993 
     3.318397333      1.946064031      5.378697966      4.836196179      1.771008724      1.247945537                1     0.7388045098     0.5854188945     0.5208966034     0.3692290057     0.4212239941     0.3017103738     0.1507294881    0.07530711645    0.09271966376    0.04157508409    0.06724990147     0.1286511043    0.07749360464     0.1786935156     0.4672897625     0.3027198063     0.7634790821     0.4648870689    0.08444527513    0.03286194611    0.01952959996    0.01074255608   0.003661719188   0.001295661413   0.002016766526   0.007534433705   0.003569276638    0.00429843869 
    0.7344159313     0.6981059367      1.157996884      1.088396861     0.9773146851     0.8480828066                1     0.7006065352     0.6133074998      1.131659227       3.41351201      3.058032407      1.718921337     0.5945509169     0.4271418275      0.999619584     0.4139511309     0.2692766956      0.407420038     0.3120146228     0.1036470583     0.1428994764    0.02435071517    0.01439845375   0.006158645837   0.004630190421   0.006159741619  0.0007671378315  0.0003851016078   0.001055026263   0.001511469402  0.0002550062118  0.0001785200043  0.0001651938257  6.980795433e-05 
    0.3404608248     0.4882317518     0.5489203368     0.5675714824     0.5618439036     0.6751968613                1     0.9426391973     0.3311570115     0.3758561802     0.2364541443     0.3815338243     0.2555023538     0.2746880242    0.06697262675    0.04642789167     0.2462814206    0.03344867095     0.0406198584    0.01936912812    0.08092502327   0.009345740664   0.002588747746    0.01348431028   0.001687889158   0.000971748806   0.001308293707  0.0005032033495   0.009262657636   0.003413656077   0.004375407988  0.0008814594728  0.0004208333939  0.0008298501924  0.0004448839613 
      0.65455818     0.8776513534      2.425134847      1.930947958      1.294764185      1.852448154                1      1.108136227     0.9736531926     0.5057648971     0.3050145256     0.2258934952     0.5279268253     0.2661122403      0.434503871     0.4246986747     0.6772539017     0.1670133525     0.1201293621     0.0913275086      0.260630661     0.1072418193     0.2945619913     0.1759974994    0.07553447583     0.2671303153     0.1128474327     0.2864025829    0.05927850598    0.08491139062   0.009065555105    0.02002253522   0.003611237914   0.003101650477   0.001174205737 
   0.06619802955     0.2678306466     0.3194955667     0.2475759255     0.3287151077     0.3980920488                1       1.20201651     0.9099627391      1.121603737     0.8579422886     0.5920428366     0.4385137448     0.7254853644     0.8882843151     0.7967850283      1.848289138     0.8726363156     0.8840998388     0.3357173294     0.2760924177     0.1992526075     0.1043784972     0.1631094013     0.2735690709     0.1980932784     0.1157394245    0.06876717747     0.1273619014      0.179120138     0.2280958135     0.2266039317    0.08139561568    0.02749816718    0.01628174595 
    0.4893786215     0.8219690597     0.9153167902      0.932632017     0.7821303232      1.704426738                1     0.8145161777     0.6352262458     0.6837814708      0.773432608      4.065530481      1.968472231      3.700930893     0.3952371651     0.1168838949      0.186077696    0.08745626657     0.0949083206    0.04411758052    0.05592735409    0.03351490111      0.022794497    0.01334508014    0.01126684305   0.006937301666    0.01236652566    0.01920632387    0.01215435167   0.001617814667  0.0009653757027  0.0001391222185  7.648324061e-05  5.043561411e-05  0.0001886698733 
     2.243948947      1.518529742      1.239261993     0.5881397839     0.7556939617      0.894513209                1     0.4899222246     0.6208071229     0.2789459603     0.4575418952     0.2827565217     0.1924024686      1.155453712      1.070499145     0.3551140834     0.2502278807     0.1173120919    0.05369442619    0.01285091179    0.01072537721    0.01459807888    0.01934672061     0.1386695722    0.07181286679      0.228052328      0.296435515    0.01477226685    0.06786147041     0.1306635019     0.4107490422     0.2087778011      0.160211389      0.343802954     0.7370960128 
    0.4972558169     0.9395115934     0.5977458665      1.126834642      1.318116377     0.7536563145                1      1.538242129      1.481254835     0.9141753432      1.616004405      1.547274153     0.9060660976      0.957594788     0.3226744759     0.2438873558     0.1830991454    0.06273342922    0.04230063544    0.02808438327    0.02819416162    0.04554861346     0.1880996229    0.04245574179   0.005512185795    0.00182106909   0.002713646258   0.003915971768   0.005853712667    0.02699998456    0.01193811993    0.01598998184   0.009135565192   0.006843590162   0.002315480506 
     1.241621884      1.534836696      3.253438473      3.940266539      1.822826742      1.629980141                1      1.179150379     0.8479496616      1.694657872     0.8295854357     0.8537649654     0.6438488658     0.4299464467      2.201849733       0.80081906     0.5754221759      0.073630193    0.04009607763    0.02798922648    0.08626986718    0.05058862088     0.0414156669    0.03324430201    0.01985440269    0.03205397587     0.1328142365     0.1677899618    0.09806540792     0.1891064214    0.03502496013    0.02414485755   0.008408291233    0.01888556257   0.004119692145 
     2.009811153     0.5124380044     0.3312934225     0.7246077527     0.8224999221     0.7810004668                1      1.146406805      2.049030389      1.062341423     0.6153768178     0.2363613446      0.125999969     0.2232791901    0.05256303556    0.04222672513    0.03264753382     0.0156445969    0.01180840865    0.01141839956   0.005460371902   0.004018341731   0.002319649112    0.00135972351    0.00221937105   0.002432463014   0.003761001325   0.002335104641  0.0005237663338  9.776095397e-05  0.0005150472489  0.0001260371395  5.131385821e-05  7.682912288e-06  1.691929179e-05 
    0.9183503198     0.9208648415      1.215861362      1.453160672      1.085270391      1.624127059                1     0.8224814531      0.690793869     0.2693435361     0.1956861648     0.1859125606     0.3012020981     0.3311460676     0.1341937772     0.6052958499     0.4737832876    0.07514350594    0.04436748323    0.01389687044    0.01777272326   0.007677364276   0.009967946107   0.009304355012   0.007263597003   0.002303845063   0.002250740045   0.008282066815   0.007544831828   0.007736070664   0.001440290594   0.004215183518   0.001757915748   0.003123049608  0.0008922795879 
     2.205107234      2.023479847      4.169176394      2.240739644      1.237663066      1.343083453                1     0.4547984922     0.6432716825     0.4692893993     0.2671163162      0.228365238     0.4523784164     0.7663778248     0.1781977275     0.2267621201     0.1341917583     0.1307928182     0.1113728744    0.02212364794    0.01800392913    0.01813279818   0.004314224495   0.004633012817   0.008262057858   0.004643805018   0.002710601689   0.001062287405   0.001052401199   0.004239509193  0.0007844749394   0.001260042541   0.001100754343   0.002736598139    0.00191568885 
     3.770100761      5.834338268      2.836362873       1.58931735     0.8879621362     0.5156738418                1     0.3383011016     0.4782306228     0.2570320968     0.2207816293     0.1255250859     0.2123800754     0.1616913448    0.06663097304    0.08390232676    0.01842200298    0.01042962587    0.01726690009    0.02071214119    0.02132565665    0.02772993591    0.01062222903    0.01008073806   0.009158062542   0.008810765391    0.00241105081   0.001817330069  0.0003045348401   0.000145009012  0.0002891457214  0.0005625490946   0.000552684771  0.0001660670458  0.0006578119739 
      1.82676341      1.468777771      1.310704715     0.5935780178     0.6968089689     0.7589461719                1     0.8720949355     0.9429010679     0.5275392445     0.7660609271     0.4485622317     0.5927239939       1.16343449     0.5851743807      2.010408224     0.2166018484     0.1198953203    0.06940425675    0.04146432183    0.03522253338    0.01219514474   0.007640071262   0.008506710839   0.002865696117   0.006316416522    0.03324946844     0.1512212204     0.1041622307   0.006343838779  0.0008306050676   0.001506302354  0.0008805824335   0.002956912697  0.0002227597831 
    0.7502232197     0.9188683115      1.169898452     0.8561201456      1.241035847      1.525418869                1     0.8252235508     0.5477975582     0.2702588752     0.2305000319     0.1533871234     0.1079548012    0.07371095417    0.06392819396    0.04835404001    0.05695773476    0.02870032811    0.02685151401    0.04675886543     0.0447768424    0.01980587038   0.008833747552   0.004369134174   0.002468563716   0.000614803988  0.0002973708702  0.0002131526177  0.0002811746962   0.000236021766  0.0004334859031  0.0001652880473  0.0001924851919  0.0002470561995  0.0001105581488 
     1.764513751      1.392756334      1.571603926      1.113261152      1.344430836      0.992593373                1      0.939154084     0.5274696975      0.655782389     0.7303221662     0.7845415531     0.3668583151     0.2527896474      0.177553649     0.1433803519     0.1041639367    0.05638669673    0.03220940723    0.04504401259    0.03135849992    0.03573155859     0.0181176775    0.01479892466     0.0077651771    0.01524318782    0.02343475988    0.01141810593   0.003071668264   0.004028378329    0.01175906108    0.00418496407   0.005652847879   0.002280118236      0.043899062 
    0.9536560924     0.7160956535      1.067498232     0.7086393067     0.5962515275      1.105143617                1     0.9352430039     0.8676991167     0.7027909029     0.9770582893     0.5630275469     0.6363360883      0.808122702     0.2276225095     0.7164001446      0.672011827     0.6225315485     0.4870502663     0.3777012435     0.2196740114     0.3430909792    0.04349981638    0.05643797875    0.02937917726   0.008325960273    0.03135453403   0.008409723402    0.01529701321   0.005990510917     0.0132922712   0.009643455375   0.002946956643   0.002034804231   0.001883508301 
     1.356878961     0.6643535628      2.286703199      1.180994969      1.611928908      1.117524105                1     0.8303862656     0.9853401172      2.025148145      0.622863224     0.3866514314     0.7421865266      1.083315938      3.896084616      1.501629216     0.7581494302     0.3055588296     0.2495846818     0.2667874442     0.2782422423     0.2024158014      0.206496754     0.3531392453      0.107494261     0.2183790362     0.3210201792     0.2903747894    0.01882125298    0.01430923836   0.008718580197   0.007673829308    0.01122812046   0.004043369359  0.0008881512792 
    0.2702503782     0.7793440449     0.8781892929     0.8706969684      3.372286501      1.455903902                1     0.6598350918     0.3686444369     0.3248550377     0.3293236423     0.3345665596     0.3979771346      1.469371873     0.3626551267     0.4668371307     0.3496429988     0.1452616729     0.1663419671     0.2901601069     0.1815884846     0.1835422153    0.04738902555    0.02253308877    0.05104258004    0.01197984872     0.0102939046   0.001278144486  0.0004618700822  0.0007595432587  0.0001516483813  5.326567376e-05  2.842216946e-05  9.252984243e-06   4.23186619e-05 
     0.390976061     0.4501511441     0.4482337588     0.6875303886      1.152200932      1.183851795                1     0.7941214922       1.04985962      4.043719285      1.254008314      1.787856372      1.484132357     0.9403195617     0.6062298448     0.4791803765     0.2741926692     0.4190233958     0.8075314064      5.560841172     0.1743265001    0.09461306079    0.05418880571    0.05050582096    0.07504859312    0.02116230929    0.03106542146    0.02228298411     0.1279570182     0.1393578487    0.04257073638    0.06461494688   0.009212461677    0.05666250928    0.09340537886 
    0.3550090884     0.2349362738     0.3441883983      0.163193909     0.3503134836      0.434211377                1      0.875126209      0.713395824     0.5145651101     0.5068109832     0.2370665221      0.511425537     0.6421931232     0.2564203962     0.3058940475     0.4216309952     0.6525806968     0.3199353183     0.1709208509     0.2621165036     0.1061834511    0.07070070835    0.05396381226    0.03355339222    0.03223469626    0.03211469585    0.01272172204   0.004526886246   0.006250845258   0.004258639892   0.001230882986   0.006240920558   0.004616011161   0.007597320094 
    0.7291588118     0.4685431955     0.3122913023     0.3623083562     0.3110975537     0.7602904961                1     0.8080543047      0.404805331      0.950355364     0.5792047661     0.2776645832     0.3193616536     0.2974461105      0.747571112     0.2572785779     0.1458463043     0.6582351941     0.9880890883      2.602708986      2.561635723      12.99230267      45.82274428      96.44694976       39.6007421       58.9325487      61.05026128      10.68353589      6.810553385      4.022044522     0.8588156994      1.266723772      0.276450355     0.2076433719     0.3632702047 
     0.695653663     0.6798529993      1.090149376     0.9193146086     0.5835070672     0.6762969707                1     0.9386963223     0.9620051666     0.8502304711     0.5513581226     0.3207875842      0.233221327       0.60435175     0.2460085108     0.2134214699     0.3455739373     0.3133855186     0.1321853383    0.09883950865    0.02857226501    0.01934971951   0.006082674052   0.003906703383    0.00254918452   0.002177233485   0.002735982879   0.001701120579   0.002611886592  0.0006694870628   0.000931343653  0.0001702988503  0.0002908886026  0.0001062008296  0.0001478939453 
    0.7104420981     0.1710356426     0.2207204045     0.2009910828     0.5526198767      1.008185512                1      0.634034125      1.062686794     0.9456596354      2.130686024      0.883654423     0.4680952655      1.428322575     0.3826434534     0.1950162845     0.1364449273    0.08828214286    0.04796011371    0.05706818722     0.0424964708    0.06683501055    0.01576874609      0.040809511     0.0503708689     0.2550060374    0.06848378678    0.01349612377     0.0216883136    0.02017864204   0.008302934754   0.004805708821    0.06320706262    0.06392173299     0.5395112675 
    0.1365865977     0.1844645575     0.3564942637     0.3452685464     0.3067243354     0.4603062832                1      2.096707088       1.93983441      1.049481367      1.431423099      1.476878377      3.695546284      2.083184096     0.4798895622     0.3427001661     0.2696519496      0.190116735     0.3974612247     0.2562253551      0.305346957     0.4431808123    0.06222609242    0.06333695602     0.0900470634    0.01519190638    0.02413647805   0.006191456342     0.0958367314    0.01173889378    0.01755528435    0.01361977489   0.009803366678   0.002399316067   0.009204179657 
    0.4570848436      0.517208176       1.09280888       1.28268955      1.213370816     0.9651411797                1     0.9419827734     0.8365075166     0.8348327942     0.5065507405      0.622321226     0.1929719114    0.09423621573     0.1070283824    0.04500307294    0.02624904363    0.01297309985    0.01255232802    0.05292524807   0.007940008276    0.01638502594   0.006356538331   0.005022271865  0.0008952656529  0.0007913189071    0.00151818195   0.001198505977   0.001616194749  0.0002085621115  0.0002739716665  6.435250274e-05     0.0002413315  0.0002899911562  0.0006436533233 
    0.3905409768     0.6278622471     0.5799427221      1.128922978     0.6950378086     0.8409068164                1     0.4268915977     0.4710917155     0.4624825529     0.5277111538     0.4420587517     0.6372156345     0.3481774212     0.1741264053    0.04294074099    0.01478826802   0.008886996201   0.004200454501   0.001818499518  0.0008026023705   0.002029454231   0.002789359977   0.003930122515    0.01631685143   0.008372555176  0.0009690822812  0.0009698261041   0.001729696478   0.001048696811  0.0006775690358  0.0006705639783  0.0001834257003  0.0003701615231  0.0003177336194 
     1.393200973      1.144770501      1.003173585     0.5583267148     0.6246766803     0.5252473477                1      0.924347332     0.4922308393     0.4362845354     0.2637906901      0.212080839     0.1377339887     0.1052062106     0.1099631189    0.03787985842     0.0614471391    0.02631465481    0.01063059394   0.007060552536   0.007063056196    0.01236815643   0.001929017232   0.006470246778    0.01160322175    0.01420877425    0.01796463627   0.008714147664   0.006261872508   0.001670081202   0.001912517173   0.001029747164  0.0007435992114  0.0005955464052   0.000406093305 
     1.710042374      3.683194623      5.694741332      1.912902256      1.014191343     0.7654434375                1      1.105101229      1.096373693     0.4078599888     0.2769039801     0.3146865173     0.6457102314     0.2234393186     0.1242456427     0.2357166877     0.1847629686    0.04208911348     0.1279853298    0.04325502566     0.1391910068    0.06927235777    0.04624519923    0.01109031143    0.01132454397   0.004563573808    0.01180066809   0.002015056153   0.003947104541   0.001679019488  0.0003589512805  0.0001603906821  0.0001761163962  9.144023617e-05  9.372202258e-05 
    0.7223123081     0.1791589419     0.3842878583     0.4009478809     0.7743813807     0.8554697734                1     0.5186387227     0.5330311619     0.2760928194     0.3748022175     0.1041840884     0.2183749838     0.1603748608     0.1445486576     0.1960443932    0.03010348588    0.03297152006    0.03339675426    0.02101453276    0.03002420562   0.009475124842   0.004905327231   0.005588935234   0.005810708536    0.01157112179    0.02192842434    0.03063623534    0.06412545703    0.01752674389   0.007341825452    0.01186671073    0.01469593546    0.06383056545    0.01757983626 
    0.3933905579     0.4796184529     0.4693596294      1.114219114      1.187011002     0.8195075898                1     0.7035240625     0.6008970124     0.4840489873     0.9579877461       1.03512843     0.3169318505     0.5728706532     0.4913113357     0.3539846377     0.1935180454     0.2876777848    0.07099562944    0.05929980923     0.0884777174    0.07176698896     0.1072144302    0.04763214914    0.01978512334    0.02498421412     0.0146216041    0.05307924983    0.01010718734   0.008054926746    0.01344573986   0.001618143548   0.001204275654  0.0002010842827  0.0003431624387 
     4.495305817      1.252019368     0.7324619474      0.708823483      1.152159152      1.384906109                1      1.322220377     0.9952956921     0.4397816175     0.6442045945      1.296747921     0.7359607434      1.086441919     0.4874426243     0.5902467059      1.481319571     0.9727106136     0.6892739942     0.4142466922     0.1967363716     0.2251209634     0.0339993282    0.04890232859    0.03871402346    0.01407998307   0.007082831745    0.01261922237   0.001775827089   0.001507419444   0.001019120623  0.0001872252564  6.073702957e-05  3.185142702e-05  8.272602208e-06 
     1.830125151      3.238865022     0.8764587987     0.9177621096     0.7467307434       1.28516899                1      1.650352291     0.9821254802     0.4618064415     0.3494609212     0.3342704565     0.5218941527     0.1346909499    0.05932566852    0.03325927896    0.01120406452     0.0148342186   0.006788897936   0.005526656896  0.0008630902914  0.0005281717136  0.0002988238636  0.0002439660602  0.0001882898464   7.77873608e-05  0.0001013171892  2.377382025e-05  2.701668586e-05  2.511355102e-06  7.822141812e-06  9.449239734e-06  2.066086769e-05    2.9046529e-06  2.652563298e-06 
    0.5964231173      1.107916929      1.203780044     0.8426096154      1.259492664     0.9374023594                1      1.567138693      1.534425213      0.830941686      1.199186461      1.079950907     0.4244403314     0.3198472347     0.4074849344     0.1706844876    0.02668438753    0.01673011743     0.0296069868    0.02330689652    0.02369501604   0.005895079653    0.00295758881   0.002115437733    0.03659594897    0.03023093604   0.004004787082   0.003759841595   0.001309011106  0.0007602769593  0.0004851266262  0.0002313778546  9.328706454e-05  4.405781863e-05  6.173516752e-05 
     1.135070784      3.344063439     0.8878508079     0.9995871098      0.731612949      1.599374801                1     0.9692092559      1.002610595       1.95338475       0.56899221      2.674446845      2.435750125     0.7671744514      1.055658566      1.436318371     0.2732153814      0.104309437     0.1144402732    0.09453042198    0.05494086341    0.01039379809   0.007117098819   0.008328697553   0.007098424515   0.003856039477  0.0002904678759  0.0002702231467  0.0001673771113    0.00038074915  0.0001018830598  0.0001756124971  5.723815401e-05  5.016798294e-05  1.123657506e-05 
     4.651625133      2.161637959      4.931489003      1.619856634      1.482365804       1.74331532                1      1.345901998     0.5197832818     0.2604112969     0.1533481173     0.1662031987      0.069972347    0.04828611897     0.1032404798    0.04648535316    0.04184483639    0.09990709748    0.03576560795    0.01899836049    0.01256300259    0.02277226434    0.04577482119   0.005885673599    0.01148227346   0.003279644719    0.00655766707   0.003160284797    0.00112426069  0.0003851198874    0.00059536202  0.0004085675216  0.0002519889263  0.0001314371732  0.0002173748195 
     1.156301784      1.641088914     0.8437182796      1.094800007      1.636059054      0.757206498                1     0.7198863125     0.3812957086     0.5691330939     0.1952686703     0.3127897371     0.3196130404     0.1279735943     0.1884528762    0.08231092259     0.1120107254    0.05007554022    0.05073270684    0.04244406022    0.01879657306    0.02114617542     0.0142031365   0.002630044455     0.0154733122   0.005631054076    0.01343298684   0.005531170059  0.0006924541399  0.0001989995165  9.206347464e-05   0.000374012643  7.016767189e-05  3.633619725e-05  2.826779203e-05 
     2.072289658      1.599785081      1.480773977     0.6133232565      0.913555032       0.88486425                1     0.5563618418     0.2645658677     0.3926237805     0.2318440176      0.324273645      0.353295822     0.3463840934     0.3856667996     0.2656547671     0.2563973539     0.1017884296    0.03306893382    0.01560153157    0.02936692904    0.05047779823    0.01210001927     0.0292503888    0.01403012832   0.002909914895   0.004291809819   0.006646720955   0.001753929659   0.002833068894   0.001038668597  0.0007661173999   0.000307779095  0.0003771287275  0.0001499060595 
    0.1063349807    0.06752315074     0.1251609008     0.2462357215     0.4077277662     0.4461356543                1       1.22293627      1.375732807      1.052254968     0.5219913237      0.421320736     0.2658811583     0.1434429464     0.1665635989     0.2823438926      0.112743013     0.1174095824    0.05749205883    0.03634239143     0.2274107326     0.4443006671    0.06865670272     0.1855357701    0.05257167846     0.3311178571    0.03740951423     0.0539671372   0.003165050946   0.003510689316   0.002187510705  0.0003646371403  0.0005863367078  0.0001243545034  0.0001306399111 
    0.1351377639    0.08169046787     0.1429369292     0.2957473553     0.5241852517     0.5787085078                1      1.357288834     0.6247048726      1.416614043     0.6993026501     0.4380015297     0.4968462207     0.2972054581     0.3929943177     0.2511917231     0.1579251209     0.2329961446     0.1150233783     0.1188171153    0.06720080868     0.1026873487     0.1005718217    0.07865958125    0.04423196716    0.02903415459     0.1149679406      1.762431782      1.897742574      1.205149754     0.3681929854     0.1347931254     0.0462100518    0.01941947062    0.01535973028 
    0.1415190554     0.1674735352     0.2427178234     0.2469319176     0.5117526424     0.8512700391                1      1.164522594     0.6018258002     0.2354257305     0.1856692366     0.1623753856     0.5738004566     0.1086966141     0.2048159869    0.04228465007    0.04506399045    0.03905596404    0.01059918155    0.02849197694    0.02486327052    0.01240278979   0.004821504175   0.007941577795   0.006417812437   0.003735337539   0.006347544038   0.004427586102   0.001257421966   0.001348824852   0.003701437643   0.001264623442   0.001154823537  0.0003822029376  0.0004053017254 
     1.592274735      2.143519655     0.7228870434     0.5770214036     0.5532530005     0.8356395586                1      1.243104814      5.268681357      2.934997789      2.004683942      1.127876066      2.907588935      1.731584286      4.126094902      4.718704149      6.570300518      1.249602438      5.265970222      4.452048587      6.680449932      4.691085365       10.5970612      8.533943091      1.564804359      6.818230049     0.5111383283     0.8609697178      1.027710373     0.2109995902     0.1232014562     0.2300432016      0.332700171     0.1267355278    0.01964033678 
    0.9670117067      1.701861321      1.005160644      1.869855624      2.959044052        1.6060439                1     0.7431018691     0.9531116418      1.877321252      3.521732482       6.29493608      1.061737552     0.7380140934     0.4252354194     0.1303184343    0.02379178347    0.03428311331    0.02109905401     0.0243281655    0.01653728407   0.003496283943   0.003850631423    0.00432395679   0.005351184753   0.001525102545  0.0009791697374   0.002000616959   0.001098599405  0.0002875193515  0.0001834470384  0.0003588009045  0.0004363152947  0.0001257294819  7.529818496e-05 
    0.8958978982     0.5609532742      1.904831173     0.5823222218      1.079305681     0.8419307324                1      0.765160793       1.79118675      1.123051266      1.602199358      1.165375937     0.4145635631     0.5223416548     0.2956578367     0.5039896855      1.024851743      1.011321356     0.4128367302     0.3979572716    0.08590582733     0.1288185545     0.2636795293     0.2921480147    0.06410555595     0.1278921729    0.01008754092    0.00925248743   0.006268031551    0.03399287985   0.004818926882    0.02284165005     0.0173110971   0.006862141459   0.008177346913 
    0.7670170897     0.6364102819     0.7923574334      1.199534001      1.435326321      1.098564041                1      1.243956443     0.7411769183      1.885969038      1.138473729       1.60657714      1.802246186      2.153602237     0.9740711166      1.021311408      1.060550602      1.651188714      1.552618497      1.064916993      7.477107597      23.85827147      4.471994183      2.527356663       2.28402398      4.644301522      1.719432588      1.292632529     0.4516183502    0.08443896333    0.08250614581     0.2232158618    0.03250360724    0.03853296529    0.05742082896 
     1.141042001     0.7632453032      1.180128446     0.6852747778     0.9139616108       1.16724467                1      1.326298857      1.560810151      4.720497631      3.034145319      1.080057795     0.3154415418     0.4589559895     0.3570394144     0.1714314789     0.2509716255     0.1585194225     0.1527324454     0.1194583716    0.07768299959    0.08834950598    0.07901435919    0.01537304713    0.06187469203    0.02233188796    0.01839036665     0.0172232898   0.006804437214    0.02525424654     0.0150594934   0.005080928559   0.001465508716  0.0006389966197  0.0006333888961 
     10.94271144     0.8660354115     0.5382803406     0.2588344051     0.6785558601     0.5064234512                1     0.4057177266     0.4423141925     0.5692055692     0.2728414975     0.3422243676     0.4872030622       1.00756204     0.5256341913      1.441142554      0.874421744     0.7396504523      2.701659423     0.4574188231     0.4328457795     0.2179103014    0.04980700531    0.07573072603     0.0438396349    0.04523890415     0.0102004376   0.001781858284   0.002623626956   0.002241566163   0.003320894489   0.005263796423   0.004290413985   0.001557028345  0.0008091129126 
     0.366987269     0.5106970466     0.5177277718     0.2134485702     0.5032433253      1.082198877                1      1.252694896     0.6953162456      1.140666555      1.956622778     0.5667830338     0.6461840601     0.4453652527     0.3149681509     0.1594699684    0.08589963957      0.186842554     0.1796545667    0.05966569159     0.0115312968   0.006397743734   0.009715505022   0.007864480217    0.01355325127   0.003538299635  0.0008313791101  0.0009005131876    0.02424630771    0.02213707938   0.005605736756    0.00261130667  0.0005003099861  0.0004011193012  0.0004369952917 
    0.6537904408     0.2656156043     0.8875347257     0.4762142098     0.7175336829     0.6902286094                1      1.293218383     0.9068697595     0.5038055428     0.4577804725     0.4636985625      1.393595911      3.545968034       1.68040719      1.589652942     0.2799605097    0.02904930629    0.04676209031   0.008926271174   0.004450011647   0.004188238173   0.001764411264   0.001649767209  0.0004739406053   0.002024255608  0.0009790583334   0.000445794168    0.00013596589  0.0001381859655  0.0001573946772  0.0001886393286  9.345435863e-05  5.072911187e-05  0.0002105994986 
    0.9255534639      2.073434311      1.290429455      2.003643885     0.9516970513     0.9041024629                1     0.5454119121     0.6872567361     0.3646821845     0.1519166998    0.05118512866     0.0413388072    0.04197577785    0.01397145763    0.01246862485    0.01304630209   0.006738721933   0.008497265752   0.003220847095   0.006871345847   0.009202568492    0.01033124279    0.03675611459     0.0284122057    0.01569802884   0.006538883899   0.008201210367   0.004613180724  0.0004576777769   0.002808338762   0.000819806668  0.0005715500259  0.0002826633513  0.0002765805479 
     1.716923445      2.438137931     0.6634498936       1.21148707     0.7580166484     0.9972225391                1     0.9787448164     0.4555229156     0.6811668268     0.5686637279     0.4228896125     0.1808864145     0.2594095214     0.1798038229    0.08898035797    0.08101066127     0.1892846227    0.04018861732    0.01667285828    0.01648458103   0.007852439672   0.003844294333   0.005270173714   0.001583713007   0.001420594845  0.0009757934339  0.0008014776827  0.0001617702807  0.0004149665915  0.0003347299956  0.0002180500957  0.0001002589037  0.0002422417449  0.0001440266367 
    0.9020473928     0.7562941281     0.3509276369     0.4041966567      1.042032978     0.9116180684                1      1.069250365     0.5955271179     0.7584847448        1.2763298      2.619717333     0.8490682684     0.4501381106     0.9331263206      0.772592731      4.005700491     0.5822418751       1.07049918     0.2799316849      1.435995043     0.2003231867     0.1632159146     0.3111776808    0.07164515601    0.02397922762    0.04977913711     0.1087892237    0.01726992259    0.04253190171    0.03113411981    0.02976597081    0.06020061389    0.05107149545    0.02005858414 
   0.09968482412     0.1988346544     0.3561275808     0.3576843291     0.3913838287     0.5132096914                1      1.232453654       1.16584643      1.090898695     0.9299812184      1.010589809      3.898125662      1.242837457      3.022972469      2.470147143      5.356297617      12.52730482      13.63191224      93.09743553      75.06128129      98.22048832      30.00215975      38.35229058      7.950878061       9.11909833      2.185669227       1.48675932     0.6816992902     0.3212711452     0.1858015114     0.2684877293    0.02178933093     0.0089974234    0.01896812006 
     1.015005423     0.5284174797      1.065913089     0.5542794105     0.4254830502      2.173239916                1     0.9247998867     0.9576321976     0.7202077831       0.70611772     0.8497785834       3.71751114      5.703768554      3.433729838      5.488616803      1.743830129       45.4521507     0.8590396865     0.3286639249     0.1463976628     0.0376171695    0.05626639551     0.0248955303     0.1422648405    0.05088126518    0.01975988054   0.006993974987   0.005701591378   0.002387742866   0.002596544155   0.003685763265  0.0009117432594  0.0006077560478  0.0002882823577 
     3.434280188      4.444440907      2.256043647      3.603753591      2.173026173     0.8357296484                1     0.9075762871     0.8157948867     0.6843241519     0.2326952601     0.1471077912     0.1230090507     0.1075383953      0.122007712    0.07009243309    0.02869780388    0.01068067885    0.01264427091    0.01333294537    0.02057273346   0.007206088921   0.002747177237   0.002404537943   0.001786835904   0.002912176524   0.003182044616     0.0027779491   0.001712103331   0.002507743235  0.0007377597955  0.0004378009147  0.0001225938628  0.0001604995497  4.250492721e-05 
    0.8356260472     0.7070776138     0.4165608713     0.6683654125     0.8812739333      1.695820105                1     0.5140477285     0.6035460623     0.8726571956     0.5874475692     0.9272251016      1.792718472      2.024754363      0.548803047     0.2488143379     0.1201033268     0.1164811945     0.1295301012    0.07552793514    0.06072599294    0.02843469051    0.01860409868   0.006631421149   0.008514856145   0.008252334123   0.009287697765    0.01293626085   0.008896596986   0.004879087453   0.006418293637   0.001980088987  0.0003685104438   0.000388604905  0.0005440170014 
    0.1725021201     0.4222410583     0.6915323577      2.136417368      2.243456195      1.360052863                1     0.7174842676     0.8816056571     0.8087860104     0.8421074859      1.415310873     0.4190072501     0.1132661782      0.184115826     0.3390492988     0.1812273369     0.3846238348     0.6527087804      1.773895967      1.434874827      1.172235247     0.7640836067     0.3444423927     0.9456474158      1.275508564       1.36863917     0.5400264138     0.2859922062     0.8679903006     0.1417737305     0.1172327092     0.1343534863    0.02061272489      0.262645566 
    0.4167089027     0.8829863452      0.440439672      1.124402338      1.012946154      1.013724098                1      1.205264072      1.178991634     0.7652808589     0.9278109442      1.268732858     0.7834053156      1.567752911     0.4757136576     0.9951603892     0.6291732655     0.1058370969     0.2105120919    0.09245560407    0.08035240386    0.05391711721    0.04144461871    0.04172637677    0.01051217604    0.02232183417    0.03434337788    0.01079818058    0.03099979674    0.01674260011     0.3018638244    0.06954135233    0.03221344594    0.03035784651   0.008286485001 
    0.6720479657     0.7549167895      1.232727068      3.541721719      1.280826977      1.728927121                1      1.027735152       1.11476339     0.6465492145      1.199014119     0.4565795762     0.1859336855     0.1208357323     0.0267639515    0.01573677337     0.0380252339    0.04511861385     0.0387389465     0.0356695716     0.0263278023     0.1307217563     0.2355515207     0.0495742363   0.004949940087   0.001211361638  0.0004934968291  0.0002571244953  8.594826724e-05  9.302750111e-05  2.387635214e-05  5.766635908e-05  0.0006065663272  7.506884387e-05  1.643681876e-05 
    0.8213007819     0.2813236367      1.301547687       0.58559189     0.8185485306     0.5710562559                1     0.6786218984      1.232890726      1.770995101      1.851906017     0.6664974357     0.6995844286    0.06126783929     0.1285419421    0.08742006738     0.2712987402    0.07728957386    0.04669146408    0.03884632017    0.01884223674    0.03946032215    0.09949635068    0.04353466842    0.03825142786    0.03740950236    0.02468428936    0.02818398321    0.03156467096     0.2853464695    0.06603765283    0.06945786259    0.05962596894    0.05676956641     0.0866518075 
    0.4696175308      0.422090307       0.24794174      0.445672142     0.7119286992      1.340957533                1     0.9017444551      1.032542049      1.177601718      1.285170123      1.517571415      1.410399255       0.65855001     0.3810913862     0.1593240602     0.1297207948    0.06379276524    0.03650300283    0.02977660175    0.04429590973    0.02896008178   0.006752974339    0.03786568415    0.04962742715    0.07045453308    0.09797745045     0.2030592062     0.1080092289    0.01497883666   0.004745293599   0.008054894156    0.00438323026   0.001351815885  0.0007213273523 
     2.036696022      1.912245349      4.676406241     0.9339091867      1.252963907     0.4647835234                1     0.9326649219       1.79468453      1.524681209      1.749021602      2.548461989      4.905160768      3.219853835      2.152126411     0.4910032861      0.605444234     0.5010554843     0.3549172336     0.2811407672     0.1210640868    0.06442006147    0.07809002983   0.008723380671     0.0130014507    0.00568141179   0.007367189298   0.006704715021   0.004431692148   0.004760749456   0.001714797783    0.00076615649   0.002752117929   0.003631567265   0.001085498566 
     1.816628277      2.162235483      2.002843381     0.9116539198     0.8212521371     0.9615166348                1     0.9680671855     0.5753257879     0.5073911105       0.50919523     0.2794993773     0.5206127201     0.1901539211     0.1091975099     0.1133809989     0.1032887501     0.1348266427     0.0636143778    0.04620573134     0.1445753511     0.0401902242     0.0178140422    0.03949000997     0.1722598954   0.002513681414   0.004935822717   0.005713565747    0.01491520042   0.007980126777    0.05289029742   0.007225176025    0.00819009412   0.007418219581   0.009506240839 
     1.017766988      1.097406133      1.025137941     0.3958288603      0.527813708       1.21504008                1     0.8362295215      1.145981432     0.3174320212     0.3505554646      0.335396377     0.2130267994     0.1871253752     0.2537595176     0.1482774434     0.1468854146     0.6343762497     0.4365868842      0.638453392      0.297843027     0.2434409653     0.2229796943    0.08296372573    0.01727198874    0.03174188068    0.02563485497    0.00842111073   0.007349225551   0.003426330962    0.00792838676    0.01242306889   0.004181168146   0.003036749167    0.01390151033 
    0.9745090728     0.9966237641     0.5463989666     0.5245957087     0.4623862969     0.8287574062                1     0.9102455469     0.8486532404     0.7604038731     0.3125549738     0.4917353799     0.9507181802     0.9677269552     0.8713182902     0.7954111357     0.3136279104      1.432357104       2.16942106     0.9006718042     0.4055717076     0.2584228814     0.1261104422     0.2243537211     0.1061462819    0.03267899955     0.0223337508   0.005197444102   0.005031355348    0.01002219313   0.002775549163   0.001474849022   0.002447950871  0.0006693323205     0.0027523995 
    0.1517090135     0.2989093869     0.6031809501     0.4301272888     0.5741835603      0.817109877                1     0.6672250332     0.9092311172     0.4201903356     0.4231305624     0.4409743301     0.3873130684     0.2868881366     0.1164490542    0.08103962505    0.02674468994    0.02784644026    0.01613156798    0.01341217334    0.02195375459    0.05558565618    0.03179977127   0.008539150282    0.01041592878   0.006252850913    0.00341450837   0.002779858017   0.002779684153   0.002594702532   0.003826144817   0.007382356157   0.001430239913   0.003064380696   0.003933934455 
    0.1796404125     0.4884441972      0.869486835       1.05741957      1.246320745      1.013529559                1      1.325388352      1.246398546     0.9618027661     0.4747380837     0.7331672446     0.7844126659      1.302022449     0.3070530072      1.430521162     0.6589938371     0.4637161479     0.1792878927     0.1801907429     0.1281010635    0.04737624513     0.2257833781     0.2087640606      1.499491383     0.1026260514    0.04113715665   0.006343058961   0.004784336679      0.002888098  0.0007175338558  0.0002770781879  0.0001371947187  0.0001648502391  9.302897025e-05 
    0.6389654227      1.250010498      1.609348661      1.057015819      1.007808542     0.5918538555                1     0.7406793867     0.6261177366     0.2120308897     0.0850678731    0.05698096282    0.04560419547     0.0344844202    0.01829980496    0.06171230332    0.06956600125    0.01595845391    0.01354782146    0.02339262313    0.02483865023    0.03679964117    0.03032466362    0.03546886592     0.1310142501   0.008733832187     0.0144589856   0.007817367432   0.004214693667   0.005347275369   0.001031966909  0.0005141998765  0.0004064416605   0.001232176204  0.0001946373515 
    0.5559118844      1.335417099      1.124008679      1.467471539      1.396426872     0.9668340371                1      1.021755922       1.20927525     0.9026061378     0.5370770677     0.2501604285     0.1787865713      0.123935384    0.08426809953    0.05856713605    0.02109754696    0.02471615146    0.03136931324    0.02364841434     0.0107396612   0.009487536364   0.005955240822    0.00185957732   0.002815183084   0.001019186436   0.001353430611  0.0006262985844  0.0009618216672  0.0004232715226  0.0001266862861   0.000329183925  6.531101202e-05  0.0001304429007  0.0001142418732 
    0.2819558576     0.2810211247     0.5572797575     0.5851820003     0.7428943724     0.4094546895                1       1.05488199       1.57767945      3.220455486      1.100218876      3.017799725      1.688122377      10.07886552      1.698403307      1.728033159      1.034004318      0.228639117    0.07565467292      0.185941398     0.3032999287     0.4452041593     0.7080361186      1.049882876     0.1682418423     0.2970061612     0.1997602823    0.09665938513    0.04681335194     0.1550049112    0.07431956518    0.03544096208    0.01636863816    0.02697559653    0.02281179527 
     3.845219458      2.529295979     0.7869314007     0.5924324368     0.5799927847     0.6644805977                1     0.6872079004     0.2502859877     0.2018717881     0.1245597441     0.1505246454     0.1269188104    0.06395442121    0.04706110179    0.01515874651   0.008830964012    0.01078669263   0.007687154792   0.005675143473    0.01058088549    0.01046292139   0.008244829783   0.003836842195   0.003121190265   0.004380951006    0.03653702058    0.01520971569   0.005494646668   0.002094674426   0.006596734382   0.000600015404  9.716709823e-05  3.899580944e-05  3.847844842e-05 
    0.3944309465     0.5360129796     0.2069162649     0.8400061532     0.4158144226     0.4618223574                1      1.919957334      1.716246305      1.364373544      1.142427286       1.58976397      1.119310763     0.3807944096     0.2256327268    0.07885661848    0.02142458708    0.01720382466   0.007457060324   0.009414607066   0.004107692836   0.002762134196   0.002351236519   0.002492949092   0.004152889589    0.01159887036   0.001842084247   0.001060903457  0.0003278388068  0.0006627671344  0.0006184934822  0.0002104599893  0.0007309942557  0.0008395503268  0.0001368796578 
    0.1596072028     0.2111247433     0.3779290017     0.6252667323     0.5689220481     0.4847089766                1     0.8539377773      1.245431971      1.467826941      1.796366642      2.136002425      1.251625367      1.390863448      4.064094522       2.76114821      8.419381407       1.92205237      3.036361757      1.984182433     0.5103326654     0.3840667377      0.723824322     0.5206172145      1.056847121       0.92673619     0.4392908573      1.373796409      1.609197208     0.2093401842    0.06340095752     0.1519049847    0.09780461715     0.0333930171    0.02396333608 
     13.29038798      4.860159939       1.34210105      1.953467966      1.127697273      1.077011715                1     0.5501488848     0.5774146194     0.2667176046     0.2378047063     0.1868876215     0.1134642398     0.1063041042     0.4234828599      0.862201436      1.911460916      1.114207283      1.165227086     0.6585225319      1.130065806      3.156620228      2.390066097      12.54902263      35.43840046      2.234665503      4.686467085      1.716981267     0.5274706667     0.1250903776    0.02097997122    0.03957426381    0.02241465072    0.02257965894    0.03963970314 
    0.1445871395     0.1966922768     0.1660029197     0.1028947783     0.3930091887      0.350463043                1     0.6304416445      0.517999379      0.288443348     0.4330605775     0.2044024949     0.2140375771    0.09227149261     0.2476657723     0.4819374174     0.1350667155      0.049323512    0.04514511052    0.04974564706     0.1372161371     0.3875194017    0.06181930692      0.116265945    0.01339781534    0.02260030671    0.02550897176    0.00819545904    0.01269285143   0.004247454681   0.007146845862    0.01223642767    0.00213054563   0.000520661231   0.001696955632 
     1.246009497     0.8345324096      1.103711696     0.5214597676     0.4699336483       1.25687442                1     0.7040888398     0.5790308066     0.4075666285     0.7086563289      1.469336027      1.194611666      1.434295995     0.2246095797     0.2800912668     0.1111501737     0.0925148381    0.09484261244    0.02315108151   0.006335416636    0.01203156584   0.007225054211   0.009932193673    0.02746370487      0.008286424   0.002950999782     0.0019835508   0.001933186408   0.001015212088    0.00307472402    0.00624378794   0.003324811599    0.00412594809    0.01260234326 
    0.4509668293       0.40564013     0.4721971026     0.9033897524      0.922141269      1.124368738                1      1.322531738     0.6706443028     0.3072440949     0.1354734167     0.1699328042     0.1299863388     0.1042826871    0.05601896583    0.04522702576    0.05952210855    0.04214880351    0.03621928575    0.03429111395    0.02330558556   0.007798383665    0.01689443342   0.002564669059   0.004333350088   0.004619363929   0.002229290216   0.002231708224   0.001701920567   0.005477421341     0.0166631993    0.01099624782    0.02062977569    0.04524933432    0.02109493833 
     1.005768486      1.151965639      1.454907539      1.119215597     0.7084901475      1.118088344                1     0.5356169609     0.6449284858     0.6998636347     0.2745676135       0.39907085     0.1678052506     0.1795438322     0.1043707529    0.07593888202    0.04185508555    0.03721206325    0.06775127146     0.0415595264    0.03053408005    0.01513601323    0.03628555835    0.02454038196    0.03028904617    0.01953226367    0.03093599803    0.01604588715    0.01791913159   0.001770293581  0.0007978698048   0.001200074482    0.00203493071    0.00181213161  0.0006373676535 
     1.074271149      1.432922505     0.8467083179      1.271610232      1.041292534      1.071427826                1      2.561009945      1.019664164     0.7329144702      1.806697083      1.535871789     0.6912235925      1.449776109     0.2555276988     0.4573632078      0.921055548     0.3179922938     0.2429281476    0.06178498433    0.03156041914   0.007167180223   0.004334101154    0.00280094699   0.005877201199   0.002414818095   0.001795192689  0.0003103187369  0.0003754920616  0.0004300359084  0.0004626953196  0.0003898051972  6.161148699e-05  9.686275546e-05  9.118510186e-05 
      2.87718197      1.035202793      1.025858462     0.5415302112      1.044853334      0.560766416                1     0.8346314082     0.8537101528     0.6533313715     0.3439319223     0.2367049517     0.4173792039     0.2478898354    0.06460473126     0.0197897815    0.02153909293    0.02121849231    0.01951988943    0.03564122981    0.01009961619    0.02564177113    0.01601251308    0.01551223713   0.004021096506   0.003416727712   0.001543941162  0.0003883564498  0.0007318781016  0.0004988796268  0.0001242614768  0.0003503016858  0.0001923920166  0.0001369654509  8.721120892e-05 
    0.1892331209     0.2959103207     0.3759794153     0.4553403494      0.952894234      1.242688588                1      0.966592582     0.4742527471     0.2847018517      0.376316618     0.4762516435     0.3458023647    0.09765910747     0.1895074136    0.06892111549    0.08122416209    0.05112327398    0.04356667021      0.159889257    0.06212852127    0.07554506436    0.03292983453   0.005940430351   0.002035001449   0.002599471028   0.003230588199   0.001775349271   0.005124300471   0.003914995175  0.0005582516118   0.008222015148   0.001201777414  0.0008740365767   0.001618813393 
    0.8443375508      1.008611526     0.7772293108     0.9553507515     0.9433409854     0.9210902539                1     0.6781458535     0.9319183192     0.7268229009     0.5337487472     0.4767612852     0.4387215546     0.2709749881      0.294044035     0.1396879458    0.08346874265     0.1838434859     0.1731767229    0.05025597511     0.0835882014     0.0947755224      0.277179646    0.03085076271    0.03877984594    0.02508489619     0.1067592265    0.08295176361     0.1351927998    0.05981888447    0.05492767006     0.1330558766     0.5164481872     0.2652704069     0.1192782526 
    0.4715572371       1.00642626     0.5579874973     0.6051255977      1.280194119      1.961335264                1      1.215337301      1.469773643      1.325558775      1.456286742      2.561129289      2.800331009      1.413096076      5.052776176      2.633848151      5.320328148      2.574092949     0.9947247902      2.314302448      2.676549644     0.9883120669      0.432361193     0.1044417243    0.02035491125    0.01487295431   0.005472926864   0.004809100775        0.0035839   0.003247622752    0.02238967759   0.003260961973    0.06126496606     0.1316102717   0.008251262643 
    0.2594883197     0.3549422793     0.1949308387     0.5688733667     0.7842887628      1.200244811                1      1.483876744      1.667617002      1.416599726     0.6185502081     0.5653537804      1.229036031      1.108287953      0.428774157     0.2784802313     0.1331559234     0.3883855997     0.1382539189     0.1035712302    0.05537368285    0.03426738818    0.04275463877    0.02784433312    0.02023613361    0.01754706801   0.004141345731    0.01251823339    0.01292984018   0.004732854616   0.001317078104  0.0009244847677  0.0007095935799  0.0003969713453  0.0004109257963 
    0.8045947038      1.823469047      6.535614984      1.548237161     0.7496001025      1.393974125                1      1.141732604      2.079219255      1.018275626     0.4252793697     0.3594247485     0.3389700948     0.9120396909     0.2980924778     0.6663613848     0.3051746939      1.276631876     0.3010567026     0.2914617093    0.06152414974    0.02332469408    0.03934394765    0.01656869034   0.007471890759   0.003659986974   0.002765526821   0.001142260125   0.001552802376   0.002208785831   0.001245149889  0.0002632023748   0.001621299092   0.005384931887   0.000817226739 
     2.904844662      2.165678227      1.957167888        4.7514277      2.152968569      1.570046002                1      1.321865652     0.8721792495      1.254649452      1.233017562     0.7312367918     0.4374036642     0.6168003475     0.2371274548     0.2779154828     0.2537435793     0.2894373331     0.1881995965     0.3658895811     0.1826802551     0.6158957894     0.3615710333     0.3310929975     0.5355152369    0.03614439361   0.008155223846    0.01659496803   0.005985288031   0.001970169389   0.004151478812   0.004041841003   0.009906375212   0.003910568127  0.0003023292195 
     7.386769328      1.308504417      1.391503344      4.019276066      1.616557472      0.827802125                1      1.137555025     0.8846910554      1.781727175     0.5306464609      1.746500781     0.3813067335     0.5590387057     0.4431018733      1.305716038    0.08480976401    0.06347033415    0.02311577837    0.04467097314    0.02367127603    0.02899375358   0.003030450666   0.002597655246  0.0009587419673   0.001318758295  0.0004423506754  0.0001563913458  0.0001177558969  9.664721269e-05  0.0003335492981  0.0001826634278  0.0002704793814  4.497473603e-05  3.301104765e-05 
    0.8294991879      0.648321455     0.3700366972     0.6909816667     0.6708280258     0.4028479062                1     0.4220640859     0.1976419429     0.2324704019     0.3456577779     0.2942346896      0.232393826     0.2632661825     0.4519960281     0.7939665009     0.3235590929     0.3300485394    0.09060330554    0.09018235195    0.02260111418    0.03458207586   0.005278011019   0.007399656957    0.01646792272   0.002716406801  0.0004222230813   0.001748141405  0.0006482159397  0.0006807240482  0.0002606030375  0.0002781104635  0.0008751118105  0.0001602516025  5.802376545e-05 
    0.6164162414     0.4955886108     0.3212522294     0.5405562158     0.9290090049      1.166660068                1      1.521647525      1.619450996     0.9693822554      1.394829403      1.988066026     0.6278232631     0.5270938364     0.2886118082     0.1516920773     0.2983861035     0.1407639692    0.09859634861     0.1203937333    0.04953069856    0.04623585668    0.04725088305    0.06019529545     0.2103444656    0.06697231574     0.5016133897     0.2643659892    0.06524817002    0.01541997905     0.0196174318    0.01891753717    0.02481100101    0.06598980172    0.02920778771 
      0.43246576     0.8110752325     0.3892150224      1.128235109     0.6141225964     0.8557673281                1     0.9339945566     0.7331384594     0.3156684367     0.8621659897     0.2457959018     0.2202319781     0.4281369169       0.35645508     0.6412741291     0.4824345478     0.3911044714     0.4080825878      0.293001847     0.5572012953     0.7070595409     0.4123169554      1.706467119      1.661618735     0.8529627453      2.816368305      1.310865391     0.8852271958      3.162634527     0.3371544314     0.4260678116    0.06720799984     0.3069726516     0.1041290139 
    0.4600765504     0.8932546974     0.7893472644      1.021297486     0.7996873854      1.358036631                1      0.843862834     0.7142942881      1.187707737      1.499467375     0.7145721512       1.39430785      1.162631266      1.215735023     0.2840724818     0.4873939002     0.1084931768    0.06450720938     0.0274242849    0.01590678702    0.01556349829   0.007212065325    0.01985673775    0.06397209158   0.001041972742   0.001423537112  0.0007360995186  0.0008770024277  0.0005793701062  0.0002239210002  9.920995065e-05  7.243845288e-05  0.0001960960135  0.0002620128655 
     1.924658071     0.8234075243      3.614891657      2.169914227      1.949184108      2.941505906                1      1.523868764     0.8120830183     0.7483243414     0.5450043063      1.630953357       1.08007547     0.1560210591     0.1715182485      0.348616147     0.1165134726    0.03652152319    0.02395141907    0.02957309772     0.3954903674     0.1031205078    0.09268537732    0.04158749859     0.0257071897    0.03023271631    0.02299588946    0.06336024244    0.02520587176   0.006709667958  0.0003729449235  0.0008376764431  0.0005273861409  0.0001608151345  0.0002079177772 
    0.2968945136     0.7069406693      1.094266702      1.270958921      1.447529557     0.4483172598                1      1.622739057     0.8527981138     0.4717176081     0.2526819346     0.2392495587     0.1079604694     0.2046410946     0.1905266644     0.2415280815     0.3700291589     0.6734232871      6.222905341      2.508850064      3.860574418     0.4976707375        1.5725988      1.109987385      2.555912935      1.132791516      1.292243154     0.8348470872      1.156425246    0.09946870336    0.06120670535     0.1434184267     0.1169287624     0.0631167128     0.0691295468 
    0.1627287611      0.338018525     0.6389677889      1.076480948      1.195816569     0.7220545137                1     0.7662451758      1.749493838         1.970696      2.560896507     0.8143371018     0.7301842781       1.67318443     0.9908592111     0.6571236189     0.1882922013     0.1134572953     0.1217387919    0.08263421202     0.1767883608    0.09460796794     0.2854639951     0.3158562397      1.942414475      1.927525811      11.55119657       10.7915163      22.99200986       8.74698701      22.86474305      19.26102166      3.249867672      10.62956682     0.7953204099 
    0.4061980686     0.2504084062     0.3769025098     0.9255966857     0.9513015378      1.273082592                1      1.004284969     0.7068902516     0.4203135852     0.2990236028     0.2903464642     0.3688641839     0.5895246154     0.6466434353     0.4512574295     0.4239876184     0.2667268774      1.452552393      2.170697862     0.4657457388     0.5261491132     0.8157222327     0.4972948565     0.2067255194     0.3220693888    0.06493337857     0.1198072295     0.0449198755    0.01617235839    0.01261837938   0.006483278052   0.001084513965   0.001234025576  0.0003431375355 
    0.4635681414     0.1340984197     0.1745576695     0.4662216098     0.3472085022     0.6545962227                1     0.5418123926     0.6501682673     0.3201831079     0.5286562937     0.8364781151       1.12796177     0.3214479465     0.3558633488     0.1090018645    0.05745670852     0.1044750912    0.08339293436    0.02081015768    0.01838893389   0.007939445041    0.00164601317   0.003623373692  0.0005813573635   0.001586880704   0.001063636582  0.0002418417437  0.0001466732335  0.0002067436302  9.675214738e-05  5.111285391e-05  3.167292461e-05  3.489958362e-05  1.882524415e-05 
     1.673054525      4.666069108      2.048946584      2.300722079      1.338233013     0.9031851855                1     0.8260331211      0.401860434     0.1074790268     0.1269877735     0.1037759037     0.8330531593     0.7316669143     0.2839902393    0.06209964179    0.06877569346   0.009097521469    0.01638800822   0.003389644099   0.001219276997   0.001770831834  0.0008925683935  0.0003107397345  0.0001383617928  0.0001453066143   9.14283368e-05  0.0002440453238  0.0001932031777  3.641898131e-05  1.358434256e-05  1.656547361e-05  5.840571812e-06  2.240402143e-05  3.599380411e-05 
    0.6259831856      1.000604133      1.099854955     0.4322752646      1.131721565      1.708476367                1      1.392439883      2.734348848      1.122927857     0.6331186333     0.2121917596     0.1045603061    0.04463214268    0.03547876605    0.04123118211     0.0259671014    0.09243306705    0.03050957449    0.01963228054   0.007578924828    0.02271602299    0.01055582577   0.003171062275   0.005586990932   0.008636823131  0.0008565090926   0.002827475061   0.002612129659   0.002512045368   0.004056576813   0.001777340977   0.001768912164    0.00109876667   0.004123544669 
     1.702901306     0.8978882774      1.651634225      1.088210636      0.633123197         1.232685                1      0.860463373      1.036042627     0.5736001666     0.2752161531     0.6826146048      1.196711754     0.8188689983     0.7259939438     0.3269493843     0.4978979212      1.025059974      0.716825844     0.1217836771    0.06904612034    0.03120372528    0.02826864083    0.01366565417   0.001882347646   0.003236113589   0.005381118852   0.002116610858   0.002688029786   0.003733712005   0.003513029022   0.002455754747   0.002725133887   0.002226996871     0.0013042874 
    0.9790148719      2.158316416      1.336294286     0.6602871618        1.1022122      1.345628426                1      1.228813189      1.841562687      2.236602333      1.799587218      1.367105774      1.105164238      2.205515928      1.724706804      5.199898348       4.03162501      2.951899105      2.597268677      2.784039117      1.990440867      2.502582571     0.4092742721      1.571918974     0.5391111332     0.3710603242     0.1513363386     0.2998735751    0.08698908989     0.1428378125     0.1018597803     0.1299951155     0.1263465988     0.3315394876    0.05405285495 
    0.6750293947      0.979204823     0.6411848626      1.093734411      1.824471473     0.9495869785                1     0.6319506875     0.5516756111     0.5014123937     0.3703491835     0.2484478728     0.2090575545     0.5234537165     0.7469336991      1.001687868     0.8383330919     0.1311575201     0.1811867095    0.07479997706    0.02391626658   0.006969391372   0.006496562937   0.005803806356   0.001495117001   0.001616629897   0.001970836639   0.001719096404   0.001331026585   0.000461752101  0.0004509411072  0.0002655333311   0.000221312511  0.0002620103448  0.0003302084536 
    0.4249095966     0.4043227323     0.4673856411     0.9492593831        1.4662889     0.7126118008                1     0.4465347754     0.6447560077     0.3575613858     0.2955281775     0.2199504044      0.222608077    0.08650364825    0.07801640956    0.03853929244    0.07829201802    0.08135017613     0.1376561231    0.02017998568    0.01210604092   0.008163863209   0.003156600807   0.002876128777   0.009271456427   0.006259530624   0.003673337059   0.004361951858    0.01477867578   0.009309661354   0.007158474375   0.001879540958  0.0006822137916   0.001422017325  0.0006748210575 
     2.179521722      1.574265314       1.03337205      1.227361999     0.9296300902       1.46249075                1      2.260046859      5.813823506      2.573605493      3.183882633      2.882464263       1.08870748      1.971294599     0.3384837799    0.04214093659    0.05746865449    0.08020470799    0.07130979522    0.08620398555    0.03766773479     0.1456976693    0.03424534406   0.009994281245   0.002240217492   0.002779870197   0.009131430608    0.04397101652   0.004786640204  0.0006332136379   0.002170140509  0.0009921466007  0.0001850307809  0.0001203911867  0.0001299596775 
    0.6226989678      2.267256142      1.223165729     0.9945068841      2.258978464       1.34435923                1     0.6061422773     0.6114624048     0.4897169774     0.2811564932     0.3052194931     0.1190702961     0.1294287339    0.08078201913    0.06799226309    0.04520132452    0.02593711625    0.01307844313      0.142763538     0.1063584576    0.03958223562   0.005401242153   0.002332436402   0.003381954664   0.002652997909   0.001083961983   0.004162892118   0.007657071686   0.006634274305    0.01017926185    0.02930041059     0.0167270374      0.020717607   0.006602647982 
    0.2940917512     0.9076138661      1.066270292     0.9433806132     0.8646596174     0.9867917383                1      1.016061238      1.097971058      0.700586468     0.4652332266     0.4896590247     0.8178165604     0.4176620474      1.268789433     0.6993775565      1.675517675      1.150859388     0.6616611804     0.2974266759     0.1446306425    0.07948363936     0.2239153337     0.5479654936     0.2829444074     0.2675801849     0.1169811993    0.01815036275    0.02082436242    0.01138619569    0.01073766298    0.02964697861    0.02327919373   0.006001309295   0.004374838493 
    0.2382188125     0.4571760166      0.865107961     0.9426804292     0.9062939819      1.146064492                1      1.912635215      2.529213285      1.737752418      2.281072775      1.712244606     0.5318182605      1.194214194      1.001581903      1.839375102      3.979140987      8.853307055      17.30827795      1.219227566      0.392341652    0.04690725087    0.06334768258    0.01578705904    0.01619890629    0.01612975957    0.01846124405    0.03790345616    0.03822029476    0.00257362775    0.01128552571   0.003251689315   0.001698346212   0.001099544354  0.0005911529314 
     0.871800525     0.2951928943     0.7453716443     0.4474302745     0.4785160424     0.5799906035                1     0.6005306953     0.6408675725     0.8121428458     0.7046852846        1.2503875     0.2422506987     0.1046820916    0.04038699644    0.03180782555    0.01288045466    0.02053273297    0.01507434998   0.006271035085    0.00509314315    0.00543794215   0.004654181207   0.002539295062   0.001972703598   0.002049059007   0.001069368309  0.0003645372124  0.0006459640798  0.0007120052072   0.001545022262  0.0003045686103   0.001000123793  0.0005880542494  0.0001642075498 
    0.5785663436     0.9829403677      1.143096681     0.5553814624     0.6369207051     0.6813912187                1     0.9129209922     0.3843454877     0.3182651829     0.3641132834     0.1339089857     0.3161420923     0.5471634908      0.563607929      0.354402348     0.1920572503    0.04449022575    0.09971149038    0.06529185283    0.01382194015    0.03901574166    0.01563755506     0.1923823862    0.03519362115    0.02846924624     0.0511128502     0.0149243989    0.01873938525    0.02540595686    0.01876540138    0.08748671835    0.04714489924     0.0249404522    0.05462287145 
    0.0906530253     0.1371093281     0.5427334908     0.4574093044     0.6488811099     0.7168533652                1      1.212779342      2.375178057      1.956724098     0.7473892672     0.8025211054      0.170670583     0.2696836981      0.139772951     0.5072829219     0.2561251356     0.2563812707     0.2885099184     0.2653404819     0.1301894604      1.919598637     0.1137336946     0.2190486019    0.03487248593   0.003176121749   0.002347990452  0.0002843803336  0.0009947474798  0.0004104328908  0.0001288407944   0.002147725905  6.016779074e-05  5.325154332e-05  4.355912501e-05 
    0.6111053721     0.8567149621      1.390383469     0.7223676995      1.000389636     0.9235790547                1      1.491243033     0.6157429629     0.3072011116     0.5423683015     0.3411844905     0.2281827743     0.5765105443     0.5798772175      1.660199987      0.683170324     0.1466296978     0.2044948149     0.1487521424     0.2963556199     0.1402652666     0.5527851581      2.819126034     0.8668974027     0.1650276358     0.1585263526     0.2230045456      0.075590836     0.0496758631    0.04346904733    0.01136834373   0.003691012915   0.005644594722   0.002305690117 
     1.161080314      1.192089257      2.168063543      1.556314128      2.395399072      2.148122432                1     0.4701996328     0.9570552699     0.3046017084     0.4573676318       0.27171184     0.2145660122      0.318555963     0.2419693025    0.06839657435      0.117570217     0.0596149775    0.04112500264    0.08814003248    0.01534600894    0.02000908317    0.02230146868    0.09033674386    0.03897556749    0.01703507767   0.009869432082   0.007783643574   0.003826926165   0.004270374902   0.001173495867   0.001248833143   0.001820376685   0.002173613469   0.004680345956 
    0.6785700342      1.603998125     0.8927756822     0.5336468621      1.221683042      1.207368951                1       1.72856458      1.207482615      2.444672196     0.3526147848      1.459208689     0.3461991851     0.3943303114    0.08959450526     0.1009387273     0.1204479401    0.03959715049    0.05029134939    0.03723527741    0.02055313791    0.05367860214    0.02947739576    0.03079545449    0.05668786943    0.02196576104   0.005548921673    0.01289565664    0.01320082338   0.005268585516   0.008218439714   0.003563333317    0.00526834167   0.003195642683   0.004162634432 
    0.4018413367     0.4960938543     0.4515036323     0.5521048794     0.7933555374       1.42415802                1      2.231433504      1.503085351     0.4740532344     0.2849542224     0.2094972337    0.09123507664     0.2088879127      0.197191983    0.09662089413     0.1086241036    0.04454644642     0.1021871489    0.08077303395    0.06273458697     0.1107336954     0.3093430869    0.05195037908     0.5937155565     0.3211190265    0.02968591824    0.04212532216   0.004574314349  0.0009870126512  0.0009327411169   0.000753757543   0.000996905776  0.0004130624441  0.0007474828729 
      1.32655362      0.779553306     0.9903276709      1.009033403     0.7745153879      1.054149523                1      1.116909453     0.9854037358     0.7255414081     0.4478148729      1.751473922     0.7954867213     0.9193359524      1.167947579      2.890617158      3.113099814     0.6452070251     0.6119985252      1.195484526      2.259867908     0.2491978411      0.590988811     0.5717963899       1.23018252     0.0671031868     0.6856824536     0.7432653643     0.1468006482    0.07928075616     0.1017189987   0.005677508401   0.001508772868   0.001022887321   0.001596842933 
    0.6631225192     0.2833753688      0.479413138     0.3112692928      0.543895313     0.5117712305                1      1.249726951      1.132279483     0.6156879595     0.5638145636     0.4260349113     0.3866946021     0.1772407046     0.1013989995    0.08055747568    0.02233871068     0.0184467844    0.01715277845    0.01043140032   0.008441726806    0.01617282864    0.01195584534    0.05147142971    0.02751887667    0.02468233133    0.01191293562   0.001288806502  0.0005589246864  0.0001438596836  9.357490376e-05  0.0001109236654   5.28635325e-05  0.0001224216136  8.876806337e-05 
    0.2560864515     0.5083988932     0.8432287005      2.692609869      2.496923466      1.249948479                1      1.016976473     0.5597019661     0.5104487001     0.1480431167    0.07908974461       0.12734934     0.1184105556    0.09065582368     0.0401039462    0.03256418849    0.00527434251   0.002375018614   0.004025470204   0.002724734754   0.001406634552    0.00126260122  0.0002128422204  0.0003685215619  0.0003435637396  0.0002312534334  5.774476675e-05  2.176743966e-05  1.438061196e-05  2.396433649e-05  6.227500074e-05  3.072410735e-05  2.045343705e-05  1.317289128e-05 
    0.7741676968     0.6091849665     0.6058591293     0.3215123633     0.4051078648      0.649940168                1     0.7397571855     0.9583121553      1.252081874      1.433503789     0.4424440348     0.3174459626     0.2992203183     0.2260635962     0.4253363547     0.5851717448     0.1712620636     0.1707957192     0.0620612888    0.01764440462    0.02787484137    0.02671817012    0.03326264744   0.008682679295   0.006475012613    0.00859686576   0.004223486361    0.01236489276   0.004418922452   0.006396748003   0.004517942453   0.002982186739    0.00801736538    0.02008033118 
    0.1791531724     0.2541660552     0.5509920841      1.336894102     0.8004493977      1.086400566                1      1.022320068     0.5737039148     0.5953025403      0.596669312     0.3082439226     0.6561226147     0.3596135225     0.4150816736     0.1268244804     0.1566356069     0.1742059117    0.06916226367    0.08138923017    0.04234878106    0.02483679326    0.03433190267    0.04413013018     0.0290726193    0.01556119859    0.01048827538    0.01768073909    0.03185751393    0.02167328909    0.02188114777    0.01818220923   0.006049057614   0.001119749057   0.005375483593 
    0.3914931524     0.6458623289      1.292447622     0.9538747805      1.578320605     0.7081282734                1      1.118606436      1.312110326      1.851895115     0.7551185592      0.497900729     0.4288205316     0.4870877226     0.3388166823     0.1127999308    0.06979906427    0.07986354078    0.02212482261    0.05690176566     0.1031328853     0.0151133103    0.01419672618    0.01547456803     0.0163229954    0.01222801704   0.006572273688    0.01851576641   0.008338609031   0.004724758052   0.004617045216   0.001989824268  0.0008083930594  0.0006250279763   0.001175905305 
     0.897038758      1.047769852     0.6605015665       1.04986951      1.192682631      1.079109766                1     0.9223541641      1.162453952      0.521377501     0.3629396127     0.5913591335     0.3701960542     0.2422915208     0.1802062978     0.2254942476    0.08049462239    0.06911629865    0.05911893184     0.2122152402       0.11558017     0.0204210572    0.08855266834    0.02857430535    0.00697949885   0.004776193735   0.006460040176   0.002510938098  0.0004699592943  0.0003832809394   0.002054667643    0.00304396629  0.0007846901783   0.001485545376   0.000794889355 
     3.148435861      4.568754074      1.842640008      1.745287196      2.112485311      1.770334805                1     0.8579570586     0.9146937087     0.4744138635     0.4169819312     0.1791114531     0.1515224213      0.156651679      0.134964227    0.07752684784     0.2126054521    0.06498614386    0.07394239178    0.03643667739    0.08480803051     0.0376199368     0.1819120847     0.7972253726     0.0741068424    0.01495121258   0.008074416912   0.003410846168   0.007773793573   0.008847001957   0.004744909526   0.003779894181   0.001796525314  0.0007520104257    0.00116768554 
      1.00277147     0.9889941001     0.5907066049     0.8235275338     0.8054319031     0.4690950547                1     0.9288180723     0.8846716274     0.5921096657     0.4293308327     0.4444188071     0.6961406774      2.079284189      3.281666309      2.043446644     0.9024435703      2.747466956      6.286346307      3.039086653       0.36583804     0.1799661979     0.2886502555    0.06904807031     0.1668694434    0.04767876139    0.04349782686    0.03270982685    0.05290774298      0.011317343     0.2098111503    0.02266740951    0.09314800362    0.06591019335      0.472009414 
