-3308.380457
-3544.714199
-2372.775824
-4262.060711
-1324.083741
-1304.785322
-1020.131043
-806.7242656
-4787.085026
-3854.315772
-1445.923837
-2563.988268
-2140.499955
-4330.621091
-9340.753569
-1662.180368
-7565.053632
-2674.966661
-1465.137931
-3291.968036
-3044.288444
-2739.659031
-4303.354121
-2048.597654
-2568.83946
-1321.638986
-859.9913731
-4746.364866
-1570.264396
-3607.691947
-1036.139124
-1399.98486
-1953.108853
-4484.8635
-1131.034395
-1453.621868
-2175.31988
-1489.651289
-1864.001804
-1736.133678
-3498.286254
-1868.77183
-1552.134288
-1598.232806
-2704.457003
-3271.008422
-2492.00692
-5961.405391
-2430.052275
-1985.92023
-2050.799616
-1737.351451
-1668.912219
-1020.289511
-2132.213492
-2572.691937
-1518.442439
-2553.125814
-1387.776434
-2060.358383
-5932.780771
-2425.005558
-4789.66725
-1596.007474
-1224.942608
-1769.816193
-1163.761552
-2341.535454
-1543.743448
-3501.135434
-1456.33398
-1560.616461
-24647.65589
-996.8467067
-3025.945834
-2125.735404
-1143.510967
-3568.322998
-2279.412442
-1879.473126
-1638.976183
-3233.176468
-1368.281619
-2821.321083
-3297.199424
-1526.905988
-3703.687978
-412.9095724
-2495.174741
-2819.642557
-4314.483971
-3666.79029
-1308.950252
-7706.165774
-2605.724428
-1532.777097
-926.2059898
-2261.946127
-2593.212182
-4667.699118
-2587.575834
-2942.970269
-4292.956516
-2261.274827
-10366.16266
-2849.220721
-2333.327299
-11370.40766
-2692.814631
-1580.551686
-3192.655388
-1807.031024
-2909.999523
-1875.823615
-2327.094558
-1579.065182
-1340.044268
-1065.576144
-2638.592581
-1848.8066
-3964.145187
-3420.054155
-2672.78071
-3506.364147
-363.7220676
-2261.213654
