     2.476829318      1.119246496                1      1.002303637     0.4336477719     0.9587616778     0.3619833783     0.3225024108     0.1852286509     0.2163839009     0.1251403227     0.1094681168     0.1210033974    0.02764573663    0.02173599806    0.03677731792    0.01274315343   0.008085513121    0.01188914476     0.0102404326   0.008530392315   0.009234690247   0.005882392776   0.001762948574   0.001848472634   0.001672487844  0.0007549611948   0.001450590581    0.00267312768   0.006554501334   0.003948423551    0.00104202612   0.001135510368  0.0008432647022   0.006747051836 
     1.328801202     0.9814168418                1      1.325598582     0.7655435449      2.474166268      1.610465768      2.113567356     0.7009641989     0.3929112975      0.441325877     0.4773857935     0.1956651306     0.1722126009     0.1243707935     0.1526699248    0.03365892663    0.03248344051    0.02098798593    0.02707953826    0.01242367279    0.01655575198   0.004290102998  0.0009690729052   0.003796094712   0.000536949358  0.0001907966567  0.0003908476167  0.0002938829808   0.000109104354  4.181470624e-05  8.571355543e-05  3.166171195e-05  1.816441002e-05  1.142080619e-05 
     0.732861543      1.100883939                1     0.7690942695     0.4682309969      0.620365138      0.266150445     0.3268120625     0.5536841917     0.1678072095    0.07965936815    0.06356854621     0.0430269689    0.02911140173    0.02131174675   0.003771526852   0.006551475759   0.002255678173   0.003212577538   0.001939107918   0.005013586602   0.002094362285   0.001886129351  0.0005783483473  0.0002404303461  0.0002874707153  0.0003920923079  0.0003354283382  0.0004395802229  8.502782523e-05  6.433274908e-05  0.0001724951424   0.000147556555  6.924378708e-05   1.80740921e-05 
     1.447227477      1.389442273                1     0.9112859219     0.9097366487      2.239438271      2.067857734      1.264988563      1.698699449      1.868618934     0.8115754586     0.4664543361      1.378585823     0.6609961221     0.2776861794     0.2630131712    0.07605238336    0.04692463802    0.05582416752   0.005494000067   0.001473212813  0.0007311083063   0.000405220797  0.0002296932887  0.0001490233907  6.142555036e-05  1.835366596e-05  4.287461245e-05  9.374660779e-06  7.527142092e-06  1.161125743e-05  5.736910357e-05  1.527369652e-05  1.096566585e-05  2.546833734e-06 
    0.9353069155     0.4752265781                1     0.5128097031     0.3089080365     0.5126341368     0.2447112082     0.1901248722     0.1027874806      0.146798091     0.1031375181      0.160864559     0.1029138826    0.02145302465    0.02154069788     0.1340632276    0.01914001832   0.004259704716   0.002404127098  0.0006393479998  0.0002295707527  0.0002505954476  6.861156929e-05  4.276519962e-05  4.889047604e-05  0.0001225395555  0.0002667894811  0.0003887620864  0.0002731294483   0.001728940755   0.007474420505   0.008783457547   0.007186509056    0.03134124456     0.0181103241 
     1.162140282      1.061836107                1     0.9924953789      0.559785744      1.306284668      1.250150447       2.79755316      1.206478967     0.5067266394     0.2702581994     0.1567012387     0.1946646098     0.1235635318    0.03978095022    0.02585819627    0.01222527418   0.005075298541   0.002281346774   0.002579615214   0.003988267956   0.008497174016    0.00666168824   0.004735267404    0.01795200794     0.0346653254    0.01825683006   0.006136233762     0.0121056831    0.01417852777    0.00824454891    0.01602512041   0.007491422711    0.01199050863   0.005251653921 
    0.6291462352     0.9219727949                1     0.3819320547     0.4054832502     0.8830071738     0.5081899576     0.2659411875     0.0848365579     0.0961279942    0.04718637193     0.1181325618    0.03811687388     0.1196264719    0.06448041417    0.08329997338     0.3993053722     0.4671468106     0.1852224537    0.05755354218    0.02135708561    0.01782083327   0.005809199524   0.003586880052   0.006571409698   0.007340118366    0.00354115212   0.002003147244  0.0004256746653  0.0001564483384   4.47030753e-05  2.372048979e-05  2.835193133e-05  3.522005722e-06  1.996515578e-06 
    0.5761924603     0.9667389492                1     0.5692017168     0.6017946641     0.4464028489     0.5420723019     0.4395870866     0.5419787222     0.1591710755      0.131255545    0.06768242299    0.07166595379    0.04201932812    0.05087965062    0.04704063421    0.05765816599    0.01181331266    0.05637271502   0.008687735125    0.02059641192    0.01079534258   0.002472371017   0.005452968535   0.004012226202   0.002028569617   0.001735701359   0.001046038212  0.0001124450639   2.12769943e-05   2.78618055e-05  1.048673198e-05  0.0001221487856  7.374557228e-05   0.000644704055 
     1.417408246      2.153099959                1      1.033624631     0.5914876215     0.5261838135     0.5815608281      1.021995781     0.9760635357     0.1625039837     0.1092412741     0.1329161004     0.1650620552     0.3394811439     0.1389915266    0.04781360081    0.08215326398     0.2660459704    0.07867513162      0.158733674    0.02617751959    0.01103595016    0.03226261962    0.06966339725    0.03259975379    0.01136100037   0.004694422335   0.007509432095    0.00968245154   0.004160488302   0.001048891226   0.001345970533   0.001515800778  0.0005629359012  0.0002367451856 
     1.881581034      1.705914756                1      2.178788908      2.179005496      1.457525597     0.6166913756      2.254199575      1.307472812     0.9753428394     0.2829020706     0.1504344832     0.1714032297     0.1419548433    0.06827959181    0.03630353699    0.08172170829     0.1045448124    0.01843489887    0.02457310478    0.02400578543   0.003807241188    0.02477685583   0.004874183368   0.007207113216   0.002819820953  0.0004108417908  0.0002415809679  0.0001382066894  7.106446082e-05  0.0001449167797  7.749267584e-05  6.801673705e-05  0.0002867780062  6.034338999e-05 
    0.7751930713      1.089741682                1     0.5778158203       0.36171924     0.4633756723     0.2010813014     0.2081152323     0.3385366629     0.1841679974    0.06821869343    0.06564282561    0.05069507502     0.0211060289   0.008445767029    0.01669450747    0.02974297967    0.02962436994      0.012836967    0.02564644758    0.03844434747    0.01335613887   0.003245305902   0.003984876346   0.003199052569    0.01671742063  0.0009467203123   0.001132845399   0.001246017834  0.0008621257903   0.001094492388  0.0001233698193  2.832957897e-05  0.0001045991422  0.0001093908896 
     1.871650672      1.383291758                1      1.054479922     0.7268010798      1.707638954     0.7220501394     0.6858165469     0.8839068097     0.8644088182       2.27559479      1.824798969      1.717020948      0.234158442     0.1809763474     0.1076753205     0.1044917659    0.03032437985    0.05968369552     0.1747324673     0.1257785216   0.009608696897   0.008096335485   0.008223809409   0.003177090385   0.001940524518  0.0009840182035   0.002318735573  0.0006402601934  0.0006259079804  0.0003037725752   0.000361980561  4.021491109e-05  6.487912261e-05  3.053152129e-05 
     1.549731919      1.236670371                1     0.6414397363     0.6732399581     0.7618559492     0.3110307625     0.1593597435     0.2819804677      1.342653458      1.592422445      0.868340437     0.3168422086    0.06255500711    0.06763230674    0.09985289056     0.2985009046     0.2298145549    0.05858943772     0.4208690778    0.07646606014     0.1465724091     0.0907215843    0.01048304193    0.08147991507    0.05494795163    0.01511331092     0.0236685685    0.04779515631    0.04300886448    0.00457628801   0.007338354174   0.003530315695   0.000960236255  0.0008097570915 
      1.41582848     0.8784354609                1     0.8466731719     0.8356730359      0.422995143     0.2670854528     0.4780337802     0.1566336171     0.2997846004     0.5042198331    0.09547230461     0.1076993378    0.04991587546     0.1034799392     0.2023551592     0.5369661759     0.3680854335      1.338192247      3.782407805      2.389078071     0.7845732505     0.2660970394    0.03788403949     0.3895830874      1.058637925     0.8403389549     0.7463395152     0.1953875363     0.2036907955     0.0344572921    0.01289634931   0.003753591549   0.002744144892   0.005699701634 
     1.846658835      1.144721687                1     0.9540975898     0.8213114812     0.6254094484      1.128626419     0.6064036947     0.1944417844      0.102310611     0.1187881598    0.07261967004     0.0894572542    0.08198317011     0.1072920211     0.1274678478    0.03041223025    0.01316329523     0.1733831429    0.02201988453    0.01694437986   0.008954408638   0.009797867862   0.008935783831     0.0143491306    0.07540398391    0.02272753796   0.006442495366     0.1970423585    0.09371856546    0.03026443933   0.003175937768   0.001114910527   6.56930215e-05  8.868985155e-05 
      1.30147876      1.902296281                1     0.5906478438     0.6860114482      1.156729689       1.11653793     0.2583508301      1.011594791     0.1742152095     0.1651712183     0.1638735512     0.1773382704     0.1799365503     0.1838842868     0.1285401598     0.6083563319      1.992115868      2.484296613      5.076300363      3.951121631      2.801354127      1.362154504     0.6449470298     0.5641548221      1.371905029      5.049024728      23.32032827      1.996066539     0.4263275062      1.246450882      2.825585392     0.9362545971      1.225905257     0.2840731885 
     3.318962851      2.272920211                1      1.763257744      1.066285065     0.5767755022     0.3624952889     0.1664356013     0.3207551844     0.5872834582     0.3630369218    0.05477181254     0.1161551477    0.08910280714     0.1047850288    0.05655429526    0.05386898784    0.02893958416    0.03649087121    0.01754372257    0.01746320836    0.01403999504     0.0052007556   0.001525493084   0.001707793588  0.0003504111162  0.0006223804711    0.00140151588   0.000469623195  0.0001941799529  0.0002395706405   0.001284893785  0.0003097594576   9.53720419e-05  0.0004146133633 
      1.34978088     0.9182356406                1     0.7768628867     0.8378347081     0.3550046681     0.6701743783     0.6430394206     0.3904619662    0.09078300546     0.1352059072      0.274840147     0.1609288835    0.06351678604     0.1110436844     0.1414129776     0.1379634857    0.04530408829    0.03816050885    0.09982508923    0.06024562245     0.0524768779    0.01633658088    0.02851591247    0.01324587845     0.0184401559   0.002768150917  0.0004794527797  0.0002676403382   0.000234392793  9.355489063e-05   0.000322452742  0.0002472406816  0.0001084502722  0.0003789825783 
    0.7204934844     0.9892834766                1     0.6554727539     0.9820282207     0.6953206525     0.8974422618     0.4446846526     0.4790598525     0.5675302984     0.3207250997     0.4574028526     0.1026224253    0.04428273868    0.03417948518     0.1611627678    0.06053105208     0.1772124529    0.05571638984    0.01856170854    0.02209307545    0.01887277424    0.00802372966    0.00524603191    0.04447930994    0.02855440418   0.003429016491  0.0008923800364   0.001567841805  0.0002973020896  0.0001579040205  5.445698483e-05  0.0001164553548  0.0001879980164    6.7803145e-05 
     1.550351794       1.07994901                1      1.011264547     0.8571931013      1.749879065      1.298045138      0.513583129      0.278355624     0.2729897228     0.2220151778    0.09329470922     0.1008366268    0.04017580207    0.02041035052    0.02181423443    0.01159562868   0.009223461505   0.008409551229   0.003963842193    0.00510249212   0.004209769082   0.001626049396    0.01169081935    0.00297159325   0.001369256224   0.002582150362   0.001247566328    0.01040847538    0.00998205473  0.0005745594881  0.0004448144791  0.0006245019081   0.000136533336  4.114541812e-05 
     1.294199819      1.445910564                1     0.5838068906     0.5266797147     0.3168933136     0.2523082164     0.2566479065    0.08388129795     0.1563967179     0.1605511792      2.997590623    0.09153998539    0.08494240243    0.03488498363     0.0479212616    0.07007989727     0.1016301255     0.0229767654   0.008012303057     0.1269632441    0.02634628593    0.00026252866   0.007096774196    0.01463183253   0.002722938809    0.02330626956    0.00416978073    0.01123116144   0.002154367139  0.0009667546826  0.0008775101006  0.0001953195287  0.0001665850115  0.0001200479054 
     1.212603983      1.213291156                1      1.353908502      1.099680116      1.073193584      1.149087695     0.7131746066     0.8618382922     0.5438501151     0.4787809739     0.6433922423     0.5646225322     0.2156817639     0.1843502154     0.1364227098    0.09119245225     0.7630356814     0.1161777717     0.3732931186     0.3103182928     0.2233885674    0.03569469515     0.1889103901     0.3453002299    0.04390504115    0.01921093262    0.01930243512   0.004296459271   0.009727929725   0.003544778437     0.0126371014    0.02199439916   0.008432232923   0.007975562834 
     2.259657304      2.252783695                1     0.8620218066     0.8026869573      0.560017159     0.3033504146     0.2733875571      0.243413965     0.4832194693     0.5726524226     0.2479631343     0.1824971608     0.1183463186     0.1760901785     0.1435113729    0.04625932998    0.04908652797    0.02129769552   0.007261650806    0.01072388195    0.01348542214   0.004052582244   0.002970826319   0.001536215797   0.003260735041   0.001804898669  0.0007875308782  0.0009936597653  0.0004801369282    0.00184144243   0.004530160605   0.005635547089    0.02158020952     0.0212594724 
     1.253293082      1.650896025                1      1.575520898      1.499867788     0.7285086379     0.3948443601     0.8194997608     0.5324590776    0.08359109669    0.07880418783     0.2664087848     0.2515732618     0.3527407837     0.1321792921     0.0202607713    0.03320180176    0.03997990161    0.01704747505   0.009975565666   0.001137338221  0.0001685867468  0.0001181640231  0.0001312732391  9.265658534e-05  0.0002088199268  0.0001445708583  9.880599756e-05  2.948923728e-05   1.16057064e-05  1.536904085e-05  5.978154033e-06  5.618783872e-06  4.600603231e-06  7.471527457e-06 
    0.7163564756      1.474965605                1      1.310058201      1.252939995     0.4480996898     0.5525750383     0.3785868651     0.1656096102     0.1318052562    0.05672868833    0.09068853325     0.1934733142    0.08440516405    0.03164188008    0.02460992713    0.01627831902    0.01701759706   0.002912807285   0.002133794047   0.005359546422   0.004675914302   0.001855712558    0.01357768333    0.01020489606    0.01190654894    0.03483286934    0.01175500239    0.01779999198    0.00795540927   0.005091801614     0.0358416676    0.01870089322    0.03623508606    0.02823653212 
    0.9804218035      1.232601455                1     0.9130693477     0.4695087092     0.3068656888      0.489261898      1.365316074     0.7065185066     0.3533570147     0.3337487366     0.3380361112     0.1079397373    0.08473143836     0.0864900274    0.03972351484    0.09818056415     0.0568268961    0.05435670443    0.04328592692    0.09583401996     0.2318755224    0.06762226687   0.006205847065   0.002917206203   0.003183946755   0.002577246059  0.0007119565648  0.0004401692986   0.001202008891    0.01781315063   0.005666459718   0.001344920144  0.0003947668678  0.0003534245968 
    0.4278858705      1.148551545                1     0.8361741934      0.867649971     0.9433434336     0.5883620328     0.1450781242     0.2183366469     0.2170784929     0.2780185513     0.2871785978     0.4376406236      1.116829519      4.584284144     0.9710601655     0.5958485347      0.200740417    0.07696230376    0.02287326773    0.02531694797    0.01030208451   0.008328735572    0.01082702474   0.004194137935  0.0007842400801  0.0001491981234   0.000306597251  5.666596607e-05  4.831452326e-05   0.000127125912  0.0001345489917  0.0001375449139   0.000129718008  6.721045999e-05 
     2.091871705      1.428683164                1     0.4643718848     0.3098176954     0.1863440321      0.264556098     0.1558838932    0.08455096369    0.06203743256     0.3916121173     0.3571159728     0.8215545942     0.1330775023    0.08531717693     0.1309477655    0.01806985129    0.01628932722    0.04199617458     0.1011519082     0.6091103734     0.0371275701     0.2396498189     0.1687375953    0.03969446138     0.1255036696    0.01088347075   0.004579921144    0.01428751796   0.004601753101   0.005122282189  0.0006618811032  0.0007000427763  0.0003965760316  9.880467265e-05 
    0.9760848044     0.6516666738                1      0.654549459     0.9123435226      1.807570416      2.126351365     0.8921957832     0.7421053516      1.897626046      2.326626454      9.455997179       1.52640068      1.328703372     0.8000814998     0.2973026277     0.7788630921     0.3972666553     0.2547450094     0.3000360054     0.9436778644      1.422157038      4.316926387      12.56354521      1.946537559      6.521305169      1.617019953     0.2090798832     0.2234369532    0.04153804347    0.05250686156    0.04724667307   0.002506233562   0.001769110627   0.002776087032 
     1.041272042        1.4807011                1      1.375232988     0.9195555737       1.16468579      1.595362003     0.8937626041      1.033337754       2.10700722     0.6198432203      1.788597716       1.61441165      2.046680522     0.8374860151     0.2946568944    0.08306460679      0.160557454     0.3555778397     0.5368192323     0.2818644634     0.6538191632     0.6548188995      2.595176786     0.7857797892     0.2947688254     0.1520422135    0.04789740817    0.01366505253   0.006579128979    0.01509033465    0.01013019292    0.02516715977   0.002669933231     0.0238721114 
    0.9597593929     0.6083683457                1      1.209402197       1.04189636      1.125027146     0.7731478401      1.730446285      1.368102819     0.5873508849     0.3094758911     0.6227212199     0.3552143888     0.3318574381     0.2678614323      0.148574829      0.172680929    0.09719842111    0.09838480186     0.1013101699    0.02385610395    0.05199341728    0.05294493969    0.05011251282    0.02791272525    0.01340062335   0.005436097503   0.004569653782   0.001110224476  0.0003329396271  0.0002017936337  0.0001903550987  0.0002199410676  0.0001185191749  0.0001712572855 
     1.102278071     0.9810707754                1     0.5937088574     0.5586732322     0.3959987334     0.2101166565     0.1759685626     0.3395550007     0.2636176472     0.2360159572    0.04510523689    0.05122430108    0.04268225303    0.03760738007     0.0486651127    0.02446145394    0.03166767497    0.01209606801    0.02341488208   0.009309050767    0.01460178695   0.005915163122    0.01417154349   0.002260529368   0.004209737912   0.001505775125   0.001182716849  0.0003646314618  0.0001912068672  3.768106004e-05  2.253507575e-05  1.607485116e-05  9.808929432e-06  2.985780656e-05 
     1.896538445     0.4548801055                1     0.7470130898     0.5288162029      0.632331614     0.7342707782     0.3115798327     0.4815433722     0.7134703358     0.4240206662     0.2933393592      0.206749406     0.1506860204    0.08425239065    0.09123161299    0.07164801972    0.01457282916   0.009806410973    0.01208873309   0.006998190569   0.004669860238   0.001619581552   0.002060079705   0.001698752015   0.001077155674  0.0007740478554  0.0005201380661  0.0005353525564  0.0009959370498   0.001622562675    0.00204325381   0.001500540638   0.001991898132   0.001380630038 
     1.315105579     0.9502150859                1     0.6692434844     0.5204971289     0.4675369608     0.3378650023     0.2409538855     0.3774034151     0.6547362648     0.3918244168     0.3369067717     0.1099789354    0.08648773337    0.05719419148     0.0666300144    0.04437805967    0.02563619552   0.004679573543   0.003516412897     0.0101112464   0.004012301555   0.002345191903   0.002831153621   0.001492564821   0.002329825272   0.001204121089   0.005990554816    0.01391597742   0.003887572785   0.005593512741   0.001477448127   0.001217967532  0.0003507111689   0.003040627574 
     1.189187467       1.02585982                1      1.011302547      0.652619354     0.9509544515      1.450871194     0.4136001697     0.1495821144     0.1658745772      0.108760897     0.0389323699    0.03128557922    0.01343324664   0.007544688469    0.01134406872    0.02081769599   0.009056718797   0.004952176788   0.002037611133   0.001684224861  0.0008524074924   0.001165943713   0.001020866131   0.001464124532  0.0006513410159   0.001520203611  0.0003612375269  0.0001311561859  0.0003276815227   0.000141042226   0.000129861948  9.011007764e-05   0.000460740373  2.094390782e-05 
    0.9091132684     0.9558725371                1      0.975959541      1.004989195       0.59639934     0.3140984685     0.5754500461     0.3042055831     0.2906506695     0.5822535209     0.4120312971     0.5077812753     0.3345834213     0.2345462584    0.09509324248     0.1481737474     0.1356992497    0.09389186359     0.4653285368     0.2539424528      2.396624234     0.5294430433     0.6108556909     0.2376403983    0.01216363867    0.01542789272    0.01286721589    0.02725552877     0.1092648427     0.2468640968    0.05327168466     0.0682008863    0.01025656642   0.007427477952 
     1.800503838     0.7707436699                1     0.7126137363     0.4953474682     0.4111581754     0.5911726721      1.186254226      2.638278728      2.176184095     0.4213856784      0.273985115      0.196115038     0.2560605374     0.2336374232    0.06588947987      0.106788482      0.062785411    0.08150065705    0.04628721409    0.04609517884    0.06792081866    0.05029594911    0.07259707038     0.1107638734    0.01896702971     0.0172867386    0.01565314346   0.004095291849   0.005577079188   0.007129251609   0.008341707207  0.0001798146273  0.0001896222693  0.0001204938274 
    0.5945691974     0.7388549609                1     0.5409242891     0.3457351813     0.1805959773     0.1695041048     0.1164952753     0.2528671729    0.06953414285    0.06079515412    0.08615648781    0.07270835341    0.00927671536   0.007530435629   0.007702635692   0.004870407306   0.005104302023   0.002935577648    0.00180362047   0.001800082143   0.001726057952  0.0006878637584   0.000604009201  0.0004383255493   0.000179444712  0.0001867467703  0.0004395337895   0.000653821141  0.0007622818537  0.0001985084474  0.0003396040249  0.0003360051764  0.0003302612691  0.0004749322161 
    0.9616342584     0.5658439297                1     0.6460522461     0.6035785373     0.6504852139     0.4858489938     0.7519656664      0.758236776      0.719219023      1.359935151     0.3320156765     0.3394530937     0.3894687804     0.2228520859    0.07463628179    0.04060400641   0.009369151852    0.02132492531    0.01377107269    0.04961699485    0.06589463815     0.1619591705    0.06049050301    0.02396233199     0.1502312476    0.04960474605   0.008543977764   0.006670074655   0.002917834434   0.003181017108  0.0003065306815  0.0004762447408  0.0001181391656    3.3846678e-05 
    0.8368705996     0.5417840078                1     0.4751547246     0.3863521393     0.1798951374     0.2750975482     0.3187828197    0.07564736551    0.03835303098    0.03242399916    0.03618102207    0.03585291533    0.01764831557    0.02251034542    0.00974467926    0.01889790965   0.001955114585   0.005293011698   0.002750722548   0.001155354379   0.001022522697    0.00082961643   0.000989108689    0.00151419629  0.0004186477224  0.0001781938782   5.75938004e-05  7.081462133e-06  3.825422617e-06  5.861449826e-06  4.933285855e-06  8.830249036e-07  6.488862087e-07  3.603640336e-07 
     1.379352262      1.044445592                1      1.170355734     0.6673475876     0.7435116805     0.2326300978      0.484527672     0.2162622696     0.2418790992     0.1554703555     0.1953485548     0.4341849666      0.380464375     0.1508630747    0.08098966725     0.1097439515    0.02521030274   0.008794058336   0.005875504473   0.002751769461   0.005641767476   0.002388123603   0.002986059699  0.0005384215405   0.001239505499  0.0001412833577  7.096013115e-05  2.987339853e-05  4.246191931e-05  2.521583723e-05  1.676785834e-05  0.0002610156294  5.090671399e-05   2.10713653e-05 
     1.353272829      1.191893535                1      1.173533273      1.327280096     0.8042389621     0.8349707888     0.6462934506      1.018860008     0.4501041035     0.7072756624     0.2785769246     0.2256221166    0.08296458807    0.06540620916   0.007676905884   0.008779475951    0.02313717824   0.003427001091   0.002011580616   0.003070675933   0.003349852194  0.0008608085921  0.0004330066691  0.0009066954869   0.000750716055   0.000932880698  0.0001512795112  0.0002575950949  2.118655948e-05  2.104429655e-05  5.666989255e-05  2.544028195e-05  4.543073942e-06  5.951616575e-06 
    0.8089292473     0.8482577285                1     0.7661010586     0.7239133487     0.5780866066     0.4962177621     0.5359229406     0.2964554148    0.07772554357    0.07675203251    0.02109949919    0.01632813837    0.02196729864    0.01803775733   0.007800442261   0.003895796276   0.006584579659    0.01165680438   0.003898109417   0.001462270005   0.002826171612  0.0004890470728  0.0008776777295  0.0003260068063  0.0004472701958  0.0002544720334  0.0001372381373  9.666544456e-05    7.7545126e-05  1.767755715e-05  5.147615553e-05  4.370927331e-05  0.0001097153002  7.529592322e-05 
     1.416594007     0.8627779004                1      1.094151941     0.3614902516     0.5077032445     0.4313971477     0.7212551936     0.6218466035     0.7485531747     0.6935923008     0.9451574024     0.5517773583       0.15210421     0.1017095934     0.1822765123     0.2061757294    0.09075196254    0.06730376028    0.08142207555    0.08593579409     0.4986726175    0.02059533638   0.007850651664   0.004461112629   0.002397923944   0.001573148229   0.003346737369   0.002668876766   0.002134263078  0.0003573020282  0.0005033405729  0.0003675860596  0.0006380834854  0.0008096540174 
     2.032664188      0.688790791                1     0.7869500762     0.4464564659      0.332594976     0.1744051617     0.2219688782     0.1485730804     0.5497895821     0.6131620458     0.2615893281    0.08782112674    0.05737919892    0.04571377969     0.0107539064    0.01198662657   0.002262631062    0.01164073007    0.01559968274   0.005469783849   0.004671581278   0.000672565884  0.0004077827235  0.0005457966969   0.001278061326   0.001795442739   0.006067963648   0.001201418118    0.00127330271  0.0001966251435  8.270551724e-05  5.771087894e-05   0.000344915899  0.0002099690153 
    0.7655162802      0.554331668                1     0.6510846855     0.7796457854      2.469647241      2.033429634       1.32415705      2.960994822      3.423692101      2.991584882     0.5701035941      0.443863602     0.2546263817     0.9539762598     0.2193029292     0.1055467937     0.1306221725     0.2086328272    0.07508120251     0.3533458601     0.2907968536      0.698249616     0.2071355802    0.06468731283    0.01918508615    0.01276421423    0.02155709641    0.02248375007     0.0118106554    0.01350056749    0.03925080248   0.003535247299   0.001213369359    0.01080829751 
     0.860388967      1.162775883                1      1.096529242      1.185955586     0.6954657867     0.3693776954     0.3126436181     0.1890397147     0.4474691625      1.158559931     0.1939186976     0.4960643609     0.9174028443     0.1064943692     0.1059699957    0.05004913627    0.03135313936    0.02199192215   0.005204047408   0.005974163691    0.01205153642    0.05176382769    0.02791225309   0.001937952498   0.001831415001   0.002174295838   0.003829289912   0.002740720284   0.007512499858   0.002044620864   0.003699070604   0.004081575525    0.00239421845   0.001691412061 
     2.545739042      1.415883871                1      2.002049602      1.423321427     0.7477691476     0.8808388725     0.8905374447     0.6242419861     0.6619327982     0.4122175381     0.1413962025    0.05485371221    0.02190834517    0.01902129394    0.01643854902   0.007873793039   0.004421514818   0.003767776989    0.03675355396    0.01102469466   0.002340329615   0.007225582268   0.007089148554   0.007047387315    0.02364512912    0.02429819788   0.003090343375   0.003974654486   0.002290412063   0.001936573035   0.003350803124   0.000741189687  0.0008043568292  8.375418474e-05 
     1.115274789      1.814961266                1      1.214114484      1.104962287      2.591259876     0.5789190527      0.436318995     0.3528497957      1.966494137     0.7214944059     0.6582805186     0.1894006631    0.08739593221    0.03373351488    0.03580395531    0.01122027567    0.01254076819   0.003675596388    0.01112240954    0.01064727412    0.02096481174   0.007571072828   0.001533228841   0.004531352132   0.002162073117  0.0005402556507   0.001908346591   0.001265671136   0.007077197089  0.0007117789079  0.0008182393338   0.001147527594  0.0001463350708   0.004140029291 
     2.093172732       1.40877301                1       1.11940916      2.131525657      2.792448252      1.879756287      2.067101414       1.30280009     0.9550209647     0.4948333989     0.2446311341     0.1340702508     0.1707284413      1.115146494     0.3050621354      1.227549434     0.1964800574     0.1786076551     0.1421130954    0.02259202434    0.01243048572   0.007994581477   0.007504229132    0.01011101008    0.01999081991    0.01591124259    0.01599372719   0.004919408445   0.006478855868   0.006572902901   0.007678683601   0.005145260785   0.001543013515   0.001820450261 
     1.006151946       0.95860175                1     0.8526957813      1.067196764      0.272924192     0.7597786334     0.7082125355     0.9387978302     0.3011384908     0.4253517824     0.6222139399     0.3570281776     0.6384231756     0.1137733428    0.04780265501    0.02251413425    0.01293035152    0.01864811791   0.001741712803   0.005102539149   0.001748797479    0.00198117938  0.0007269494057  0.0005959370569  0.0002869592826  0.0001156335231  0.0001500875664   0.000559238031  0.0001167682232  0.0001514509034  7.813534891e-05   6.48805613e-05   3.55788564e-05  1.401429924e-05 
    0.7221538568      1.063970766                1     0.7063152168      1.103425783     0.6793874133     0.4994177502     0.2358199461     0.3039674187     0.2346644087    0.09741171499    0.08524512783     0.1188056139    0.03459048766    0.02191327716    0.07126378808    0.01248377574   0.005034550732   0.003913625593   0.004270921485   0.001394731149  0.0005224008567  0.0002564493744   0.000438444922  0.0004836653166  0.0004133067959  0.0003252014021  0.0001625859473  0.0001568867905  0.0001245253837  0.0001549876718  2.605662015e-05  9.611225293e-05  9.128682377e-06  2.741687342e-05 
     1.273388917     0.6746157559                1     0.5458862187     0.5679303608     0.7564433374     0.4589077413       0.75056115     0.5182436853     0.4951939057    0.07481014944    0.03221922554    0.04067110655    0.02996571865    0.01026435131   0.003061958117   0.005119972708   0.002269695652   0.002412107159   0.001331164197  0.0008776435275  0.0002835808167  0.0001961389164   0.000217558169  0.0001701406343  7.176069378e-05  0.0001089016222  7.813373551e-05  9.227336016e-05  0.0001390939503  6.894908246e-05  4.568462535e-05   1.92003574e-05  7.861950565e-06  1.362418314e-05 
     1.240434389     0.7276234453                1     0.5031918262     0.4424358718      0.422409925     0.6318387963     0.3601722639     0.4390931487     0.2184275257    0.07387586255    0.05335477351     0.1374935103    0.04860984173      0.037184601    0.01850583589    0.01991585345    0.02532718911   0.001995140139   0.001314891553   0.001065418566   0.001048886683   0.006988390708  0.0009698942047   0.006659844122   0.003103825445    0.00199729753   0.001719170466  0.0008732863959  0.0003987251403  0.0003851617142  0.0009984014559  0.0001663902181  0.0006760622816  8.141738997e-05 
     1.380037926      2.394778203                1     0.9168948359      1.106304319     0.6378389169     0.8473800406     0.5040172186     0.2243676419     0.1816703385     0.1432765913     0.2567098297     0.1767714332     0.0853409683    0.03900538425    0.01886780578    0.03264107182    0.08844297132     0.5167522445      1.173989032      1.618232216     0.4528412468    0.04910759891    0.04588613857   0.008125438595   0.007708007095   0.003212673106   0.001214072708   0.003177234913  0.0002310964757  0.0001414240373  0.0003250982516  0.0002445269833   0.000139199292  9.182284706e-05 
    0.7969438818     0.5053951113                1     0.5268659238     0.5963051622      0.363650687     0.2298313247     0.2915715713    0.09961612299     0.2027935062    0.07577161305     0.1080883654     0.0452000292    0.03601459395    0.03506516473     0.0186618303   0.008834241984    0.01150366288   0.004040765467   0.003755615846   0.003754056991   0.002002886353  0.0005533945549   0.000438525341  0.0001498446052  0.0001124374636  0.0001347849736   0.000607178985   9.62323171e-05  2.702065275e-05  2.816150736e-05   6.64194712e-06  2.400556795e-06  1.130651533e-05  1.336611133e-06 
    0.9269924324      1.729250086                1     0.7720640703     0.6950199648     0.8874057452     0.2753544368     0.1471212556     0.1943762296     0.1248591418    0.07414950102    0.04817087306    0.01454784179   0.003857556079   0.003749941626   0.003942304932   0.001697717167   0.002929513884  0.0006244967553  0.0003425010478  0.0006171302702  0.0002665397129   0.001017100367   0.001404875094   0.002314720112   0.001847235731  0.0006062950278  0.0004819475477  0.0002921449661  0.0002247713111  5.673619535e-05  3.380456422e-05  7.714575632e-05  3.560789425e-05   8.30373026e-06 
     1.698124612      1.537350916                1     0.9431182285     0.5329218189     0.3900003898     0.1410989529     0.2413332093     0.1201379738     0.1205428626     0.1047474648     0.0318981433    0.03404535982    0.02998185799    0.01873864037     0.0178012516   0.005491177172    0.02379455148    0.07384833631    0.01875382556    0.02375566833   0.009458492056   0.002204637386    0.00153166536   0.001190142291  0.0009752912272   0.001604805541   0.006583664848   0.005199230867    0.01679020145   0.006595292612   0.002116883418   0.002495979745    0.01589065314   0.003609765056 
    0.9967126162      1.018125357                1     0.6151159277      0.290180559     0.3751292036     0.4573938834     0.3086331637      0.446802935     0.4720521496     0.3745930599    0.08636534541    0.09630511077    0.02097359755   0.007694175578    0.02798195977    0.03965091371    0.02760876002    0.02750143212   0.004526094489    0.00413965161   0.004628944557   0.007169265213   0.001079397516  0.0006195171701  0.0002746808577  4.959526223e-05   3.51158183e-05  3.161047081e-05   1.45840233e-05  6.532052139e-06  6.833893539e-06  2.656410933e-05   1.49245196e-05  4.228744245e-06 
    0.7891595281       1.24832535                1     0.7663855918      3.072859806     0.8616264523     0.7908404384      2.139886032     0.5171107502     0.1829041355     0.2787140972     0.4976910354      0.357283578     0.1661454376     0.2087457903      0.114685255    0.06952679128    0.09133634301    0.03746642115   0.005090131064   0.004403684253    0.03157613287   0.003992299324   0.004101490325   0.004076858285   0.001410037126   0.000214463682  0.0001996032638  0.0005017129139  5.823658481e-05  0.0007073742389  0.0001842001379  0.0002674434882  0.0004019198179   0.000117279622 
     1.776731396      2.363649371                1       1.84995451     0.6512074108     0.9833774397     0.3040581439     0.2144936361     0.2520111693     0.1402361933     0.2653709933     0.2182919398     0.3690368292     0.3438882176     0.5170066781    0.06177307068    0.03428442075    0.03237269694     0.0269373171     0.0281572721     0.0127746864     0.0090475783    0.01119310674   0.002712487574   0.003386148259   0.001248291531  0.0008642283811  0.0009686664791  0.0003251771488  0.0007853557104   0.001190681027  0.0004932097088  0.0001823948379  0.0002468022847  0.0001636594841 
     1.181055844      1.899398043                1      1.158497818     0.5634844348     0.6307398473     0.3078512234     0.5283004707     0.3612347186     0.3315272906     0.6751992329     0.2353362947     0.7500643568     0.2100247767     0.3475313873     0.1051689808     0.4041322402     0.4221606615     0.1857497516     0.2676430712    0.02701111677    0.02530029584    0.01288596772    0.02254958136    0.04216896798    0.03877304223   0.008331584008     0.0136195001    0.02937272237   0.007332392314   0.006657747712    0.00748019244    0.00194568108   0.002765295887    0.00114653692 
      1.78906875      3.042051852                1      1.011352973     0.6458904187     0.3517186581     0.4333717851     0.1112953188     0.1525953412       0.10026879    0.06985333896    0.01698526385    0.02034626836    0.02262594499    0.01095575981    0.00687780033   0.005691455353   0.004050946983   0.002905682114   0.001475356319   0.002032288564   0.001466079796   0.000760080001  0.0008686448655  0.0003906496625   0.001827360722   0.007133906305   0.001716607208   0.005494848306   0.004486095065    0.02185951889    0.05014595467   0.006115777431    0.01271391023   0.002058142056 
    0.8279052712     0.6952426953                1     0.3347206836     0.2194320824      0.126538459    0.09227930793    0.03147445753    0.06374376869    0.02664365167    0.04630699009    0.05867325284   0.009842832662   0.005291134293   0.002738046486   0.002431561987   0.002130278447   0.004998991439   0.002081214105   0.006782166817    0.00221891372   0.003096235682   0.001491942828  0.0003419268472  6.921835175e-05  8.093231628e-05  0.0001518702424  7.036248317e-05  3.301463495e-05  1.463299248e-05  3.452865418e-05  1.996477512e-05  3.120877105e-05  1.795387096e-05  4.861912651e-05 
    0.6016302231     0.7371966973                1     0.3933551133     0.4194692255     0.1787101852     0.3390801895     0.1329933899    0.05290541358    0.02931772915    0.03628200073    0.02191337032   0.009228017053     0.0162088978    0.09809442392     0.1180335704    0.06130783024     0.0312704288     0.1055126516   0.002474600096   0.001023296516  0.0006237929967   0.000807103773  0.0008075186128  0.0003352503561  0.0001938387301  0.0001681968187  6.858925209e-05  8.721700152e-06   3.93965478e-06  1.244484627e-06  2.049419605e-07  2.774447623e-07  2.543523747e-07  3.324263571e-07 
    0.9120586411      1.050535268                1      1.022994363     0.5902065649      0.641611604     0.3702345091     0.4374534889     0.6786368312      0.161736492    0.09077929243    0.07680474554     0.1135896948     0.1345461599    0.06222011947    0.05519555444    0.01871014817    0.02153698304    0.01615319782    0.03403519982    0.02444030445   0.008445521271    0.02821910715    0.03616484524    0.03230269352   0.004571765163    0.01424935409    0.04129733804    0.04489175475    0.01482658611   0.005444015419   0.001734198267   0.003617211789   0.002642504236   0.005456477872 
    0.6871164067      1.170938904                1      1.350557051      1.171023597       2.33014778      2.111403711     0.3284833233     0.2495495395    0.02916415828    0.02356255857    0.03592170746    0.01638777538    0.01490573823    0.01674149974    0.01206090638   0.007024331514   0.006927923845    0.00230782117   0.001407862084  0.0007884284672  0.0006324033804   0.001212411463  0.0002376048096  0.0005098216733  8.760866675e-05  1.954185514e-05  1.487026306e-05   1.31697327e-05  7.661715075e-06  1.208789448e-05  1.502539155e-05  8.920447865e-06  3.532116883e-06  2.751519217e-06 
     1.401492313      1.836118596                1     0.7093355313     0.9900178253      1.266356577      1.001126251      5.425150963      6.839596749      10.01612524      10.63169664      2.410044816       1.37084493     0.9092396403     0.1709903032    0.07543952095     0.2107509315    0.09163438272    0.08714870795    0.03082768688    0.03956355837     0.2358940696     0.3189646213    0.06376730489    0.04499475072     0.3474584871    0.03816802543    0.01717243727   0.004050243968   0.004060396149   0.002996623099  0.0009529029704   0.001387840904  0.0005984261306  0.0008538178024 
    0.9111496431     0.8737558027                1      1.205594883      1.144142955      2.575870895       0.65535838     0.7478261453     0.6114459874     0.5045706676     0.7796347051      1.340738016      1.304623522     0.2339795626     0.5807512041     0.3454176331     0.2408993177     0.1286012628    0.04270852072     0.1940891693      0.110679925      1.070544452    0.02801713345    0.08897722255    0.05495797003    0.06351864087    0.05619385865    0.05557803181    0.03338276529    0.01503855219    0.04845240704    0.02361927973   0.004410506125  0.0005795608933  0.0005148844934 
     1.076031442     0.4981999395                1      1.609059902     0.5373888571     0.4787442468      0.284140389     0.1358994944      0.157324056     0.1881276516     0.1023876914      0.261702146     0.1042626703     0.5028425071       0.13192306     0.5935360108     0.1110227102      1.108600756     0.1722759772     0.7003546625      2.266371324     0.7956036784     0.8528462881     0.8043183552     0.2929170627     0.5408798848      1.106891537     0.4349071393      2.419807003      2.526861457     0.9365184893     0.6613019101     0.5748900439      1.214686081        2.3675246 
    0.7910313032     0.8604695391                1      1.176620775     0.7234433564     0.6432180762     0.3921212839     0.3987580189     0.6240232212     0.1954740479     0.2540278509     0.3095999386     0.1306460456      2.163832235     0.4662061062     0.4470509475     0.1297657065    0.05252441442    0.09747414562    0.08853956265        0.1282991    0.01768397628   0.008853784929     0.0311837943    0.02153438917    0.02512315408    0.02401092988    0.01008957944   0.003677340391  0.0005145092482   0.000136931061   0.000154897054  9.312070791e-05  4.848624198e-05  0.0001724879866 
     1.397824019      1.607369926                1     0.9344589141     0.9596194866     0.6816451675     0.3526724509     0.1778487373     0.1211439065    0.07373815539     0.1388944403     0.2013621434    0.03217659462    0.04526492414    0.01096153555    0.01595649072   0.003226579303   0.002358429635   0.001036341866   0.001027151238  0.0005278089301  7.046505355e-05  0.0001298280974  0.0001094261116  0.0001303520215  7.360787763e-05  1.250268826e-05  2.931366807e-06  4.482332169e-06  1.500691754e-06  2.566130862e-06  1.633415162e-06  3.245559233e-07  1.986826481e-06   4.10123403e-07 
     5.470443962      3.767196648                1      1.034730344     0.5639787438     0.2562375589     0.3389030843     0.1955370093     0.2339754291     0.1463199311     0.1912647242       0.13013576     0.1306051047     0.1075597945     0.1432955522     0.1577096292     0.1283400849     0.1148065819     0.1555390788     0.1518101609     0.1321838565    0.06856656357   0.005117587127   0.002137597456  0.0007284182598   0.003248244409   0.002093852544   0.002358270362    0.00174302864   0.001883818945  0.0003306422137  0.0001411588407  0.0009063202738  0.0007480228501   0.001386066491 
    0.5903810433     0.6516594688                1     0.5583247422     0.7724655837     0.4909132324     0.4788825658     0.1756544308     0.1299744946    0.08925833381    0.06125019034    0.03101336863    0.02576192938    0.01050504002   0.006989442253   0.005285590249    0.00586862421    0.00455996088   0.002031880194  0.0007735203565  0.0006706385499  0.0003068159346  0.0006006465334  0.0006203054106  0.0002020998511   0.001280956031  0.0001109912426  0.0003632048514  8.949197441e-05  0.0001392136185  0.0001990602784  2.678035131e-05  1.167185589e-05   3.71290008e-05  0.0001555908062 
     1.652109979     0.6720365723                1     0.6953908789     0.2612768958     0.4189406811      0.342061676     0.1486379609    0.09285577841    0.06745529196    0.05616169743    0.05030044918    0.04493908852    0.03124114351    0.05835431542    0.04552928175    0.02524919928   0.005343059031   0.002192913902   0.001922983609   0.001193074075   0.001280168204   0.001717851685   0.001704527101  0.0006193249894  0.0002889581399  0.0001412824574  0.0003401675043  0.0005663114965  0.0001742149811  0.0002704469079  0.0002031813228  3.209695963e-05  1.162659589e-05  3.295542633e-05 
    0.9226891534       1.12703333                1      1.536781016     0.5986945255     0.3186457148      0.218734439      0.162439727    0.09947644142     0.1319387961    0.07863037657     0.1362145246    0.04103816826     0.1065869516     0.1303517911    0.09132403601    0.03661645617    0.05334717335    0.02292856535   0.006507531406    0.02010743249   0.002646905987    0.00515085621   0.002134515635   0.001580904979  0.0009702603949  0.0008022169103   0.000223589817  0.0004467195978  0.0006241369545  0.0001259338271  7.811713086e-05  0.0001153963185  5.879189356e-05  0.0001256472777 
    0.4941903743     0.9200814609                1     0.6877109102     0.3043468599     0.2386512377     0.1003038257     0.1009520293    0.05104053579    0.02198629601    0.03573829234    0.01879788612    0.01443050439   0.008915908263    0.01646611286   0.006677041045   0.002376782129   0.006487901189   0.002950072495  0.0007779013535   0.001779682512  0.0007654578224  0.0004637499664  0.0003883409747  0.0002684630376  0.0001236292169  0.0001231707736  2.916690641e-05  1.757811581e-05    1.2212932e-05  1.294671768e-05  1.118676414e-05  3.163455321e-05  3.588827114e-06   1.81851822e-06 
      1.99097351      3.287257678                1      1.375364598     0.7547844238     0.8297323387     0.6644554309      0.524775733     0.3811088555     0.3367336517     0.2499304795     0.1774028129     0.1028646869    0.03990328663     0.1695629918      0.045502507   0.005784666358   0.002529999797   0.003986588435  0.0009636884912   0.001568646692  0.0007698070767  0.0005219942039  0.0005430723437  0.0005554345652  0.0005256036128  0.0007060003006    0.00111414124   0.001074329006   0.001074108161  0.0006577109653  0.0002767322656  0.0001021885145   6.63296893e-05  0.0003566893901 
     0.892021153      2.274242937                1      1.306616906     0.9412440267      1.710724725      1.015354439     0.4242533621     0.2718497721     0.1448677053     0.1542413457     0.1214919943    0.09426837423    0.07362303725     0.1258459079    0.06423647861       0.18701746     0.1664353367     0.7055349773     0.2104222852    0.09795788946   0.009850698118   0.001491661798  0.0003291710015  0.0003131653388  0.0001920008238  0.0001199013285  0.0001925487024  0.0003863491017  0.0008997444144  0.0008230938171   0.002024145678  0.0002783167036  0.0002534861447  0.0001130273267 
    0.9937921674     0.8278165957                1     0.5124739453     0.7916762367     0.6554920559      1.828803905     0.7705943502      1.713190677     0.9331547419     0.3680443625     0.3189122974     0.3550440892     0.1726114799     0.0622089413    0.04181804206    0.05823481344    0.06414246651     0.1842782925     0.1155593487    0.04720826754    0.01798762222    0.01145679416    0.01068127915    0.00506583184   0.009268668555     0.0052360942   0.005692076621   0.003424604241  0.0007786166261  0.0004777916705   0.001359129978   0.004431390403   0.003867781015   0.004171160885 
    0.5177597365     0.8086895664                1      0.571357541     0.6048210071     0.6712648255      1.124979444     0.8112019209     0.2388439516     0.1597730578    0.06913970246    0.08268575352    0.08237924376     0.1465690725    0.06093140684    0.03175994919    0.01087857526   0.004117020437    0.00882463551    0.01585150508   0.002629533432   0.006851866185   0.003105756383   0.001010878576   0.001204721773  0.0004163269796  0.0005690407992  0.0007171813957   0.001127818061   0.002825379355   0.001102869774   0.001528449837  0.0005593070912  0.0005440561803   0.002601968679 
     1.705574729      1.319332934                1      1.778159674      2.899382892      3.162039426      2.253042472      1.710621204      1.021456304      2.240960252      1.519343222      0.907433389     0.3240209532     0.2625378242     0.4760927749      0.831653197     0.9405646082       1.15450251      4.883217199      2.228037289      1.818315649      2.895553352      4.228431306      2.326744138     0.9215720871     0.3359514773     0.3407786915     0.2205974073      0.306126676    0.04583909394    0.03306407061    0.03742359328    0.03207600683   0.005145917896  0.0008828217555 
      1.62058096     0.6546681914                1     0.9617134434     0.6081616207     0.5643465795     0.4594261434     0.8654737293     0.7693726046     0.6387647714       1.07307802     0.4893075887     0.4355956364     0.3455064096      2.640706143     0.9199942231     0.4945321765     0.4817501971     0.2201705288     0.2802439733     0.1027471798     0.1002578801     0.1592418187    0.04842448746     0.1453878144     0.1706328766     0.1357768399     0.1119065573    0.06038934918    0.03319551472    0.03650120795    0.01625871766   0.004925259325    0.00137118702   0.004399082176 
      1.30029264     0.9443554688                1     0.8191880859       1.04814096     0.7090876278     0.8264663193     0.2789372922     0.2765834645     0.1525342357     0.1541595872    0.01962503201    0.01535213642    0.01248595952    0.01314801256    0.04827821854    0.01643203084    0.01088114583    0.02779200925    0.01593564535    0.01201300126    0.01455512599   0.009831856684   0.001510889049    0.00191297923   0.001612512393    0.00222565878  0.0002684277832   0.000550317786  0.0001287118577  0.0004574799264  8.042961387e-05  8.863343632e-05  1.358843163e-05  1.599537156e-05 
      1.49430901      1.395117957                1      1.133159186      1.045879572      1.385810159     0.8116169815     0.7616743858      0.356812618     0.2606239587      0.387481934     0.9349097086      0.217115093     0.1019076355     0.1289065819     0.1315293041    0.03818880889     0.0664699167    0.02915738412    0.01109630924   0.005380841347   0.003650126391  0.0009562048927  0.0002036999996  0.0001533235365  0.0002276788105  4.956863549e-05  1.618624216e-05  1.972502917e-05  1.693151924e-06  2.125959598e-06  2.778862187e-06  3.321721133e-06   1.29818945e-06  3.105448464e-05 
    0.8941490916     0.8345172461                1     0.8757118301     0.7620624927     0.7948676621     0.5244867494     0.3155598571     0.1319295178    0.08363432731    0.05516807326    0.04703349194    0.02675720034     0.0119903911    0.01456432071   0.005124240431    0.01590695481   0.006246488674   0.007618397714   0.002392493569   0.002016429186   0.004647497624   0.002037596783   0.003325295036  0.0005867922936  0.0001973730868  0.0002490199075  0.0001392764614  0.0001881152888  9.081571024e-05  3.076590274e-05  2.917580933e-05  1.127319242e-05  9.381961375e-06  1.165790364e-05 
     1.734803673      1.425351725                1     0.4081915566     0.7592973887     0.4550611875     0.3426588307     0.3359873012     0.3025862263     0.3672304049     0.1490528329     0.1209394861    0.04621906843    0.02543002052    0.00895566776   0.008969093915   0.002815035776    0.01089640698   0.005772671932   0.002830469249   0.004567014722    0.01019842627   0.001498495802  0.0003693315946   0.000282449109  0.0006015730399   0.000322015478   0.000767738675  0.0009165037346  0.0009078033362  0.0006861580057  0.0003452706395  0.0002116461431  0.0001385646216  3.248914742e-05 
    0.5164133234      1.086289188                1      1.057223525     0.4364246955     0.2305699857     0.4899058326     0.3801283305       0.26894427     0.6832377261      0.426755222      1.218537542     0.4468186808    0.09731807015     0.1803352153    0.09734064541     0.1611539338      0.430469759      0.123594581    0.04168473231    0.09202552104     0.0628245358    0.03273248944    0.06800197023    0.03294454092    0.01866688806    0.01887611976    0.01474290597   0.005899617666   0.003722545819   0.004398972831  0.0006710263403   0.001836504105   0.001417791146   0.001102104386 
     1.243041711      1.258400373                1      1.452411266      1.133810205     0.6092362115     0.5131487583     0.6549386339      1.266733512      0.799201721     0.6370531988     0.7874645025     0.8251120555     0.5987558872     0.8196803737     0.8045234121      3.744770265     0.2529930732     0.3416955724    0.06075213514    0.06065701091    0.08612228226    0.08324127517     0.4572988035       1.07336834      0.229862407     0.2021422308     0.1615715991     0.1579852046     0.1002615695    0.01166787327     0.0397463985    0.01409245398     0.0936747178    0.04790084614 
     2.304568213      2.066453451                1      1.522268602      1.574142386      2.358078898      1.427888309      2.045738437      2.958025879      2.729543704     0.7941786534     0.7202343769     0.8016983869     0.3363464966     0.1819255227     0.1324027819    0.02672950776    0.05774809506    0.05037395502    0.02520899147    0.04628932746    0.02528839679    0.03783764486    0.01853511913    0.01538515302   0.008887953507    0.01491194656    0.03912871385    0.05627749124    0.08294664257   0.008291273428   0.009629458752   0.002004869324   0.001090771659  0.0001897860955 
      2.32549945      1.198730562                1     0.8033124219     0.4476838966     0.1947666627     0.2481287009     0.3363049893     0.2197513959     0.2097534766    0.07443461453    0.05040504334    0.01253215583    0.01568636778    0.01972214758    0.01237697059    0.02370691328   0.006305777554   0.002640987646   0.002278031637   0.001569260803     0.0036230275   0.006243555618  0.0006477962793  0.0001163376797  9.511673078e-05  2.163167072e-05  1.868871497e-05  1.726768378e-05  1.593863179e-05  1.318833695e-05  2.255237707e-06  1.342435305e-06  1.140852417e-06  1.062581061e-06 
     1.187291136      1.310454078                1      0.899497584      1.008511722     0.8452721785     0.9846186335      1.496469004     0.4616819091     0.1192903053     0.6794138393     0.2830000786     0.1383226481     0.1336033644     0.3824148576      0.433303866     0.5232776946     0.1345979207    0.01802191403    0.02353281522   0.003505096442  0.0009150405356  0.0006273871481  0.0005790642749  0.0006603471925  0.0002394123452  0.0001595722139  0.0004726835695  0.0003607281425  0.0004505222685  0.0004136863442  0.0001109548148   0.001317454674  0.0002917737192    1.4668527e-05 
    0.9169948245     0.5692928691                1      1.328640572     0.7263751482     0.4401628524     0.4811630664     0.3844590102     0.2575334834     0.1035445308     0.1152538019     0.1009514027     0.0887565914     0.2324562764    0.02169395908    0.01715161579    0.01106071522    0.01927780683    0.01266600346    0.02300786334    0.01140568736   0.005850409044    0.00904246829    0.02182072879    0.01863740193    0.01677208432    0.02449950332   0.004832916183   0.002106625162  0.0009899923302   0.001250859143  0.0004682449756  0.0001718301593  0.0001043864794   1.81486088e-05 
     1.917540958      1.350128352                1     0.5811228496     0.4962229036     0.1675343501     0.3085128522     0.1648425329    0.06233468794    0.05079122825    0.07739403479     0.0571281895    0.04710503575    0.03394218896      0.239075331     0.2149096999     0.2661899976     0.1894577711     0.1643903874     0.1159159131    0.04857775622    0.06272777026    0.05722899531    0.05223687011     0.0838880884    0.08252159799     0.1014786461     0.1073217097    0.07306836206     0.1039157688    0.08869172992    0.03133740792    0.04322823605    0.01044963445   0.005124009275 
     1.486615417      1.358134469                1     0.8519016816     0.9811031716      1.502774097      2.106191199      1.166809149     0.8569063047     0.6926169944     0.6802445691     0.7372381804     0.4182981522      2.352426879      1.112513222     0.1938296684     0.5978718169     0.7681186829     0.3080425729     0.0686537925    0.01688509837   0.004737959448   0.002719154114  0.0006312914222  0.0003575897615     0.0018037598  0.0005539634728    0.00209577153  0.0002828980155  0.0002161664305  0.0002374967386  8.117427638e-05  0.0003414963101  5.073827858e-05  3.111836175e-05 
    0.5588251616      1.083503027                1     0.6494137949     0.9839776104     0.6189720242     0.7391039854     0.1034989693     0.1003691558    0.05648142993    0.06616890477    0.04781719943    0.04335642122    0.04697655812    0.08377400908     0.0238634253    0.07737067423     0.5910026194      1.497289455      9.554143692     0.1250403674    0.06637203925    0.03150097269    0.01441502254   0.007456479883    0.00986093424    0.01000087914   0.005745115659    0.02437540071    0.01559227171    0.01857460409    0.06315765847    0.01436745992   0.006510736785   0.001104308887 
    0.5946072456     0.7825761641                1     0.8107377891     0.4086843492     0.5860311301     0.2595565511     0.2324599631     0.0985334703     0.2244330621    0.06827864178     0.0237714395    0.01659998936    0.03122559597    0.04001976983    0.02910188967    0.08454850581    0.01616595855    0.02461542583    0.03554190264      0.104128405     0.2470996771    0.05820081614     0.1711060124     0.1561139784    0.06656873185    0.02989448925   0.008071943464    0.01097259731   0.003482704142   0.003256981135   0.008909910459   0.004776159847   0.002036631959    0.02039357315 
    0.9302175806      1.122423045                1     0.6742211875      0.426391441     0.4668557742      0.462772221     0.4351161427     0.4557609411      1.691839224      0.849779812     0.1801253174     0.1074497749    0.06321650204    0.02074460351    0.01772166017    0.01196107101   0.004523337882   0.001546301614   0.001984376377  0.0008201675928   0.001361240977   0.001721671936  0.0003832644633  0.0004728436631  0.0001052685123  0.0007056708658  0.0003743606613  0.0005615273493  2.974589089e-05  2.219393493e-05  6.644322482e-06  1.052625851e-05  1.480008342e-05  1.134667035e-05 
     1.351638331      1.216034619                1      1.004229812     0.6832035997     0.3821869764     0.6242476284     0.3432955502     0.1579123027      0.259667846     0.9684703686      1.828279888     0.6842280453     0.3052814385     0.1467906286     0.1153063243     0.2142662066      0.575859031      3.477332116      46.38504593      5.390428769      2.352676252      6.601597502      1.045563721      1.968140157     0.5098114061     0.1394438992     0.5447098768     0.2288938232     0.1052282348   0.008998315672    0.02376169151   0.005099333498     0.0100399527   0.006069169178 
     1.099594778     0.5344858281                1     0.3728788867     0.2360440081    0.09302670192    0.06342005479    0.03878839555    0.04105819869     0.0399154908    0.03797525532    0.02301566088    0.04949195355   0.004166059501   0.003863084773    0.01130116343  0.0007909344018  0.0005412746011  0.0006572171982  0.0007682860077  0.0002875951269  0.0005494187029  0.0001168672074  0.0001689517488   5.11654199e-05  7.467065998e-05  3.911592417e-05  5.779978676e-05  0.0001155043489  4.368395494e-05  1.565275435e-05    0.00055924245  7.406859268e-05  6.415810972e-05  2.302237863e-05 
     1.508729397     0.6159699453                1     0.5975654063     0.3446218328     0.2765817459     0.1447342296     0.1508001295    0.09828295136    0.06819430025    0.03661527832    0.01564042941   0.006001332497   0.009106296072    0.01145060564    0.01217343067   0.006051226264   0.001278289588   0.001041700617    0.00151048004  0.0005119215552   0.001227110831   0.000866676373  0.0003241337442  0.0009424748176   0.001119162033   0.003285916466    0.01579524957  0.0006603762623  6.462513024e-05  6.677035437e-05   2.38644937e-05  1.004875111e-05  1.571852239e-05   4.20419131e-06 
     2.962969812      0.504853252                1      1.333515592     0.6787871683     0.8102869487     0.7429030528     0.5109443132     0.3722948719     0.4149522329     0.1524989281     0.1015789915    0.06714193162    0.04723545563    0.05933406818    0.04063275553    0.03165642249    0.02120100544    0.01435105334     0.0142542754    0.01008819785    0.01024066715   0.005883051606   0.003701445292   0.001941771745   0.002664468848   0.002905811339   0.002907587169   0.001429177618  0.0002598412405  0.0001433364213  0.0001534057529  4.144141998e-05  0.0005776420591  0.0002922134813 
     1.673072146       1.02801723                1      1.065624064     0.8738043271     0.4284656888     0.4925473744      0.710425976     0.7954400389      0.934822221      1.061129594     0.2107578235      1.438835469      1.892927103      4.390825924     0.6028072291      1.183375694     0.2828162229     0.3245500921    0.07084956492    0.02494649439    0.04088594609    0.02994535812     0.0623739196    0.04567669898    0.01313501257   0.001485960601   0.002882358298  0.0004950647372  0.0003002908716  0.0003911951809  9.291728396e-05  8.260779143e-06   1.48790141e-05  1.792543837e-05 
     1.592918756      1.295814982                1     0.6733591797     0.3898404175     0.4488772764     0.7313234804     0.4036016375     0.3085181747      0.157075121     0.1251509862     0.1293713026     0.1498801476     0.2142978481    0.09112843447    0.02874072113    0.03231189719    0.06134438654    0.02712096484     0.0254322702    0.01276980838    0.01372762309    0.01041541072   0.006713595576   0.003051844855    0.00149567456   0.002372121865   0.001359112483   0.007557527019  0.0003411535283  0.0001976787137  4.993214434e-05  4.997696712e-05  1.798139646e-05  3.651283625e-05 
     1.750584394      1.081463293                1      1.210602961      1.180254034      1.063207503     0.8764102616      1.131042396     0.4635140208     0.4098169609     0.2302795363     0.1823332901     0.1540978934     0.0963206821    0.07085983983     0.1117530534    0.09850309612     0.2228660924    0.03249183917    0.01506268938    0.02785459645    0.01697427653    0.02962772343     0.3925344716     0.5553289393      0.193625045    0.02303162365    0.01041473264   0.009989453139    0.05485852849    0.08914705459   0.009805622085    0.00183724187  0.0003449459039  0.0004239803825 
     2.203834499      1.406716361                1      1.204844049      1.141635195     0.5000322311     0.6893016339     0.5400538316     0.2398008429     0.1453771383     0.1833196202     0.1730922812     0.3858098243     0.1135421531     0.2113620154     0.5374785009     0.1987835395     0.5074332671     0.1325462014    0.06891407908    0.09702482593    0.02680930988    0.01033293777   0.002284246289   0.003436895707   0.003165539925    0.01251070464    0.09525245386     0.0121556529   0.003784331089    0.01705844116     0.1292688927     0.1789624655    0.04920451156    0.03316630683 
     1.443686448     0.7611160039                1     0.6113805918     0.9254953837     0.6635565361     0.3129189616     0.3780846227     0.3567641903     0.3520359904     0.1877139939    0.08139811481     0.1967267095     0.1110046499    0.06526035327     0.1870913584     0.3614131405     0.1908885058      1.739735588      2.721385755      1.710758824     0.3750170543     0.2123695825     0.1603881678     0.6297474732     0.4393623513      0.148071697    0.04269006378    0.04406189214   0.008194760963     0.0264790112   0.006464966983   0.001807624097   0.000802655571   0.001232834827 
     3.254988571      1.020527643                1      0.805318457     0.4640905774     0.2346642564     0.1597235528    0.08463535413    0.05387862851    0.03829912528    0.02602086162    0.04847979744    0.04615930156    0.01488984342    0.05993787569    0.01328263958    0.01593067104    0.01344866313   0.007819357772   0.004426978685   0.002346554906  0.0005834928665  0.0005418392902  0.0008772551942   0.000811409185   0.001111827501   0.004839629318   0.000699237643  0.0005359853398  4.023236696e-05  1.858066184e-05  5.219942958e-06  1.066686527e-05  3.481666599e-05  2.358941781e-05 
     1.104861053     0.9812279414                1     0.4071166309     0.3041376483     0.2329299034    0.05919580244    0.02912001127    0.02087203387    0.01442760918   0.009468716709    0.02586986783   0.007159913151    0.06594507573    0.07759390955     0.0416998085     0.1029774801     0.5404153065     0.1061988149     0.1037303847     0.1509945936     0.1283593543    0.03915771272    0.03837550527    0.01071231941    0.01406182339   0.003268087561   0.001604540436  0.0007927526232  0.0004700725209  0.0002206709085   0.002807741584  0.0005304369616  0.0001015280005  6.386690465e-06 
    0.8624613889      1.142284498                1      0.931634334     0.5758569259     0.3428341739     0.4371492355     0.5832723015     0.5717149163     0.3368263597     0.2649229119     0.2617501667     0.3816422762    0.02675893188    0.06553600996    0.03391553804    0.05671588178    0.01069196001    0.01487658246   0.002539122822  0.0006887614569  0.0005738413035  0.0004080668717   0.000401667419  0.0001413610815  0.0001880092025   0.000245267603  9.859311859e-05  7.024226258e-05  0.0006514170579  6.550573097e-05  0.0001276509002   0.001167034181  0.0004306629118  0.0002514146245 
     1.190798751     0.6748984629                1     0.4185365957      0.629501774     0.8102055635     0.5311799323     0.2927235969     0.4072397194     0.3074386956     0.2590324172     0.2035316967    0.09718595292    0.08080838397    0.05299585835    0.07223896061     0.1540267744    0.04755911019    0.03268249312    0.01778685999    0.01121916065   0.007045557244   0.003669105246   0.001970391431  0.0006878389027  0.0003019869795   0.001551252137  0.0002012199709  5.731771178e-05  0.0001508134643  0.0001317878742  0.0001875007519  0.0001095183089  0.0003310281276  0.0006913336072 
     1.317124467     0.8819991582                1     0.8788670215      0.827705723      1.536592069     0.5125257825      1.050499541      1.374230071     0.7570620686     0.6417743631     0.2536065941     0.3428321873    0.09215174905    0.08967193441     0.2439453634     0.1642845761     0.1702341132     0.2996456137     0.1001413319    0.04082045763    0.02404960515   0.009370743952   0.003193709018   0.004789453666   0.002772957815   0.001716578836   0.001996630551   0.002655015452  0.0009592891688   0.000312368327  0.0003288882836  5.907455996e-05  8.672969594e-05  7.465595602e-05 
    0.6385785012      1.026897766                1      1.134415008      1.049810819     0.3602838915     0.4905878471     0.2008427729     0.1398043252      0.170978509    0.07542688857    0.03772383222    0.02966346692    0.01703240812    0.01195070843     0.0199359384    0.01939635926    0.01237733219   0.005657490088   0.003939110666   0.004263323637   0.002381125595    0.00226813307    0.00096542559  0.0007655006376  0.0003314431504  0.0004717505199  0.0002211750555  0.0001344143035     0.0004049511  0.0002978904733  0.0003278056807  0.0001080156614  5.603304296e-05  0.0001047483171 
    0.8867494628     0.8395977695                1      1.335105434      1.535158776     0.7748557089      0.548703891     0.8800904016     0.4105910015     0.2586977562     0.2377067168      0.137832553    0.05438665222    0.03251168203     0.0514241579    0.02130418615    0.02011092828    0.01349395189    0.01187041583   0.008540025491   0.009765160099   0.008356066431   0.005633381436    0.01976692913    0.04023114357    0.03615812964    0.05468357799   0.003066204672   0.003172309474   0.004760757147   0.002736101374  0.0007586814144   0.001080557868   0.001566072352    0.00306222428 
     1.524061103       1.23034958                1      1.156580934      0.757141837     0.4516776767     0.4132961165     0.2839491509     0.1933474626     0.2208131625     0.2150939003      0.118308752     0.0697382654    0.02368292055    0.01494214219    0.02205829298   0.008138208058   0.005062512862   0.003439733939    0.02456714075    0.02040815965    0.00297172664   0.001657213963    0.00206696591  0.0005101158511  0.0002909139817  0.0001067637295  5.556644587e-05  2.106731199e-05  1.218809065e-05  5.291555336e-06  4.399538354e-06  4.241192622e-06  2.465456293e-06  2.391406709e-06 
    0.6689253184      0.837235875                1     0.4825182832     0.2889776534    0.08907287474     0.0900267637      0.137231248    0.07291216911    0.04567536422    0.01127472997    0.01514217462   0.008679911226     0.0119030273   0.007478973783   0.001755277755   0.002052701617   0.002884846422   0.001241281011   0.002310105641  0.0007503887424  0.0003104098103  0.0003340466114  7.691967412e-05  3.030143205e-05   4.08774798e-05  0.0001050652087  3.928847185e-05  1.942864881e-05  2.177771434e-05   0.000119474407  2.557075598e-05  3.461998301e-05  2.448495523e-05  7.944066655e-06 
    0.8906849315      1.829398238                1     0.8372871816     0.5311891584     0.3093967065     0.1802647683      0.432664064     0.3771135004     0.2452933961     0.1427635366    0.03935167518     0.1163708926     0.1544306145    0.04197293263    0.04930919912    0.01715331156    0.01546228515    0.01351480704   0.002742969194   0.003234059052   0.001133898889  0.0009428573788  0.0008868659213  0.0006518226334  0.0009638031701   0.000633325548   0.001173787031  0.0002664954025  0.0009699411228  0.0004986217122  0.0002085083718  0.0002143336562  8.119890366e-05  2.119902911e-05 
     2.824304734      1.643277762                1     0.9837833086      1.044362154     0.8305809986     0.6911034561      0.301644714     0.3830846829     0.1003262182     0.1296584218    0.06549410482    0.03513358376    0.01761242054   0.006390501247   0.009850305492    0.01446533941    0.02627445775    0.09843517698      0.071134669     0.1161679032     0.1316601847     0.0850428386    0.06214149455    0.08651728871   0.006825934273    0.01987848791   0.003977961755   0.005644236885  0.0003829113264  0.0005376459588  0.0003658335432   0.001200321673  0.0001441383271   0.001076501832 
     1.621860125     0.9785062363                1     0.4913923848     0.1490982626     0.1785065795     0.1581329003     0.7371460369    0.03844574498    0.01308860726   0.009764667884   0.006248789673   0.009043905935    0.01801883803    0.01715445257    0.03755492319     0.1112816576    0.03623713122    0.02992982028    0.01634715145   0.006415707322    0.01815452218    0.00993533388    0.00987482301   0.002678603745   0.001272152122  0.0006886409401   0.001355964546  0.0005934161207  0.0004105794042   0.007988685539  0.0006809914976  5.262865175e-05  0.0001006150332  4.936364686e-05 
     1.812658188      1.593587887                1      0.662751582     0.5478252764     0.2345181844     0.2678878796     0.1572760545     0.2387542211     0.4194015873      0.734888618     0.5744288029     0.5251798815     0.2187123276    0.06488196066    0.07933565576     0.0664406266     0.1786035969     0.2697038243     0.1723926013     0.2242904465     0.2254651184      1.019156584     0.5283067691    0.01916189192    0.01867436062    0.01046586346     0.0117240175    0.03802249824   0.009275199301   0.001901803083  0.0009937776609   0.000276307727  0.0004421452321  0.0007479395536 
      2.10061025      1.008604863                1      0.678191373      0.427192655     0.4977591637     0.1976734513     0.1100142104    0.09692934854    0.06523244912    0.02811445783    0.04609572519    0.04349808083    0.03828678673    0.07114191691    0.01008093379    0.03567618973    0.02100664831    0.08267001626    0.01199001678    0.01587991025   0.009577608872    0.03391986237   0.002929213701    0.04186256205      0.022292399    0.02991929361    0.05154022146    0.01947237668     0.1058948251     0.0897696215    0.03367138929    0.06137884767    0.03765157321   0.003051023408 
     2.439342605      1.534494645                1     0.7945478457     0.8009171726     0.7682627752     0.5386829293     0.4224055861      1.877958789     0.8779757283       1.96710037      2.815409022      1.228658968     0.3567019819     0.5550289959     0.8471309629     0.2718675952    0.06947178805     0.1968333383     0.5925415199     0.2029251492     0.4174844618     0.2050057505    0.03930746307    0.02831411417     0.2894211078       0.83113515     0.1865016975     0.1237001992    0.03324438909    0.01527773659    0.01579086842    0.01071278736    0.04620412631   0.001205620239 
     1.929846046      1.300626283                1     0.6449465879     0.5744229423     0.4482098266     0.2923294915     0.3447616798      1.089016399      1.149416382      1.024972297     0.8922492179     0.1737294403     0.1475999582     0.0693470703    0.07117527248    0.05429935588     0.0100451507   0.009689913191    0.00776621438     0.0176979106    0.07205536746    0.01248077192   0.003179143159   0.001373556399   0.005127933527   0.002427203335   0.002544685598   0.004798168206     0.1008911619    0.03274197305    0.01785528743     0.0433620299     0.0148826596   0.002312296673 
      1.37487725      1.460909293                1      1.088018416     0.6297270192      1.240276994     0.6883353802     0.9182783873     0.4811870104     0.1095370169    0.05984922861    0.02599088166   0.008253653175    0.01355505994   0.004465938758    0.01107416637    0.01489632535    0.00147017528    0.00321566804   0.002536585509   0.002591355489   0.001370150431  0.0005451122458  0.0001175959032  0.0001249868465   2.42367921e-05  2.810240231e-05  2.686144633e-05   1.61812281e-05  2.805425193e-05  1.331379235e-05  5.053829966e-06  1.260022268e-05  2.021940798e-06  4.209397482e-06 
     0.621099688      1.015201119                1     0.7689104023     0.5146422337     0.3281989784     0.2879955461     0.1327603933    0.09789607431    0.08206270574    0.04630943695    0.03671592655    0.01092965833     0.0057706063   0.006679741547   0.004190476872   0.003506083204   0.002516394301  0.0006179604129  0.0004299194506  0.0004594361281  0.0004536931081     0.0021887866  0.0002749032717  0.0002253320191  7.249867185e-05  1.360218687e-05  8.350393963e-06  2.604923999e-06  7.648277468e-06   3.13661958e-05  6.384867946e-06  1.856432906e-06  3.982154702e-06  1.497350539e-06 
     1.456448685      1.064446092                1       1.03432716      0.839499765     0.7943830265     0.5111059722       0.25139523     0.3301692231     0.1132649706    0.04863429056    0.02848573939    0.06150946799    0.08054485336    0.05766512624    0.03308603737    0.03429842792    0.03236584346   0.004541480529   0.002653721073   0.001229205469    0.00211644339   0.001266690516  0.0005501098451  0.0003417569255  0.0002339003144  7.937709838e-05  0.0001142987251  5.361564403e-05  0.0001479981636  6.356891722e-05   0.000140195962  0.0001146463426  4.218701898e-05  0.0002445048673 
