-3308.380457
-3544.714199
-2372.775824
-4262.060711
-1324.083741
-1304.785322
-1020.131043
-806.7242656
-4787.085026
-3854.315772
-1445.923837
-2563.988268
-2140.499955
-4330.621091
-9340.753569
-1662.180368
-7565.053632
-2674.966661
-1465.137931
-3291.968036
-3044.288444
-2739.659031
-4303.354121
-2048.597654
-2568.83946
-1321.638986
-859.9913731
-4746.364866
-1570.264396
-3607.691947
-1036.139124
-1399.98486
-1953.108853
-4484.8635
-1131.034395
-1453.621868
-2175.31988
-1489.651289
-1864.001804
