1 0.881552 0.0385113
2 1.33402 0.0301882
3 1.03218 0.0124844
4 1.07721 0.00990774
5 1 0
6 1.01597 0.0094632
7 1.00783 0.0128719
8 1.01828 0.021573
9 1.03283 0.0352296
10 1.02083 0.0607289
11 1.15662 0.137466
12 1.11174 0.10565
13 1.02291 0.0863039
14 1.10548 0.235183
15 0.760704 0.0749939
16 1.22118 0.391256
17 1.15527 0.313325
18 0.822552 0.155544
19 1.53155 0.455343
20 1.02477 0.272606
21 1.18139 0.551263
22 1.53489 1.06158
23 0.54591 0.175648
24 0.392898 0.0777292
25 0.300082 0.0641025
26 0.259645 0.0443158
27 0.239128 0.045557
28 0.243814 0.0599904
29 0.35797 0.124916
30 0.578713 0.210099
31 0.365904 0.180892
