-436.5003625
-796.2159889
-573.4690729
-490.7281886
-462.502928
-160.2189866
-611.4365304
-445.6374058
-219.0518991
-1083.449231
-323.7141182
-167.0343014
-2071.054909
-3646.058078
-572.2921485
-1327.204626
-494.9957907
-287.9705429
-700.6584629
-204.7514658
-227.9602009
-422.7951771
-3890.950686
-948.4377158
-486.9360792
-665.7973283
-626.5122321
-294.123013
-799.5971665
-381.1606801
-754.3823188
-4068.660407
-841.9614738
-312.3598083
-645.191705
-823.5495333
-1383.916259
-266.3339146
-1217.23112
-1353.501985
-330.5153186
-475.5098012
-2499.08357
-425.9349428
-698.374681
-613.2959332
-225.6975453
-343.368121
-851.653572
-282.6682401
-1328.065194
-503.6825501
-1608.609806
-1472.044593
-823.9459455
-2983.037453
-531.23371
-335.6902856
-322.3081692
-825.0570484
-391.8031398
-140.627668
-501.3503195
-1521.066501
-558.7494955
-184.9323456
-839.1210172
-198.6879973
-803.2248637
-1157.037172
-24.99267382
-269.2998103
-297.3680225
-557.2924259
-329.460716
-382.0015176
-981.2854372
-826.0658705
-286.6382067
-304.0174448
-226.846689
-969.6965468
-146.8852427
-316.4234971
-299.4483692
-559.1118709
-627.4965651
-887.3525426
-916.4005266
-539.3101549
-714.3782552
-414.0900515
-367.3051261
-255.8615031
-315.4655726
-509.8127951
-483.8250634
-378.4690815
-263.0730235
-561.5416091
-759.7143891
-1299.387181
-1045.931691
-220.5376076
-906.4059857
-1313.620146
-730.5950146
-266.4787212
-150.5838285
-585.3771333
-445.3050875
-2963.283229
-280.2068634
-755.7112834
-540.1038746
-151.7688231
-562.520099
-595.9879835
-1542.662118
-518.1577774
-3040.711822
-212.4377984
-359.7321338
-442.5851503
-236.6711784
-89.19743975
-123.0452221
-580.5410124
-811.4244313
-618.0924493
-937.9604604
-401.726289
-172.3751603
-225.0557041
-406.5308209
-754.3371045
-1006.396958
-323.2990982
-217.4973003
-299.774219
-256.4225145
-646.1394903
-223.7217502
-859.2742928
-1623.550684
-258.9589815
-122.9033676
-1224.936366
-1415.597615
-228.7869819
-187.1202946
-529.1151512
-784.9379674
-156.0452455
-388.5470017
-220.8835523
-201.7356096
-366.388249
-591.881687
-624.1472251
-225.681824
-142.2502423
-436.9448377
-3824.462759
-662.659288
-270.4044394
-210.0861103
-1399.047713
-172.1033416
-161.144653
-69.56088296
-1540.926043
-312.8871778
-241.8255441
-725.7807995
-264.6823681
-1486.335798
-150.9342845
-243.273877
-387.8045168
-768.1136422
-1499.754635
-381.8630962
-280.4612948
-279.6420072
-322.400725
-327.3081532
-635.8487839
-1050.075778
-1103.9348
-197.1553319
-233.213077
-424.5875363
-695.9287758
-682.0309676
-1323.224197
-804.0773923
-161.4638599
-242.1875743
-377.6704391
-405.9389559
-543.2492289
-284.7705783
-855.3939065
-199.8531695
-206.9220205
-911.8574246
-582.5371058
-197.3868239
-371.003209
-367.4644943
-695.5915983
-194.1397642
-221.8778327
-604.1974533
-1134.999527
-584.2644122
-336.7456738
-212.8138172
-383.4261828
-1133.883605
-792.7806091
-827.1157122
-1327.228029
-1561.743993
-123.1174299
-407.4088837
-288.2426042
-5105.043349
-2093.5952
-732.879724
-287.9671281
-360.7207206
-1762.079688
-189.9039539
-1130.760473
-1362.789399
-401.7430895
-265.3683005
-346.7231773
-206.2089591
-1042.426345
-265.590253
-317.231937
-1075.343202
-859.7014427
-1434.001792
-232.4726175
-734.2131936
-892.510332
-775.9111797
-1961.892953
-1263.028702
-642.9972247
-946.4979783
-491.2249025
-935.5473803
-330.0111892
-567.6558205
-524.1940697
-357.8942101
-365.7407603
-2335.565957
-812.1445436
-180.2296163
-1619.050245
-881.0693996
-270.9821747
-391.9218409
-991.1527629
-353.4957304
-322.3671453
-672.7979829
-595.475933
-1509.824347
-86.23648265
-759.2088867
-660.7156601
-788.6964323
-499.4307558
-564.7428518
-435.5722893
-807.3128874
-955.4781583
-2632.073352
-731.2156256
-154.4107647
-203.0045838
-214.1276226
-357.0575531
-117.1647584
-2872.993097
-232.3409334
-361.2254555
-322.5456471
-245.1121579
-904.5850879
-777.2688798
-829.0094605
-725.5419433
-370.4290981
-261.1099837
-270.5332495
-765.6847508
-390.3942628
-1600.753256
-224.8051009
-210.1772319
-288.0183789
-404.7101494
-943.9614502
-708.5440592
-489.9090491
-301.875558
-337.2612447
-1682.815793
-5780.536754
-636.3619663
-2615.366069
-255.4300446
-381.0768325
-2908.607451
-393.7228568
-817.3009644
-3120.344491
-451.1770634
-567.886924
-995.4443073
-19.57977191
-460.0247768
-1199.474772
-993.7384294
-796.1857607
-1053.258943
-151.7774262
-333.0915109
-218.2475716
-3452.074793
-880.3396244
-974.2029914
-825.832836
-392.4427723
-430.3846652
-1435.817268
-1313.484216
-593.667786
-670.753042
-367.7025425
-888.6419883
-874.410418
-187.6833995
-260.9243294
-179.9707004
-302.8972379
-240.2423452
-13389.4761
-795.8456947
-752.6996186
-1338.592948
-206.9052349
-168.9787544
-1163.456939
-624.9166891
-77.77338105
-1404.189268
-210.4256775
-245.7314102
-857.4749334
-814.7412039
-235.0237828
-187.8239472
-142.1555366
-789.2756341
-377.8809117
-877.0699467
-1139.014576
-1293.946159
-242.217666
-1707.42504
-352.3379383
-394.0598072
-750.6671326
-502.6474223
-225.159657
-1534.289174
-230.5480814
-921.1684618
-368.7279362
-753.5431138
-718.6708733
-367.2193758
-365.0227332
-997.9684084
-1828.190938
-271.0724442
-414.9961947
-1490.300789
-226.2018635
-300.7413571
-583.8244157
-204.1259589
-262.6222422
-450.1064073
-1054.065333
-480.4169062
-2204.817044
-289.2218677
-405.8175244
-421.5336766
-2161.727818
-2595.709981
-378.6389979
-779.4082773
-384.6152874
-249.8617607
-565.6152858
-1314.962683
-361.7742555
-622.4538987
-178.2112108
-257.7626396
-448.3978791
-682.738449
-1097.792073
-360.595575
-639.8841785
-309.0926375
-206.6427144
-368.2462767
-337.0061942
-320.7631096
-511.231058
-937.5884059
-297.2682575
-307.1542088
-355.295979
-130.7651597
-684.8673428
-649.7587087
-277.746793
-242.7020772
-192.1767412
-519.7723032
-179.4304335
-245.6982492
-600.2125153
-226.0504738
-638.1998504
-339.129365
-1495.369205
-1333.218058
-144.5926089
-240.969744
-968.981295
-699.5794811
-505.9226932
-1351.725711
-717.3029308
-271.8063832
-1985.02637
-255.1655414
-145.408877
-331.8917881
-499.3073304
-962.2169107
-491.0913027
-366.2717486
-289.7412488
-2640.875003
-3349.589001
-424.4930702
-389.0805804
-329.7412478
-882.7526553
-458.1753916
-20498.66898
-272.0913532
-708.2388262
-574.1976207
-718.6797737
-315.6331365
-154.2287321
-272.2526136
-690.2339927
-254.3794719
-415.1487019
-413.5362266
-3189.709027
-723.0393151
-203.2456425
-330.1958733
-4791.153029
-509.5956909
-199.3927746
-540.9760772
-1012.926351
-334.4657809
-2461.43281
-278.4843837
-268.5006423
-1000.435582
-1022.101796
-1113.595586
-643.8877457
-174.8644242
-179.753323
-2656.088342
-949.3980285
-410.4526236
-365.8965514
-480.9763211
-772.6131411
-1478.96181
-315.7989943
-1011.692986
-644.5866002
-358.3571604
-519.2385207
-1055.85591
-932.1162601
-471.4439158
-632.0895553
-1711.467594
-1111.716782
-83.00258335
-180.0421925
-464.3834381
-584.3054895
-1225.937355
-704.972046
-2104.987932
-188.5308999
-1759.950965
-783.0583125
-279.0669142
-570.6192615
-91.0785593
-280.9136867
-980.7788715
-204.0289797
-329.5959703
-438.3926196
-220.225781
-1229.302816
-116.2357269
-648.6558166
-131.2864628
-532.3652652
-365.8871822
-671.0171639
-3057.028826
-874.6046604
-425.5900614
-282.879765
-153.6315336
-2842.589198
-628.297154
-410.6315272
-3137.422656
-384.8933076
-249.16386
-608.5647159
-290.9554244
-382.006268
-731.4656091
-257.5274134
-178.3195165
-689.7426502
-781.950368
-954.645223
-591.4169277
-1003.117821
-1954.693379
-79.13786436
-415.0954985
-326.7027112
-784.5328925
-265.7998028
-398.6486141
-866.1989167
-623.6510718
-130.3880782
-723.0119629
-274.4249378
-1161.178356
-1728.081541
-400.7609071
-760.9637239
-1753.592066
-1550.281425
-2857.258549
-675.7003073
-643.3402597
-291.1221611
-2563.653953
-669.941268
-306.568262
-615.8387493
-566.1783549
-1510.21596
-692.4632616
-1054.942285
-166.0234925
-281.9647077
-4213.65232
-203.3321475
-962.003186
-20291.62976
-549.1971857
-345.5613835
-161.331435
-4872.320565
-249.663602
-333.9345548
-86.63378568
-1232.938214
-436.9934214
-296.7856491
-226.9742064
-2837.968628
-7609.380722
-1422.402637
-156.931311
-695.7841149
-819.4102996
-623.2111581
-875.694363
-772.0853769
-332.2701837
-277.5942029
-500.6414368
-349.9056853
-610.658398
-510.2314055
-249.2631128
-460.8624738
-1403.340406
-289.3741471
-888.6818721
-1367.608466
-314.054191
-1433.374266
-905.6750473
-1475.282124
-325.7916693
-470.8524278
-341.4210882
-638.1006566
-255.5550219
-280.0259248
-187.9314206
-369.227022
-126.5384879
-706.4938704
-378.6699528
-629.1230036
-1429.450872
-416.3906878
-819.7120226
-376.2315837
-3338.991423
-1090.066039
-1622.612564
-241.4086958
-1944.980628
-151.1476901
-849.1955601
-1573.292667
-130.2029076
-680.6620589
-135.0299337
-251.0463979
-303.3427217
-804.4278419
-150.7108302
-587.4071046
-318.807751
-668.0911174
-754.6727103
-451.9631512
-436.105519
-479.5629375
-142.9447394
-263.3366806
-208.8819964
-915.3553584
-1032.880933
-378.6665058
-587.5909432
-702.0568778
-459.0706633
-375.3488899
-742.1262041
-1194.7637
-294.7490202
-1105.996822
-312.9696301
-573.7228898
-909.1958297
-211.7350468
-553.5896044
-545.2170941
-964.7123087
-627.5830374
-212.4432722
-342.6792975
-13021.99071
-329.14229
-375.9002276
-559.1688661
-656.6451326
-3387.847823
-384.1777572
-195.2421629
-326.4714559
-463.5998796
-263.9386472
-192.846316
-897.0412728
-1304.014832
-494.4244187
-514.6895879
-1962.78999
-427.2756976
-487.8210498
-431.1550523
-189.7930974
-466.7022643
-309.0591848
-6787.000999
-313.3792054
-314.5088511
-949.0389311
-503.7323247
-191.6593786
-555.175018
-666.6534306
-321.1574625
-381.1021045
-248.5189109
-268.7082254
-362.9968344
-204.9477715
-93.73794056
-1158.758789
-213.8036215
-634.3412902
-400.6183273
-472.5413888
-328.6681051
-113.5469713
-157.2568396
-92.67865103
-485.5978396
-957.4359409
-598.9724829
-413.7589816
-1162.156062
-627.8561555
-845.0685222
-371.0105974
-12631.49263
-3021.279092
-4407.876879
-1002.644401
-691.5145184
-511.3432137
-1139.139131
-10467.19803
-333.2149443
-700.1381905
-749.056224
-150.7628559
-381.4780964
-437.056603
-7088.381832
-341.6887656
-1691.443428
-305.8272504
-375.85707
-1545.778824
-511.4579316
-677.6545972
-946.1073815
-1020.916803
-155.1662049
-578.3174412
-1332.413072
-841.5431961
-3238.683064
-333.3707274
-835.8689182
-161.3137176
-244.6464545
-956.8917695
-267.8157349
-226.0364973
-895.5363213
-764.3290955
-525.7051027
-239.1647935
-658.8539977
-776.6678654
-770.2546543
-20822.97349
-553.2537999
-257.0436135
-315.2178862
-326.7312578
-845.0573585
-1719.99114
-415.7857031
-866.7064371
-395.3896728
-504.5833007
-1467.890504
-474.0924503
-568.6858831
-206.7318666
-441.7713748
-1193.874961
-1405.854755
-210.9327298
-750.8849945
-1378.170946
-4309.834424
-607.7450612
-432.8045452
-210.4009028
-539.6971954
-161.3106244
-564.3403376
-394.5269757
-254.0316837
-329.6672581
-946.7012593
-5517.073405
-1680.033395
-212.4582638
-1428.877487
-898.9241717
-340.6898128
-266.5480003
-245.7109239
-906.7271663
-668.9214661
-341.0493847
-855.3128526
-217.7133908
-790.3177596
-939.5229314
-312.9550044
-261.1247868
-619.4993507
-374.2543142
-2205.415191
-457.8008845
-898.2168368
-111.7572335
-480.5318491
-488.3971711
-417.9465447
-422.3012416
-231.9125784
-1178.183064
-251.4866704
-510.003631
-1473.554434
-492.0108371
-438.3194367
-389.5131236
-2197.020899
-1401.870795
-751.5471554
-153.242428
-433.8863205
-452.3814022
-2493.595171
-539.6165685
-388.0751204
-1345.663083
-387.6025706
-144.3269139
-547.8788582
-633.392443
-372.7094911
-243.0364793
-604.4339154
-565.2715379
-346.6475793
-502.3869404
-1106.312104
-292.7613973
-7463.854983
-707.6789715
-634.5522512
-264.7113536
-538.5330824
-144.7057069
-604.7185182
-601.372397
-337.3566814
-277.8032538
-413.6998847
-303.0631235
-450.1676715
-2453.947945
-314.0782382
-318.2174897
-1525.828911
-1226.980529
-875.8004662
-2973.444772
-336.0734106
-201.2548941
-224.8373796
-399.2267096
-549.4790604
-516.9849963
-219.7813665
-252.8501522
-276.6081823
-372.3778536
-706.5251166
-6910.517143
-562.5813801
-687.8560842
-455.6193831
-549.7068587
-390.5433207
-897.5996007
-383.3258112
-377.2156824
-243.6883902
-405.3709945
-265.884442
-1475.926971
-402.9206151
-430.264126
-815.4923051
-322.5009093
-829.8439504
-130.5876168
-769.0127067
-627.9011227
-200.4275448
-720.1266262
-1001.349554
-620.3676855
-175.9333012
-389.2225514
-252.6380929
-618.8658231
-286.1716767
-540.8746252
-1153.193977
-270.4850928
-609.2868836
-70.86232108
-2894.232044
-248.728822
-1277.847135
-1148.839065
-549.8522907
-318.0738827
-182.8325499
-436.726718
-231.9574777
-76.03477121
-1191.723089
-335.4461968
-314.3595332
-464.6165032
-371.761041
-517.0304433
-472.5267096
-433.3876526
-297.1149881
-1525.114339
-230.7471227
-317.322243
-1707.717941
-816.0825269
-2438.711897
-116.3917211
-726.475148
-1331.931324
-239.0156658
-370.4061429
-503.8502858
-349.0094715
-427.3010204
-537.5680595
-782.4028285
-304.8412093
-293.0827287
-388.4026788
-3679.277486
-73.04660073
-80.37003609
-2741.176996
-244.6170184
-1618.571127
-277.2612931
-308.1574869
-222.1981454
-728.1859471
-99.81102322
-567.2036396
-793.4748196
-801.0917504
-410.5649754
-180.0848051
-1437.353085
-189.0254479
-439.6213568
-537.8589754
-997.0734737
-1432.353715
-2108.420055
-228.2991825
-464.5569056
-544.135023
-455.1999263
-454.7079391
-882.9701755
-890.8909839
-503.0221039
-335.0867396
-185.586876
-874.4618015
-742.0542703
-763.3515818
-737.4981059
-690.7035954
-6993.323069
-397.1666512
-496.84494
-2189.397388
-145.4888259
-402.0138737
-3875.781741
-5640.876661
-393.7708954
-331.2362038
-427.8133093
-1306.866028
-290.8405164
-756.4856199
-262.4734572
-136.4848287
-3055.274841
-2045.714899
-175.9274373
-363.6907726
-153.0070808
-324.4329287
-230.5414118
-929.5328002
-126.613442
-147.4506234
-284.5780028
-357.4185767
-476.8906912
-1110.270694
-4832.748379
-623.0257731
-358.8001145
-80.35115955
-357.8629703
-231.1768847
-289.5280321
-2381.049084
-462.8353159
-253.9684552
-1331.287227
-192.1512329
-294.283398
-824.8090493
-635.585782
-1374.919026
-307.157493
-204.9684337
-1733.68489
-289.2429066
-378.4837171
-3768.973839
-700.0515454
-558.1131589
-236.1637848
-279.6336716
-645.1983402
-188.3065068
-278.645081
-16702.43716
-806.5116325
-1023.976628
-707.3220943
-468.6785415
-713.9909733
-2040.849663
-1371.777342
-248.92175
-1563.574567
-731.6025483
-195.7860019
-798.9747715
-487.3107663
-585.1534051
-883.0659231
-182.0765308
-347.5532029
-170.8775581
-117.5338265
-124.6040288
-499.3491217
-77.41910927
-291.2172585
-947.5128481
-61.04752751
-103.3338343
-896.9128082
-672.7714776
-213.7966672
-492.5707811
-283.4357003
-138.8892724
-372.6444747
-97.14047244
-3552.766493
-403.0433677
-1711.90425
-1065.959961
-547.9221124
-577.8507843
-506.4614181
-329.1571968
-351.3011914
-772.0275983
-218.3345117
-414.6798567
-83.09494647
-430.9933582
-707.0772982
-11926.51144
-84.03973439
-365.4155474
-223.8968325
-3651.985306
-506.2646174
-412.899672
-71.12714094
-295.8726095
-5519.778126
-4096.70997
-944.3520158
-293.7267915
-741.9158603
-914.6987113
-1199.9573
-222.4383571
-650.1141144
-487.4987366
-792.3370705
-613.3408058
-318.0107268
-168.3282781
-1525.239342
-389.6952881
-354.1738918
-1788.49475
-593.2876098
-136.272037
-614.297715
-293.1420566
-184.618386
-348.6953727
-496.7482216
-119.1895939
-1012.728913
-2423.500788
-369.9939096
-160.5179811
-812.18292
-445.7108291
-1443.053403
-543.1667183
-356.5593436
-1101.416839
-679.2247702
-186.8337395
-131.2529765
-251.3499459
-786.8141856
-269.4428154
-1009.03363
-596.5119498
-410.9130356
-556.655018
-628.8464381
-303.2032244
-324.0932395
-1198.895521
-421.3928937
-2976.552646
-236.2078709
-1357.4111
-1728.120123
-783.1275924
-1933.348856
-85.53478679
-1164.039991
-219.5627002
-558.1478775
-170.4202302
-385.3789525
-364.7215162
-2086.710976
-530.4686993
-726.5633376
-191.6228741
-344.6517913
-679.2093553
-285.7175613
-726.0703995
-1128.884999
-2201.393878
-593.8278457
-558.822555
-447.6557685
-2058.237149
-2453.343445
-555.5424345
-319.0424996
-425.7271966
-4492.557306
-397.9655939
-832.1741924
-371.2200998
-1236.54464
-306.3225981
-3161.326177
-1426.619775
-458.2899305
-608.7891485
-1177.034706
-19861.84648
-469.5938108
-834.8150568
-1894.670727
-2215.99917
-553.5191068
-1368.781472
-147.465114
-271.3358667
-1132.026093
-783.4852325
-246.3680466
-530.297731
-899.9502613
-222.4988007
-143.3526385
-1633.591379
-280.8435611
-1655.71664
-322.6765182
-1531.270459
-238.8224027
-535.9614374
-423.6921604
-1562.28671
-373.5045398
-963.5124833
-323.107407
-535.955792
-319.2960292
-411.2153644
-333.0988718
-267.2886091
-1093.131641
-488.5170983
-115.7537581
-299.2835663
-909.9791871
-144.2099158
-196.5432355
-294.6806057
-551.6129661
-182.7788406
-879.011671
-154.1955583
-71.65959448
-163.6184033
-2564.541536
-1881.149749
-12524.89618
-324.1305672
-680.7446425
-1219.513794
-494.2537147
-920.6106147
-1776.984837
-498.9041822
-1791.537795
-2025.038992
-595.1515009
-2888.932153
-299.3464895
-330.0932113
-1121.490755
-1012.489183
-896.0219372
-421.2765183
-230.5905355
-764.1419491
-301.5457539
-163.9904713
-228.3766301
-288.7666342
-486.0132976
-601.196884
-492.3850764
-708.6026425
-328.6033402
-1057.802107
-685.6232867
-93.2695776
-782.7355513
-185.1069298
-348.3706768
-629.7768673
-211.0218838
-274.3745242
-351.4077044
-901.1209632
-4254.11689
-350.4861478
-239.3930008
-266.0751994
-724.6361149
-390.0421353
-496.7328259
-495.6170265
-311.3301592
-316.0863149
-10902.41351
-722.8778511
-58.07290492
-705.4670138
-607.9263825
-186.9648111
-185.3182018
-304.4881363
-941.1924342
-1062.924664
-882.3614323
-348.3446641
-153.4722774
-571.0789964
-835.3697874
-378.9475024
-1301.145184
-296.698181
-172.8710725
-425.612491
-516.2323069
-162.7772823
-485.9659623
-2465.776955
-987.0216564
-142.4716477
-782.0497753
-412.0614512
-407.2110249
-757.9052088
-260.5445913
-397.7620583
-892.4183905
-1798.352608
-509.8884824
-344.941684
-973.4993873
-140.9264307
-637.8703828
-2535.505127
-879.2080191
-964.951275
-451.9842995
-333.7520452
-113.6450054
-372.1587837
-471.1460282
-711.7567973
-84.21500849
-1126.073656
-540.2686723
-1328.67681
-1469.643556
-272.0019613
-414.4757313
-612.9658903
-641.6025664
-331.4280622
-992.1023235
-968.8221135
-944.0426259
-178.6383569
-784.4608495
-120.3747806
-149.1030342
-620.1936598
-629.4682949
-257.0827301
-1819.866814
-396.5727431
-258.8932422
-194.901136
-1239.881182
-1244.830583
-494.187862
-197.9337209
-443.8641115
-432.3643396
-200.4043923
-492.3517004
-210.9778248
-344.3978413
-1613.300379
-275.7059418
-1576.394452
-4035.501201
-286.3527076
-1094.800226
-723.4061502
-151.697967
-524.0305668
-893.5392998
-990.5083735
-221.5214461
-486.2045305
-1485.633963
-678.3972931
-279.9845372
-332.6134813
-514.2658083
-605.2978734
-581.2997749
-444.1857826
-405.8219778
-845.3650006
-1156.013673
-690.773911
-565.6531433
-389.5987603
-4002.135984
-399.5801029
-869.1642727
-483.3893177
-426.7034897
-323.6401058
-191.4918401
-353.1031414
-362.051737
-3359.143005
-796.4000355
-523.698697
-1206.672565
-163.8941269
-1322.70412
-492.2602478
-441.390489
-1932.109083
-533.6361446
-687.7702153
-857.207051
-138.8889983
-107.3306385
-871.5537289
-706.873123
-577.4931107
-205.523645
-204.4971558
-526.7242834
-201.7643446
-430.3423603
-602.0348879
-119.8105357
-335.8765577
-916.4650055
-1164.143898
-3465.337976
-77.20276633
-198.4345181
-397.160309
-1313.526705
-345.0546089
-383.5195317
-398.6302293
-159.7362527
-632.726201
-595.8473177
-1010.485208
-723.1328422
-550.9036917
-469.4329983
-1488.233897
-501.0815812
-678.1600406
-312.6160586
-340.9211436
-10653.8345
-2471.479437
-2486.154944
-730.0975734
-240.0827062
-1463.038768
-119.0982357
-502.7451966
-624.1500344
-206.4918983
-316.6940548
-534.2642177
-741.2678818
-1100.21321
-403.7068565
-666.9070889
-478.6795258
-654.1214229
-222.6671819
-363.3235166
-1282.46425
-430.1383926
-679.6212847
-433.0630396
-1312.708812
-283.300706
-356.220968
-153.7729943
-148.5012381
-661.2549222
-1062.032564
-1719.559197
-651.5575878
-411.94444
-413.5556851
-311.403741
-560.7915917
-213.3697981
-447.0834074
-353.397778
-467.3541835
-734.349491
-294.3470273
-617.6390804
-240.4130437
-265.7619066
-796.0375454
-373.1093394
-246.8850848
-358.6691937
-194.7741762
-479.7565294
-1625.825137
-779.3257648
-103.5100687
-290.4917773
-291.4044772
-593.5144096
-103.9344679
-279.5228358
-85.13605865
-178.4140635
-1209.270325
-1059.564922
-408.5763182
-520.3532719
-406.5678548
-442.1114945
-631.1277944
-428.3519256
-1246.872606
-489.9041359
-4937.432039
-445.5710794
-631.2141876
-605.2063294
-658.0594089
-1748.546325
-876.6540634
-142.0701736
-175.1162786
-778.5198453
-198.8997602
-5164.685713
-1657.577173
-222.7106483
-187.6881267
-425.1507325
-1130.994888
-371.7855337
-522.6826755
-8505.40838
-538.3775303
-731.5207884
-962.5106046
-120.3838692
-202.0636385
-452.4704633
-359.4288658
-222.9130193
-322.3528059
-834.4057043
-1058.787336
-1330.507384
-239.5275417
-257.2818454
-1367.353749
-789.0250865
-257.7642321
-160.5960586
-546.0138899
-1403.106558
-2205.350278
-533.5320519
-2126.688172
-606.2486262
-123.0183714
-939.7181628
-210.0929213
-200.4421891
-1329.148793
-536.1419388
-328.4424053
-1181.176314
-584.0723742
-1160.950521
-241.7547078
-119.0092341
-353.6205215
-129.0298901
-512.0074666
-171.7328394
-1134.247681
-630.5962197
-615.7930881
-359.8079758
-692.5865249
-532.3477489
-351.7845164
-233.4048612
-151.1208361
-2381.176926
-112.4691604
-588.8864027
-814.7388434
-1365.995572
-437.2978033
-714.0491359
-808.7691351
-361.0654898
-107.5128464
-484.9713208
-1268.507331
-855.0616523
-656.4759531
-265.9125472
-317.8958038
-222.2443308
-274.4612294
-421.1019757
-171.6104349
-7500.979856
-230.7001645
-571.8395344
-1880.241234
-929.6816165
-370.2490368
-941.2170395
-444.9066257
-150.4944059
-879.8112122
-544.0486908
-822.4171274
-346.6835487
-150.453218
-698.622405
-369.0844618
-1063.403936
-554.6125158
-476.9451503
-576.5346075
-730.4442933
-481.3692072
-291.5561296
-430.3323975
-1428.333431
-422.5912789
-530.6950325
-263.2002491
-981.8137244
-1130.531915
-321.3185895
-1759.368261
-569.482924
-249.8577028
-97.45984591
-258.9417248
-330.1150219
-291.5663492
-1360.278142
-254.3200971
-3680.535015
-441.84172
-281.0553878
-623.7475596
-1361.446379
-264.8854465
-276.3845824
-816.2052617
-571.5884875
-1116.323743
-573.7824479
-443.4243849
-1753.203158
-393.8463744
-365.8877729
-748.2486842
-1026.418488
-804.7154032
-2302.193353
-1840.464754
-449.6953389
-791.2934062
-452.4550241
-1151.445742
-751.3166899
-374.6427751
-489.8808923
-1060.863508
-2873.170094
-596.9703761
-1152.88545
-1276.817174
-394.6707152
-226.7402375
-247.4148425
-208.6339755
-642.7564055
-302.9610744
-5651.155587
-326.2220031
-1485.045234
-381.6533281
-1039.655854
-537.3949627
-352.2991134
-381.2389844
-721.7898022
-65.87688507
-377.2591364
-219.7049512
-343.7886524
-725.4975144
-838.3283445
-385.352863
-716.2301415
-383.6136297
-458.6869337
-2159.823834
-1514.226723
-2847.227621
-218.9760609
-270.8165034
-705.864414
-2002.262869
-1412.747696
-439.4280412
-308.1344872
-1740.819522
-518.3100752
-963.3479274
-135.6758663
-1044.016401
-4100.961681
-622.8190287
-504.6399683
-1817.985656
-957.9029778
-511.3407574
-1755.796738
-2401.830532
-1583.710499
-479.6920328
-758.2394815
-262.7455636
-1379.736562
-320.8798072
-181.0786795
-149.6298909
-270.0135053
-209.3785799
-867.6677666
-542.6935922
-246.6143403
-707.8565777
-1155.707282
-256.9209319
-246.2432059
-439.2770143
-5791.725742
-796.8905194
-1365.296445
-548.4934492
-363.399911
-408.2132195
-704.5110548
-329.5276722
-493.3938819
-228.8706773
-633.8429817
-305.2769754
-230.8025513
-204.2180395
-911.0174603
-942.0157789
-1109.625819
-7449.962034
-340.6740153
-105.4570457
-1077.218861
-527.6275633
-343.6039218
-161.1535685
-1034.661274
-566.566907
-180.492708
-2596.744427
-188.9379412
-1862.925041
-1282.628757
-335.9176236
-510.6762507
-346.506256
-166.1004661
-2525.58632
-506.914168
-215.7709436
-1015.861088
-299.6289502
-1202.205996
-339.0096199
-458.6921374
-1820.125957
-155.6552107
-1290.144731
-1197.614934
-1804.525892
-893.4672251
-730.2913982
-2765.803591
-146.7644292
-529.8567251
-251.0933142
-403.0019738
-509.5417268
-183.5612958
-171.5681335
-333.7793303
-283.6787647
-175.7686341
-578.2674985
-913.2317505
-190.7472703
-416.3126639
-504.0733553
-712.8183614
-2470.367871
-101.048865
-151.8875324
-290.6634613
-1456.390585
-637.4208348
-2220.402131
-405.1389715
-157.4181162
-272.0241287
-2061.17703
-594.3618974
-2169.489846
-273.1512965
-262.2638936
-2754.707179
-358.174585
-1078.623689
-427.8012318
-325.6945007
-310.7844173
-1941.631239
-420.3177276
-425.1243655
-622.4973712
-179.3486586
-883.0412378
-1830.519081
-826.2262123
-942.7540443
-1235.045637
-263.857883
-959.429787
-276.5520287
-1327.744061
-203.3914187
-602.7622424
-859.4862314
-105.8951972
-668.3000042
-5222.240976
-202.3406217
-1352.831384
-513.9188067
-298.4136812
-1979.564617
-328.8137511
-257.1579962
-716.1010243
-361.8509359
-257.8521168
-330.6043681
-265.5509064
-237.3340604
-188.3912194
-200.3890189
-563.6549528
-1693.089728
-1035.640861
-784.4720241
-100.8265445
-1173.438962
-795.7918237
-507.2529929
-3199.394774
-544.7510974
-1999.557661
-770.3433795
-377.5171103
-1198.218906
-451.3760557
-597.6479057
-263.906869
-492.2890889
-316.6548579
-698.377415
-1276.679708
-1665.075894
-2269.06227
-409.0510558
-2568.306113
-259.4996979
-338.064475
-200.6299744
-657.9105263
-332.5506334
-1009.562813
-1009.914076
-622.0657402
-564.7417624
-396.2871402
-893.34638
-1315.055127
-778.1443037
-1961.084682
-231.9642757
-1169.690405
-511.3745746
-725.6605125
-816.3044385
-198.8415662
-103.4078639
-2367.07466
-283.7098493
-393.9122362
-773.516264
-649.8425832
-353.7763564
-822.3598967
-390.8375525
-159.0932224
-708.3860284
-647.5393833
-1865.154069
-479.0283698
-400.4716012
-826.1446045
-308.8503013
-233.2077555
-290.6966291
-226.1636176
-154.1331423
-358.1066816
-416.4171646
-682.104832
-326.8856673
-531.4518408
-665.2588662
-456.0132775
-535.7624637
-758.1005161
-676.7703081
-318.8025703
-537.2212305
-6961.083385
-217.2210225
-337.7126126
-1467.356216
-255.8021687
-182.3622201
-138.9032268
-1850.583294
-737.9202436
-701.2992788
-542.414788
-597.4736988
-195.6281722
-657.2966631
-284.0741962
-465.0878719
-195.5750259
-751.4689082
-1210.974893
-1801.938899
-299.6177679
-1090.787798
-89.94939347
-917.0939295
-429.0748574
-444.4630047
-246.9860355
-251.3813518
-3001.082985
-1637.756523
-290.7678969
-488.9169875
-84.64697804
-479.5272215
-477.3266554
-3603.429649
-654.1122211
-261.0500717
-1146.257897
-681.9889332
-113.9763051
-268.4730955
-1320.114151
-2227.735275
-1006.761527
-686.1902962
-679.0159255
-1409.27935
-978.1716963
-101.729236
-470.4287894
-518.3113625
-192.5364823
-326.5136001
-1063.535872
-276.50196
-20724.48376
-150.5428665
-394.5781191
-599.3200161
-439.2458244
-1134.557
-730.5537057
-506.1010895
-502.2232978
-1248.895534
-291.0105575
-304.3189896
-872.6992513
-1117.726184
-556.7577554
-641.2563529
-387.2915974
-530.0122557
-259.1606988
-257.0237325
-1443.596561
-800.8087728
-207.193114
-426.6033369
-2174.962556
-413.7460132
-69.05158083
-177.3530794
-316.3369228
-354.7133137
-213.7771068
-4048.828752
-248.228801
-791.3677627
-99.31372181
-2591.43276
-1285.272936
-739.2690746
-744.6204772
-167.6062986
-508.7918958
-528.7307911
-236.561014
-112.945867
-284.1806014
-49.98621426
-255.3466396
-494.612439
-1033.553816
-113.4243423
-17922.90696
-255.8523084
-508.9257684
-644.4391127
-3533.321008
-1430.262516
-257.3034742
-915.1034149
-448.4779083
-1011.864387
-12805.13679
-7770.814725
-626.9685997
-406.050633
-278.2459671
-389.6128705
-1282.317808
-229.9551091
-261.5141616
-1140.635602
-409.5665586
-400.0113094
-523.6452188
-607.3034906
-367.1798844
-202.9848104
-658.1324347
-335.3583239
-979.3707491
-768.7078663
-670.2168788
-1520.200681
-805.1858939
-1007.853057
-341.5927528
-316.1939666
-336.4102182
-1220.631685
-1180.842206
-252.2724324
-301.977213
-991.2767584
-393.6918582
-336.7697668
-406.968627
-1173.94656
-315.0142154
-215.3756644
-1790.215582
-178.8281054
-461.0388721
-476.8173411
-166.6794706
-1645.198297
-929.6056507
-327.1244318
-282.2771061
-1950.925752
-217.7079003
-238.0251014
-2929.775767
-820.7245559
-568.7799495
-436.291677
-452.8586046
-563.7373552
-596.4571003
-489.6134241
-1293.448052
-1211.639958
-338.0518061
-268.1583421
-520.9533914
-476.4762396
-288.8767479
-580.1226042
-341.6545021
-777.07187
-865.9531088
-1472.911258
-1374.658058
-525.629242
-552.0239812
-305.7883836
-244.6909056
-76.06520654
-722.3072851
-5446.84811
-2172.413394
-466.2013979
-151.1827887
-596.3804694
-421.7147237
-170.1537073
-125.0849163
-2167.836685
-760.3759565
-233.8911942
-1251.20698
-1138.646221
-686.7009714
-453.9698985
-2139.871667
-336.9079253
-542.7316376
-118.8623583
-2700.446297
-752.2872187
-853.2112511
-575.8863186
-342.750117
-108.9704888
-547.067024
-1017.399283
-460.5703412
-507.6730735
-1167.300716
-135.3583263
-272.6710518
-1184.980437
-1301.640291
-2600.501275
-428.8631681
-1706.467679
-319.9141822
-302.7290215
-249.0336
-343.1937771
-855.6108859
-2387.96621
-449.5125881
-656.941218
-347.2392061
-436.8660753
-109.0906058
-193.6553858
-303.6582826
-380.0583881
-372.8599526
-246.5985847
-857.9888708
-265.7199503
-638.8260875
-139.7894867
-375.3024034
-1601.15119
-1883.325035
-609.8132624
-4175.965804
-936.2854931
-859.0854163
-796.3293517
-282.5928068
-965.7760095
-1525.480365
-616.9538251
-383.0521804
-367.85138
-560.6431105
-1294.751471
-220.6176745
-897.8134878
-1553.233499
-416.2014112
-2858.92972
-509.6401676
-1039.433743
-618.3929566
-195.5783918
-1555.565627
-474.7600599
-866.2787249
-1446.898481
-525.1968059
-2911.923133
-1406.158906
-145.0400214
-676.3941359
-177.4504948
-514.2930247
-156.7666194
-371.1709135
-1015.65778
-1410.680388
-476.8524587
-123.1689694
-153.9392491
-9667.350884
-269.9574572
-236.6867415
-587.5114027
-6230.618902
-610.9177151
-339.276102
-224.8430883
-154.8422461
-1885.282045
-197.363482
-445.0681497
-2729.214484
-303.9461698
-2978.876893
-455.7718952
-268.900939
-464.9170764
-563.629642
-247.5092722
-675.5976213
-1161.764719
-333.9570486
-643.872506
-3862.44019
-3202.680568
-170.9637581
-772.0750135
-260.5840102
-577.0232524
-313.1875883
-364.0650613
-2528.030096
-1306.873383
-203.5887979
-70.8110996
-1133.28901
-408.3835105
-206.08936
-873.0726164
-456.0589468
-577.9666132
-4054.991275
-681.0214872
-669.2553825
-779.2495078
-1022.341593
-158.5642999
-399.6510693
-354.3693936
-979.3886147
-545.5069442
-542.810406
-332.0865583
-340.391121
-199.6097127
-110.2845831
-914.6080964
-246.4584282
-119.8083292
-239.513031
-16119.70339
-223.9240976
-3429.073982
-149.6614034
-425.5316955
-1082.027497
-822.0832828
-492.2360722
-183.7565246
-224.3683304
-6503.396721
-210.9024943
-423.7119838
-1851.404081
-729.1268314
-553.3841551
-615.4573708
-106.838164
-352.9297293
-2745.608663
-528.9583735
-521.0592544
-252.8255367
-702.2330494
-1597.753014
-1534.457053
-359.7209935
-265.7533794
-1915.641727
-288.2289223
-2675.931894
-274.5640829
-351.3522021
-198.2805327
-669.8341669
-610.9712009
-1028.255833
-742.1312887
-445.0671172
-12267.52741
-350.5737835
-119.7046163
-1024.171089
-463.4564171
-532.9374954
-414.2293887
-630.5526342
-409.9652572
-753.8183979
-763.0918917
-74.68130852
-306.2480478
-254.4908277
-275.0443164
-391.0504375
-101.8040126
-1202.46388
-382.7255795
-472.5194316
-798.571352
-1226.224718
-367.4415699
-372.6531542
-841.4191687
-540.3807202
-657.7512579
-435.4657021
-566.8554182
-328.7356341
-407.7557951
-175.1012134
-721.1721077
-166.9137557
-455.937661
-660.7980182
-707.7446525
-175.3221585
-1105.530141
-1264.687043
-1575.340852
-1066.051729
-517.939655
-249.4135505
-397.9627995
-1518.844455
-1032.261601
-765.0124757
-445.752337
-2818.083679
-199.8893685
-6592.399842
-643.1087123
-510.5976894
-426.160717
-314.9649239
-688.3604165
-531.6370681
-133.8739281
-182.8532283
-284.5681797
-975.535664
-180.5313802
-417.3459784
-3867.244445
-392.8242908
-152.0099383
-451.507444
-4808.004676
-410.670772
-925.410277
-1375.342242
-323.1804602
-419.2376822
-1177.596707
-832.3338076
-377.2155872
-345.421056
-394.5391075
-175.6519845
-762.9661356
-617.6116557
-288.5919177
-237.3725744
-281.2284691
-543.7927234
-338.0455421
-559.8083391
-480.0264298
-357.7869888
-1511.131051
-3153.891105
-254.1881645
-1339.041094
-301.2094058
-1463.331106
-860.209678
-297.2297758
-513.06349
-241.5568365
-745.436862
-847.6702078
-164.8524014
-240.3124188
-294.7731574
-972.0920452
-1372.566681
-896.5818242
-964.5249591
-241.9201136
-556.7861585
-537.1535467
-394.2832151
-661.7242406
-403.6576678
-323.9598452
-945.2246086
-303.0945307
-2497.227874
-98.66154452
-251.8255307
-1002.244638
-673.9219587
-336.5176456
-1514.977113
-6932.576353
-3248.247315
-423.3455359
-543.2473567
-382.4000681
-304.6149307
-486.5369076
-296.17667
-845.0537334
-214.9405717
-336.021852
-660.3072435
-4242.046676
-433.6844879
-102.9365742
-424.7124711
-825.3939648
-365.1699796
-257.6263783
