99
23
10
117
500
469
102
151
87
140
138
321
439
216
37
501
344
90
87
28
410
300
39
280
327
320
77
492
14
294
451
217
73
160
302
189
400
35
44
151
479
394
461
38
426
493
420
28
189
377
280
82
80
175
389
210
270
451
246
4
281
340
261
391
394
491
284
201
13
73
328
278
295
275
319
472
60
117
156
373
232
104
392
209
142
302
236
304
265
22
239
511
330
364
265
35
429
107
303
71
134
77
30
469
500
292
397
149
317
467
367
199
73
173
375
188
307
426
397
102
265
449
162
458
348
59
419
360
60
406
256
376
230
257
355
447
74
103
298
250
367
316
436
369
69
381
335
440
507
470
258
476
484
228
172
186
188
404
471
334
429
211
130
13
56
53
479
397
54
369
256
267
137
302
314
85
64
48
32
436
23
126
399
116
103
56
109
334
252
210
343
135
340
231
191
414
358
411
32
203
456
64
362
272
95
30
347
361
213
351
404
510
30
110
390
68
482
211
213
497
189
160
416
308
445
229
231
359
161
448
257
151
17
183
126
115
357
364
34
152
265
5
369
196
136
405
356
477
56
515
87
489
174
115
477
48
448
474
438
339
328
413
184
508
209
353
52
301
116
429
305
85
482
406
205
348
152
23
417
480
89
474
490
103
449
112
376
368
217
152
408
50
230
475
43
92
449
115
101
411
9
267
112
197
437
511
12
494
420
386
101
376
32
447
209
267
444
458
109
482
284
27
416
83
377
501
408
13
412
215
149
164
268
367
410
459
259
139
444
376
242
104
452
338
409
296
186
144
376
398
367
307
134
359
116
307
5
151
482
38
447
441
449
116
500
89
5
210
297
79
185
31
339
201
93
254
72
175
18
415
415
429
456
444
177
387
174
427
95
39
252
368
353
21
123
93
497
137
266
34
334
68
188
31
204
253
503
258
156
446
47
221
35
446
289
328
477
464
138
186
389
346
133
493
426
327
500
379
63
54
161
217
72
498
147
115
254
235
475
308
230
43
406
93
317
48
266
341
284
27
420
500
331
373
300
118
436
463
500
66
142
123
42
9
101
472
176
408
235
299
93
133
105
409
176
37
49
73
493
405
481
193
433
454
244
205
423
413
167
175
182
156
79
103
242
34
425
385
222
265
75
125
86
503
373
492
194
348
485
470
432
172
434
355
80
173
88
325
94
40
468
418
496
379
67
489
19
353
226
207
194
472
431
190
68
296
35
318
367
399
133
212
58
426
456
141
264
172
210
378
163
80
91
48
56
48
431
441
316
350
134
239
208
267
222
174
166
263
84
338
331
31
415
304
398
415
251
471
15
399
470
335
356
140
393
488
106
73
110
422
446
311
456
246
68
451
184
179
117
506
408
56
153
197
131
331
7
100
336
48
307
290
88
437
458
39
51
102
432
262
148
178
260
186
397
179
388
512
291
9
242
379
4
506
404
197
410
385
360
194
320
467
211
467
251
198
120
457
339
513
497
229
230
344
311
467
474
188
123
94
202
497
479
406
246
356
331
415
210
457
408
270
353
44
26
86
454
432
317
136
436
211
342
202
149
104
489
458
23
149
104
13
385
326
186
35
488
305
431
123
284
441
384
373
161
405
357
241
474
4
460
89
47
321
492
333
513
355
21
82
476
476
469
129
44
267
14
384
305
96
200
134
177
456
305
276
325
343
343
426
264
188
144
141
186
51
387
143
427
195
269
41
317
195
445
116
503
284
445
90
132
147
373
272
145
101
51
10
160
41
195
355
157
422
515
99
148
427
174
355
451
468
467
159
59
17
310
162
44
99
441
352
123
332
200
178
373
75
193
258
368
454
57
133
267
129
484
261
425
413
82
128
267
183
293
330
171
408
177
464
131
151
316
340
483
162
325
296
111
506
269
476
471
404
397
177
267
368
279
352
165
338
174
44
110
174
17
56
379
145
86
305
413
143
346
290
82
190
276
93
11
297
434
69
106
404
378
339
146
159
145
213
157
481
57
413
468
11
311
10
297
234
143
120
41
227
251
47
444
257
501
259
199
171
307
487
415
57
77
9
412
269
37
107
496
172
241
220
276
191
454
195
54
323
445
363
242
344
64
441
29
64
226
207
140
358
197
370
252
20
186
34
108
113
449
267
310
237
493
27
369
215
484
48
85
413
151
75
50
452
284
23
410
342
169
334
336
469
41
246
235
184
415
151
410
404
427
185
177
413
183
336
370
387
198
485
493
243
198
440
397
499
380
368
493
169
314
280
88
133
246
74
249
152
383
18
429
509
162
85
337
309
111
43
119
244
442
316
54
319
328
102
470
413
296
455
470
501
45
460
100
260
359
332
263
144
202
138
107
377
346
38
465
289
488
87
401
177
486
499
2
319
328
215
52
285
18
489
130
426
153
436
270
254
199
229
408
496
282
366
220
40
31
477
59
215
423
254
423
361
40
368
451
486
278
337
316
467
368
370
212
251
31
313
32
128
377
92
129
394
205
381
98
227
278
277
50
329
282
202
405
162
468
76
102
376
20
92
357
173
185
381
57
16
323
251
469
318
105
44
494
58
372
329
129
390
266
262
143
82
178
253
186
166
420
444
16
451
489
505
209
489
480
133
130
137
360
113
231
35
480
84
71
484
207
217
131
135
430
208
257
289
276
470
497
216
470
114
343
43
216
227
99
5
147
466
379
259
235
425
28
389
461
178
393
77
388
392
90
102
110
454
116
116
477
183
135
30
437
219
393
112
197
77
425
107
347
66
218
324
235
253
181
110
361
296
193
120
477
455
90
489
463
90
119
303
310
15
128
400
205
352
105
193
193
141
328
315
479
508
308
100
219
24
361
34
382
336
310
231
65
505
328
98
482
91
346
393
119
244
244
459
278
324
382
83
132
324
361
144
400
494
282
218
57
170
336
48
271
319
300
361
26
202
216
200
245
33
238
442
300
148
144
148
469
289
219
498
442
385
7
410
291
122
331
228
176
389
133
63
404
160
219
321
48
377
120
36
441
492
227
23
414
119
397
39
42
112
94
426
324
346
99
50
466
390
205
466
343
290
287
162
205
483
287
121
433
356
149
70
199
256
400
504
430
35
433
328
486
422
61
43
15
409
169
405
12
116
226
64
219
5
157
433
92
57
10
472
422
318
130
250
457
470
10
401
440
57
389
469
479
228
384
388
356
458
23
241
275
508
145
505
290
347
102
122
379
155
12
429
318
396
216
266
42
99
185
272
298
404
424
348
422
123
115
221
294
223
203
413
325
239
366
173
115
143
159
1
260
455
431
465
47
257
195
347
472
23
198
405
157
172
28
240
424
112
378
64
330
294
485
431
246
301
91
293
198
205
368
198
256
275
155
153
437
208
344
257
25
198
414
464
229
330
514
295
103
174
201
101
80
87
141
179
278
321
254
211
504
144
380
328
356
363
325
140
493
72
454
483
331
193
373
183
376
324
166
163
213
487
191
288
32
77
268
227
379
236
475
15
115
320
310
133
501
380
77
267
295
419
463
282
450
5
264
2
3
80
141
414
122
434
83
500
39
350
62
430
333
398
380
487
298
19
232
282
515
428
502
87
291
141
133
442
352
463
5
72
282
227
478
447
114
38
419
343
361
414
352
122
53
19
349
447
471
366
80
24
288
57
170
124
107
504
320
444
27
206
324
456
457
255
258
451
358
333
300
463
398
17
277
41
502
36
455
343
391
202
233
390
216
91
158
15
105
201
30
488
62
144
377
41
424
105
361
431
482
368
161
19
380
50
417
186
141
216
206
309
157
106
424
110
412
45
74
348
503
131
4
128
30
394
19
370
24
467
352
483
476
344
501
400
314
239
359
418
263
91
1
470
114
227
4
233
116
438
475
78
197
34
346
314
164
329
158
177
60
109
100
399
438
391
131
395
74
422
475
401
326
28
473
419
186
433
296
191
417
115
178
75
30
93
34
62
473
313
19
109
112
456
87
151
498
74
9
418
158
161
386
264
444
393
452
422
452
398
464
207
348
0
38
172
93
170
141
68
28
186
498
301
98
357
346
187
471
503
328
279
115
253
58
233
334
286
346
264
262
466
466
168
298
6
277
74
402
226
108
129
505
253
12
388
486
169
20
146
372
283
338
451
203
148
478
513
504
117
97
58
316
110
93
264
308
343
316
310
238
55
108
10
278
15
453
443
55
60
422
438
347
179
6
110
168
462
426
310
374
330
418
313
110
424
334
366
352
91
217
198
269
158
450
242
97
262
452
466
355
215
9
15
104
41
417
424
362
378
112
433
266
205
100
87
369
339
373
55
328
143
378
16
46
335
347
391
342
399
237
151
334
94
261
217
89
233
96
440
172
63
268
104
203
477
114
348
325
368
430
161
374
316
136
499
445
151
285
143
38
472
323
390
485
244
442
400
101
416
347
44
430
184
356
218
0
186
96
218
235
93
144
134
484
396
334
174
330
205
64
158
10
315
140
293
458
117
400
167
284
353
217
69
430
372
115
261
162
170
509
513
335
131
128
162
51
477
72
311
427
271
379
211
143
384
415
76
245
28
169
472
1
98
459
49
298
404
77
248
437
399
342
8
169
43
474
100
167
377
335
309
476
459
205
369
321
150
401
452
265
404
2
415
242
275
369
189
362
185
276
365
361
93
152
487
81
133
22
466
171
169
49
90
231
383
38
95
419
206
219
310
67
437
67
469
6
81
469
177
272
294
223
206
63
460
411
113
286
33
493
477
485
23
240
245
187
148
488
14
462
413
399
342
183
153
266
357
297
2
304
164
111
317
456
243
169
142
377
4
453
343
179
37
384
161
398
121
150
48
219
494
435
121
368
215
79
130
162
474
88
156
120
169
229
142
389
324
513
364
304
296
488
121
268
292
193
17
4
260
488
310
371
457
5
489
81
29
225
175
25
437
207
341
278
417
91
67
43
401
154
104
161
358
201
390
417
292
290
345
377
500
192
477
225
79
299
474
37
286
242
504
210
341
125
290
448
180
48
494
342
308
302
12
161
37
345
277
21
113
45
62
126
153
278
330
310
318
347
489
107
54
379
488
487
197
105
48
272
154
272
102
282
468
397
71
453
310
444
352
152
65
71
407
82
446
155
120
222
198
383
504
484
92
64
343
74
231
360
313
114
448
377
100
25
120
296
261
348
75
124
270
180
465
292
43
68
266
128
247
342
8
496
246
33
128
143
375
368
288
345
54
507
170
68
379
308
79
373
74
12
228
122
11
184
285
445
459
279
66
108
253
159
366
209
398
477
349
105
16
3
371
35
219
220
214
21
186
375
340
214
221
437
152
295
28
358
512
446
449
444
290
286
272
117
292
391
399
82
427
214
292
277
31
371
384
304
8
203
239
413
369
68
339
344
352
239
201
429
436
7
187
381
449
365
252
459
204
248
96
293
512
55
135
308
103
293
515
483
252
422
170
150
7
310
107
151
136
103
168
27
156
252
248
288
460
394
38
309
254
46
284
330
468
395
222
64
384
449
492
233
196
444
50
384
448
173
451
7
3
324
374
24
413
209
224
68
7
402
501
374
258
132
396
33
91
369
498
414
495
500
254
418
134
170
201
411
398
331
143
71
381
105
160
423
143
51
448
68
227
46
362
221
149
292
290
82
505
10
50
496
7
502
394
182
348
296
342
251
359
227
138
399
256
145
380
180
223
261
282
200
129
260
340
488
46
287
55
108
290
450
4
74
78
131
113
122
374
108
67
360
211
167
291
48
75
113
411
192
253
319
160
335
242
151
63
13
197
55
399
437
119
250
46
143
133
75
4
111
508
367
344
223
56
79
133
380
479
172
515
372
418
198
33
395
99
138
38
129
10
406
109
160
385
376
234
296
489
75
395
41
439
187
171
55
233
391
263
275
376
450
371
135
140
440
374
171
154
511
200
353
10
238
430
45
272
514
25
420
495
187
453
421
131
205
44
380
70
31
193
299
409
124
498
366
312
392
202
152
264
463
315
412
346
465
65
411
108
201
464
457
113
60
120
232
119
116
340
354
430
176
208
23
285
25
232
234
155
242
86
379
230
515
131
502
398
419
284
300
340
103
131
70
343
510
486
488
500
102
86
472
141
209
262
187
350
264
164
444
136
304
300
328
416
493
244
49
56
306
65
80
161
304
157
216
133
475
315
502
122
50
119
285
165
254
345
153
311
453
140
311
27
208
10
50
102
198
80
63
468
208
40
380
477
222
399
307
143
317
74
415
208
380
308
305
121
448
136
498
426
107
53
263
270
432
473
158
473
365
380
146
35
319
396
350
124
45
197
405
61
473
181
420
448
93
380
508
290
241
361
87
120
446
281
430
304
210
139
147
98
252
357
354
138
236
146
208
83
164
265
255
183
154
350
154
51
313
199
281
385
170
322
213
250
2
348
323
313
265
189
265
133
436
298
163
108
154
203
212
155
447
238
348
32
170
347
121
63
399
397
491
255
63
222
279
32
306
295
13
37
295
508
17
447
85
198
343
240
368
210
506
225
183
453
200
132
2
256
339
21
169
110
357
480
68
308
490
1
68
492
51
2
453
359
463
326
48
100
272
469
238
279
44
323
417
30
107
76
454
184
470
302
480
127
222
330
344
28
140
171
147
432
503
413
1
92
337
453
242
266
274
93
192
44
439
366
128
81
434
407
19
258
427
159
295
329
147
147
285
79
102
70
398
140
470
179
284
469
175
399
281
127
384
11
70
279
515
435
132
461
462
172
95
348
300
420
318
33
313
369
25
490
40
488
209
419
105
211
251
21
342
294
255
480
182
496
428
217
30
93
130
515
336
42
118
121
35
398
44
118
407
372
262
131
236
328
82
436
187
477
373
371
89
44
242
82
350
488
243
285
47
91
332
448
513
210
158
166
383
89
207
496
235
105
154
120
329
192
253
407
85
424
223
435
129
186
416
377
372
328
423
317
47
184
14
311
442
142
58
121
231
204
444
481
291
140
100
374
61
280
107
415
6
221
52
46
113
153
383
73
231
303
154
209
344
343
157
269
153
223
306
296
115
63
482
431
225
120
85
501
323
248
40
40
330
209
478
26
192
356
343
97
459
135
301
499
56
269
292
167
297
102
294
130
47
206
70
299
3
131
499
44
401
476
210
146
27
385
303
151
188
117
307
17
66
278
336
415
316
213
119
352
328
287
503
83
88
122
504
232
89
287
237
332
374
209
435
457
441
496
70
40
353
69
495
160
95
371
100
381
37
28
416
236
283
193
491
163
486
454
201
144
344
217
213
444
148
449
382
3
314
134
291
491
169
456
88
443
488
491
456
382
191
132
160
187
510
120
49
373
187
403
262
149
328
284
307
189
269
173
515
424
325
102
477
416
454
42
309
12
151
511
287
32
185
123
52
285
434
66
469
482
75
493
178
469
57
283
361
285
405
299
154
476
493
8
210
332
76
88
480
333
62
254
218
204
266
225
222
371
326
145
204
348
86
385
223
258
299
465
402
161
224
262
458
512
269
449
429
190
491
320
465
277
35
159
258
232
211
484
380
239
13
332
141
397
469
399
512
366
495
278
431
510
265
330
404
96
313
337
51
184
385
492
433
75
283
308
336
83
494
464
468
69
370
105
52
225
266
281
470
125
367
120
268
425
504
483
108
459
120
379
81
22
384
244
341
135
420
201
390
299
363
260
115
16
145
444
73
391
102
7
272
115
250
461
496
44
96
491
382
20
299
282
277
103
431
493
343
60
482
381
445
494
3
146
249
429
132
92
424
178
496
343
81
279
206
390
293
209
476
505
287
104
139
381
362
44
57
471
285
415
370
492
134
19
499
342
356
139
174
260
210
337
157
251
506
404
504
289
265
406
18
37
37
97
356
413
308
446
192
396
147
513
93
5
143
374
351
470
428
14
142
17
441
136
67
375
167
95
455
461
185
29
57
239
112
359
137
96
330
183
504
482
395
211
371
17
257
249
423
209
196
391
22
264
182
382
74
66
321
462
134
314
84
410
225
185
372
97
478
286
333
385
369
139
382
258
135
306
311
359
74
102
219
99
367
436
183
303
408
435
460
110
410
75
308
364
392
431
418
410
460
449
380
513
54
237
319
28
338
83
116
209
4
4
336
385
169
352
408
280
393
506
171
246
381
9
280
83
371
107
295
304
228
439
50
27
47
161
15
414
414
202
395
67
295
403
450
257
143
247
351
473
263
45
310
343
302
184
315
158
440
246
9
11
236
338
294
199
13
485
57
263
15
0
396
381
333
351
501
173
298
478
3
40
505
186
201
98
371
441
349
260
510
329
241
63
75
452
413
223
329
38
44
0
262
75
285
226
8
384
8
373
143
1
214
375
21
505
486
333
501
389
373
256
299
419
490
429
188
368
183
410
222
486
508
514
449
138
419
48
151
184
188
112
58
354
286
484
76
197
478
22
410
403
349
255
194
165
488
478
303
247
81
320
93
227
31
245
170
160
323
178
357
247
336
182
268
303
489
199
38
217
107
323
113
466
59
97
334
246
63
27
489
241
90
436
449
353
94
24
127
90
217
224
28
362
435
462
127
316
288
128
127
243
148
363
359
391
18
157
338
351
128
353
403
497
72
433
77
9
49
368
202
6
224
113
501
120
45
245
277
33
369
282
57
243
91
140
85
303
443
238
389
507
513
410
145
511
161
97
202
281
297
85
178
142
415
133
380
341
327
55
362
139
72
200
327
92
302
257
257
172
8
170
18
88
486
417
42
177
41
388
35
89
403
484
199
163
90
121
488
120
362
293
177
343
145
345
86
150
64
437
116
490
229
98
295
7
227
49
35
160
447
318
111
428
39
187
393
440
383
460
211
312
21
48
309
502
361
229
84
219
264
479
317
474
241
383
469
483
236
257
23
470
368
89
237
41
424
436
126
462
129
361
502
50
134
262
395
258
374
436
502
3
363
256
207
0
380
281
447
85
149
52
257
380
35
441
381
129
284
228
27
428
246
318
40
374
456
448
258
199
21
40
18
457
150
28
89
92
286
396
8
212
129
393
281
129
506
245
327
16
72
126
403
499
492
67
474
368
199
421
77
44
134
48
447
279
288
457
441
153
237
362
80
197
50
116
92
377
359
195
62
482
194
244
275
467
169
461
242
187
92
437
309
380
238
228
346
410
227
253
219
90
13
292
227
255
198
253
16
215
301
320
131
82
39
323
335
55
428
16
405
110
467
462
200
82
183
50
342
59
208
260
449
294
404
466
29
488
78
295
267
151
513
282
0
60
363
282
108
63
27
492
432
177
269
106
242
362
21
436
443
260
131
2
79
139
240
139
102
424
168
424
56
412
349
191
380
88
491
506
1
48
269
323
418
10
299
99
178
135
138
433
430
178
133
172
194
179
221
490
136
59
268
296
106
7
266
491
366
81
280
238
448
118
88
349
95
459
215
509
183
179
1
466
456
357
187
413
355
227
469
250
394
415
391
345
491
199
158
12
303
190
122
153
90
212
247
377
235
357
377
473
509
245
310
213
377
466
164
500
26
235
216
98
60
451
393
297
461
514
335
250
339
61
281
159
293
240
320
398
287
349
468
95
373
201
474
80
150
253
431
25
80
385
444
461
467
245
107
286
395
155
338
259
88
152
468
269
298
117
61
375
310
248
68
369
82
268
468
347
190
241
439
288
152
35
394
362
330
406
58
58
443
451
394
26
375
198
77
451
107
99
466
110
179
132
392
47
335
430
226
75
354
376
161
336
372
238
271
333
35
134
490
133
287
286
443
390
55
155
131
311
381
314
67
112
392
208
473
377
343
189
488
394
125
55
39
197
35
22
368
179
114
8
155
450
26
353
20
184
231
295
380
20
56
210
329
5
422
276
417
233
276
461
84
356
184
300
49
487
293
0
347
472
370
79
300
255
242
162
205
95
223
505
74
198
45
499
74
408
499
473
345
515
66
185
356
395
10
174
382
119
66
133
141
125
156
476
61
147
368
430
276
511
337
1
463
410
101
65
456
39
482
273
109
301
258
410
254
309
515
372
314
177
187
254
35
487
72
191
460
427
298
190
255
109
487
93
212
290
347
79
1
238
155
337
390
418
148
432
186
311
292
190
444
250
452
155
139
407
69
202
286
147
264
397
278
62
494
115
95
345
197
498
463
486
124
366
332
290
15
329
39
269
121
290
311
161
254
432
435
45
205
222
111
346
490
44
44
337
106
273
84
293
43
178
155
137
383
44
212
134
486
258
298
141
368
254
179
111
40
243
501
499
372
439
515
456
236
515
362
101
185
390
334
385
372
353
197
201
346
186
134
141
124
414
404
115
433
28
375
187
513
393
31
450
394
35
92
314
511
484
281
424
139
157
459
205
167
72
118
361
198
6
227
471
491
28
136
489
197
271
52
450
174
351
96
251
187
2
39
416
140
25
342
47
136
62
2
487
286
259
141
113
364
266
178
447
416
349
433
331
132
181
179
378
178
239
91
310
293
159
158
412
486
453
222
473
179
229
34
236
251
404
190
349
351
109
257
436
226
444
106
222
137
109
482
293
271
473
71
412
26
64
124
270
362
40
197
425
240
310
240
474
392
104
472
115
441
14
172
277
349
66
138
266
432
266
432
336
40
84
295
211
100
509
41
449
100
362
456
348
291
71
458
51
158
180
228
291
313
430
484
348
246
180
438
433
396
507
195
159
256
408
307
10
449
241
498
197
407
342
198
369
87
491
231
489
382
2
318
58
138
451
284
215
47
36
28
382
428
120
348
312
219
158
456
90
440
395
165
6
491
63
291
121
456
323
6
144
514
396
505
25
114
259
408
297
205
179
99
248
454
214
19
433
493
493
63
286
281
153
246
88
352
197
75
382
285
510
475
29
470
209
222
202
283
227
100
214
344
265
439
448
48
509
458
153
12
140
420
146
201
493
220
179
112
83
9
399
137
331
210
216
405
202
337
25
27
334
344
163
327
458
27
362
285
385
285
428
147
487
498
458
303
245
51
107
452
458
398
177
440
494
22
97
149
279
49
389
488
293
109
327
453
82
109
273
375
180
381
311
88
39
451
338
263
52
3
390
13
453
3
51
406
472
82
169
409
357
390
375
13
0
194
12
445
295
216
39
298
207
140
507
243
352
190
165
400
124
100
386
440
198
226
34
259
268
363
365
401
480
25
362
338
182
364
400
377
514
431
5
362
199
365
468
153
255
422
462
187
84
434
372
479
162
325
421
152
198
152
139
139
101
349
375
228
274
435
195
119
379
503
469
51
276
15
298
94
153
33
296
197
262
31
510
349
365
44
259
58
262
115
163
160
462
302
490
104
58
254
495
463
78
204
421
63
99
86
51
138
209
192
170
354
448
246
252
118
192
118
363
148
23
400
454
362
438
479
394
341
236
83
323
196
438
84
387
444
15
494
259
367
393
3
507
197
253
89
422
181
363
105
483
195
199
334
125
318
293
296
99
502
80
301
338
227
296
257
341
82
162
136
104
226
33
368
136
483
269
181
442
145
149
396
435
260
441
37
315
313
116
427
344
67
29
91
205
204
394
201
20
23
467
179
436
475
401
226
172
305
485
240
336
394
211
296
327
45
255
112
494
377
51
150
254
443
58
324
48
88
450
397
452
177
159
28
34
37
65
372
33
18
515
264
340
396
493
171
478
351
77
254
107
348
157
91
117
374
401
84
103
10
260
336
197
57
167
317
256
204
56
253
3
396
268
125
95
320
390
397
141
197
305
132
277
376
247
185
242
140
14
335
303
397
305
317
506
409
125
256
452
333
210
37
166
425
56
315
419
211
466
31
105
155
67
173
211
293
347
4
33
257
27
244
147
252
445
182
49
169
40
230
206
127
78
494
437
367
413
467
240
452
469
28
216
156
153
176
357
317
190
499
320
47
60
451
139
46
167
269
340
405
58
99
160
142
271
292
109
474
239
257
112
362
42
273
409
162
426
348
80
186
422
362
317
405
74
360
138
469
215
261
404
256
227
419
329
367
0
32
277
376
397
224
117
165
467
306
391
17
207
91
429
146
357
105
388
91
185
293
208
427
163
371
41
402
227
94
41
182
493
18
41
432
188
264
154
333
335
366
160
106
330
447
244
32
277
252
479
311
245
20
390
181
196
277
86
185
181
15
145
127
325
83
401
422
232
446
93
87
45
451
31
429
423
9
117
70
166
240
225
287
445
404
260
269
485
485
111
390
207
360
5
423
15
424
225
140
269
284
386
348
13
86
64
217
419
162
428
239
49
167
93
226
387
140
276
385
334
226
402
376
373
74
371
5
459
4
26
363
188
503
385
409
9
74
478
206
286
448
450
186
421
111
492
211
408
73
308
150
480
379
31
270
409
502
80
239
240
111
402
101
397
468
355
334
395
26
270
186
269
500
287
99
323
455
471
327
475
473
475
422
50
105
65
24
215
270
336
166
216
100
45
340
333
234
253
26
315
308
71
338
308
390
128
416
19
99
156
372
237
83
379
209
59
418
375
417
256
358
243
69
100
373
172
242
310
326
45
272
274
79
402
250
124
288
227
347
367
387
441
141
471
45
338
153
243
427
218
279
417
82
239
216
353
461
270
80
62
444
447
365
426
490
496
101
418
400
471
257
114
109
165
153
436
57
364
326
67
194
238
359
448
36
407
154
506
485
399
95
447
230
234
355
437
474
174
238
0
329
65
413
346
156
393
216
254
278
240
131
183
436
443
277
243
110
456
193
324
24
196
8
73
329
193
183
474
335
423
143
230
351
148
227
456
322
330
253
400
7
237
131
480
333
274
71
355
213
325
89
229
333
90
180
248
262
114
170
165
144
143
104
96
246
36
154
452
315
474
443
427
395
274
387
186
375
154
94
359
500
284
168
37
351
57
239
373
261
2
19
371
363
175
192
46
419
222
36
448
105
284
298
466
14
461
73
179
441
24
14
494
423
271
72
129
450
348
135
101
241
63
182
292
378
406
98
239
249
412
510
79
82
350
141
461
81
481
55
143
357
160
248
134
89
498
47
72
362
368
102
179
269
237
466
452
274
402
119
395
249
212
285
413
47
15
119
300
14
474
24
513
492
194
269
277
182
0
223
278
37
107
239
300
416
230
99
480
47
325
350
134
502
214
330
201
0
197
179
141
210
42
15
426
389
276
435
389
206
240
215
335
171
127
481
96
240
377
42
396
127
126
355
0
153
152
402
356
104
385
11
301
53
438
191
426
220
414
179
250
261
447
120
307
210
143
274
448
25
501
218
237
154
414
182
63
420
176
96
81
172
141
331
372
149
229
355
283
286
386
9
114
303
288
277
81
181
259
149
14
303
129
458
161
371
28
479
268
162
409
363
444
445
279
179
322
371
426
106
24
149
143
177
51
382
375
162
479
226
132
481
435
35
508
415
487
291
57
24
78
65
262
166
457
28
365
163
162
404
330
143
96
98
90
153
513
116
443
413
317
75
451
257
154
16
382
446
16
65
104
63
246
168
331
81
446
289
367
454
31
404
163
253
266
219
375
331
503
458
259
210
502
29
495
479
486
415
23
17
79
264
392
409
446
180
87
132
471
222
186
394
169
268
92
161
503
165
285
286
223
223
428
11
178
92
87
395
273
421
158
242
54
338
150
71
374
73
195
18
193
64
373
451
509
109
112
54
100
360
154
11
440
408
231
315
285
51
330
337
251
380
339
181
318
412
59
352
21
438
139
129
377
87
509
73
11
175
226
68
495
434
417
479
65
197
279
298
240
298
115
274
439
206
38
34
53
40
53
137
208
444
505
403
20
141
196
476
106
65
302
386
456
251
122
309
472
60
342
134
323
512
152
376
441
29
96
94
322
109
395
180
381
43
417
212
515
342
342
279
339
29
257
174
330
226
281
441
290
438
291
222
393
502
375
401
211
248
394
498
263
222
339
147
231
381
432
85
109
260
375
129
90
53
241
202
487
393
166
309
382
323
456
141
441
221
343
458
18
326
9
279
338
458
137
118
371
399
503
69
456
420
269
199
369
69
302
247
134
371
150
324
285
276
432
36
177
451
269
72
499
428
184
285
19
83
441
85
397
374
132
358
393
494
449
477
360
163
51
345
154
441
453
104
118
360
341
59
468
459
215
196
350
78
58
315
112
480
164
454
53
481
426
407
340
459
144
288
205
464
268
58
293
100
366
215
291
72
176
319
307
378
94
372
218
105
273
105
295
221
42
0
439
369
302
63
244
501
459
192
286
301
189
114
367
234
150
205
88
104
236
412
386
192
150
221
411
287
40
236
122
168
454
418
342
148
179
199
478
361
175
286
223
148
302
288
221
114
277
427
369
12
204
293
246
315
410
120
283
122
33
10
272
361
406
3
148
347
302
179
223
277
26
192
356
454
22
471
235
352
275
352
461
442
449
271
464
95
350
418
95
336
199
299
444
345
486
289
121
184
359
52
211
62
474
355
64
471
153
515
370
499
4
52
199
25
279
95
106
120
325
220
421
316
40
273
460
332
332
306
384
147
209
486
322
148
255
453
388
210
148
336
141
4
87
309
152
272
386
138
253
157
511
434
136
103
447
361
179
193
472
155
95
310
406
309
122
500
312
261
99
444
119
141
300
228
113
216
83
167
324
453
56
123
78
96
110
164
124
486
327
444
105
332
368
301
248
270
310
380
301
226
199
272
48
133
503
509
437
425
227
4
491
335
489
286
458
272
499
138
464
138
514
288
370
283
40
466
137
30
406
410
199
141
406
384
286
77
99
34
129
395
496
504
301
239
329
85
471
393
349
275
56
114
360
231
71
384
300
375
489
35
203
421
315
491
25
490
152
220
264
446
477
246
360
168
76
20
289
213
173
411
121
51
122
361
246
498
280
356
446
360
375
499
217
478
380
91
440
27
347
396
194
242
495
327
126
372
440
513
163
63
194
239
495
71
60
83
246
340
280
500
28
347
195
249
413
206
88
292
370
150
242
373
508
491
15
45
104
87
209
411
252
43
59
240
79
267
80
382
393
336
152
174
437
459
351
42
221
34
375
305
208
42
10
267
495
347
188
206
143
93
16
473
0
139
317
515
208
238
70
486
320
396
150
211
51
455
310
209
370
2
282
481
33
316
378
166
221
248
294
102
289
463
474
415
238
340
315
33
357
377
273
483
280
322
493
93
138
353
42
510
444
494
459
228
483
411
39
221
240
491
145
508
310
44
50
288
159
177
390
108
274
18
310
134
370
497
383
138
379
102
280
24
466
392
79
258
28
474
77
83
315
0
483
144
429
317
435
464
180
473
141
108
160
393
152
350
427
78
300
135
235
353
238
436
10
253
509
87
282
484
64
149
425
438
484
242
473
328
81
499
507
418
324
45
312
26
510
367
12
270
6
381
418
301
283
309
430
47
47
242
292
153
484
269
360
503
88
254
44
247
6
134
102
394
12
468
282
469
156
287
285
382
402
63
108
398
159
295
126
175
499
510
316
363
75
21
433
41
6
136
195
381
468
484
394
472
458
436
306
488
494
485
35
79
458
45
352
508
67
57
161
140
60
66
287
60
170
293
403
74
287
110
459
74
93
371
97
0
488
297
309
170
367
488
257
221
4
56
323
36
242
28
511
41
128
511
98
116
352
102
107
85
132
74
14
144
113
90
103
377
291
110
250
142
449
252
127
440
358
81
260
304
312
482
267
249
47
88
448
472
290
449
417
403
35
179
213
136
148
467
411
283
35
338
158
320
145
309
283
382
382
358
24
448
221
347
240
45
222
459
302
234
145
340
318
250
293
116
204
29
306
107
313
210
382
2
165
104
488
213
472
306
55
441
208
371
30
435
82
394
34
432
504
9
318
415
371
182
137
510
305
435
84
113
334
236
446
179
282
72
483
76
158
395
298
449
318
332
68
470
231
450
21
500
142
117
83
27
134
211
471
247
316
309
208
505
71
316
381
163
57
8
212
263
35
66
117
280
136
509
140
29
261
128
58
13
449
165
442
411
194
377
66
204
498
381
367
252
298
272
347
144
269
502
65
477
30
43
65
225
21
80
29
200
366
178
226
179
214
393
233
366
192
43
266
257
23
122
50
362
60
70
408
152
414
385
432
178
515
245
5
86
473
298
5
276
414
225
49
513
163
52
157
394
143
257
366
43
327
330
432
505
132
134
353
19
201
307
38
338
77
188
9
7
488
23
347
156
119
311
186
51
464
23
44
202
281
372
186
322
128
401
39
450
188
120
67
377
205
34
334
510
226
218
130
63
114
455
477
284
419
481
515
284
470
285
212
269
200
29
26
438
91
157
304
342
5
5
449
508
314
274
78
272
333
435
475
309
510
94
232
90
201
151
275
54
65
15
171
123
433
192
271
33
249
409
100
187
506
120
263
298
109
69
209
75
399
51
7
7
350
484
353
320
214
170
34
40
369
63
107
463
477
477
262
488
10
159
43
375
121
410
340
54
159
87
30
21
126
487
412
80
511
302
427
137
462
357
504
288
255
69
100
456
455
325
150
153
295
246
77
499
336
77
184
255
293
236
160
90
239
313
147
267
332
111
87
269
214
126
490
426
511
28
17
421
185
295
316
70
187
98
417
221
175
410
391
53
233
408
433
490
46
69
104
294
278
289
336
454
29
271
101
262
486
13
176
380
406
411
262
205
159
285
101
338
494
86
266
43
299
406
255
307
451
170
202
242
87
170
94
402
304
298
401
319
340
205
16
28
160
25
189
451
493
143
389
468
75
144
358
136
52
483
498
62
5
7
434
480
372
495
246
383
463
129
80
151
145
270
365
400
162
468
222
176
216
151
160
401
249
308
436
437
294
46
346
55
257
47
407
468
275
94
477
86
495
68
160
505
158
485
344
4
68
74
344
289
505
368
275
161
250
368
427
175
109
229
335
53
128
246
116
398
10
362
192
332
189
442
365
236
362
219
206
446
315
332
173
159
391
142
126
273
201
190
325
368
497
515
503
89
72
33
67
164
148
477
260
266
305
142
256
270
45
509
494
410
47
42
202
272
47
494
449
98
272
380
94
363
48
145
481
144
507
43
510
192
61
64
515
201
311
175
246
42
456
360
5
450
230
415
273
20
103
501
164
480
171
174
73
179
425
137
212
97
75
416
452
363
156
23
443
212
435
514
83
429
408
293
358
119
35
83
189
428
368
107
229
59
386
457
224
58
291
319
416
468
186
369
383
387
78
63
315
457
307
477
252
358
494
342
241
355
372
209
420
261
471
50
319
302
447
351
85
395
327
13
4
398
302
61
325
172
190
120
119
429
219
403
398
40
292
289
219
79
377
418
225
18
408
265
421
383
451
25
337
307
506
420
481
302
493
161
232
339
194
464
253
13
348
67
202
421
9
258
338
353
83
359
373
176
45
64
445
25
265
297
36
41
122
211
352
220
208
70
95
243
302
67
506
507
34
333
171
428
315
9
228
254
199
282
408
315
163
118
299
382
295
278
97
221
122
62
503
219
145
194
332
440
65
109
321
470
395
228
263
53
473
33
405
382
394
514
465
121
130
122
465
65
163
236
513
163
274
120
93
443
237
466
331
469
142
119
291
487
21
355
254
207
265
232
358
15
329
207
299
219
347
162
41
311
343
407
116
386
180
139
245
249
304
480
308
173
512
440
17
277
300
368
41
260
473
473
21
36
142
231
44
397
504
103
202
471
267
197
487
108
43
146
365
92
128
69
336
311
46
120
143
267
12
121
97
180
426
467
263
177
169
42
109
263
503
482
219
235
293
139
119
424
387
443
411
218
196
480
234
375
233
212
246
246
316
425
346
336
152
4
101
375
255
358
12
83
94
144
408
263
308
339
480
4
289
21
353
325
82
137
433
400
515
188
455
154
104
120
291
494
196
210
418
265
336
127
490
460
73
329
304
59
84
425
321
500
74
413
190
191
216
477
122
495
171
208
225
427
422
27
78
234
181
96
192
498
490
210
130
33
162
335
127
399
449
227
420
500
347
433
505
246
101
483
465
399
71
105
120
114
385
286
286
116
479
484
172
8
255
75
49
69
509
273
109
200
163
505
191
396
248
396
401
151
455
467
467
214
52
138
50
385
7
106
490
165
87
268
112
243
274
396
485
6
493
213
313
509
177
76
491
150
24
118
266
266
300
75
106
319
270
150
119
231
199
127
164
496
467
78
96
334
213
110
400
131
399
245
121
515
401
324
18
349
67
410
272
44
316
247
161
172
102
209
480
156
115
305
51
115
12
196
453
56
258
484
32
452
484
373
469
509
290
290
498
460
44
440
61
303
21
428
455
3
496
90
468
254
471
456
271
420
37
492
389
131
428
85
33
303
302
504
27
453
473
113
201
475
85
253
143
205
427
54
191
80
24
158
215
489
465
120
290
307
493
303
370
373
227
228
485
243
357
500
453
61
282
509
147
282
132
285
44
203
123
150
286
463
2
214
480
380
123
404
381
407
295
473
492
71
484
452
87
45
262
360
422
158
447
474
305
398
115
102
61
147
44
115
266
131
366
428
361
369
257
50
152
512
96
263
35
115
505
249
504
227
125
224
345
324
407
242
240
452
367
494
161
297
45
264
246
192
327
479
464
379
58
351
80
378
201
342
282
462
356
135
200
176
58
498
260
115
39
434
159
100
392
515
429
191
237
362
96
434
478
49
492
240
131
44
89
299
136
349
233
303
448
486
338
214
259
71
340
142
162
419
132
27
340
390
392
505
294
367
221
174
306
163
255
352
391
135
83
167
99
462
56
351
257
451
222
83
452
253
23
362
502
18
186
61
372
142
162
187
64
454
294
431
237
84
500
413
230
8
134
268
412
64
247
357
478
194
504
279
158
156
0
86
218
236
269
233
266
285
271
338
408
114
32
61
300
454
337
126
429
387
298
438
413
419
338
19
27
459
133
86
432
14
279
114
21
364
101
244
388
149
45
462
112
237
412
479
432
426
332
424
391
404
245
213
166
134
397
336
81
485
431
226
84
171
335
486
49
169
52
318
71
159
7
27
13
265
514
244
66
168
406
201
283
381
54
321
196
13
221
63
144
508
67
492
343
27
313
115
447
268
115
160
234
44
93
357
234
169
112
473
499
5
397
266
115
483
40
134
494
420
383
493
242
52
484
155
459
376
444
67
322
246
44
404
296
494
160
62
30
464
133
354
274
458
262
254
188
486
279
226
399
458
439
245
251
0
104
279
134
349
97
90
319
367
107
344
106
376
82
447
17
452
85
404
428
35
214
155
354
443
222
272
470
461
207
176
67
67
314
101
404
52
125
458
500
157
358
40
27
121
68
465
284
121
272
154
211
109
142
427
435
114
363
357
349
349
465
27
276
76
479
288
115
358
172
172
112
462
63
356
338
432
66
408
80
317
48
230
89
243
17
124
134
141
281
309
48
173
481
69
317
166
156
25
476
444
429
481
402
481
230
244
16
130
470
115
294
262
106
354
205
206
142
25
323
44
336
284
249
485
258
293
270
294
287
16
408
119
174
358
102
495
198
142
365
242
228
329
283
82
1
186
451
65
241
12
409
307
311
82
514
92
108
317
322
511
44
241
249
140
314
398
420
66
223
81
130
461
219
403
159
332
452
462
354
206
18
309
445
284
317
469
40
399
32
485
6
393
493
392
436
89
500
6
244
196
125
43
483
179
53
49
215
438
465
446
367
82
132
88
514
17
429
73
82
300
285
464
157
162
90
358
77
90
159
1
297
320
85
314
149
411
201
231
438
249
319
134
317
502
188
246
296
125
50
435
368
294
259
321
157
409
488
348
373
9
28
408
191
154
360
455
106
418
491
300
156
470
344
118
435
181
75
397
53
106
227
168
249
489
288
136
141
75
99
283
97
299
375
359
358
242
98
499
369
187
453
239
464
269
213
34
427
461
332
78
354
244
266
245
136
58
260
45
192
275
396
132
255
460
127
152
443
408
279
209
502
147
158
462
393
396
427
357
262
514
444
302
78
252
294
422
348
503
419
417
394
489
351
353
264
4
166
196
121
185
501
309
266
257
350
241
352
304
7
279
482
432
170
448
404
368
346
440
147
332
259
440
31
472
34
352
176
447
383
444
69
48
503
298
208
228
375
472
188
204
405
149
380
418
256
32
68
242
266
148
343
86
505
377
299
88
63
400
58
311
388
491
113
372
397
179
472
134
325
342
1
11
488
482
270
379
133
68
404
175
261
384
421
445
86
259
414
375
97
34
69
157
266
485
95
456
119
414
513
137
267
362
9
90
346
216
430
334
393
151
311
177
307
372
476
57
493
307
364
6
244
75
311
37
121
470
23
485
176
133
461
460
380
460
259
325
79
143
166
145
489
445
515
488
255
213
346
433
84
400
48
262
71
373
292
54
230
50
303
331
218
180
501
104
392
294
289
256
424
367
446
364
252
160
426
217
150
71
399
319
88
72
330
24
243
463
511
414
342
426
175
252
106
226
431
187
500
60
95
321
261
384
427
142
137
86
482
358
381
362
499
270
484
382
432
381
215
499
373
63
40
382
34
501
294
105
448
226
231
373
56
99
14
340
387
340
99
67
282
273
345
369
9
477
311
292
242
116
159
300
345
59
309
274
103
112
130
406
438
365
36
472
203
379
63
127
256
263
208
479
16
220
439
223
311
406
243
89
143
335
57
327
189
11
281
512
426
453
294
59
359
359
301
302
444
402
27
43
122
142
283
52
268
44
52
244
118
244
240
293
228
90
98
366
215
299
43
368
98
34
89
206
248
453
423
466
40
372
246
69
258
44
93
297
403
235
3
355
496
443
411
215
419
449
30
131
470
28
217
346
5
268
139
142
179
254
409
364
245
310
315
453
263
156
228
305
452
1
459
385
499
414
350
228
450
157
455
123
304
134
273
465
311
111
89
489
302
313
181
159
435
17
497
455
224
115
226
348
99
97
479
87
325
123
348
505
216
304
115
464
477
17
104
113
381
409
448
313
473
418
88
343
175
278
500
23
372
88
130
238
148
240
201
501
382
180
500
500
113
10
97
352
285
294
123
401
39
449
383
320
384
149
497
359
122
220
202
116
450
226
77
149
66
293
377
475
383
37
413
337
449
103
108
470
0
224
404
510
19
52
84
64
64
116
413
26
358
413
418
428
322
47
512
269
104
124
476
440
166
437
475
212
308
382
147
443
467
251
98
212
514
313
65
177
84
490
380
236
463
418
425
262
186
165
27
292
513
427
239
338
303
244
335
320
208
347
429
226
502
438
92
397
134
34
259
305
397
476
107
147
191
35
225
82
408
392
31
252
465
94
315
502
476
381
326
460
58
503
404
276
187
139
366
418
268
34
163
322
425
430
340
319
453
318
134
103
453
337
420
32
450
246
153
195
224
489
189
295
74
304
271
10
187
401
76
276
345
271
172
264
208
10
261
209
435
131
498
456
290
414
448
227
103
450
291
109
141
255
15
43
37
16
314
339
223
364
281
209
139
273
446
0
21
515
8
115
111
489
106
19
400
411
401
457
331
45
296
266
261
223
361
490
175
65
490
98
448
42
425
478
493
370
186
51
82
298
428
476
345
490
457
338
115
493
109
328
174
46
21
489
193
0
257
162
139
174
113
50
252
8
431
310
489
461
198
70
132
412
131
250
190
364
49
328
312
11
188
210
188
0
448
56
69
383
264
19
109
295
364
351
224
339
111
204
239
455
331
160
136
165
341
333
74
106
237
271
149
156
484
72
428
141
259
345
463
228
66
263
179
283
396
399
506
343
241
290
66
182
187
149
258
65
145
289
255
199
48
64
105
82
173
326
281
2
430
80
97
515
294
430
174
7
33
87
186
504
326
228
337
199
67
450
110
474
179
284
34
184
237
482
204
509
60
340
234
427
331
7
30
260
97
224
207
261
191
227
132
139
261
276
368
318
388
82
176
398
503
276
420
34
431
323
109
98
467
227
7
371
464
197
261
150
341
420
141
342
58
30
407
364
469
194
300
456
321
460
423
256
168
158
361
431
43
232
121
192
465
22
320
497
281
291
351
230
498
83
443
398
305
401
319
457
255
397
109
278
434
365
95
141
369
458
175
291
261
286
255
447
29
361
11
213
448
319
259
10
266
361
489
124
131
361
389
417
48
89
257
369
71
45
482
63
359
299
371
77
252
200
119
119
442
303
153
280
508
135
327
412
440
331
319
313
275
288
200
141
102
489
64
331
27
411
335
125
29
448
24
224
32
274
236
437
119
166
448
351
215
86
33
68
258
221
185
17
221
163
221
461
48
211
82
30
388
422
448
448
42
423
302
24
452
480
39
495
68
218
314
21
336
290
279
55
128
359
79
68
361
282
32
70
181
25
262
455
317
155
418
429
69
231
382
34
282
391
376
210
442
294
119
302
5
23
149
501
35
77
19
231
452
61
188
7
153
188
224
206
32
269
51
381
119
264
486
510
487
489
380
27
269
209
316
396
195
35
227
320
232
331
476
19
371
161
222
184
429
137
64
90
125
47
152
42
296
52
487
334
190
501
38
83
124
57
436
212
444
440
52
422
150
79
364
149
336
17
362
241
99
434
94
185
431
264
148
68
365
189
469
401
188
171
473
228
242
428
33
172
189
303
18
448
102
14
64
384
398
241
448
226
169
303
509
243
313
444
60
291
388
315
403
226
190
145
472
270
171
400
145
327
472
436
465
231
60
125
66
155
273
445
216
124
198
73
70
95
264
170
253
43
123
500
299
27
243
153
163
441
3
161
315
181
417
162
424
150
30
429
201
318
509
5
231
222
477
17
258
295
115
462
162
333
98
223
100
26
311
264
474
91
515
368
294
441
335
242
510
201
374
322
403
326
215
28
417
400
136
189
263
393
186
263
174
380
92
456
172
217
80
216
435
317
361
141
315
457
371
406
203
509
287
161
1
70
141
65
128
70
290
498
500
171
271
26
250
227
306
471
173
404
446
328
21
435
138
3
173
163
327
442
75
315
188
216
465
322
32
327
99
392
110
273
55
171
339
38
364
441
170
215
375
361
54
285
490
448
434
324
43
473
160
513
16
432
308
1
109
412
465
374
380
189
430
412
504
224
379
283
179
207
141
195
172
454
53
188
445
468
175
515
186
190
117
79
389
464
59
202
468
171
324
409
294
326
323
435
199
409
178
111
510
42
47
229
409
15
179
254
225
36
106
36
246
431
188
293
220
424
106
188
482
484
360
162
394
444
143
207
72
221
450
342
106
198
198
299
37
144
37
141
86
21
439
1
455
80
474
166
112
199
53
214
420
92
382
177
261
487
129
430
503
184
401
276
223
470
437
314
261
285
306
394
437
178
223
510
246
346
88
223
49
496
117
457
200
200
125
507
246
475
252
355
343
15
155
158
487
370
59
125
320
50
210
470
429
188
162
94
452
119
104
159
252
250
72
380
425
221
81
293
375
137
179
292
147
295
50
411
316
465
310
311
394
90
428
451
406
143
454
277
111
277
130
79
26
367
3
428
317
22
210
500
211
172
188
413
41
236
213
420
480
266
46
63
176
204
390
450
86
293
105
438
201
505
300
454
188
316
110
290
301
100
239
100
277
495
253
450
78
12
86
49
295
243
361
163
62
102
426
314
162
300
410
35
119
224
377
211
199
342
152
316
253
110
478
389
356
388
222
256
478
452
410
16
194
54
300
299
349
507
386
496
341
347
171
167
131
82
41
104
437
62
295
336
85
473
126
80
416
152
126
42
161
411
16
346
398
202
298
440
328
81
413
224
496
191
242
440
111
305
360
218
393
413
272
119
264
438
259
119
452
213
315
35
270
206
117
1
201
171
226
17
194
178
316
229
251
317
241
297
48
52
79
398
379
497
344
243
220
509
426
117
17
313
384
403
270
121
465
263
107
484
3
272
297
297
67
113
230
203
306
462
203
82
401
237
468
179
105
41
412
186
388
499
204
201
135
232
261
46
57
48
63
169
321
270
229
401
119
202
120
263
372
411
400
232
105
511
192
229
447
491
372
261
452
145
295
248
244
326
255
485
294
304
89
168
13
105
161
468
430
338
417
319
330
91
48
289
133
448
109
251
389
189
507
182
232
87
230
72
58
332
13
193
372
457
503
161
261
21
325
485
210
30
379
182
393
120
118
167
440
181
107
225
261
22
27
235
412
331
171
310
389
87
67
159
420
155
35
417
114
313
499
10
335
153
409
509
412
41
421
144
58
7
509
291
106
258
58
391
304
121
213
462
278
103
383
325
37
459
436
54
37
114
173
21
75
29
84
450
17
515
192
373
15
457
446
14
137
178
369
15
191
349
358
274
173
375
33
410
166
88
236
229
379
75
363
79
352
33
401
92
27
255
435
275
376
388
246
484
493
229
91
416
38
95
451
344
309
202
483
6
155
319
354
192
337
426
114
112
450
325
193
102
447
263
392
6
104
439
45
33
335
360
273
96
240
403
239
143
273
64
450
355
48
184
443
97
367
148
336
48
15
293
106
288
482
97
268
483
499
238
341
231
330
190
91
356
240
220
212
13
448
13
111
59
441
414
437
308
274
351
490
472
367
197
342
117
326
386
386
121
120
0
436
360
297
35
212
28
231
169
270
142
28
10
402
106
103
120
498
197
83
462
512
262
282
412
75
419
241
257
424
188
6
239
67
46
359
83
45
293
141
103
112
454
447
171
81
238
437
448
241
288
443
121
205
406
346
237
206
267
214
182
96
508
155
410
338
136
295
182
432
497
207
48
141
454
207
238
236
271
436
61
149
383
347
414
47
360
371
252
395
479
513
439
435
267
406
372
360
361
234
392
120
54
324
298
307
382
258
512
213
414
450
324
229
79
25
462
492
62
201
203
440
99
342
396
373
304
455
462
515
432
390
342
306
375
176
21
174
395
500
176
30
229
433
395
112
257
126
321
33
478
265
349
138
489
126
349
252
442
30
31
118
321
359
261
492
313
166
329
110
384
25
39
327
87
442
411
342
487
213
347
149
310
378
199
320
511
256
415
62
152
152
462
73
73
318
314
412
449
55
192
379
122
101
232
107
213
340
511
179
492
237
283
311
489
430
228
196
68
475
203
358
189
52
325
21
29
278
446
453
363
490
54
21
235
209
327
39
397
494
382
187
157
98
176
500
446
173
295
382
253
285
337
228
303
119
156
224
380
192
477
86
471
380
472
152
287
512
151
492
235
110
328
428
452
3
273
300
324
334
375
493
410
515
174
200
43
303
491
361
94
131
196
290
25
438
107
97
75
173
267
3
17
448
264
269
212
16
355
388
148
16
511
277
179
194
189
500
273
327
334
406
302
186
397
195
227
307
255
363
67
216
54
117
415
363
343
406
134
191
448
490
138
447
261
74
351
66
49
370
252
322
244
89
437
467
300
364
449
430
449
39
78
136
305
511
201
266
279
136
342
151
151
188
243
224
24
327
482
155
482
153
301
337
217
179
297
31
503
372
514
157
13
483
342
75
356
317
347
184
13
353
48
407
161
9
209
143
355
503
448
107
209
290
391
390
100
198
388
114
338
152
312
264
175
337
313
23
126
126
39
78
355
75
236
388
146
177
110
145
363
311
318
86
188
380
162
314
513
216
495
162
36
271
482
159
276
392
132
24
190
436
249
69
332
50
92
147
469
262
133
373
63
134
223
110
448
303
28
378
473
218
470
193
132
324
128
277
301
512
320
342
290
436
412
145
142
142
499
279
385
211
281
305
298
132
120
329
63
57
181
133
293
204
84
294
489
285
277
324
84
453
309
119
67
132
446
449
488
448
350
220
69
416
226
397
398
250
21
361
121
501
155
452
486
89
351
371
454
422
413
359
209
456
325
418
295
218
2
381
239
442
230
75
303
119
176
332
205
405
120
181
232
409
162
142
221
257
424
249
425
338
501
413
271
101
67
109
177
278
64
220
74
232
26
267
43
303
194
230
420
125
494
313
350
218
283
427
304
74
48
494
347
44
277
421
220
338
284
240
446
398
274
410
195
261
410
320
156
29
488
112
31
281
373
390
491
75
26
321
358
480
345
306
113
281
82
20
216
10
259
10
23
390
340
54
434
283
406
37
469
63
435
340
168
452
441
121
494
168
107
257
515
205
258
480
393
407
113
10
205
152
477
425
501
356
73
356
140
474
30
193
244
452
160
205
399
463
48
48
376
91
45
57
472
228
236
212
276
498
17
387
439
422
335
148
173
208
395
32
502
88
318
353
330
165
255
185
21
474
410
278
490
149
234
452
453
150
53
150
395
40
236
219
245
482
68
221
2
204
402
261
421
203
512
131
338
55
267
48
393
211
54
418
80
165
74
338
441
55
303
384
339
133
119
154
315
378
107
201
392
461
376
437
212
290
241
173
186
139
377
315
180
454
142
40
74
92
312
45
376
180
24
481
163
197
318
295
192
194
492
147
456
484
339
120
493
255
402
183
277
89
484
515
493
171
251
89
402
206
4
276
69
503
513
494
308
454
25
263
91
416
107
259
27
368
513
412
481
108
311
63
443
484
423
38
403
489
240
485
180
442
425
210
181
453
438
59
40
485
92
485
381
221
229
286
102
50
469
515
254
470
214
361
112
501
351
116
323
82
434
0
204
431
21
327
166
321
377
88
293
64
351
372
274
345
221
159
318
34
265
480
85
312
121
300
387
25
142
59
195
204
85
255
121
479
301
368
345
351
184
287
155
270
345
273
184
315
510
188
413
1
158
392
304
214
329
219
51
420
152
438
402
216
347
204
80
149
297
111
461
194
270
221
453
173
145
38
237
514
260
50
132
422
492
514
104
353
391
4
219
125
237
244
443
260
507
108
95
323
50
237
172
288
261
5
270
198
408
345
326
481
443
1
488
111
19
469
60
275
148
8
113
470
356
276
31
160
280
359
50
510
468
3
173
206
431
365
13
382
515
277
418
185
214
209
2
490
420
450
147
218
492
427
210
255
124
199
385
385
226
410
456
251
174
155
231
282
82
491
90
170
76
209
96
266
122
124
403
276
304
171
403
231
413
451
233
379
348
308
453
269
111
17
435
216
300
32
254
227
26
151
128
469
157
318
241
230
21
276
494
379
470
475
292
318
46
76
48
239
382
133
53
282
154
382
410
448
391
70
214
508
160
184
410
447
225
390
384
239
453
29
470
431
157
485
169
500
220
448
343
9
366
407
413
13
398
372
182
450
36
247
323
343
390
444
511
471
266
7
244
58
243
323
418
473
435
398
276
349
308
121
495
316
196
76
457
187
46
452
303
512
3
48
14
125
36
512
172
164
99
394
38
515
401
343
480
382
130
301
472
246
133
155
148
308
417
262
434
489
52
181
335
404
453
3
61
186
66
151
345
497
480
144
364
57
96
329
196
64
262
420
386
4
171
206
4
324
489
24
16
483
117
78
506
178
417
216
483
486
412
301
24
376
231
306
442
111
403
289
456
358
180
411
13
308
338
479
338
388
155
308
71
151
130
510
154
319
134
103
441
94
472
19
359
444
94
355
71
156
343
476
69
124
234
249
273
109
409
129
135
227
126
355
305
452
504
142
79
504
259
77
303
505
347
69
294
112
391
316
123
225
232
427
408
327
161
124
187
177
497
378
397
404
61
510
172
213
183
66
471
328
336
493
119
381
343
381
311
394
349
408
393
348
341
161
308
305
134
38
333
198
361
502
393
117
218
490
47
442
98
460
5
442
340
459
123
151
63
379
155
290
241
105
13
401
400
390
97
10
320
134
338
378
515
285
47
491
240
483
83
308
188
25
184
431
116
112
134
498
184
27
322
405
123
353
82
93
353
186
33
333
79
149
105
435
33
322
66
178
168
196
198
455
196
348
44
12
356
321
19
143
39
10
216
306
44
483
70
397
315
301
401
405
288
434
255
390
374
263
38
335
54
100
424
47
141
18
434
177
35
75
312
407
74
129
128
466
238
284
406
196
97
497
492
327
321
407
107
200
27
354
256
116
29
352
268
305
148
243
224
118
425
437
128
222
508
370
116
462
27
316
423
500
54
105
229
405
311
508
115
59
402
142
285
277
372
238
25
213
54
386
288
341
59
195
282
173
352
450
332
174
333
315
262
416
29
18
181
97
21
4
426
284
260
466
440
393
353
446
370
479
209
341
483
244
509
393
22
478
327
59
416
459
227
505
20
406
157
383
160
25
367
148
515
395
236
9
338
268
230
503
5
33
236
338
262
175
123
108
53
278
197
330
235
279
451
108
245
345
290
127
92
44
245
142
501
435
208
76
439
407
510
248
155
302
126
230
297
8
65
116
395
348
247
175
331
327
208
443
277
22
148
54
138
38
239
288
387
136
334
244
196
2
152
335
509
505
161
335
128
31
289
245
486
441
257
312
265
89
207
336
303
98
291
321
98
374
295
30
483
479
405
194
115
137
440
194
425
54
161
319
507
481
162
358
473
294
464
352
492
330
52
27
291
171
352
188
459
4
457
70
380
506
326
62
36
233
312
264
188
214
371
214
296
259
19
334
483
476
395
22
430
198
428
450
166
24
317
415
303
205
214
19
2
51
323
164
82
370
438
160
368
159
423
431
477
261
16
452
198
58
325
66
412
227
282
329
514
97
367
415
303
323
193
256
148
142
278
186
16
205
416
185
305
0
39
94
207
105
305
318
223
123
41
257
218
73
18
388
99
5
43
312
429
370
193
72
345
30
272
130
161
151
454
354
457
65
223
354
41
328
124
357
343
276
230
261
330
210
25
396
151
149
503
26
334
292
276
506
49
389
29
25
384
173
233
380
256
192
46
70
309
230
183
125
128
503
5
117
381
307
138
320
65
276
97
139
417
84
72
336
110
479
418
242
287
438
234
479
141
262
325
48
51
503
390
325
330
454
225
414
421
226
328
196
72
125
64
11
480
344
248
146
146
454
394
230
67
36
241
34
409
360
119
62
417
186
186
410
223
186
184
102
271
467
93
50
421
445
422
415
367
89
496
459
335
179
175
342
348
136
25
69
66
114
375
480
349
329
175
118
73
303
28
401
365
260
297
355
359
515
7
194
271
368
36
87
307
373
116
234
81
206
237
470
468
19
59
249
471
331
186
409
138
59
261
337
389
45
441
115
65
65
445
72
352
488
118
510
43
190
268
146
348
510
124
276
437
442
224
31
124
498
248
143
199
340
421
253
139
329
99
279
359
35
126
513
337
22
163
364
56
186
176
315
235
488
4
229
482
310
249
28
72
254
405
316
338
416
35
105
265
247
461
265
138
99
472
294
136
88
445
413
111
304
126
271
402
12
494
302
276
41
504
500
52
418
444
12
32
64
497
245
277
77
123
457
93
17
77
481
223
449
400
88
472
471
90
392
253
279
389
176
187
79
325
93
402
297
412
65
423
73
470
159
347
152
79
216
48
186
126
201
499
125
76
32
485
256
429
139
324
484
5
304
10
302
419
204
442
155
164
75
60
158
43
367
68
417
317
255
279
99
56
348
131
485
279
402
283
462
112
235
75
177
160
483
20
330
271
279
307
362
23
75
513
484
416
422
363
88
441
6
182
376
160
155
92
328
127
212
217
144
179
500
297
283
356
448
44
304
501
75
472
216
187
412
17
482
408
331
470
193
385
417
207
501
462
156
392
362
515
467
449
417
294
391
379
138
484
313
134
322
236
230
237
160
215
350
189
103
423
472
135
477
306
4
511
20
342
376
473
118
200
143
408
332
389
82
277
127
90
391
82
178
317
265
426
10
146
235
434
295
36
411
171
120
175
20
360
343
207
400
120
143
197
289
17
502
131
114
477
420
229
198
225
392
33
511
337
490
1
303
413
482
28
306
222
150
198
344
369
105
292
217
345
435
399
322
13
491
315
405
158
224
450
224
304
334
51
139
489
203
99
262
75
148
370
489
462
384
44
463
123
36
304
430
503
156
336
291
365
453
148
295
191
75
323
103
361
329
187
323
90
461
257
70
215
107
460
51
204
164
137
112
178
435
308
343
4
108
207
391
253
156
490
355
44
57
134
58
369
147
226
341
491
368
403
289
452
183
6
158
340
508
363
433
148
418
220
387
137
391
13
97
340
267
25
143
96
224
221
172
490
46
79
151
511
97
17
496
216
88
284
174
134
511
1
96
139
262
378
79
323
133
105
232
150
135
503
499
139
444
375
441
126
95
468
19
197
510
149
129
411
177
428
480
1
100
310
493
473
208
260
245
390
503
467
106
497
150
358
179
72
137
379
183
336
289
305
31
423
264
130
12
253
90
474
154
302
123
511
508
392
283
40
122
355
61
56
375
302
73
394
195
210
48
267
117
399
149
252
309
165
100
146
200
40
345
231
95
319
387
169
391
133
68
485
362
431
335
207
336
204
228
187
35
135
163
75
209
191
304
184
402
162
120
233
274
405
5
171
348
203
119
140
337
189
482
473
404
423
405
210
506
244
389
365
221
338
470
451
225
42
515
152
264
34
162
49
465
460
482
482
259
78
436
201
143
403
185
281
68
177
467
460
496
482
218
462
216
184
113
219
68
114
452
464
169
392
31
221
138
353
453
159
466
87
215
310
252
411
106
339
264
408
431
185
135
418
17
205
463
132
375
199
217
327
240
457
332
228
280
322
421
374
452
347
490
387
474
375
196
250
230
96
257
151
156
323
281
49
66
365
441
275
56
85
427
418
324
213
87
275
151
52
264
96
43
228
16
376
426
163
454
322
481
178
58
302
253
250
0
487
418
74
220
158
5
465
416
13
419
64
371
260
387
504
23
355
505
168
89
59
434
324
257
366
436
275
434
129
15
6
102
96
305
514
504
424
456
381
275
242
484
169
112
330
27
2
230
232
364
456
21
78
180
408
389
235
51
258
301
34
330
220
196
387
258
270
176
479
59
317
53
473
34
394
287
487
456
429
240
160
42
37
21
490
74
403
120
282
346
378
317
501
140
169
463
295
122
294
170
381
33
218
124
289
128
503
53
154
253
253
396
343
497
228
3
424
479
490
35
322
398
512
497
13
358
204
237
499
130
281
463
249
463
101
91
270
411
506
374
379
351
432
1
37
455
268
243
492
378
333
463
330
120
257
406
500
307
192
326
448
478
461
25
350
256
217
278
78
326
187
491
501
388
253
467
180
136
8
388
425
335
467
369
465
486
91
218
3
490
173
195
494
477
188
136
399
41
269
460
484
258
399
62
425
357
83
54
215
168
140
403
459
178
28
200
338
72
271
323
158
470
104
319
306
489
26
175
240
468
38
226
314
150
484
454
228
389
189
445
35
489
459
140
502
10
299
35
147
206
391
455
216
221
432
437
248
432
144
425
222
3
408
316
361
156
317
151
131
73
248
323
482
288
386
146
482
67
203
451
369
3
347
173
258
366
465
515
113
23
189
326
142
79
469
440
302
189
144
203
173
143
455
440
45
453
474
420
388
271
101
452
474
386
34
477
383
265
45
168
456
459
171
432
86
171
255
72
178
189
169
158
308
362
408
174
236
141
290
229
341
237
285
455
32
424
39
416
351
366
233
152
222
86
144
364
248
223
121
342
336
24
505
379
515
226
374
199
265
114
374
1
225
217
448
15
353
192
242
306
24
100
156
219
491
128
54
44
152
124
188
312
515
454
277
383
19
123
150
94
73
16
222
402
248
224
152
270
3
481
367
96
83
459
188
28
505
461
97
378
71
363
229
431
176
72
482
461
247
165
9
85
198
292
164
500
244
416
493
371
210
384
226
392
237
371
360
72
422
3
43
440
71
413
432
394
188
225
225
252
18
89
411
112
399
442
505
54
465
376
442
224
1
406
165
191
21
295
256
301
513
115
15
219
451
284
19
242
193
430
385
129
476
369
270
445
325
191
290
266
489
386
513
196
465
9
362
496
191
27
383
114
263
212
441
388
339
444
301
301
279
167
317
431
118
341
313
504
19
166
308
317
294
166
188
481
349
55
499
234
99
465
403
394
406
190
29
412
463
16
37
201
234
420
25
30
128
137
296
49
349
134
386
335
334
9
225
223
172
86
166
319
227
515
182
367
512
301
198
49
144
284
55
468
360
245
373
280
26
296
83
397
254
134
241
141
296
117
169
67
371
61
387
342
421
480
67
216
177
342
50
463
245
233
177
252
54
431
185
202
269
77
100
358
492
29
265
253
315
194
283
410
144
320
367
289
467
185
198
39
268
194
371
474
176
447
360
244
278
224
187
407
60
474
233
395
161
7
266
314
373
370
224
453
372
311
273
37
437
497
228
165
505
512
252
450
220
352
77
203
473
444
59
496
221
513
157
295
259
112
292
454
13
430
474
198
120
252
215
301
13
174
278
428
411
145
97
330
57
477
44
32
338
469
258
385
381
409
432
476
329
243
327
407
267
338
145
125
263
66
10
8
146
422
87
472
234
376
217
490
231
314
272
292
24
244
311
49
458
473
505
129
469
331
498
307
39
155
27
174
288
497
90
76
141
96
340
205
237
160
117
131
383
58
44
273
426
474
32
264
308
486
99
183
187
423
308
47
215
273
47
304
345
134
181
335
200
407
447
192
472
221
122
199
80
349
95
327
323
62
79
114
87
53
501
501
473
123
56
248
343
420
195
363
426
399
231
278
486
218
427
353
291
122
368
469
122
220
428
474
328
228
428
353
474
154
40
323
188
227
141
385
270
264
157
76
434
261
228
350
449
285
74
380
413
291
408
440
427
87
432
428
319
432
323
468
263
184
293
393
22
173
212
501
175
4
446
147
489
331
358
106
462
357
49
340
355
87
1
89
354
2
353
494
331
248
155
368
62
448
118
339
497
209
247
344
375
375
35
477
487
332
154
453
162
213
261
87
310
131
320
267
334
365
458
62
463
222
168
233
270
343
498
496
233
242
54
469
136
324
187
116
63
213
83
489
328
175
280
219
116
34
300
504
211
363
148
266
482
433
375
292
256
77
231
302
82
268
113
406
25
508
146
303
409
202
178
314
383
324
486
231
165
80
90
196
61
19
82
287
90
289
152
11
409
52
277
223
425
214
363
415
94
244
390
285
356
73
133
108
83
255
209
204
254
148
256
314
151
198
51
103
161
192
190
307
418
379
2
44
365
163
197
352
383
139
225
81
66
406
126
2
472
205
513
434
488
314
112
178
244
41
383
48
92
319
30
100
186
102
72
357
139
115
417
4
343
98
164
126
131
487
245
273
256
66
338
509
356
205
67
287
510
486
277
1
143
506
368
113
106
218
197
308
204
185
474
207
472
305
168
8
305
487
136
322
82
501
152
300
453
423
294
482
246
223
277
75
41
171
223
410
489
55
480
495
57
431
448
241
82
81
131
190
97
427
328
456
273
243
505
146
162
28
282
367
288
308
139
362
493
18
296
482
460
272
412
165
202
358
473
99
428
176
125
513
411
447
329
140
281
414
506
445
222
294
494
345
409
337
19
471
216
120
87
264
88
13
358
62
42
434
162
476
110
420
21
325
37
81
288
210
69
353
362
111
403
418
224
97
402
82
143
423
480
400
252
506
167
18
29
62
234
456
111
252
491
363
195
144
315
270
14
319
402
195
250
274
336
152
381
338
128
148
78
283
430
430
329
152
257
78
297
432
208
217
131
503
504
210
418
101
250
292
344
322
395
417
351
458
170
337
296
439
278
162
274
323
116
422
172
129
291
476
424
162
2
482
513
113
372
373
18
397
402
440
231
30
252
330
172
179
281
494
373
18
295
514
58
498
222
314
512
136
56
258
445
412
134
156
484
116
427
268
435
220
278
416
7
0
424
429
303
118
472
243
207
67
440
201
336
294
138
18
475
417
2
373
300
280
375
99
323
508
60
455
134
231
167
98
480
382
453
364
424
154
180
233
468
317
234
19
308
33
486
147
184
37
93
492
499
424
104
62
464
7
34
477
187
87
464
257
457
187
265
152
250
382
417
445
468
161
70
228
102
12
1
25
35
172
514
309
228
513
377
263
356
288
421
368
412
332
140
478
153
509
440
327
127
126
211
476
227
427
473
278
230
136
269
499
257
476
209
370
142
465
494
316
440
417
313
403
319
170
181
25
192
382
101
74
110
349
145
138
79
11
89
273
393
131
490
424
364
11
66
99
311
450
57
258
361
128
257
128
508
167
209
148
269
259
44
10
254
216
66
431
405
263
291
427
296
125
270
479
480
421
360
327
205
100
320
229
244
334
72
135
313
431
65
419
319
376
423
317
144
449
430
459
502
145
153
440
394
177
385
136
48
80
434
416
124
133
196
428
170
181
16
493
312
502
514
444
252
468
315
287
59
438
72
496
492
13
508
291
254
73
269
295
392
290
370
213
502
248
22
184
413
163
349
370
114
446
449
493
384
332
374
411
134
228
429
209
23
283
491
189
273
99
333
384
23
104
66
215
355
411
130
3
422
271
204
466
482
298
271
243
392
240
19
1
283
17
145
413
326
419
154
296
170
108
213
291
252
394
280
351
218
241
482
277
384
312
249
242
477
479
514
94
306
158
224
228
90
283
124
307
143
242
52
449
170
325
24
224
103
457
145
369
489
477
245
235
392
338
240
309
372
185
499
6
352
363
66
282
259
279
422
17
437
188
333
361
20
25
505
170
191
14
344
374
106
309
248
285
228
282
468
48
154
478
446
169
345
387
114
381
454
191
68
497
489
193
17
293
235
304
452
376
375
262
383
460
193
428
496
319
201
332
487
438
240
389
44
180
460
1
40
207
151
83
371
287
464
44
14
103
101
200
408
348
257
47
498
508
291
288
10
321
276
42
70
350
426
222
437
36
20
366
500
461
45
230
240
469
83
339
151
130
283
330
426
387
262
86
143
290
387
59
323
59
427
235
155
287
498
30
323
260
103
254
314
498
208
150
59
17
376
336
513
63
450
491
490
305
422
6
43
8
455
272
260
253
345
514
361
168
148
60
110
87
23
150
356
143
502
273
491
441
319
311
489
209
22
466
189
58
375
16
498
207
423
456
20
95
250
90
241
58
381
16
50
291
67
369
216
38
4
311
127
186
10
56
509
312
94
291
124
278
207
38
317
231
278
441
490
493
399
432
21
12
55
78
36
199
273
134
83
502
489
179
50
243
504
36
233
466
176
124
282
408
438
47
33
216
422
114
182
67
236
449
82
116
478
378
330
58
144
290
18
36
496
486
14
353
111
249
1
359
431
220
240
270
118
501
414
462
70
219
297
384
180
220
393
117
191
126
170
266
501
501
442
338
369
138
431
148
268
418
236
307
499
459
110
396
345
221
331
109
363
207
0
424
262
373
504
142
267
216
52
409
274
463
272
66
395
119
133
84
404
224
194
377
465
503
45
165
195
433
292
95
414
70
14
59
125
496
192
316
255
52
19
421
325
357
261
1
140
137
510
109
126
268
124
312
170
85
233
168
458
408
252
225
479
357
444
16
115
438
283
328
461
338
210
423
192
3
147
349
158
268
149
349
216
74
275
178
377
24
125
301
396
364
512
451
409
398
152
408
4
430
127
28
142
366
331
246
454
479
351
287
99
449
131
143
59
76
392
314
59
415
137
184
491
267
156
86
147
413
120
445
256
457
510
500
155
84
260
144
355
356
124
371
491
436
248
491
163
303
361
479
464
463
315
305
133
139
123
293
65
363
424
337
104
374
469
378
274
133
511
43
128
255
234
217
216
69
17
76
308
152
408
496
449
498
74
180
171
415
305
434
218
41
123
354
269
181
323
76
246
44
132
128
258
246
500
184
467
205
62
427
361
131
405
179
320
404
89
420
424
269
390
85
338
148
434
60
128
351
281
74
239
332
261
397
368
13
480
342
225
100
6
442
470
256
313
363
156
272
470
40
215
39
155
318
434
493
93
170
149
435
423
444
4
349
239
69
67
52
277
458
427
401
439
351
344
155
50
432
258
73
140
144
47
405
351
200
465
491
252
253
123
112
264
472
493
383
394
256
196
212
120
85
492
513
40
401
351
373
37
413
269
90
506
160
377
120
361
134
376
286
112
351
265
419
107
200
136
104
366
238
372
212
451
214
215
332
163
156
49
104
447
449
1
465
259
176
485
254
264
429
454
415
262
485
202
144
484
80
79
292
30
317
155
481
147
371
461
447
189
182
42
97
132
41
255
263
136
139
513
480
205
30
497
205
111
332
63
131
99
170
311
81
249
212
69
229
285
184
476
109
350
255
147
260
217
64
161
51
316
65
59
498
472
180
515
129
162
208
139
13
454
216
8
335
12
410
475
360
296
210
213
89
213
131
499
488
44
326
448
65
157
312
244
90
255
157
297
120
8
486
240
402
183
338
144
305
413
102
446
147
72
400
410
77
501
28
440
398
4
312
274
29
113
348
196
338
491
250
86
471
455
327
376
142
144
423
491
403
208
470
79
76
98
217
132
405
129
72
11
187
405
441
197
474
199
31
9
460
39
515
486
356
486
21
50
463
44
341
115
190
212
244
11
201
87
34
510
158
264
206
460
187
498
448
296
218
330
230
271
64
368
293
346
32
459
98
242
340
322
459
276
232
484
226
187
64
313
70
300
210
412
130
44
441
345
64
515
440
212
367
115
147
509
143
175
100
395
78
20
34
197
89
472
88
8
36
347
69
377
342
422
230
245
101
181
398
95
425
253
54
427
345
314
186
67
33
313
429
393
180
267
213
231
14
429
232
479
468
66
139
335
233
158
90
265
70
370
10
372
413
476
460
336
451
259
59
277
243
96
169
105
436
49
11
70
397
13
453
265
272
278
61
506
205
88
110
201
122
14
116
279
43
180
486
79
23
461
52
451
488
188
178
381
66
296
449
205
461
4
200
254
127
150
476
394
220
497
497
334
170
191
110
297
276
380
127
479
487
41
188
299
259
453
375
274
457
379
421
414
244
26
94
313
259
231
99
46
477
342
482
438
293
271
402
13
462
147
233
110
373
298
415
488
383
104
506
347
225
83
110
429
35
461
99
116
309
116
287
54
474
486
456
167
352
185
272
415
286
107
122
91
229
250
371
320
182
406
391
433
131
21
330
157
252
436
413
486
403
509
413
317
68
461
335
88
506
263
110
333
304
58
497
410
242
299
135
192
368
190
330
132
187
184
437
347
401
193
272
242
136
141
148
398
319
106
258
319
463
481
410
73
106
415
167
398
229
157
148
390
249
484
296
465
212
316
197
302
150
232
282
36
370
317
461
486
398
182
426
173
429
189
504
44
479
236
138
45
319
317
453
71
383
513
73
28
142
362
195
237
340
197
393
81
247
252
101
237
121
358
509
302
299
368
414
510
413
499
55
466
229
123
433
210
166
470
404
168
123
399
161
35
122
120
513
166
173
43
138
327
247
437
274
478
173
509
138
0
373
204
143
16
500
131
191
356
486
170
508
410
222
251
330
372
345
305
193
106
116
446
311
173
223
80
463
14
444
190
47
31
133
57
38
277
453
123
434
345
363
42
7
29
9
396
20
400
144
157
402
164
436
414
144
436
213
27
254
431
267
433
22
338
415
244
381
379
134
453
500
410
423
370
114
74
515
375
379
105
457
163
97
73
368
53
224
26
99
135
134
313
65
466
177
194
399
413
418
449
10
140
22
169
418
213
343
437
380
80
290
470
466
318
197
303
344
373
262
491
512
204
315
413
157
182
373
463
434
332
487
433
51
164
89
403
168
272
27
215
270
348
8
264
228
257
63
15
294
360
484
152
26
65
402
43
189
20
80
222
460
29
198
481
207
107
468
262
400
294
495
63
1
442
298
97
356
474
114
503
83
107
501
481
135
399
281
352
53
184
244
488
363
462
304
355
143
450
450
197
419
212
287
479
495
210
127
71
256
373
2
293
215
241
165
263
462
472
241
298
405
259
10
173
211
166
396
180
390
97
361
380
101
190
391
378
506
264
113
464
480
421
157
515
504
50
99
514
177
156
297
35
0
495
205
166
484
401
416
174
18
60
353
42
449
291
297
429
483
425
82
166
53
293
447
463
488
469
104
387
107
480
329
215
9
452
224
336
279
448
131
253
410
101
470
194
466
335
39
83
89
437
237
109
67
299
152
20
39
461
346
147
213
353
130
399
318
27
235
264
392
101
153
478
165
473
170
262
343
514
39
429
142
400
434
123
248
312
505
176
331
53
361
150
146
257
207
135
253
22
248
6
201
132
140
156
361
131
357
189
139
187
295
0
311
339
291
149
364
346
83
405
286
390
438
427
190
296
49
55
434
399
488
73
57
396
0
59
286
130
292
450
286
331
129
514
422
356
493
24
194
509
157
451
273
499
473
480
17
486
366
63
515
396
258
158
312
11
245
64
64
429
214
157
159
99
444
376
316
78
272
24
296
43
506
264
217
286
439
85
159
192
109
22
486
347
315
262
494
131
210
252
162
389
192
295
435
77
444
5
460
180
400
420
263
329
122
347
199
28
389
436
104
294
496
122
205
155
73
219
80
370
257
307
73
55
155
121
381
234
53
399
478
444
446
277
260
216
365
216
344
167
220
284
193
478
386
262
22
283
45
425
400
63
342
276
515
36
334
471
33
262
353
220
18
315
232
228
446
113
389
179
4
515
69
476
149
234
434
459
311
467
400
4
150
480
8
30
275
99
41
469
230
431
113
135
443
386
21
411
4
144
26
153
502
327
208
130
105
216
4
332
156
459
393
76
183
326
389
41
142
333
401
237
7
75
3
245
449
157
105
306
479
486
245
280
89
91
67
325
306
346
102
14
446
327
346
191
352
26
292
121
278
443
391
401
398
141
149
260
308
231
89
9
399
208
380
175
469
288
209
479
151
510
249
430
334
247
360
256
232
219
414
453
426
258
54
441
450
101
233
24
267
21
475
294
111
172
243
258
450
47
463
475
448
163
432
346
307
375
234
406
426
320
293
258
226
409
501
496
51
292
287
413
34
223
108
458
510
186
79
140
222
81
22
408
181
68
127
269
297
201
454
391
56
252
409
332
263
499
34
27
135
505
422
468
332
412
129
469
301
346
71
197
469
452
94
87
348
513
462
426
440
173
363
67
474
259
90
396
451
497
172
463
253
49
150
77
163
496
95
135
16
229
87
311
63
150
74
504
186
305
253
150
101
349
6
99
229
280
27
433
391
197
343
45
332
274
85
424
170
349
354
292
188
150
341
429
3
44
173
16
280
85
371
161
343
178
350
326
376
16
320
182
428
282
188
249
313
320
208
125
410
365
420
193
120
450
120
332
195
450
391
430
417
127
172
249
390
132
16
466
2
330
487
428
498
393
45
75
432
287
514
16
390
58
506
168
457
390
480
512
14
177
510
182
63
111
470
240
435
363
94
252
165
330
338
285
103
137
263
512
145
235
512
193
206
357
362
90
314
430
28
103
202
241
504
288
507
245
298
21
81
244
386
451
432
261
285
55
19
30
66
393
112
280
288
393
227
292
378
153
1
97
331
227
74
61
350
276
46
416
256
107
443
53
247
236
110
450
322
152
515
435
504
146
18
66
170
301
446
236
152
457
241
259
409
0
499
451
252
61
138
50
507
75
16
235
404
444
446
278
206
78
433
401
170
138
469
144
507
144
204
263
231
106
4
371
469
391
174
22
189
197
9
103
417
391
360
313
174
347
456
51
46
357
299
404
146
464
179
264
112
257
192
408
210
423
350
56
152
156
307
151
439
200
273
452
29
318
128
178
452
243
38
459
470
292
103
273
252
341
495
47
168
81
437
99
336
201
431
128
50
157
291
6
233
446
435
443
471
132
352
156
115
511
220
164
377
142
124
220
161
57
333
470
288
467
51
34
112
112
461
210
47
364
382
496
358
188
468
232
409
47
387
91
463
160
106
221
324
187
454
68
240
459
149
90
325
509
93
235
409
404
164
111
147
34
93
61
80
39
482
6
115
224
358
461
291
371
218
306
272
212
111
339
47
347
339
203
78
477
256
472
134
50
108
278
20
259
318
440
117
415
435
410
484
314
435
412
240
314
231
407
439
73
468
293
410
105
405
412
456
332
222
270
142
53
291
266
190
506
479
69
165
359
372
223
373
42
410
426
287
19
101
230
265
268
126
75
172
95
487
174
401
0
200
288
440
227
348
407
118
454
230
332
303
382
246
298
177
151
315
200
469
42
5
73
263
113
266
78
439
45
246
496
412
216
186
345
412
369
310
342
401
149
357
314
9
363
207
359
152
422
474
84
339
405
28
47
427
245
406
216
55
248
257
189
166
340
443
230
447
417
342
216
370
279
368
166
392
78
454
84
444
216
508
156
311
395
67
61
329
295
236
373
481
410
165
447
446
51
111
463
94
170
205
205
318
283
1
192
486
30
512
106
461
67
367
279
345
95
409
375
368
113
352
350
316
239
129
31
456
108
342
30
327
168
295
408
276
478
174
357
382
364
210
458
399
371
25
434
362
477
300
9
256
46
367
450
367
131
6
61
67
23
409
487
458
35
420
211
230
336
415
307
350
421
276
185
384
476
464
242
297
377
479
362
313
254
108
319
6
142
69
206
67
250
53
6
23
292
121
7
217
186
436
424
197
321
373
77
468
29
436
514
166
72
10
296
122
265
247
512
408
205
385
411
408
325
221
186
51
248
303
367
115
481
186
316
3
81
90
294
113
364
24
102
370
294
313
136
189
178
9
395
459
236
326
310
263
105
449
95
305
64
322
255
280
343
428
336
54
120
210
90
45
503
260
461
317
420
263
444
50
436
338
282
184
496
114
268
208
136
183
45
497
494
364
439
312
292
59
512
224
206
345
123
173
422
85
183
476
283
486
432
25
31
447
398
153
95
121
360
13
221
489
289
251
428
434
115
176
64
472
31
133
258
490
186
311
111
124
115
202
111
404
317
20
502
237
69
176
462
115
157
324
395
56
388
260
502
119
410
497
34
414
199
515
186
80
494
472
512
72
367
283
165
506
132
248
412
469
93
466
490
212
40
273
337
514
239
157
392
22
161
214
17
338
171
444
319
236
389
242
464
405
447
329
205
421
512
204
156
457
322
446
498
279
157
406
445
43
483
425
383
211
366
484
24
444
66
73
474
100
101
413
303
183
122
17
64
392
242
378
40
278
153
311
350
57
295
392
47
353
424
339
25
200
93
290
417
353
211
204
11
329
135
326
114
256
368
297
257
142
387
514
302
249
409
474
131
317
255
479
139
379
113
366
356
461
108
58
235
415
110
345
434
213
371
208
324
146
430
16
350
407
432
371
296
141
203
403
126
215
378
48
26
105
296
155
62
34
121
109
378
222
474
220
125
39
450
478
148
308
271
355
322
21
240
258
382
386
235
43
236
434
329
276
124
256
376
107
329
42
456
31
426
157
424
208
391
109
331
111
491
173
130
105
225
485
444
119
56
62
478
480
278
24
158
77
324
80
371
144
80
232
83
17
317
154
485
502
145
14
473
158
157
510
487
234
236
310
320
162
204
131
322
223
322
274
95
185
405
244
333
384
501
114
473
349
245
480
478
39
395
139
292
231
398
27
189
86
200
22
80
26
172
407
45
318
443
285
192
271
47
275
304
139
443
488
339
148
408
470
289
189
408
258
410
220
50
150
399
383
192
20
31
222
412
308
399
202
31
48
121
182
123
32
95
205
5
98
326
246
153
450
280
55
405
217
201
126
130
34
262
66
294
153
354
259
498
204
292
308
13
357
434
179
254
247
480
255
498
124
218
453
189
93
449
131
480
369
82
171
16
128
490
213
123
159
288
133
15
32
369
15
146
113
497
195
267
456
150
392
237
501
301
505
22
62
229
28
260
103
405
89
396
318
21
511
415
342
329
119
153
487
38
95
409
356
162
296
138
168
45
364
10
456
333
9
423
490
415
167
247
510
443
478
60
155
340
126
213
92
515
503
210
171
107
9
400
137
167
319
423
59
172
162
267
240
258
438
397
246
246
162
383
258
408
509
126
167
385
317
71
74
128
502
296
359
317
333
320
60
405
303
315
197
387
65
5
399
67
128
420
92
50
509
28
169
353
288
355
126
48
119
487
95
331
340
457
26
280
394
221
380
309
298
113
196
393
238
336
256
336
23
40
206
195
9
254
329
312
90
491
230
435
224
418
346
220
330
74
272
94
502
381
247
452
259
135
198
123
76
123
300
324
97
180
2
205
16
104
226
317
464
319
92
68
385
505
55
371
112
467
96
105
461
71
70
407
276
14
408
427
78
407
78
247
460
415
384
394
45
102
14
502
306
259
325
164
11
29
382
35
51
36
348
126
90
8
351
443
7
78
496
444
161
472
171
15
212
442
54
282
179
84
64
30
145
428
315
475
510
369
223
509
61
437
63
382
404
420
203
23
233
238
78
45
468
346
28
102
336
143
369
432
138
52
92
169
38
100
467
197
43
245
209
99
367
204
375
71
431
194
109
134
225
340
78
285
485
396
380
486
16
513
55
385
501
159
467
106
133
474
329
101
53
323
64
350
424
156
192
497
218
515
431
387
185
202
498
69
232
430
315
435
32
514
441
85
437
415
326
384
2
261
500
232
192
309
475
61
162
496
295
389
48
154
489
287
492
112
149
97
474
137
492
89
327
396
353
192
91
237
514
462
120
231
57
46
324
300
50
384
430
287
158
85
71
327
374
26
502
349
62
83
1
173
387
497
161
112
308
336
369
59
37
120
96
156
300
347
501
387
104
315
19
134
120
216
159
485
232
254
248
36
137
154
26
96
215
509
332
69
225
439
500
10
332
226
202
256
399
49
305
303
211
513
83
44
50
387
340
513
360
459
485
263
10
22
402
1
78
437
360
69
126
486
109
70
211
103
452
130
386
502
499
452
65
230
434
481
122
87
368
499
392
161
179
125
112
164
169
30
79
164
31
340
159
36
14
249
7
44
9
395
322
151
249
27
252
178
38
180
199
424
51
489
315
429
168
201
334
392
345
101
400
315
133
442
371
388
31
26
400
1
502
474
89
374
59
225
252
403
95
113
28
442
345
81
26
267
149
142
1
1
463
333
441
69
441
498
488
469
395
179
38
195
321
299
6
388
62
208
4
233
265
123
437
272
1
253
72
391
129
158
458
242
277
95
293
53
162
247
161
272
381
477
63
509
146
90
470
220
362
499
376
40
245
63
171
292
266
26
171
413
66
188
504
248
233
199
251
250
515
8
502
68
167
134
1
189
101
6
458
28
502
74
76
53
399
223
198
391
367
137
306
429
239
376
362
206
458
145
171
55
213
294
267
146
438
420
132
513
321
189
265
299
22
311
98
183
361
195
262
513
137
1
424
265
134
357
126
299
102
279
333
487
180
249
4
424
118
347
470
412
231
76
339
150
102
146
206
186
453
249
33
427
316
99
476
406
128
299
114
438
391
173
2
157
185
333
366
513
26
104
238
82
336
100
17
444
475
168
474
443
501
376
117
386
139
48
80
484
14
195
220
413
304
374
232
325
73
398
227
168
247
124
223
332
293
435
405
24
131
17
442
267
101
391
278
125
2
270
478
327
27
39
491
169
210
167
198
515
363
400
390
244
304
117
211
11
105
33
113
241
359
407
183
325
248
315
282
373
275
64
2
296
328
51
429
400
254
390
339
93
191
422
495
9
183
44
139
458
317
223
447
211
279
373
349
121
36
323
199
220
282
181
199
463
136
513
104
388
353
318
410
277
313
266
147
68
215
122
206
82
215
46
321
419
391
9
365
502
210
514
75
198
246
27
67
216
476
176
245
31
440
440
475
337
405
32
206
46
165
107
73
214
220
220
108
181
391
253
130
338
262
12
298
490
494
502
318
38
438
476
220
418
335
458
354
88
209
424
22
341
473
141
443
311
153
394
420
186
449
139
425
380
86
344
320
151
157
391
104
33
128
246
341
448
439
186
140
362
295
190
303
310
340
280
245
64
401
16
462
459
141
254
67
437
6
111
249
468
365
342
141
370
400
230
270
247
0
422
42
308
2
55
499
454
143
214
153
323
513
19
257
220
327
179
326
512
421
106
6
488
487
404
57
365
230
380
284
128
250
262
40
37
393
201
246
134
215
201
470
78
153
21
427
48
316
23
79
179
116
124
425
31
48
144
287
19
113
136
427
350
350
455
332
261
150
46
154
37
295
467
43
294
400
277
188
137
463
37
94
298
305
149
176
466
389
125
246
363
150
167
174
294
443
490
32
322
439
346
107
380
16
487
383
309
161
256
344
373
175
198
403
396
127
91
410
474
334
375
320
295
371
14
491
320
393
303
2
323
497
429
496
39
236
53
371
201
270
44
476
179
211
55
435
176
145
497
352
220
439
486
233
22
34
436
414
340
341
407
154
334
406
341
123
131
3
203
44
324
168
30
267
168
33
203
474
391
2
98
476
149
134
157
168
466
310
476
368
515
301
514
52
40
221
149
8
152
383
146
346
206
145
198
228
488
379
371
135
342
383
203
272
462
330
172
252
127
31
303
410
71
408
57
203
86
390
308
88
313
452
439
425
239
376
292
462
298
292
277
222
174
442
284
20
10
365
228
314
65
267
271
480
411
396
401
94
44
8
181
391
364
345
201
81
180
395
328
178
57
197
407
142
331
126
253
496
358
362
97
156
179
168
16
328
347
487
207
515
247
238
477
368
305
442
226
506
74
314
146
211
358
371
297
479
232
39
466
459
344
146
181
105
31
49
48
505
178
235
131
181
40
511
469
275
112
278
459
79
34
34
483
469
436
315
476
348
476
221
369
183
108
479
261
223
240
321
92
513
16
264
264
182
436
267
380
121
394
42
435
0
384
221
514
197
469
135
488
97
34
59
431
292
261
317
512
83
47
1
275
470
418
98
66
197
258
351
47
37
216
457
30
33
205
1
340
450
425
301
466
460
5
61
373
416
29
345
5
92
71
113
257
307
267
73
439
343
288
407
294
42
341
268
146
329
263
156
312
406
137
357
37
12
90
465
119
157
162
108
396
502
446
293
188
3
63
346
228
448
31
19
467
270
16
213
104
303
470
63
228
197
260
492
198
66
252
365
399
497
432
483
70
60
266
387
197
483
513
283
414
258
241
150
164
145
29
54
130
194
213
500
230
90
270
79
31
93
48
430
315
262
474
414
363
44
499
294
163
335
271
396
21
490
474
512
428
323
514
158
253
462
241
162
352
110
52
226
150
377
32
144
173
133
197
192
274
384
426
316
201
444
326
115
411
300
477
54
305
59
310
245
116
6
210
226
63
115
124
366
399
134
508
439
480
423
117
430
501
21
87
30
300
52
332
500
389
78
479
323
13
322
135
481
29
53
252
399
192
445
444
56
453
324
385
187
210
358
70
372
398
489
319
388
314
6
146
254
500
497
413
364
411
159
469
320
474
458
112
445
15
381
283
127
220
335
173
181
238
391
90
358
455
444
160
74
454
477
136
299
30
412
0
175
121
458
119
89
207
239
425
201
412
66
170
386
205
277
188
399
180
116
185
149
482
320
282
301
445
131
29
136
474
116
240
107
196
44
221
18
317
46
272
99
275
54
35
458
51
23
502
337
345
507
507
435
19
159
49
359
278
162
396
310
426
236
311
19
507
430
280
247
202
113
384
474
134
373
474
240
81
146
467
29
180
305
374
474
329
382
221
362
78
245
396
99
386
258
149
501
408
396
401
328
510
467
352
362
111
267
326
241
255
482
31
41
109
293
311
8
366
396
403
162
94
430
113
74
377
278
49
410
453
436
177
94
455
134
481
328
499
205
426
459
51
96
355
42
206
401
500
258
152
362
275
490
209
459
146
426
276
138
63
350
76
385
136
377
182
221
329
337
506
273
469
301
68
142
324
273
325
179
410
159
126
400
295
506
86
109
387
103
477
301
142
481
83
259
181
305
146
160
177
443
486
410
303
515
213
497
244
177
111
152
159
488
411
209
312
145
444
267
303
98
337
235
60
401
149
106
316
356
164
375
373
272
325
94
363
159
194
87
211
182
244
460
496
360
242
147
369
77
497
445
190
268
456
494
408
398
118
293
121
355
86
182
364
273
137
9
12
38
92
2
159
497
363
454
220
54
46
491
12
248
131
373
221
202
181
410
80
269
42
6
324
265
41
148
449
252
359
415
232
355
332
103
82
169
197
84
369
70
315
359
21
335
148
72
242
241
173
89
277
305
409
431
250
280
86
233
328
419
71
296
54
351
194
1
82
303
383
159
277
211
407
181
234
162
180
138
280
241
20
320
374
501
73
67
315
213
492
103
454
493
281
242
165
319
374
121
58
7
347
323
407
506
3
435
455
53
307
259
148
245
365
473
271
274
453
140
395
351
84
490
285
272
162
230
259
215
246
173
298
275
43
30
118
70
123
164
425
388
264
155
481
504
120
65
125
459
435
328
332
210
179
374
62
170
342
310
473
506
93
8
162
212
276
86
100
70
506
180
40
81
480
213
124
481
185
472
158
51
347
416
145
118
411
288
128
52
255
492
97
120
507
66
342
81
193
43
495
157
173
110
434
341
249
107
90
490
117
31
269
328
344
455
159
238
387
480
457
142
148
40
132
73
309
403
51
244
224
224
189
218
462
85
341
413
97
244
402
364
506
466
412
137
135
150
148
245
107
220
356
62
21
126
2
413
413
349
402
79
388
423
227
481
480
27
158
330
367
374
460
415
426
467
220
449
98
61
246
157
387
299
58
65
91
254
452
108
182
179
429
135
227
143
173
330
318
113
420
21
124
131
480
104
457
107
211
198
162
344
317
380
489
485
309
33
404
189
344
313
473
93
85
170
52
19
250
19
36
261
134
105
164
83
181
0
33
358
59
199
200
193
85
417
455
63
485
9
460
506
89
237
356
426
194
65
48
138
353
343
415
254
196
349
172
138
104
101
87
285
92
357
294
328
388
341
297
411
304
341
172
224
419
403
205
25
313
79
229
22
431
228
400
268
444
299
291
249
296
70
509
62
281
394
197
423
497
453
508
252
413
37
235
284
252
329
0
138
115
31
453
317
104
34
69
14
157
464
23
79
426
265
443
156
485
381
483
23
458
470
338
4
222
438
73
463
291
293
493
84
143
318
325
133
143
504
355
234
483
506
31
302
273
392
59
407
120
235
267
446
69
78
236
134
127
13
405
498
503
363
271
59
439
251
42
407
318
354
502
233
144
406
452
376
128
173
306
349
306
323
402
318
452
451
311
359
362
60
268
75
348
40
232
421
45
475
43
36
328
343
172
319
6
20
429
174
501
225
324
232
23
18
452
407
334
47
164
374
451
209
111
438
78
224
27
204
440
267
174
2
136
311
208
322
295
38
53
212
490
335
392
74
509
291
291
158
195
228
206
292
292
309
304
47
514
330
94
81
489
397
11
479
331
137
271
425
136
105
274
84
401
167
194
195
57
322
420
135
99
95
165
251
251
424
4
18
496
169
87
18
2
400
305
362
322
150
76
490
337
461
442
123
172
364
491
246
374
132
397
492
355
319
253
182
373
157
370
14
73
268
198
51
413
339
343
479
319
491
34
405
148
84
505
354
21
365
171
223
413
175
186
208
128
492
131
14
2
503
82
156
148
175
253
434
362
35
22
492
209
236
331
161
350
159
462
37
45
319
454
53
450
178
397
375
140
305
226
246
305
99
171
222
186
124
166
251
74
401
51
305
375
183
53
306
111
304
180
194
199
278
60
183
307
151
475
120
235
452
491
138
377
236
209
482
392
429
273
151
124
421
17
158
282
271
281
100
6
171
23
421
14
275
271
55
493
312
325
209
218
149
261
395
512
183
159
246
488
147
483
461
315
150
213
182
85
366
75
422
377
166
267
110
379
441
3
438
351
295
104
372
317
200
464
470
443
46
384
342
172
4
97
449
472
42
411
147
60
335
479
407
364
485
362
222
420
132
84
239
460
117
234
261
13
420
234
425
273
473
108
162
228
323
377
355
370
435
117
70
188
35
115
112
20
8
383
318
192
68
174
0
374
176
343
288
138
402
12
131
172
70
422
475
148
265
453
126
17
37
419
16
435
215
412
155
367
330
367
476
115
60
131
493
231
460
42
448
233
119
12
273
176
99
505
344
361
148
120
105
224
101
146
370
183
365
387
9
377
172
273
450
87
21
429
25
261
275
174
310
124
223
231
365
403
459
244
213
406
188
311
341
299
150
327
91
269
273
332
199
484
91
469
132
130
419
151
167
138
371
113
253
355
399
169
273
473
20
472
444
316
31
505
53
513
296
311
238
243
229
118
424
199
5
479
485
278
342
63
150
446
275
420
74
384
101
326
316
466
129
472
216
162
331
53
484
60
52
372
439
510
312
179
382
199
495
494
269
444
25
182
448
489
180
252
2
182
482
254
318
464
420
260
213
104
34
122
307
45
273
284
462
183
227
470
45
418
227
136
418
420
459
106
27
47
92
313
136
394
49
305
335
337
162
217
407
411
243
138
169
35
260
113
129
512
360
435
21
183
30
227
226
435
75
20
405
176
471
13
49
337
381
275
275
149
308
385
20
167
32
87
454
74
214
339
113
105
25
277
73
421
357
506
337
155
277
226
254
257
215
11
291
234
194
326
444
375
92
234
222
92
368
352
5
3
400
158
84
131
137
196
388
101
308
103
82
400
9
66
59
367
176
436
291
257
129
266
448
119
275
20
192
442
328
420
320
60
185
70
423
222
356
77
511
357
1
440
184
263
155
320
150
230
284
49
360
166
360
323
141
15
36
419
435
419
252
11
141
227
314
400
26
182
12
141
10
346
257
317
515
154
94
502
120
337
89
20
315
192
262
164
160
406
376
407
314
308
111
402
32
256
56
160
123
425
382
26
370
288
266
174
12
343
345
413
154
428
488
3
37
253
61
240
183
234
74
269
173
362
259
128
1
445
97
291
280
479
455
185
187
298
183
75
104
74
2
431
492
505
33
51
155
188
128
172
100
376
486
122
500
386
317
328
317
83
314
255
376
474
272
290
100
331
501
102
128
197
515
137
129
419
443
308
106
130
172
298
339
476
113
146
118
277
433
485
35
206
435
220
77
177
419
358
348
297
346
397
346
341
134
204
222
266
55
314
168
205
103
155
195
244
458
145
280
120
18
268
248
395
440
368
513
202
193
293
515
119
445
97
513
280
89
494
33
437
423
368
515
308
406
45
131
106
417
364
135
97
457
348
1
166
399
2
484
363
211
333
363
183
265
316
179
222
313
493
460
57
111
421
33
77
471
416
216
56
217
325
464
153
48
26
79
143
392
321
48
464
110
153
300
317
485
476
435
201
89
271
373
67
423
423
298
198
407
135
40
70
226
129
337
439
321
143
348
514
179
22
4
134
135
296
277
486
236
166
337
262
382
405
389
327
447
72
40
102
51
252
100
115
254
476
269
67
466
208
251
101
204
307
185
502
451
331
228
192
129
461
89
122
429
501
398
305
92
155
31
501
99
274
464
427
10
312
458
386
203
451
299
480
502
292
218
125
452
362
83
193
511
180
484
244
146
205
180
90
199
255
134
330
348
181
407
389
509
442
380
475
314
56
372
106
400
454
18
121
432
199
441
106
98
461
345
188
106
294
486
244
379
30
227
188
46
266
103
454
35
400
176
69
369
216
77
290
378
138
43
213
296
237
215
148
37
294
10
6
0
475
54
52
61
436
326
457
266
379
486
511
444
256
468
111
501
200
136
470
199
33
109
31
294
279
311
489
421
224
224
446
463
160
315
38
227
452
508
129
447
471
450
217
402
489
482
13
392
497
67
390
86
93
444
464
225
173
111
348
508
120
464
125
298
496
412
287
446
73
303
250
262
402
108
140
57
44
450
106
64
232
461
47
59
287
433
83
24
0
112
111
165
103
215
411
390
320
175
468
278
400
288
56
420
344
241
252
266
246
389
478
428
336
195
508
441
265
430
60
389
168
355
100
227
379
277
152
235
23
284
249
287
460
352
206
512
28
277
249
350
120
496
431
235
185
322
350
280
452
51
84
228
196
489
238
446
480
105
271
226
27
87
453
166
355
392
438
265
391
267
483
281
118
225
132
413
143
376
59
276
307
142
362
249
345
168
76
359
262
134
203
407
69
103
105
194
367
365
271
205
126
488
43
7
398
84
421
459
45
456
72
340
252
426
179
337
444
484
355
480
445
94
7
460
231
394
464
94
386
167
219
414
191
37
293
445
228
228
394
341
127
341
252
480
390
170
377
430
209
308
204
98
89
477
173
286
86
373
127
0
444
103
359
231
152
248
391
142
510
250
246
7
7
19
107
330
229
494
510
374
89
351
103
365
161
223
73
448
51
476
335
400
302
394
120
480
27
60
261
28
237
305
325
358
192
54
165
501
223
236
188
192
515
87
241
219
338
363
91
496
144
363
371
365
472
192
458
13
67
93
445
306
513
515
377
67
127
367
308
155
461
220
228
427
426
338
104
429
184
211
162
481
165
497
248
363
278
33
132
46
333
221
340
345
41
191
271
142
509
353
460
95
483
496
474
322
299
3
435
94
189
239
357
221
181
47
436
66
483
329
73
132
226
443
225
142
467
137
443
398
354
54
458
381
394
211
303
322
455
120
339
385
232
267
327
208
348
246
262
24
320
106
491
389
425
308
45
422
425
125
469
145
168
322
399
475
265
173
439
369
381
189
162
178
133
452
171
407
232
79
41
79
424
459
99
77
470
470
147
297
327
13
162
426
425
161
55
354
206
162
276
134
365
237
434
514
58
369
445
513
161
225
435
470
281
195
423
11
79
254
256
483
436
195
337
24
312
363
398
231
469
126
406
151
300
483
501
257
264
467
501
434
347
231
90
142
133
273
422
179
28
380
352
131
166
213
132
369
100
131
472
120
99
309
431
469
119
513
362
315
200
444
295
351
213
38
231
29
287
7
224
346
64
362
342
26
450
106
474
276
337
456
365
250
139
393
183
369
478
154
262
174
153
277
142
400
315
345
479
9
289
360
440
375
46
434
59
177
97
249
144
23
459
44
28
403
151
95
231
289
410
74
88
76
503
160
196
91
320
261
429
208
363
163
228
43
300
318
115
393
138
120
178
507
120
502
507
321
478
347
265
507
499
88
457
407
51
437
482
237
499
87
317
129
167
150
400
374
122
33
357
119
512
509
138
431
318
153
375
326
25
343
374
382
20
301
100
35
109
293
398
229
274
333
405
456
386
149
445
342
188
295
447
3
212
460
76
514
134
430
226
352
275
49
25
308
498
279
286
330
479
333
43
93
3
209
324
217
119
25
153
136
199
176
502
371
171
513
131
1
2
266
70
155
93
246
208
328
1
196
213
337
368
410
77
154
355
129
337
360
308
52
19
327
139
249
217
68
40
438
494
509
103
191
399
17
249
358
17
293
213
166
63
385
193
22
436
330
300
308
213
290
166
120
436
167
363
451
221
135
171
23
470
87
200
410
113
293
35
15
15
451
430
340
251
68
324
425
270
396
296
166
221
285
29
310
63
281
305
430
446
418
343
129
266
42
168
199
317
495
358
188
33
103
294
179
168
494
495
482
332
403
74
263
20
128
340
152
113
120
254
59
391
495
7
425
437
197
249
253
513
79
509
138
479
215
327
424
510
209
441
188
2
92
152
348
136
242
355
204
228
514
177
487
107
277
199
68
488
168
42
252
456
59
403
214
197
68
217
163
34
193
106
209
352
515
103
272
343
277
473
370
514
486
129
393
265
127
74
390
218
303
240
1
490
236
47
300
462
127
6
182
397
339
199
35
23
227
481
504
152
294
73
463
139
411
453
30
417
11
471
187
438
443
217
396
488
453
261
116
17
204
466
116
277
88
6
433
388
116
244
105
378
67
443
307
304
330
161
490
505
220
341
381
50
414
443
482
483
497
351
73
473
182
327
204
396
374
215
153
59
252
159
453
408
445
392
515
50
46
360
159
408
455
11
85
236
107
240
302
182
507
123
297
4
66
496
508
249
358
251
197
387
267
438
46
281
150
384
216
113
29
396
509
383
432
444
351
131
460
193
475
289
147
432
233
282
59
118
213
315
310
351
237
202
196
23
118
169
132
301
150
143
417
237
508
282
397
320
451
129
295
256
227
284
214
489
497
20
270
363
378
99
497
254
209
214
134
71
218
150
305
31
322
505
4
415
408
292
108
190
84
207
93
124
159
423
441
101
325
178
70
3
270
332
336
363
411
454
396
84
267
379
477
122
146
512
425
104
125
373
311
270
374
334
415
151
91
129
339
407
483
301
462
487
196
84
11
286
171
20
479
425
256
17
424
292
458
508
228
136
509
477
55
331
464
262
138
344
347
368
36
325
29
108
402
434
355
410
159
186
340
52
76
406
364
233
94
97
379
465
258
449
183
253
179
262
120
160
159
97
214
330
372
360
54
216
470
303
199
6
281
281
436
299
424
398
114
495
130
328
209
397
52
52
414
485
181
109
364
160
419
301
224
11
341
15073
