1 0.790983 0.168642
2 1.32587 0.220198
3 1.10346 0.141687
4 1.06522 0.0931834
5 1.04513 0.0595775
6 1.04857 0.0442161
7 1.05449 0.028508
8 1.04909 0.0216954
9 1.04911 0.0147684
10 0.996607 0.00919439
11 1 0
12 1.00485 0.00919916
13 0.999709 0.0129514
14 0.947021 0.0164963
15 0.936256 0.0208107
16 0.921584 0.0284558
17 1.06582 0.092589
18 0.88914 0.0502581
19 0.871332 0.0558255
20 0.90807 0.101856
21 0.925528 0.153315
22 1.07198 0.348618
23 0.80353 0.192875
24 0.81121 0.251822
25 0.658534 0.177122
26 0.578717 0.1075
27 0.646129 0.160181
28 0.701353 0.171623
29 0.585068 0.195591
30 0.620658 0.169361
31 0.248178 0.0425242
