-286.0552967
-144.5535008
-70.72769352
-220.0954721
-27.32013133
-196.401715
-248.5024422
-52.09767165
-93.49247369
-544.1096457
-160.1464515
-137.6651227
-66.04706226
-52.08215439
-69.44489856
-386.9820613
-35.50917235
-226.8671038
-533.2368311
-147.7964705
-85.84362925
-139.2268191
-157.4102598
-332.4316343
-53.19337834
-71.88099328
-201.8692153
-83.6161927
-3951.456675
-87563.67893
-28.86074293
-77.51547977
-102.2746102
-56.85606689
-440.1041437
-97.99266818
-59.30122954
-36.33565561
-3059.873
-1048.987923
-178.2406989
-10812.74235
-382.3804825
-63.53137526
-7219.047644
-30.27346872
-849.0655455
-69.64988996
-34.18391239
-110.0739086
-2624.324439
-13.54175022
-20.85127984
-12.36709289
-484.2176118
-54.03347323
-172.4527652
-227.0829867
-70.58918811
-315.7140955
-114.0998842
-38.87414791
-1306.105005
-77386.58816
-243.522578
-189.5938669
-32.6761884
-151.6118728
-38.46034181
-226.6784838
-179.804268
-693.2138135
-14.3485076
-31.81782341
-232.8191841
-21160.49426
-415.7980495
-17.02542236
-1046.876302
-625.8184652
-356.6519974
-17.17931108
-36.43224207
-76.36468759
-24.70773258
-125.9117864
-55.36425114
-73.41344833
-164.7438364
-1009.579105
-224.6432007
-45.84410544
-54.01478089
-836.8813969
-203.5099749
-40.54393857
-425.6808757
-62.24267406
-291.812912
-275.3869407
-175.6399119
-104.343513
-182.708368
-32.28208201
-460.5805487
-14.04413736
-103.4019144
-727.4126284
-358.6193832
-15.30359653
-13.49917565
-41.42692692
-17.26805354
-124.3462604
-18.44159459
-213.9222056
-1473.412453
-114.215187
-5329.174517
-233.655768
-25.95316587
-1942.681039
-454.758481
-121.7853506
-16.90040894
-219.3890361
-67.69745832
-104.306401
-170.9383928
-708.3849659
-755.0189388
-67.05209246
-30.47832541
-11.15195531
-643.9507269
-270.4388464
-928.0712218
-152.6390247
-87.2167747
-122.1164058
-244.6070658
-94.4498772
-164.8702934
-51.12747229
-410.9748485
-9.799999576
-96.71831858
-224.9111121
-1869.976224
-110.8162417
-32.15353191
-23.46089597
-373.6283662
-81.62008409
-322.365133
-11438.16908
-9.85841647
-26.73337435
-54.30775523
-95.64071442
-27.52155132
-17.32586366
-432.8503327
-376.5346314
-101.3651053
-12.84974429
-22.0590546
-195.7564672
-695.5381352
-35.95638508
-12.66252685
-201.8444143
-60.49325696
-187.449441
-133.3646681
-597.5735636
-418.3848529
-402.1862087
-1946.67843
-24.30532423
-602.346643
-116.087932
-111.9278105
-272.2151058
-169.5960258
-1440.407435
-56.92286307
-98.75703268
-37.51773931
-397.8044895
-66.70919938
-981.1084781
-46.86473805
-319.0666243
-68.82131214
-69.26755088
-38.78499342
-94.17029364
-25.98295636
-467.2905616
-34.81190739
-89.97973362
-420.2509747
-1184.589963
-96.72024026
-172.4023602
-47.85831008
-93.85569929
-125.6883253
-155.9166716
-916.522883
-1037.923065
-1206.553591
-223.5490341
-230.2946843
-371.5310494
-288.5258591
-196.7116918
-406.8511445
-417.8328845
-314.6081319
-33.39912013
-22.9023294
-89.71066646
-682.9120336
-193.5453751
-1075.434366
-252.1482882
-166.2818823
-607.2430923
-44.20567067
-603.8659888
-161.2235769
-816.5379229
-117.2924035
-354.4353574
-19.30567097
-13.12991188
-171.7489736
-231.3471676
-4876.605532
-459.9859174
-4188.860702
-45.22423028
-111.2826617
-703.4046561
-167.178401
-145.0796509
-91.95286221
-332.6959202
-23.62038753
-91.90012339
-65.37726548
-38.15301084
-222.2871282
-583.3974677
-72.86895343
-189.6205242
-49.11599843
-30.56106032
-162.9342292
-10.67841941
-19.6380977
-36.786091
-101.3742545
-41.0543809
-33.04093303
-25.2267063
-111.1714721
-203.0863271
-291.8465208
-217.767934
-896.9465769
-11659.43604
-1074.112532
-228.2150677
-771.3658133
-58.75859736
-2.376228493
-454.289443
-62.99840296
-872.9999776
-167.7099763
-15.40585271
-2029.409469
-111.358588
-234.5829414
-77.18352995
-43.49303255
-225.214551
-271.5038458
-163.4739511
-53.926619
-680.7194996
-860.6995192
-109.7166568
-164.6387615
-28.27796724
-19.12412351
-6.761136172
-91.68226502
-432.5195817
-81.63484275
-184.7184334
-48.05699692
-273.7198429
-53.47076841
-132.5180468
-304.0967733
-38.35648532
-214.3155323
-50.48360036
-182.1363691
-52.89572362
-93.50191101
-45.14899256
-23.75265615
-84.84592718
-666.2225244
-14.87411222
-12354.85904
-138.07836
-601.656814
-47.10658219
-144.9405024
-166.9150637
-228.2132025
-102.6659176
-379.6561001
-39.44939481
-161.6985357
-122.9590758
-69.84490341
-884.0957607
-215.3093199
-295.9347837
-205.7329667
-69.43902322
-19.32253488
-120.2285664
-95.61438777
-403.4770703
-34.63911019
-37.39472324
-600.7533842
-387.0228112
-51.30463536
-13.68239599
-137.4625254
-323.3929723
-17.76641812
-93.48696316
-82.69143609
-109.4476005
-326.2323316
-260.2682019
-114.7076963
-34.49553791
-342.5259265
-1368.306832
-113.1809133
-200.5849747
-149.4324098
-424.9518241
-107.9686958
-33.76921571
-144.0236656
-285.6014349
-20.88091601
-76.08140793
-25.04033102
-26.85878471
-221.4387255
-125.0795112
-44.58206487
-221.8941115
-60.00115267
-28.20706067
-111.1727058
-733.9782384
-328.1476508
-591.0829722
-71.29258609
-398.3104422
-297.6806617
-44.30000586
-147.3363015
-53.30930469
-79.56487904
-157.9000395
-252.5284681
-36.57223431
-172.503324
-109.1713472
-63.91406176
-39.32303983
-8.715829213
-52.28296952
-35.00117363
-94.24832049
-959.9294465
-43.05997147
-819.0622572
-52.6902289
-365.756279
-1192.179329
-68.89718779
-287.4719574
-69.25533214
-2873.798702
-48.22792066
-22.68743793
-150.3023627
-450.1720264
-117.583528
-608.1351782
-260.015237
-138.2782454
-2165.954496
-54.06755877
-19.53303028
-255.8002781
-16.88494665
-929.2801152
-225.6322399
-1269.522246
-26.12467472
-143.64425
-791.2691488
-598.4302302
-346.8881109
-33.40602658
-1310.015481
-148.4492962
-245.8015148
-416.3226788
-64.3713341
-48.91929589
-143.2167018
-796.9852181
-98.9140814
-14801.95256
-45.61067709
-223.1217916
-47.53934869
-275.300307
-784.7150347
-25.54995963
-80.53551666
-33.57036269
-66.84796869
-131.6673705
-354.67334
-130.0022729
-407.2045717
-54.8860177
-106.0046735
-68.20640385
-433.7008716
-51.26242414
-126.8205839
-509.49637
-117.9254121
-2764.081118
-119.5839293
-483.0179931
-130.4633703
-273.8208699
-14.67597768
-1764.733471
-372.5548967
-291.7981896
-859.2575032
-343.5532667
-174.1730962
-786.5767114
-58.32637974
-289.993916
-981.6487123
-163.4874437
-3744.350659
-28.74909773
-175.4354207
-84.50031239
-135.8678637
-231.7242697
-53.43918029
-889.2698774
-380.6731207
-17.46973351
-125.8504705
-77.97583516
-147.651192
-720.0242018
-212.8642034
-654.9127514
-1683.830205
-116.7585543
-96.94154628
-871.7746169
-914.6402927
-59.93817033
-298.1652084
-164.7627655
-122.5692082
-8.40643532
-866.8877649
-297.448271
-259.0963097
-431.354506
-336.9772735
-63.3031993
-43.34451035
-36.07782016
-74.02749579
-29.53082044
-201.0553141
-29.69254468
-4126.354637
-226.6815663
-243.6452735
-71.51222597
-16.04506717
-368.0334019
-372.839251
-112.5449692
-1159.301798
-82.80288979
-118.3376603
-25.05271617
-124.9349727
-900.7675563
-619.2960428
-256.1062567
-97.69709835
-142.8861638
-129.3499016
-82.61264101
-1383.828494
-53.66742401
-47.17903686
-74.15348081
-322.6053508
-119.4278633
-192.360699
-53.35987703
-114.0682828
-190.6031689
-157.7020453
-239.3517414
-134.3624556
-354.2881421
-150.6495584
-691.1108697
-150.6421605
-140.1911888
-120.4252866
-632.9182538
-57.17891823
-1474.379085
-904.8849168
-11.57032682
-159.2492627
-290.6842399
-52.71603973
-1013.420202
-59.51811563
-272.7895908
-918.7373628
-854.5499992
-17.85508893
-441.717399
-445.7152225
-1281.773741
-280.4600306
-204.4578743
-426.0968437
-12.38144495
-95.03001032
-394.2024277
-1779.203587
-66.00125093
-20.20603364
-53.83923673
-100.9637817
-476.2509415
-150.2987771
-2692.958514
-41.43595203
-21.79576017
-1778.321318
-784.402495
-220.4197194
-182.6064854
-368.9095568
-230.0461937
-372.7987099
-145.3131009
-2059.8045
-484.0215704
-478.0720233
-13.53589567
-92.68576363
-125.6155006
-216.6677027
-1212.87987
-32.48411181
-141.5662835
-34.40091432
-148.8066238
-246.90489
-141.8996254
-35.56532595
-98.55190906
-69.73295015
-878.4126678
-870.4458244
-446.8987955
-31.08929383
-32.09324211
-95.77477582
-520.0032581
-538.213503
-352.8086642
-290.0645009
-216.4290352
-53.57247825
-312.746489
-3026.931596
-39.80717395
-1586.556497
-3531.250367
-86.39814253
-55.61774553
-782.9944163
-251.2695341
-532.6086816
-58.53764585
-751.0732462
-1080.059467
-205.3482102
-76.5815841
-378.7459185
-63.75527754
-314.3435558
-11.0370246
-70.96164073
-234.8168231
-153.3599788
-1888.407289
-1228.510916
-20.20447091
-544.00769
-174.1521589
-15.23048309
-57.55355622
-97.15977442
-355.4345988
-230.4450408
-39.14310543
-1873.123793
-266.3947752
-62.72826356
-784.1626665
-44.22748389
-169.1845792
-76.87798387
-112.1773987
-105.8657568
-491.0695952
-1398.842049
-84.0668557
-305.4709447
-20.48825745
-1195.607495
-211.3213177
-27.11870442
-59.17910353
-80.49303333
-140.1176773
-14.07254416
-648.9373929
-27.65625615
-90.5400493
-85.0015576
-1037.564631
-64.25628692
-63.47642216
-36.3947583
-424.9829877
-1049.117756
-237.6644739
-269.6172148
-77.31409179
-4309.80145
-521.3239505
-344.5675298
-145.8041206
-64.83558109
-40.17282236
-384.4472467
-21.0795265
-92.82792555
-12420.11676
-787.5756902
-12.63268152
-377.3211932
-43.92289912
-823.3534324
-125.0578458
-77.96759564
-1979.013915
-124.3885053
-34.49582329
-338.9748631
-86.13385163
-361.3649604
-6674.945269
-1874.524791
-469.0688921
-123.6616296
-7.912491318
-155.9803165
-65.04862976
-196.2259203
-1066.049906
-40.80792591
-203.4161808
-535.7984866
-422.7519613
-413.0910916
-416.0508674
-910.3821093
-38.3690053
-149.556898
-6711.052048
-341.0606424
-1037.596019
-907.8635666
-29.09390023
-31.18653452
-98.67876937
-4606.994275
-112.9532144
-695.786761
-1718.182704
-139.0698539
-66.06340012
-20.73483092
-266.7918206
-2776.541799
-55.60056362
-152.5616559
-454.8231426
-63.47482174
-71.37330693
-31.71926929
-1775.184466
-156.4598032
-153.4668804
-30.36520229
-515.7996291
-93.12719444
-109.9867491
-97.27433212
-272.1533218
-131.8744922
-52.81656622
-737.5894038
-47.1869914
-55.34492032
-81.0932148
-85.80279681
-692.7934745
-59.52992282
-564.1699279
-193.6161479
-68.36300533
-1852.332078
-2590.12141
-1107.849732
-1659.956496
-61.05925386
-47.75096646
-274.9973
-7.355607736
-157.6141316
-47.67231666
-293.6677916
-676.1670737
-219.682132
-22.85204854
-80.63681672
-1655.489873
-258.9941316
-393.9719736
-104.2524248
-21.86782754
-17.04040635
-7.805890858
-39.89175752
-94.54285863
-560.4822961
-985.4172121
-92.01793646
-829.7068804
-227.8046072
-95.87142616
-662.7931334
-22.06239532
-2088.411804
-74.41349875
-21.18624424
-186.7006668
-523.3729327
-114.235867
-18.36002897
-475.7815899
-282.8243513
-71.21300762
-58.44733951
-188.0642543
-59.27770798
-314.1586761
-256.3890522
-1229.812116
-58.16657434
-468.8538482
-147.0362425
-72.71114119
-317.8554674
-162.3300294
-473.5395767
-898.5801393
-45.08376138
-60.91534726
-203.3357495
-120.3828328
-455.9017363
-2.837343386
-141.7930125
-349.0776254
-39.89087503
-65.60215744
-51.34572082
-61.63227556
-684.6739359
-137.7948072
-65.09630261
-209.5761932
-192.7895873
-53.11964677
-1465.765632
-96.58052069
-82.96097672
-427.0073114
-384.5267755
-71.34710849
-253.6187604
-130.9286098
-160.5919197
-3489.262941
-3674.801168
-305.1353387
-540.456035
-7.590017963
-793.2241245
-19.74742047
-232.8063594
-38.27642214
-22.27013531
-38.58226292
-148.1607855
-64.30373712
-68.43185364
-105.1452614
-30.14762946
-426.2349892
-32.72093796
-981.1584612
-21.59207359
-27.014612
-270.6983374
-2258.221727
-180.9383361
-1302.372714
-39.25415285
-475.8875801
-127.9044252
-4731.967955
-34.15162105
-74.18972614
-203.5671424
-1456.258712
-94.21839773
-932.5119632
-25.09180584
-37.50464199
-26.38988082
-198.6827293
-18.54088972
-130.6389025
-43.12858179
-455.9263068
-58.18765389
-167.4211771
-721.6698988
-186.4300174
-106.8927279
-15.21888918
-57.68382207
-203.8694113
-212.0826874
-121.4538491
-949.722543
-48.53770534
-202.2020599
-162.7728678
-31.6531653
-148.8089758
-519.6060276
-71.222229
-17.9778449
-26.67366557
-110.2836323
-252.8542459
-1446.550968
-171.6898957
-320.4208442
-414.4802141
-128.380515
-56.46209829
-74.77632263
-18.52645507
-99.71618868
-483.4389557
-4330.965863
-684.9573245
-18.18660634
-801.0089847
-201.3673484
-182.8215537
-244.1972912
-48.60418215
-443.3099671
-1211.361108
-38.68725684
-197.5138076
-40.6963498
-143.9134163
-178.2410236
-1980.178889
-213.1585696
-43.9092413
-119.745606
-156.2081609
-4070.241438
-232.2315695
-7039.952362
-164.4889493
-214.4887505
-86.61663543
-75.03846
-229.0596639
-14.32014754
-89.4445355
-2462.70987
-107.9793288
-90.53067195
-1502.254972
-71.94019116
-221.1889349
-956.462283
-45495.30112
-413.0637214
-299.7972438
-51.51945222
-186.0582129
-116.3346881
-61.54785139
-1126.507113
-306.2246781
-113.314919
-2877.28845
-550.1164359
-343.6499688
-61.17496146
-496.1132103
-73.10565977
-406.3671444
-40.59498317
-34.08028851
-56.34599231
-108.4081513
-441.2528154
-650.371428
-61.4505399
-363.7651477
-180.6909476
-680.2526967
-14.56755014
-240.3903994
-172.2515054
-237.3756644
-26.885575
-51.73753722
-94.50743582
-105.9929146
-39.15115864
-230.5970139
-766.3559096
-47.41776149
-159.1167036
-197.0631415
-91.73932375
-75.95471562
-164.1756036
-25.4583993
-347.1871289
-21.79347288
-127.5389194
-44.80899477
-43.41352065
-20.47402853
-117.7430981
-93.45526859
-1242.976202
-69.85354175
-792.7715145
-152.0260384
-183.228882
-276.2148896
-21808.37936
-108.9974272
-47.81867465
-52.20137261
-124.737235
-22.12586508
-124.1097164
-26.80728476
-42.0587699
-284.0843306
-89.85743536
-1450.753002
-58.03292235
-94.89435806
-338.4900313
-640.5909229
-204.2761932
-83.06893147
-210.301676
-430.5358626
-124.6158775
-28.61689571
-83.0795062
-1443.73922
-99.60091393
-73.5785005
-82.42592449
-38674.22757
-224.9397039
-68.59033038
-843.4892951
-85.00826025
-39.59721228
-2306.461515
-36.48286267
-20.48612432
-1905.224093
-21.01611099
-11.33635616
-76.43197562
-88.51780506
-62.11319358
-41.78042567
-43.8536806
-367.813062
-416.1311534
-44.23315785
-260.8101453
-2351.684311
-52.68794505
-48.07285755
-75.30398234
-1527.68205
-52.31040376
-1111.157591
-25.88770065
-232.9020923
-144.829626
-554.7961623
-19.99776804
-67.66311827
-117.907888
-47967.99157
-144.9661321
-24.44582319
-300.8332216
-138.5996474
-221.3978737
-412.6827658
-166.6073912
-572.2761705
-309.1141874
-566.6970941
-14.87893577
-398.9805329
-20.34305067
-304.4706178
-98.12048981
-255.5496818
-42.42235895
-144.2808301
-712.1228444
-158.481931
-170.5733951
-186.4686598
-1549.311853
-52.57956775
-285.1674367
-49.76543427
-133.70953
-257.1531506
-234.6160128
-238.4247864
-188.9070298
-249.5449106
-731.5801644
-58.43290468
-56.4100181
-81.468587
-2062.547809
-21.00489482
-315.1001613
-100.2099324
-128.0022389
-214.7055921
-181.2953399
-87.55659492
-7.568434908
-253.6743589
-336.7767315
-492.0748521
-37.68319887
-1835.490566
-722.774718
-259.2071262
-420.0650529
-76.18198429
-94.96591067
-165.0419709
-25.78119816
-13432.03631
-1240.778674
-290.0707917
-275.6502711
-574.1620877
-182.0851714
-109.2410435
-33.01629237
-258.7166198
-20.38056259
-25.33691579
-65.94967675
-26.32713935
-162.5164555
-40.37730156
-55.88446245
-30.66401769
-170.3934047
-12.47084613
-26.81025697
-32.03029104
-9.985939357
-47.54041336
-948.5060067
-202.0282048
-237.6342373
-212.9265956
-2093.901008
-595.4466067
-114.201524
-660.9460799
-78.75610888
-54.31861395
-85.76803161
-139.8364674
-56.209118
-33.41355267
-443.6958526
-169.3151041
-545.5530668
-212.0710899
-195.7136713
-1248.321905
-49.89745404
-51.53928823
-59.2055958
-498.2356804
-111.1943219
-216.6610715
-18.48357808
-210.3027577
-28.71001689
-26.33157751
-93.16564128
-126.021287
-488.5855279
-77.79867677
-68.97822647
-98.54682076
-12.22074038
-340.2633283
-907.604809
-179.8655606
-200.4864354
-200.3500867
-67.24365446
-6863.337373
-50.31489322
-143.4501304
-2212.880068
-163.1158484
-86.48555817
-116.1235266
-115.5721176
-96.04930225
-295.1729815
-88.28548891
-126.6043614
-50.42110045
-362.3546646
-1561.748677
-136.7902215
-129.2416637
-1240.548528
-533.2697405
-29.29280246
-301.1126667
-30.41291287
-748.7230367
-2037.855084
-230.5934472
-2430.622923
-1089.502133
-1218.752596
-12.31820903
-7494.61437
-128.8411428
-582.2997705
-109.8232808
-106.7813561
-234.4426339
-18.93847808
-7.14729423
-396.0127201
-1954.572782
-158.1065685
-488.7226982
-27.82562605
-58.90200616
-199.7602208
-264.9359612
-176.7530646
-338.3743428
-916.1066695
-216.2304598
-454.4676291
-50.39833323
-140.3167671
-109.5678384
-142.8693032
-286.8149577
-133.864445
-55.05614078
-74.24772214
-97.52938557
-156.517099
-75.62928216
-624.5316813
-2837.638219
-25.07395653
-51.87426898
-100.1999387
-572.0654838
-184.9472346
-16.34072658
-122.1303267
-99.19322064
-232.8688419
-20.19952476
-62.7215844
-20.81796164
-366.6627284
-981.516421
-221.2640688
-522.0950004
-138.6780465
-13673.91453
-106.7680643
-152.7954236
-1260.211747
-251.3865337
-425.0684908
-49.668815
-3988.498522
-289.927013
-30.55955547
-64.00829337
-197.7905547
-255.3982513
-39.33502305
-300.600449
-275.3862244
-289.0445156
-59.98563681
-55.15503279
-49.3917245
-1213.505301
-293.1589258
-334.5930029
-587.3083568
-1514.33128
-182.547857
-163.3876222
-228.5849937
-284.0010965
-765.3718498
-41.23451126
-134.5722493
-54.97315921
-39.09523265
-97.88677464
-272.1632391
-16.39496283
-828.1709597
-1254.542756
-139.0402194
-476.0364039
-51.08467691
-602.0876964
-976.7340953
-27.45459745
-71.25868299
-24.43968668
-345.1195969
-549.6146574
-461.7443395
-117.9161227
-116.9945849
-1479.816978
-68.44284003
-446.1391033
-21.64499272
-62.36297335
-134.0564627
-1829.005057
-731.8927711
-845.9918728
-542.200825
-43.94526344
-94.36701778
-623.4727281
-230.4462196
-364.674934
-32.59678177
-11.82896669
-15.2927633
-41.10373636
-40.84359713
-3569.317221
-14.40712519
-1304.614882
-225.3680371
-378.8833112
-117.0508296
-161.3784863
-509.1636296
-896.6836392
-16.60347908
-70.48172519
-47.50328386
-86.64542056
-51.62331018
-50.11781087
-23.22209955
-18.74138136
-28.40110127
-32.52909754
-86.393509
-151.3208241
-73.40121992
-401.6004989
-415.2752025
-111.438043
-37.70751307
-116.0780541
-173.0240441
-201.7526611
-280.447713
-141.9452455
-205.3836306
-34.20733092
-268.5467784
-52.79858191
-186.2791338
-47.83908956
-84.84817336
-29.73772824
-73.68790284
-13.57096729
-207.9493787
-75.44367521
-86.98499912
-38.14367749
-139.7303125
-82.29399706
-60.63828128
-141.7446632
-1615.507165
-532.4265004
-41.87911356
-88.00939222
-106.9073869
-1021.997635
-802.5976608
-2050.354909
-188.6052331
-113.9944545
-125.5332619
-82.73251582
-837.5378743
-79.89373939
-132.7281653
-85.87490261
-148.1852229
-200.4786385
-1004.809885
-58.39869667
-3758.569074
-1336.416759
-274.4057471
-418.9619012
-504.2424674
-475.2074547
-461.9776571
-137.9498901
-71.70636311
-252.4082408
-52.62384852
-88.23990141
-137.249275
-448.914388
-35.91916711
-62.11256092
-76.04366381
-66.87842165
-250.2582624
-439.9584022
-119.0124001
-9.674176345
-70.22053071
-76.61043228
-199.6023402
-18.92256202
-264.5840408
-77.13662659
-22.04635334
-231.6602002
-206.8967389
-161.6597201
-391.7827924
-84.76048515
-253.2811623
-113.6374394
-49.83599345
-74.80307537
-72.67469933
-89.34685041
-622.1985884
-545.1545374
-166.3300683
-694.3454694
-85.10663873
-23.9945517
-32.51730132
-48.62317323
-98.30853494
-1030.059518
-140.8095166
-61.84524
-453.7678664
-53.59210556
-56.43616832
-70.75848728
-55.70614931
-3137.232333
-906.0502561
-355.838078
-186.4128847
-596.8616623
-133.5966576
-223.930764
-33.35969109
-93.19461923
-112.4308854
-19.86467326
-269.5334104
-200.8703048
-43.31843182
-284.0879334
-152.406764
-108.7368683
-44.14230646
-96.52723491
-32.12499814
-75.97457372
-160.8261662
-26.03651115
-376.3141009
-937.5264924
-1140.01762
-44.50184065
-105.9648387
-459.938935
-20.17254132
-7.492226747
-1562.597546
-382.2613189
-457.2006867
-188.6102338
-29.13927053
-109.2566458
-136.424999
-125.0146879
-119.1932955
-61.36823566
-208.0012397
-248.4452384
-38.74891619
-626.284063
-131.3761328
-453.7971619
-67.00569232
-1316.532532
-3298.73818
-25.02856715
-78.6935025
-224.888229
-19.92321502
-281.3213156
-20.75000701
-2477.035661
-73.5315181
-63.02353113
-164.5242129
-503.1359084
-43.5756777
-750.5531966
-16.5544584
-2357.33344
-116.0225907
-36.4260506
-145.8022483
-1025.38578
-23.61500293
-29.80919326
-1631.666616
-109.4338406
-48.40538259
-65.24249147
-896.8034158
-57.28512534
-110.4330801
-13.46593216
-179.3560673
-277.0773206
-1355.729687
-283.1809941
-114.4372823
-56.95424005
-45.13719793
-60.19151311
-41.26286513
-425.7036502
-71.86249611
-193.965433
-785.4606864
-247.6148272
-173.5930389
-49.3006643
-260.5511482
-153.8421711
-81.73740367
-162.3708774
-229.0224674
-15.1247312
-46.27060425
-22.89449625
-180.4551892
-200.3586906
-29.19079657
-2383.759214
-267.1290787
-241.8871655
-60.8433584
-76.26930903
-1039.26089
-260.3445905
-65.14541018
-64.15805608
-398.633598
-586.6569811
-282.8845603
-91.8943399
-88.87352182
-216.5352518
-26.75756077
-365.9891854
-97.06789511
-122.4982537
-1575.483667
-855.3680874
-231.8425424
-72.96389841
-99.28529073
-130.0784024
-31.20652099
-135.4669509
-208.8911783
-1150.51678
-12.1145078
-24.11826594
-32.83892664
-138.8726561
-67425.60482
-286.9147718
-127.9866671
-160.3101479
-77.92241929
-465.2555295
-413.4759267
-280.3839457
-28.55048629
-64.69932828
-40.86804956
-15388.61151
-7836.683082
-358.2178318
-835.4917656
-2667.303165
-165.0260676
-191.3279887
-46.95451025
-410.6869148
-1297.590069
-45.93866287
-608.7373926
-127.5972488
-52.23017016
-61.46860127
-48.95829882
-94.21734014
-22.76872996
-975.0222586
-670.7564472
-142.9767641
-8774.558782
-506.344848
-422.4481856
-86.64459369
-48.74443254
-51.28991517
-20.2788708
-82.50773299
-462.4023096
-120.6447145
-1356.738344
-30.28896852
-19.55565049
-95.37011182
-171.9702648
-24.72003112
-430.0132233
-121.1432461
-111.987231
-389.0201206
-97.43636199
-112.7124369
-128.0645979
-295.7438041
-347.6330222
-692.2154353
-487.498843
-76.2457572
-8.846305533
-44.03632546
-132.554571
-205.0092885
-240.2858788
-30073.63626
-35.22775944
-18.33815257
-109.6165427
-85.97554934
-35.92406578
-287.6416738
-331.2640061
-1615.342137
-43.8980165
-50.69445787
-131.5870143
-41.23633886
-65.38763929
-14.26579588
-2300.253237
-245.8623921
-165.9677204
-1131.59757
-3474.453937
-307.4295976
-41.18939666
-48.99962351
-150.063233
-37598.61706
-15.76190493
-49.11588888
-1432.019424
-240.8115513
-77.72799823
-833.4983043
-302.3729345
-708.0559274
-78.5090044
-1046.570289
-16.23427318
-139.6587925
-159.6820257
-73.29101936
-22.586743
-21.49900321
-9.46387533
-133.4399693
-20.3068061
-24.67106477
-190.8595938
-2637.386167
-47.46900829
-1468.505598
-355.908356
-205.8679922
-93.14402475
-80.6000255
-21.86040934
-146.4772185
-165.5110395
-79.14651715
-42.18847923
-304.5538237
-69.89707504
-92.62594182
-426428.3009
-462.9441629
-117.5713572
-118.2255067
-207.5162541
-38.78534019
-60.54437602
-192.3295943
-68.96779496
-289.1506941
-172.6516292
-3332.165276
-353.0874848
-245.3354404
-118.5992215
-347.7435504
-95.25079854
-156.1116292
-128.4584799
-1017.000401
-461.7504167
-332.1561641
-128.0640504
-475.2327125
-99.90558429
-137.0671828
-56.06036594
-43.33841695
-168.564675
-79.06516848
-75.68084501
-592.1678203
-884.4331643
-53.27132665
-758.2936468
-118.6578153
-10.46888187
-236.7963411
-1327.008218
-4445.43121
-6415.43815
-302.6732097
-14.70913281
-519.8838625
-497.6821343
-2856.991637
-1089.738982
-72.531207
-279.2960957
-1164.024344
-270.6870484
-17.66162829
-500.8509536
-4413.034641
-1707.314648
-29.26283574
-195.5680181
-4372.539465
-417.2550449
-241.0535827
-194.9584528
-10637.29381
-218.0763143
-75.39543318
-38.2892085
-242.4175962
-33.36791314
-382.720373
-4840.410981
-60.64507362
-107.6592604
-41.91746994
-1455.785657
-174.753001
-39.26907245
-76.01976053
-670.2223034
-8.045060405
-671.99284
-41.83600015
-85.33788566
-109.178123
-229.1835431
-299.1043961
-495.0376035
-159.2082146
-87.34292859
-30.3708794
-210.775173
-237.371403
-119.1438145
-2234.325672
-33.56560908
-6738.153354
-50.91601838
-211.3815912
-126.4430011
-119.721153
-86.31202026
-155.1872881
-90.56852076
-345.7389232
-300.9780675
-406.3022011
-596.4672337
-43.31989703
-63214.34845
-9730.436193
-494.229173
-10.18220028
-72.04632605
-75.15265815
-8.355505061
-21.1634439
-455.9167976
-81.43945499
-1991.116941
-15592.72967
-947.0630299
-385.9516589
-138.3631621
-2197.447601
-48.858657
-78.40632017
-306.5049423
-26.4295896
-741.8035988
-311.673564
-41.83969702
-1799.359953
-4417.510139
-248.168527
-512.0705026
-348.1612818
-46.04484888
-292.8521916
-525.9271776
-62.22293489
-225.0466118
-43.60688488
-158.2323672
-504.1374034
-590.146936
-129.2239864
-145.5424034
-78.07119566
-78.58019371
-403.6786823
-13.71372253
-36.38843115
-164.8810394
-1215.637777
-36.09272269
-80.53540907
-56.56751175
-53.30824044
-36.13283749
-456.9776212
-3119.89585
-5169.878496
-27.45867328
-23.96236157
-24.69026105
-565.1919468
-317.2048137
-2710.376343
-207.272958
-62.53467426
-2246.235473
-974.2962329
-43.24798535
-113.4986502
-272.522722
-267.0592256
-635.599099
-112.7424063
-165.4953391
-911.6890566
-459.3929057
-195.0714781
-4959.464531
-72.87722536
-51.33785774
-234.386979
-176.4954726
-195.269048
-13.24050925
-213.7843425
-136.1603811
-137.8404122
-39.49800279
-6.334609942
-315.278648
-59.61464212
-18.68436372
-952.0546362
-41.62167839
-33.15063841
-142.0738559
-23.46525138
-43.3961015
-166.7380242
-986.930943
-217.4766639
-130.3254683
-39.70359652
-45.89205705
-19.78591636
-65.52446859
-717.634997
-405.3332161
-144.0973205
-374.5556864
-2318.907677
-431.6303225
-58.06219849
-42.21004822
-22.37572136
-1229.028782
-34.90853256
-63.75523878
-40.39258392
-184.266609
-229.1966157
-1370.050108
-32.71919989
-80.22428128
-303.3683291
-412.0007584
-94.78943295
-134.1856026
-31.41183901
-55.87081676
-453.0785239
-127.6782373
-102.7754366
-575.8680129
-99.91418431
-136.5544892
-111.9924565
-12.80440694
-253.1658649
-24.92524561
-36.30636698
-111.8857137
-70.26853176
-9293.807875
-55.89716019
-313.1500601
-57.27514448
-605.7958981
-211.096863
-121.0932389
-60.17833643
-207.2921069
-539.0984919
-124.0913977
-321.8708867
-56.69113249
-78.75226631
-309.1546086
-20.32230444
-26.78541565
-377.3233717
-6265.195851
-203.6427664
-356.9099262
-849.2929079
-517.5253908
-42.76274822
-1732.851802
-59.74672451
-606.0597068
-88.97490375
-395.819844
-55.45265241
-487.4647479
-231.3778864
-42.01202942
-63.55311179
-39.17379401
-117.4254226
-260.2736834
-537.9780194
-25.12978421
-493.6171586
-256.9735847
-491.112552
-94.86226408
-87.81819428
-229.4384745
-3186.391939
-185.00412
-101.1820096
-75.79959043
-8.873631237
-80.35319938
-21.43549318
-329.1974301
-45.15407152
-185.3697438
-201.3650881
-41.96159906
-183.220852
-222.4119497
-405.8024911
-396.692081
-232.5751473
-286.6614724
-218.1670831
-146.4116991
-43.59844413
-25.54008542
-652.1926606
-321.7727191
-39.46550519
-4.895336669
-239.5722339
-73.44905592
-473.8198899
-442.5661325
-1349.070187
-261.8438087
-14.86078969
-55.94032004
-150.7496866
-280.9141962
-194.5125297
-23.71304239
-157.8007545
-586.122002
-229.3189064
-187.4228797
-168.0079615
-194.1285532
-143.7706445
-41.26179055
-47.50226493
-247.934299
-95.02637385
-160.6894429
-3181.985244
-49.48474061
-10142.75529
-365.7392373
-74.77633179
-17.22388902
-28.85908273
-712.520802
-29.31205426
-34.9503728
-98.86601163
-9.021084985
-26.95204858
-65.0275908
-118.7075923
-66.0962013
-19.52819003
-129.8711144
-11.33622155
-134.5143972
-933.0505051
-170.6221294
-80.85179684
-76.61127502
-41.04916461
-14.01481834
-4248.036311
-300.6658798
-116.1751472
-56.50777665
-170.4049428
-57.75768457
-343.0471047
-167.8346912
-173.9867224
-16.67432795
-127.5522438
-74.89615289
-15.13514606
-75.953931
-97.00799159
-83.9278786
-302.404817
-216.9165202
-202.7139294
-525.8721921
-228.3664344
-98.87938685
-75.62736917
-46.30495211
-581.7063546
-1465.610665
-7201.074347
-687.980312
-365.9832202
-28.23571989
-54.92748153
-309.6655619
-27.17780318
-64.11609274
-524.905383
-340.2207798
-75.48759333
-261.3546782
-43.19594936
-57.94619284
-2707.363521
-330.5732596
-4.16176507
-57.17233818
-138.3723413
-998.927726
-6.562229471
-686.7125554
-1844.514871
-170.8721092
-21.39270489
-2044.47497
-179.2982993
-141.2357411
-710.8830285
-38.25003582
-45.5267915
-35.73036617
-79.63529631
-63.5048141
-652.7077751
-26.07371279
-238.7187655
-106.5835445
-95.77448304
-965.1366334
-818.6791651
-817.8115642
-18.84776017
-504.6139816
-938.954766
-208.3409052
-78.55737734
-816.1774589
-205.7870604
-232.7467017
-25.44620345
-49.96225987
-84.12589679
-48.32838935
-98.65292299
-356.0086701
-242.396405
-70.86846205
-1101.69202
-72.25346077
-254.3430171
-83.57668681
-530.2035908
-36.6219188
-47.03418971
-2824.977388
-22.02245812
-56.47918591
-96.24542361
-1279.800211
-89.35279026
-69.30399746
-221.3295694
-257.752732
-51.8984058
-49.0880505
-93.05852744
-319.0498414
-101.7964442
-94.14915806
-22.45402007
-57.2813879
-190.3538434
-177.6956067
-390.2709238
-21.69535341
-622.7414259
-148.1239664
-664.9490105
-163.3100319
-205.5869526
-265.8061932
-6560.107537
-789.0581619
-770.0808786
-1859.461144
-89.58790632
-60.75434249
-932.9859919
-33.79223771
-369.9086615
-7653.923096
-67.05460697
-365.387848
-60.24668125
-69.17714837
-46.34876226
-244.8153317
-2026.018124
-201.5696116
-1015.680836
-334.0496724
-72.56900124
-71.19557151
-1357.923068
-231.310212
-31.74279078
-17.55286775
-35.67042619
-486.6711319
-338.7488611
-182.4094316
-17.11496021
-417.7793887
-181.8296259
-153.4646242
-104.4512398
-89.05036534
-862.3710794
-51.05288362
-2678.630036
-423.1687556
-56.90084657
-1505.704061
-38.98975829
-216.8319813
-165.0313497
-151.8657562
-65.42293233
-478.8065357
-520.9672302
-206.4660325
-117.5650641
-123.2490041
-647.066991
-3661.959819
-855.2481819
-452.8387492
-222.2081556
-61.41082991
-892.777406
-692.1723267
-84.94624497
-217.780371
-2392.613307
-135.3874231
-178.8444246
-508.3939621
-248.8111219
-308.2501254
-289.8323841
-87.97162878
-3.009387326
-255.8964911
-28.87600006
-334.5270795
-2249.2868
-37.15741642
-166.4908719
-44.59369256
-1173.667315
-227.477061
-425.7120864
-122.3327328
-13.3559898
-102.6357672
-31.323348
-153.8672899
-36.79885008
-48.90319256
-446.1214188
-56.75179814
-607.3145683
-150.3055479
-12.87556961
-14.37394104
-171.1158238
-44.68959677
-84.24398934
-94.1597813
-578.335797
-2887.357058
-58.05765919
-298.5544425
-195.9564181
-799.2374346
-139.3628986
-1081.986204
-311.6559594
-131.7383282
-68.3992318
-645.5987761
-18.9559013
-35.23349891
-5734.682165
-1466.827048
-23.04825262
-125.245706
-662.8916085
-124.2730814
-718.6738459
-246.3305906
-824.4939156
-1529.507688
-104.8862787
-312.2119279
-71.82064051
-53.86703645
-42.05562962
-103.1664104
-501.1489525
-1905.838564
-302.6956767
-736.8823538
-336.044782
-2580.199238
-158.4559987
-77.00557772
-117.8103915
-143.5044559
-19.39671268
-147.6710278
-4295.74189
-364.3043336
-118.1125596
-14171.44539
-74.74411911
-263.0047058
-124.0312637
-20.83968284
-73.59064499
