1 1.42024 0.027483
2 1.20606 0.014605
3 1.08036 0.00980361
4 1 0
5 0.953278 0.00828539
6 0.901536 0.0112581
7 0.872262 0.0162278
8 0.833795 0.021468
9 0.819037 0.0377257
10 0.723013 0.0257059
11 0.675802 0.0274227
12 0.662091 0.0430473
13 0.5775 0.0373634
14 0.577771 0.0474466
15 0.608688 0.0752091
16 0.582524 0.0849953
17 0.760695 0.234873
18 0.437574 0.0594374
19 0.338296 0.0365506
20 0.28195 0.0427599
21 0.328005 0.0539704
22 0.265742 0.0380649
23 0.347926 0.0687542
24 0.633171 0.326162
25 0.533799 0.296754
26 0.209119 0.0624769
27 0.0962428 0.0193296
28 0.196814 0.106159
29 0.0699946 0.0160776
30 0.0634206 0.0127234
31 0.0576751 0.0132333
32 0.0832852 0.0279794
33 0.102054 0.0414429
34 0.0727771 0.0301043
35 0.0606348 0.0271333
