-3539.124567
-2665.106282
-10231.70107
-569.4740532
-1604.418291
-1004.327374
-823.4488717
-810.1731272
-2378.433627
-1595.104284
-4601.870413
-4614.921494
-2812.140252
-4619.752546
-824.7332368
-3477.18749
-1461.787152
-2357.172799
-2143.372461
-2704.773519
-697.4421835
-591.5202464
-2214.958007
-1706.424304
-1292.460413
-746.6007859
-2115.945513
-3428.783439
-3723.463901
-2245.287869
-851.2071442
-6034.746777
-1042.948702
-4273.024978
-1076.309367
-413.8960608
-1004.616446
-1443.885069
-525.5085261
-1326.652149
-3217.996595
-519.5311471
-1899.988954
-2711.190728
-981.1422279
-528.8344456
-526.1887527
-539.0395802
-530.0413526
-773.1660002
-564.1797461
-2204.080717
-6074.536565
-750.7820674
-923.2876899
-1284.570547
-1489.139097
-5846.334252
-757.7286067
-1123.307551
-850.9165006
-1932.952585
-627.9028311
-2700.050176
-1096.113678
-421.7369325
-3683.881873
-3438.098868
-11125.01635
-973.6637524
-523.1343783
-1688.632868
-5425.093024
-963.7724733
-949.5603642
-3116.149959
-1615.908471
-904.0181697
-3780.854378
-1283.499473
-12678.02285
-1280.320667
-1013.890967
-1679.969512
-4696.428171
-1814.976942
-2636.855771
-1686.811761
-1105.966013
-1981.426875
-2994.362936
-3190.606041
-1931.671911
-2696.126894
-3079.780221
-1241.387513
-3243.276371
-373.4429401
-966.0099142
-8820.423505
-2394.22782
-1033.930709
-2814.467261
-3029.849503
-2437.140453
-1009.546218
-636.3090556
-6872.606862
-5953.297633
-1304.477798
-1183.43777
-2414.858197
-2414.301936
-2128.525275
-2107.073559
-4163.029339
-3436.96383
-1162.008662
-1932.433131
-1406.095965
-5146.233059
-4716.267218
-2834.340388
-1608.107428
-1303.135778
-2049.761473
-1992.550068
