     3.521016192      1.552929873     0.3953245987     0.4279356349     0.3613774311     0.8467343029      1.000139023                1     0.6055637871      1.062576562      1.803285352      7.509116784      5.599733269      2.366370658      1.047256015      2.842783001      12.09670423      5.021503246       1.61020005      2.800603194      0.941819248      0.649675177      1.096731557    0.05371275066    0.06243909762    0.00735201295   0.003660608845   0.006567805385    0.01414138515     0.0207253754     0.0177662618   0.009319232401    0.02301170739   0.006670738502    0.03161137331 
    0.1123420109     0.2132713802      0.603406642     0.5274233593     0.3024580288     0.5037930662      0.590208752                1     0.9068333828      0.298587008     0.3504782734      0.728980959     0.4383692315      1.777200527      1.016746716      0.284111741     0.2004655118     0.8891386027     0.8441412534     0.9161146353     0.1357181462     0.4781307582     0.7805661676     0.4130643926     0.4575691859     0.3654419889     0.1598425161     0.6824164329      2.740840946       4.16297456     0.6974080208       10.3397401      1.526310313     0.2928680656     0.2265619442 
    0.2382774069     0.4365295948     0.5216038786      1.217740666      1.225926327      1.395166075      0.582573082                1      1.060750957     0.7204427326     0.5986941875      2.323741523     0.9243274706      1.336523218     0.4991914109     0.7039797822     0.5313254642     0.1178643637    0.06676167519    0.06338053504    0.04638744642    0.01959260747   0.006422156474   0.002343282831  0.0006210662433   0.000898029171  0.0008924261071   0.001280144529   0.002302668713  0.0005729893276  0.0006723307833   0.001207143104  0.0008335071417  0.0004549887556  0.0007315709927 
     0.483916614     0.5244082598     0.6808546713     0.7327788083     0.6898851184     0.8403435714     0.6825229414                1      0.746784832      0.784764485     0.5415775416     0.7568927052      0.636394653     0.2860770498     0.6713965699      1.139143777      1.155770071     0.4078846042     0.7096418718     0.4851962327     0.2168426937     0.3751271583    0.04094847316    0.08967514178     0.1706032395     0.0469941446     0.2914611112     0.6301316622     0.4466291903     0.4519310384       3.06185158       1.27609654     0.4630624002     0.4126301586      0.124198293 
     7.535887865      4.500448044      4.810700485      1.844385109      1.388144949     0.8532628378     0.9761873887                1      1.434341977     0.9542938359     0.7400687798     0.9216977235       1.05982302      3.494956587      2.259955447      1.518193297     0.8485720683      2.744668055      2.345336744      2.813936395      6.504827289      3.970497196      1.369747185      1.713149276     0.2839011435     0.5714214923     0.0741793691    0.08421029664    0.01183477367    0.02090899686    0.01242441841    0.01841747823    0.01391591929    0.02894757739    0.03642268476 
    0.3258659517     0.9725395963      1.562326176      1.315488523      1.755967933      1.440639803      1.265985182                1      0.904766418     0.8250448513     0.6679019061     0.7974054979     0.5048466055     0.3807651052     0.1805882645     0.1085025071     0.1971280169       0.14977432    0.08218433622    0.03325140809    0.03470399944    0.05133139366    0.03177081067    0.01954874317    0.01285455681   0.007736461157   0.008892430878   0.002836579403  0.0005630709009  0.0001283108207  5.087253761e-05  9.384528144e-05  6.908226102e-05  3.426526021e-05   3.64438624e-05 
    0.1448074709     0.3073728531     0.2582318312     0.3785437923     0.5367837924      1.033515033        1.0162965                1      1.878757098      1.158919123     0.7988322479     0.5159493925     0.3822128704     0.1320527742     0.1513554994     0.1986649181    0.08200913049    0.03935847201    0.04639576882    0.02004307109    0.01395330256    0.01612416132    0.01024829223   0.005345043295   0.009306587411   0.001789129744  0.0008763685892   0.000975607973  0.0004336154218  0.0008727616652  0.0009465187493   0.003060316693   0.001389738067   0.001229995633  0.0002132754355 
     0.924241549      1.322722975      2.280501713      1.032012434      1.112090584      2.440857735      1.754348758                1     0.7937017598      1.600185578     0.6833112584     0.6584045092     0.3568422161     0.1094343196     0.6127157801     0.3703407165      2.080732962     0.1230164537     0.6683380859     0.5443105176      2.993718355      5.420292667       5.16271799     0.8986653472     0.3992648989      2.957599414     0.3879982015    0.04787235683    0.03122947292    0.01268024951    0.08254569593    0.02832856981    0.01178450126   0.009597040196   0.002965617649 
    0.9947767268     0.2714327072      2.288284426      1.891581969      1.306370089      1.536535921      1.105649703                1      1.172175982     0.7713938516     0.2604315149     0.5983815611      0.967796071     0.4556106107     0.2826933929     0.2986463359     0.5467300937     0.6666741839      0.407632858     0.8926389235      1.094333608     0.7162960748     0.8329867235     0.3832067007     0.2718576626     0.5828067706    0.07263149816     0.8852871362     0.4819864462     0.0339543399    0.02591150246     0.0116359177    0.05890818906   0.007232246075   0.002633670756 
     3.253072502       1.05957086     0.6451227197     0.5705193417      1.104323666     0.8698709814       1.31946318                1      0.463300793     0.6351296627     0.3458642832     0.2163388465     0.2083978346     0.1959824434     0.1470138757     0.2299944593        0.2106427     0.3772139898     0.2649453897    0.02231337036    0.05283457221    0.05997140638    0.06877142363    0.06144395413    0.08044539929    0.01111920678   0.005798685002   0.002246681461   0.001130569315  0.0007507209912  0.0007081311306  0.0003027353335  0.0002475834476    7.2397174e-05  0.0001091179614 
     4.954534484      2.759825638      1.376640072      1.338988994     0.9259996866      1.123795069      1.171649518                1      1.118849145     0.7500352175     0.7588534464     0.6440568505     0.1634539289     0.5017040268     0.2381771643     0.2616645046     0.1018455262    0.03059076818     0.0213438028    0.01059322376    0.01002162635   0.003295932632   0.002471159192   0.002763417712   0.002655579393   0.002958288693  0.0007414977703  0.0003984177055  0.0005650636457   0.000269348033  0.0001294488852  3.404100177e-05  1.830088773e-05  1.712482679e-05  2.347966896e-05 
    0.8054553934     0.7682053703     0.5158066727     0.8437469783     0.8781143143      1.105082423      1.091282051                1     0.9953207168     0.5010736305     0.7260673536     0.3044479019     0.9137936662     0.5022797767     0.2615313162      0.598536545     0.3751048323      1.090396547      1.414101231       1.11069036     0.4174511768     0.4533681041     0.1801222723     0.1291047725    0.08351572701     0.1500831295     0.1106892909    0.07468566871    0.07747600299    0.05171456661    0.03285529641    0.03690896964    0.08608287608    0.04290267967    0.02336514005 
    0.7687178871      1.356347992     0.4787585711     0.4975456935     0.8372262975     0.8855342492     0.9821899043                1     0.7137528262     0.8351817571     0.6555036671      1.244732741     0.8683981214     0.6025153465     0.2487112532      0.205215538     0.1356947582     0.1892431387    0.05613037222    0.04504246794    0.01360945158     0.0108525276     0.0037120333   0.004358488986    0.00815501612    0.01151500938    0.02169139366   0.001860946117    0.00242879516   0.006307519417    0.00933443431   0.001566235799   0.003360837441    0.01145904585    0.00658793732 
    0.2711162783      0.835550602     0.3507131221      0.567040208     0.6846631327      1.255294375      1.323226688                1     0.7596409258     0.6267638777      0.678065877     0.6870425126     0.9359964541      1.525458641     0.9566923145      0.668000869     0.5341607602      3.182449601      1.521744563     0.4472585326     0.3030859391     0.6427952958     0.1577561741    0.09762196644    0.08324612068    0.03523201974    0.03304902882    0.06426745848    0.02741973867     0.0364800315   0.003465051589   0.001446862289   0.001141539785   0.001623178621  0.0001054393129 
    0.9993315049      1.254886458     0.5513190175       0.25255559     0.3728628666     0.4886321038     0.7403135176                1     0.6789464375     0.6301165996     0.4069311134     0.6326095898     0.4799902653     0.3708697696     0.5170663807     0.3121355401     0.6865841994     0.1144196286     0.1584908911     0.0289202868    0.05155352426    0.04261948078    0.02172456409    0.00783136294   0.006950963264    0.01635505677    0.01105418974   0.009122861441  0.0006441246103  0.0007167511362  0.0003552334127  0.0001082473191  0.0002879882659  0.0003961602256  0.0001347207645 
    0.6880042181     0.4657232832     0.8183954779      0.905899174     0.8060764812     0.9812190513      1.240366547                1      1.533370494     0.6355666721     0.4487076636     0.3246995362     0.8019148058     0.4324164596     0.8564348107     0.4971497733     0.6023596493     0.2416030863      0.213216705     0.3513199348      2.341733914     0.8946019714     0.2984633718       0.21920478     0.3560708593     0.1346646033    0.03716927496    0.03781502774     0.0122369695    0.01064987174    0.01266985875    0.00891454671    0.00928420342    0.04281796155   0.004514606736 
     1.425690354      2.505797174      1.640048244      1.099075447     0.6535716297     0.8696675903     0.6428122871                1     0.6948111074     0.5760070372     0.8980231945     0.8119553872     0.4636866402     0.3937571414     0.2225226482     0.3812063115    0.07293568034    0.05471715667    0.04712819065    0.02710200932    0.04136559569    0.08116140204     0.0170441929    0.01050984304   0.008174756229   0.002304146643   0.007780907327   0.003506349501  0.0009301183253  0.0007980066393   0.001183319751   0.002879283916  0.0003744860986  0.0001926994251   5.80457642e-05 
     1.910032655      1.834181728     0.7251470604     0.5797370514     0.5068468765     0.4199794211     0.6531713223                1      2.026777004      1.587395735      1.505701996      5.294433162      18.49888497      5.385896709      1.463173282      1.333069511      1.223135265     0.4518243716      2.488967807        7.4210706     0.7902850966     0.5828713154       1.21754614     0.8573093525     0.3909335945    0.04430698571    0.02389188386     0.1722443267    0.03903639625    0.01851682466   0.004027060305   0.002422037125   0.002470436673   0.003188376757   0.002170308877 
     1.935096818      3.483122503       4.44522642      3.269342276      2.131769947      1.935311323      1.593683441                1      1.263260637      1.435148443       1.86575341     0.6726725185      1.590188947     0.4494802935      2.383439022      1.141482376     0.3292594576     0.3393503511     0.2470821452     0.1999919237    0.07197798153    0.09785399789    0.02034594725     0.0186996023    0.01112965777   0.001145241117   0.001828549499   0.001694308694   0.005115132618  0.0003875460192  0.0001740383353  0.0003087571452  0.0002516246559  0.0001469848044  0.0001418037421 
     1.220093136      1.434929223      2.391661664      0.620631729     0.7800074072     0.6944579094      1.072450385                1     0.5762741797     0.3755009277      0.204144491     0.2029726778     0.1449819247     0.1044390567     0.2333654447     0.2114699238       0.11801942    0.08989097066     0.1322785059     0.1127723773     0.1472234402    0.05102499789    0.03868827796    0.01069097033    0.01716140725   0.003042865246   0.002181723391   0.001397009843   0.003940621594    0.00152499394   0.000945356286   0.001271752948   0.002408180081  0.0007326483929  0.0003915374809 
     7.933947655      6.104708437      1.697230796      3.910156757      3.190323914     0.8858440601     0.6016026934                1     0.5108482188      0.388499353     0.2622744214     0.3260126115     0.2832284386      0.114693403     0.4089097313     0.7750302569    0.07225113349    0.04252914189    0.02486064943   0.007227959974   0.003849530643   0.004315042587    0.00721107577   0.003688380439   0.002278898897  0.0009746250513    0.00254987949   0.004059481213   0.001552857581  0.0006262464435   0.003608873768    0.00222948223   0.002470977695   0.001569534578   0.004452974548 
    0.4964904791     0.6179558299      0.896811304      1.135819205      1.428935384      2.017313175      1.661376066                1     0.9041129668     0.8121029104     0.8598898658     0.4833137173      0.392091884     0.3448493264     0.1615432724     0.1589052101     0.1146872972    0.06691389562    0.06309264122    0.03677406344    0.05063093482    0.03005415201    0.03561426809    0.02827740137    0.01082087402    0.03614243708   0.004174538315   0.003911889753   0.008285381791   0.004032949401   0.003249465588   0.004386185984  0.0009125906295   0.001611533169  0.0009529706015 
    0.1975629922     0.2213679168     0.2767257359     0.3900622008      0.711356708     0.5118025056     0.7238651152                1     0.6671413437     0.7920322354     0.4597995841     0.5326225169     0.5745084261     0.3649420064     0.1166920616    0.08010093022    0.04321776854      0.086331815    0.03825754726    0.04072173322    0.02469746179     0.2371404625    0.02561922425    0.04936777325     0.0352425178    0.06044327151    0.01400833514     0.1062692687    0.06423204233    0.01816505936   0.006582853023  0.0008039114574  0.0006629494669  0.0005301450262  0.0005730162415 
    0.8972903181     0.9431664562      1.124387475     0.6462083797      1.595790539      1.218908963      1.060249516                1      1.321436916     0.8008524231     0.5042546995      1.278633148     0.7281667301     0.5124959975     0.5764800254     0.7491047466     0.3988778936     0.4353470214     0.8525299988     0.2776158985     0.1849852343     0.7116146987     0.9985627912     0.4419372729      1.291444045    0.04683599964    0.03099423717     0.0597759305    0.01084430119   0.007550621805   0.003504981363  0.0009804606399   0.001317378727  0.0007127824476   0.001487053936 
    0.0897358895     0.1046730204     0.2177577231     0.2481711092     0.4461091828     0.7198504048     0.6230972832                1     0.5441365215     0.2315319033     0.1314713246      0.112573004     0.1803404195    0.06906862618    0.01977783741   0.006943153485   0.007124686716   0.006980047541   0.002282008872   0.003012448843  0.0008475296172   0.001213197209   0.000923482465   0.001920742171   0.001177180337   0.001467558079  0.0007669003965  0.0005468624231  0.0002511386289   0.000896544973   0.000324004698  0.0004859173622  0.0002153847473  0.0001828067561  0.0001703786365 
    0.3913508681     0.4678567281     0.6222935603      1.196137316      2.317236529     0.7356908673      0.635653041                1     0.8895925371     0.2556313959      0.205021943     0.5419465587     0.3143613911     0.1671186805    0.04832368299    0.04315806411     0.0461517075    0.03287087653    0.02865299819    0.07857871972     0.0485730747    0.04548538901    0.03839089435    0.02137778759    0.03359199907   0.003681856239   0.002339775842   0.001662897044   0.002139706582   0.003675499933    0.02560405411    0.01238949147    0.01207414762   0.008796598707   0.002373989597 
     2.593780624      1.052274907      1.053043992      1.791569448      0.780542855     0.8537825453     0.7627465957                1      1.055917768      4.183347178      3.390625059      5.288000036      2.381975096      1.058839106      1.827255036     0.8568040426       1.46321678      1.542419812      1.106131692      0.820981701     0.3262021292     0.8878932168      2.698546131     0.4884846312     0.2402756356      0.643085564     0.1839585353    0.06480590022     0.1273443064    0.03469479561    0.07213877489    0.04330795906    0.08196979712     0.1428489402     0.1279972222 
    0.2990306266     0.4738459351     0.3974183179     0.7281717532     0.6902384295     0.7107532557      0.864325334                1      1.742409232       1.98686697      2.050366625      2.933076524      2.763982197      2.502737147      3.350364226       1.64271042     0.4311852335     0.3585876657     0.3809777324      0.300848963      0.123595601     0.1262000691    0.05422966982    0.03951032674    0.04334027609    0.03044390137    0.01876301515    0.01578928158   0.006372254574   0.006197885822   0.005873912255    0.06305148193    0.01488593796    0.00370851091   0.002693257172 
    0.6467137544     0.3582813492     0.2468377523     0.3203987943     0.4809266555     0.7693777326     0.9199034063                1      1.150393412     0.4992554165      0.460318767     0.6148917541     0.1941965509     0.2284120885      0.226834708     0.1580195208     0.2171315295     0.2771347498     0.2939221551     0.6913275908     0.2532012643    0.09290560109    0.07605446996     0.1758679676     0.5533067412     0.1272985997    0.09418662467    0.09347111703     0.0790103242    0.04819934303    0.05040316399    0.04705833704    0.03763381602    0.01887830387   0.008086447887 
   0.06233191886     0.2237707507     0.3901897326     0.2384105242     0.4316514648      0.374688771     0.5313640469                1       1.36152233      2.066288317      1.087635137      1.331566532     0.5660899526     0.6632980428        1.1718931     0.3187106253     0.4831664208     0.2628577621    0.09380818427     0.0538647591    0.03135115805    0.03871285973    0.03146054361    0.02068603272     0.0504949081    0.07587133901    0.07876850865     0.0539979888     0.0354434912    0.04279934835   0.002592648888   0.004876078118   0.001892051569  0.0006789283618  0.0009444349143 
    0.3794237675     0.4642923701     0.2493033288     0.2725554162     0.2323371283     0.3642173186     0.4579028281                1     0.9688352344     0.5862747482     0.8394504697     0.2860970922     0.1899065517    0.09852253479     0.1549018469    0.08723360676    0.04395458098     0.1080282904    0.05318418378   0.005093192799   0.006706747018   0.009611769885   0.006936502344   0.007366513588   0.005637501512  0.0009914994606   0.002881472944   0.000621265809  0.0006476256359   0.002473517594   0.002029234232  0.0007713375902  0.0007728846554  0.0006163164093  0.0002034083271 
     2.117901697      2.340245402     0.4462235999     0.2362384855      0.446497497     0.5034409744     0.6805896328                1      1.849966303     0.5462975623     0.6408850742     0.1287889992     0.1700882603     0.1744604598     0.1124970106    0.07390334232    0.04786503021    0.01986149438    0.01615044935    0.01803739922    0.02539757275    0.08466252478     0.3155751102     0.8487597153     0.1995326916    0.05047178021      0.161152561     0.3313471623    0.03731525292   0.008381224728   0.005403676393   0.006352232533    0.01364829728   0.003605255883   0.001095583192 
   0.06275972496     0.1153627916     0.2975099195     0.4660604327     0.6937049169      2.259951807        2.7861946                1     0.8610990488      1.259645046      1.469692064      1.690596175     0.4704030397     0.2437756562     0.1054537261    0.08342853987     0.1440764417    0.04136194592    0.03794937639     0.1663027666    0.02015109428    0.03310984394    0.04247707886    0.02239574892    0.01044021507   0.008218732422   0.007731823591   0.003790475394   0.001919552812   0.002174175269   0.005725076452   0.001588751492    0.00100297567  0.0008982611611    0.00191530828 
    0.8115728111      2.805821748      3.603901156      15.42657833      2.371027336      2.135594788      2.273993533                1      2.089026012      1.637454711      1.514741022      1.209808215     0.7389091274     0.4913223394     0.2832509201     0.3103501866      0.195461716    0.04226991178      0.115242038    0.02217190013     0.0266213015    0.02966494193    0.07699944478     0.1123924558    0.08753768739     0.0348491926    0.01209222512   0.003934321103   0.003362305094     0.0164773289   0.004960798741    0.00190244257   0.002267139118  0.0007565174815  0.0005843225687 
    0.1928954228     0.1267027804     0.3336084394     0.2713567378      1.532733736     0.7982429639     0.9218174355                1      0.691966709      1.144078361      0.869733408     0.3622961211      1.059254272      1.253151535     0.5142932036      0.283108697     0.2231086993     0.2327734854     0.1444911061     0.1770909359     0.1383658932    0.07629321038    0.02693187405     0.0129339272   0.007514894913    0.03034864014    0.01872564506    0.01701174119   0.009705002096   0.008133110852   0.008163953613    0.00169130258  0.0002783963675  0.0003703769571   0.001267216816 
     1.264629346      1.630841676      2.052315569       1.16754068      2.137814358      1.383879009      1.388307654                1      1.123088633     0.6175975108       1.27082852      3.351144711       1.79996738      3.035901885      3.798495062      4.696987368       7.14728228      9.455496661      3.764412345      2.392468905      1.210625241     0.8876987467     0.6741285582     0.5609707283     0.4253841819     0.2493113308       0.15359562     0.1739998826    0.04054422531    0.01610815663    0.00358590481   0.001962278495    0.00626870245   0.002497823411  0.0008494088222 
    0.2016663764     0.4917171553     0.4904217492     0.9419509724     0.6331973166      1.431977329      1.691791832                1      1.962094105      1.113566917      1.059783638     0.4641661321     0.5263742933     0.3993664192     0.7898792742     0.4357749203     0.1689128709     0.3947794589     0.2209894004     0.1153310098    0.07001136444    0.02388837605    0.01489959865   0.002925621383   0.001760318605  0.0006665666752  0.0008363303513  0.0008812010264   0.000736961953  0.0005648118932  0.0008133261572   0.001004207498  0.0005553335913  0.0002821706427  4.536998348e-05 
     1.621165012      3.481545573       1.33298799     0.2486176164     0.8410291121     0.6074787242     0.5333163613                1     0.5991140957     0.3587087706     0.4775630818     0.2785768591       0.28739327      0.174226723     0.2333441084     0.1335980673     0.1263538361     0.1467505014       0.10542063    0.02529189123    0.03589978841    0.01904082365    0.01203677276   0.003626334817  0.0006817660452  0.0005698112781  0.0003918063122  0.0004595157631  0.0002967062034  0.0001974913225  0.0001005407304  5.346874996e-05  2.096945987e-05  1.305835928e-05  6.438925142e-06 
    0.3692596041        0.6226676     0.9054987701     0.5027592759      1.063056032      0.576679642      0.683784168                1      1.014761902     0.7039029834     0.8114650074     0.7364579161     0.5779378716     0.6453549764     0.3403476892     0.4446307829     0.2386769235     0.1296805519     0.2701083034       0.10490298    0.06977903779    0.03325683127     0.0789987716     0.2746581816     0.3233248081    0.01254161323    0.01915808416    0.01418774221    0.03032868873    0.02963741869     0.0555815269    0.03512798377     0.3078240313     0.1182874729     0.9932311769 
   0.07618349071    0.08636236143     0.1384542264     0.4328129065     0.3078217486     0.5443126392     0.6928047656                1      2.334978813      2.268723849      1.856262552     0.5395452703     0.3548575712     0.3637015228     0.2634734368     0.4341505845     0.2230821812     0.1002806684    0.09688591088    0.02395710919   0.005917035386    0.01211979532   0.009736209524     0.0160077141    0.01280765155    0.03301774659    0.00979599963    0.03698141918    0.01830743674    0.03278840374   0.008823656859    0.00604225593   0.003194888514   0.009490604056   0.006765204199 
    0.2594888415     0.6220478962     0.4815696548      0.426121998     0.7217126522     0.9281892327     0.6472429395                1     0.5073276875     0.7721721857     0.4687522321     0.3546745559     0.2338624512     0.2131237642     0.3294520652     0.2636952278     0.2563828666     0.1830830735    0.09826610615    0.04087156923    0.02151996257    0.04512791608    0.04171368967    0.01875440579    0.04694656917    0.06502294042    0.03904446159    0.04040405296    0.09724675054     0.1369615842      0.988471369    0.04085345133    0.02343307558     0.1559278961    0.02839110528 
    0.2965488996     0.6477429936     0.6605405577     0.6546054972     0.9134236942      1.400247028      1.238377363                1     0.9489296211      1.099865513     0.7046915744     0.3615608345      0.635198837     0.1949217993     0.2063023065    0.06427943371    0.05161475115    0.04500536865    0.03978286702     0.0191863068     0.1011558668     0.1735563102    0.01030078905    0.02126467121    0.03557238498    0.06465859359    0.01118571264    0.03497663836    0.04157834882    0.02066132584     0.0124142799    0.05542957682   0.005604625749   0.003063785628    0.01838317899 
    0.6064675783     0.3641147354      1.169247042     0.6265452672      1.129441917     0.5103924897      1.263928521                1      2.081082562      2.399564435      1.181835817       2.36760821     0.6383787275     0.9410216281      1.732364674     0.3853123877     0.3248308498     0.2344187047    0.04459434028    0.06851970794    0.03987281192    0.03192000476   0.009030536623    0.00775448922    0.00499868149   0.005009543692    0.00430103667     0.1045013454   0.007489160826   0.004289348387    0.06531178138    0.01037901014    0.01874420676    0.01268773033    0.03282353709 
     0.609396251      0.263116796     0.1610213252      0.116189033     0.2758559674     0.7995916415      0.918219998                1     0.4378093008     0.3924255508     0.6689501575     0.6783411376     0.2968856622     0.2778075771     0.4134885966     0.6056970768     0.1532560069     0.1530995975     0.4169586565     0.4465776384     0.1027644151     0.2383196945     0.1238145299    0.08450217713     0.1289468123     0.4330168652     0.1218156832    0.01122589498    0.02651567584    0.01493775777    0.02293254925   0.009624306968   0.008836964988    0.02381933007    0.05767716694 
    0.1965001759      0.371098648     0.1659560683     0.2460619393     0.3669673518     0.7026786206     0.9722909766                1     0.7466468633     0.8033099587      1.060248831      1.194012557      1.211623396     0.3807888982     0.6820815809     0.7713715627     0.4611621651      1.016779965     0.1603484852     0.5789488917     0.1677156461     0.4079278196     0.1434077185    0.04478162283    0.05499337583    0.01578315718    0.01011140763    0.01070883485   0.002295548659   0.008343757342   0.003660600955   0.005744468753   0.003749797896   0.002286801834    0.00346081938 
     1.745037595      5.206763863      1.210050917       1.67354019      2.500286559      2.351804911      1.561627578                1     0.8332520195     0.9027910418       1.01959413      12.06435519      1.520313864     0.4972901341     0.2868920968     0.5319654288      1.206469396      1.034092057     0.9107989403     0.2610910182     0.4812241882     0.6041453853     0.2896881504     0.3060805943     0.1166212275     0.1515275157    0.02788650711    0.06193211032    0.05059526532    0.02200923908    0.01057739514    0.02038491436   0.008176664492   0.001328075317   0.002364293114 
    0.3937138286     0.3308644583     0.9696650155      1.315646279     0.3045625534     0.9459427886      1.051531684                1     0.9529591543     0.5615155547     0.7402802524     0.4528123243     0.4810862148     0.3727223033      1.078254091      0.237283596     0.2485546323     0.2792833129    0.07666139341     0.1054457196    0.03264059666    0.02530625482     0.0358439864    0.08907010648     0.1360370254      0.133338429    0.04136520061    0.04177062279    0.04714294842    0.07231405568    0.09413651855    0.01934769551    0.02132743114    0.04375486837   0.007835607736 
    0.9147420008     0.9961776189     0.4395207028     0.8336499296      1.451380869      1.341273791     0.9169364102                1     0.8609864082     0.4192817407     0.4525327963     0.2474145344     0.3310305244     0.2667560682     0.4463919202      0.580290874       1.77496967      8.500334734      25.33432721      44.20505391      12.15449747      9.632730114      2.433800476      3.396183584      3.470479995       7.84104506      25.88926311      8.578750631      4.000736073      8.660005108      32.59747419      5.988923095      30.39700135      30.71738329      5.292517841 
     1.557982453      1.498540871      5.186652543      9.056707345      2.518360287      3.215669423     0.7938368125                1       1.12582216       1.04938474       2.12274576      2.488424959     0.6508986476      6.453727285      1.610766938      3.141938387      8.253654937     0.3851020027      0.402149259     0.2239019354     0.1884746266     0.1404018798      1.180243915     0.8152320783       2.49728072      6.394684317      3.665229535     0.4286364208     0.3918565616      1.448472754     0.1553183449     0.3008946657     0.2122301284     0.4141037392      1.572123976 
    0.5090513312     0.6321180844     0.2240412998     0.4175889914     0.3929704917     0.5203148186     0.3796554863                1      0.420951082     0.3430531233     0.2593364816      0.180971705     0.2045493605     0.1774638268     0.5157745978     0.2502603846      1.249657851    0.07830600214    0.09027766712     0.0437131879     0.2413818541    0.03549529614   0.007664951021   0.008450755904    0.03472323203   0.003005187466   0.001267706487   0.001879116159  0.0004264619475   0.001495697325   0.001873438233   0.006826283899    0.01986536694    0.00488976888    0.07469496393 
     1.527273344      1.386139857      1.248126114     0.9970314916      2.116182434      1.403194757     0.8571131953                1      3.469860371        1.9504004      1.146352339     0.4753719302     0.3148259487    0.09644753086      0.138923973     0.1026760007    0.02708105801    0.02330341216     0.0156440689    0.01156684773    0.01771566218    0.01561818557   0.003832831885    0.00140811659   0.004934248125   0.001448269558   0.004280040255   0.004427579067   0.001227770298  0.0004868650755   0.000716096865   0.001728388341  0.0002654787907  0.0001617234317  0.0001383831008 
    0.3904181721     0.2947634348     0.7199582059     0.9989231754      1.336940409      2.159658609      1.810233727                1     0.8787307715      0.963421261     0.9015256142      1.720913179      1.784791286      1.003162046     0.5071895076      1.172950963     0.4929304808     0.3123278437     0.3477602982     0.1902784393     0.1045549291    0.05893171616    0.05831154776    0.03436919607    0.03203164528    0.01150990931    0.01716452582    0.01152952645   0.009260851478   0.003915129302    0.01655182122    0.04693978051   0.007124072293   0.004386682346   0.004510633605 
     14.08524457      12.20436081      4.118277925     0.8834546777       1.28427872      1.013415851      0.824504332                1      1.258531662      3.024228206      6.089412413      1.202078238     0.3865968685     0.5161759354     0.1492818997     0.3076535633     0.1291769705      0.190958451     0.1052075047     0.1406596494    0.09006073791     0.1097228492     0.2133016147     0.2037116848    0.07349886562    0.04249155829    0.02553803482    0.03025337441    0.03035593671   0.005004929237   0.008848858583   0.009469798053   0.006307807641    0.01117460274  0.0009137781927 
    0.2399518453     0.1467212034     0.1477497383     0.2177356926     0.3188318962     0.7211669463     0.6236939922                1     0.5101675762      0.660734559      0.442322779     0.3560686491     0.1806154287     0.2016717698     0.1613299778     0.1172921718    0.05434752889     0.1293747977    0.06042480154    0.05296095598    0.02921825157   0.009348018234    0.01657453769    0.01054095784   0.006077598721   0.004038313265   0.004664509357   0.005649787137      0.001463176   0.002065038225  0.0006754822771  0.0002174613601  0.0006566976027  0.0001234820265  3.496254424e-05 
        4.892311     0.7742002656      1.125944815     0.9500561591      1.331285664     0.8237897641      1.369310271                1      1.398904635     0.6791326898     0.4070302195     0.6419016697      0.694686309     0.4304034424     0.2219330637     0.4479950737     0.2001654141     0.4402124196     0.5479398178     0.3742325814      0.724730655     0.1397564133     0.0634437456     0.0479648325    0.08701439405     0.1459965128    0.04604306006     0.1193205493     0.4011658737    0.03191071447    0.01771861821    0.01309369734   0.005420102107    0.01563460467   0.004489545502 
    0.5003422361     0.5668013394     0.8436840367      1.087523888     0.7153550488     0.6825220874      0.825145377                1     0.5386935488     0.3339244732     0.5770989578     0.2976810806     0.3421414949     0.2701808223     0.1307352709    0.04183433927    0.08602661058     0.1071340886    0.05859439782    0.02729385397    0.08368918884    0.02414782554    0.00976007018    0.02687307367   0.007278502734   0.002974906156   0.002762322326   0.001612011971  0.0004957493811   0.001478859603   0.001942805856   0.002032416143   0.001051788755    0.00111281992   0.000316540843 
    0.1748270515     0.1912295575     0.1724620977     0.6373188866     0.2622887473     0.3508631732     0.5889675898                1     0.9486797344      0.692339861      3.120237472      1.019360795      1.673788475      1.028618736     0.2469249936    0.07177803374    0.07472574297    0.05259528682    0.02324335033    0.09097045506    0.02624808177    0.06258341013    0.08676950308    0.06408545149    0.03452936051    0.01322446451     0.0284006788   0.004080672909   0.001416352772   0.001523665129  0.0003969792754   0.000193748445  0.0001825093317  7.967878343e-05  0.0002365450993 
    0.7007117231     0.4231185956     0.1902884141     0.1857891466     0.3026753194     0.7359561443     0.7611924102                1      1.046124398     0.8367709068      1.588544046      1.058473993      1.768399065      2.157584268      1.312411463      1.412598099     0.4915938809     0.3102270302     0.5855631115     0.8949550901     0.5100024609     0.5205234771     0.3727545814     0.6661825588     0.0512295826    0.04407630134   0.008728626138   0.008497128661   0.007918020348    0.01246215509   0.006036894862    0.01212833589   0.002207076715   0.003761036738   0.004291570448 
     1.979151408      1.999081335       1.52468515      3.145239966      1.597082455      2.418910513      1.000050957                1       1.08569257     0.4647090095     0.3298053147     0.3131244382     0.5826270003     0.4996000171     0.2104589007     0.1419327313    0.06019549701    0.02515038949    0.02073546512     0.0094047691    0.01629388884   0.006876980954   0.004155700343   0.007941978517   0.003134777904   0.002665030101   0.001447222342   0.001167785541  0.0006172712625  0.0001239157149  8.838218463e-05  0.0001064149502  0.0001910908215  9.979578782e-05  0.0001174394723 
    0.2845531535     0.2915856241     0.2358456552     0.5804855083      0.395938803     0.8809807249       1.01367851                1     0.8242305547     0.7579352412     0.7193050323     0.4013294056       0.11687062    0.09173233839     0.1476215289     0.2177505249     0.1288845532     0.1840495421    0.02908340343    0.01702224375    0.05050117171    0.01613604619    0.05527676502    0.05481648433    0.07039288195    0.05032371578     0.0156754578   0.007892968715   0.002108316259  0.0005867161447  0.0003878260734  0.0005458212514  0.0002164079717  0.0004266780074  0.0001653596431 
     2.201676077      2.419943723      2.629339834      3.532342389      1.192251839     0.6308967104     0.9179934004                1      0.752874998      1.093153402     0.5581783691      1.550150265      1.538207442      0.975678915     0.2125555933     0.1184713077     0.3070976556     0.2772889565     0.2010534956    0.05398989439     0.1428388001     0.1542656874    0.02416910358    0.01813160562    0.00891051833   0.002796905618   0.005240639148   0.002821286696   0.006093614658   0.003079494518   0.002359998419   0.007134408268    0.01215190045   0.009129079368    0.01194814743 
    0.9145926866      2.014025559      4.113828957      4.612531745      1.527073313      0.701874875      0.934595752                1      1.821437912     0.5559057018     0.7079526586     0.4041237745      0.347359917     0.1502130995     0.4461461722     0.1640535822     0.1030776252    0.06586055889     0.1191298822    0.05191257761    0.08795773975    0.06538738861     0.1456381869    0.05799466791     0.6906848308    0.06274663797     0.2574561897     0.2040704696     0.0547124659     0.0154375048    0.04144476251    0.02951036993    0.03311632662    0.01161435721    0.01939096811 
      3.83282868      2.642754903      1.532934797     0.9609919249     0.7861457568      0.699943054      1.160350756                1     0.7039170664     0.4272136026     0.5136921659     0.5717315361     0.6438224824      0.324628516     0.3795334694     0.1823711974     0.1750108941     0.1274082471    0.08907207675    0.08782014692    0.09954002842    0.06211214061    0.06396437646    0.03849429124     0.0328377774    0.04356388476    0.02324284876   0.004059318423    0.01092996206   0.008301222016   0.006783934102   0.004594755603   0.001164341907   0.001850154844   0.001700308033 
    0.2669525484     0.3911711912     0.1508751253     0.4035502963     0.3553449014     0.6961334015      0.979892209                1     0.8679915723      0.891458106     0.4822523641     0.3242484849     0.3128578562     0.2449716865     0.1232960899    0.07998425961     0.1481815543    0.04941693613    0.01807726174    0.01937387071    0.02652486611    0.01810405764    0.01067679689   0.005335113579   0.001227640978   0.004642156821    0.00572144988    0.01440182296   0.002657567448   0.001364792138   0.001193617228  0.0006826114826   0.001677382234   0.001933427947  0.0005367736692 
     1.510380298      1.301162987      1.550341072       1.30796865     0.9902599828     0.6916145249     0.7314073066                1     0.6480138262     0.6847848899     0.1768837904     0.7306780575     0.2377888221     0.1751475122       0.18373442        0.1566185    0.08365331203    0.04458576955    0.02403380807   0.004889110066    0.01037298454   0.005232399874    0.00626308968   0.004176017975   0.004996988835   0.003411209035   0.002394596418    0.00200201988   0.002502523868   0.001054505949   0.001316273374   0.002637167802   0.001399497178  0.0007059172276  0.0001709145662 
     1.287047483      1.486175172      1.666586603      1.719857795       1.16912877      1.509822999      1.388369211                1      1.639335373      1.070028421      1.301300521      1.255637068     0.7819271345     0.8296216926     0.3805404107     0.2425231747     0.1614723309     0.1601444717    0.05702122358    0.05846366672     0.0645561823    0.04395383495     0.1631239599    0.01657744807    0.01352871673    0.02177540206     0.0108232026   0.006878355145   0.006843737457    0.01159704858   0.007598435617   0.004972137083   0.002057499458   0.001974703437   0.001092520008 
    0.9312910033     0.7210365779     0.6477360588     0.8045413383     0.9967871931     0.5261032878     0.9666719355                1     0.9172627402     0.9326740784     0.6539899325      0.477723111     0.2379849411     0.1343900248    0.09530203918    0.02551772499     0.0224326603    0.01572183924   0.007258975785    0.01350188604   0.003418449641   0.002473306425   0.001487626385    0.00117668519   0.003215271087   0.001672432042   0.001116050622  0.0005704390222  0.0006563382026  0.0003991211064  0.0004063629476  0.0005554366735  0.0003372304078  0.0001864653621  9.343389103e-05 
    0.2639565756     0.5677111384     0.6299860638      0.660330696     0.7553342581      0.823170282      1.054732658                1     0.8006144766      0.452916344     0.6187585669      1.226005806      2.294759581      1.472486583      1.334601278      1.773258011      3.564580245     0.8753169793     0.3165307067     0.2095056153     0.1943789403      0.125680327     0.1096736236     0.1426474304     0.0682950517    0.02457760662     0.1245325214    0.06080806743    0.01811353039    0.01304061038   0.007108735507     0.0327995569     0.1130668372     0.0348704467    0.04376728933 
     3.381804511      4.029266758      1.838080621      3.821523983      3.411139436      2.527963905      1.245237096                1        1.1778731     0.8643394417      2.267665887      1.318594199      1.108212144     0.4134643394      7.325827819     0.4237784747     0.7019968039     0.5444852671     0.5273009823     0.2854298914    0.04580635147    0.04717864198    0.02196114626   0.004029585937   0.005220251297   0.008684862131     0.0135996474   0.005547358145    0.01748826784   0.005254951869   0.002442329411  0.0002636189731   0.002028620105    0.00521171195     0.1265175745 
    0.7388500246     0.4140409214     0.4095355996     0.6611021289      0.593030073      1.180629422      1.025740652                1      0.964336623     0.9305011077     0.6814192244       0.93931129      3.801239114      1.222032516     0.7965281819     0.5737719426     0.4231910949     0.1844044917       0.21478291      0.177286194     0.5096821556     0.1415301621     0.8050913748     0.4291810527     0.6181457923     0.6969289876     0.2416073825      0.480165576     0.4372674875     0.7334272473     0.1019903325     0.2542000188     0.0615313775    0.03784195263    0.08902566604 
     5.090648029      7.143928184      3.352235106      1.854060238      2.420047437      1.740473748     0.9658068926                1      1.010920709     0.8678045011      2.050692414      2.059905039      1.265583024      2.362472464      2.331270714      2.074945672     0.8276940716     0.7266935016      1.510840265       1.27268659      1.284645035     0.5656646423     0.1309480838    0.01650792517    0.01138689578   0.009576107031    0.01203343688    0.04600767611   0.009427138613   0.006330488258    0.01960388183    0.01587746945    0.03386162442   0.005828421888    0.01122637048 
    0.5110582872     0.4774627806     0.6279291011     0.7759969981      1.160357658     0.5355746373      1.185784348                1      1.569421867      2.211588829      1.523370676      1.196403858     0.9088253913      2.577084752     0.5472063041     0.9201760972      1.242745549     0.5452681384     0.2712018981     0.1448708882    0.06411311046    0.04198251822     0.2293542083     0.2982301345     0.1663835112     0.0660785176    0.06692596379    0.04101817331    0.00584515145   0.008714580039   0.009505591191    0.01047422955    0.03594702863    0.03673066968     0.4217299578 
    0.4821416701      1.558517598      1.219277391     0.8729105682     0.6592138193     0.6649383995      1.025789252                1     0.5981772969     0.3802164768     0.4130806414     0.6033672899     0.3307213109     0.2427815017     0.2125562556    0.07918914313     0.1304634991     0.1697293639     0.3238388563     0.1050920217    0.04200537015     0.0584665469    0.07885693168   0.008591588645   0.002873021579    0.00232604744   0.001796616167   0.002623172302   0.003198586454   0.002184829687    0.00526429848   0.002039911788   0.001457786128   0.001721407906    0.01058806638 
     4.088885969      3.564553983      1.220141156     0.5672067249      1.606982221     0.7961685273       1.36483432                1      1.461421893     0.9568150762     0.9155204617     0.7020006655      1.026015894     0.2335960815      0.140947888     0.1256358386     0.1741547296     0.1360626819     0.1726402965    0.05998120044    0.03937164231    0.04156216978   0.006018339103    0.02388041353    0.01490597052   0.003965538409    0.00194615622  0.0005009876265   0.001998825076   0.001717147715  0.0007848360057  0.0002115664733  0.0002702435992  0.0001403513151  9.271421606e-05 
    0.6531890969     0.2850556796     0.5417969065     0.2694946518     0.4746174577     0.2943151642     0.6036082324                1     0.4780278438     0.7721034441     0.9255732745     0.2115015156     0.1091227802     0.1759858417     0.0580877219    0.06181510401    0.05310953497      0.066755839    0.02268339414    0.03827830314    0.02530534734    0.00398603334   0.002940703693   0.001738450602   0.001341135505  0.0009718774138  0.0009449116367   0.000793845005  0.0007789899733  0.0004217052812  0.0005880629849  0.0004594734586  0.0001882628699  0.0001674055261  8.706388629e-05 
    0.8280346052      1.391461695      1.167811995      3.813507307      1.606188066     0.9972731418      1.061186924                1     0.6641423359     0.8759866699      1.930691232     0.4815906865      0.290578256     0.2314114213     0.1592350907     0.2628660066     0.2971680647     0.2846077013      0.854843479     0.1494761145    0.07418978669     0.2406776724    0.08096137898   0.006455040735   0.007307806053    0.01104725354   0.005370592822      0.013350098   0.003097651578   0.003435318683   0.001197743659   0.001938558761    0.00197894012  0.0005246817948    0.00169684594 
     1.158255636     0.5487436908     0.6300535322     0.7370992074     0.8976743225     0.5212088235     0.9152432773                1      0.663373375      0.556944187     0.3451643448     0.2534734489      0.385862545     0.3586711364     0.4213227009     0.2300014046     0.1603378537     0.1725535082      0.163284107     0.1833533694     0.2058356263    0.08895211865    0.06743454958    0.02238719157    0.01464474706   0.004353155306   0.003840898342    0.01567578997    0.01770260813     0.0110218887   0.001816822982  0.0003194168868   0.000683634266  0.0005207865557  0.0009263676569 
    0.9146844918      1.075729093      2.658511747     0.9487166117     0.8381547155      1.214824211      1.094342172                1      1.249364521     0.8523999949      1.536960578     0.9878989785     0.9395429032     0.7322899963      0.768141099     0.8308522206     0.7963183025      0.638127912     0.1488096803     0.2528005501     0.1629035231     0.3290916982     0.1811587076      0.214612725     0.1014714686     0.1965599414    0.01989030093    0.01855924415   0.006823613542    0.01017439636    0.01065772749    0.06581273034    0.05762450131    0.04161610968    0.00738787059 
      2.71404372      1.710831207     0.4513736257     0.6679636455     0.4690319518     0.5255881343     0.8351258711                1      1.030043209     0.4936404106     0.3876591428     0.3467058313     0.1358333842     0.1467365433     0.1796696471     0.1189255045     0.1382741039    0.08449635882    0.07971888997      0.178746186      1.315941129     0.1841593841     0.5862674038      1.533401728     0.2452964085    0.05295252688    0.02701630929   0.005800996235    0.01744756241   0.003616842213    0.02188152774    0.01214784426    0.01541510372    0.03604288144   0.006385949642 
     4.865760182      2.544261909      1.803812906     0.9306375139      3.986376558      1.563751751      2.184962664                1      1.437553625       1.52244534      8.676389252       8.06385921      11.63364454      2.481996281      3.173884754      12.21328002      17.37748097      2.475003398      1.523481946     0.6014412947     0.4285510252     0.1778022454    0.07436691584     0.1000005622    0.08519449056    0.06569188343    0.05263958161    0.02391403138    0.01910770773    0.01190336292   0.006731432449     0.0629874761     0.1196086685     0.1218515473     0.1571990689 
     1.639070256      2.140692616       2.55184965      3.504539622       0.65118639      1.280845717      0.602905502                1     0.6233911816     0.4510818817     0.3144503868     0.2284579552     0.3675560469     0.1703326703     0.1105138712      0.039617718    0.02812005436    0.01592146953    0.01699749396   0.009283842443    0.01126769849   0.009055375556    0.00496438114   0.002237204124   0.005135930395   0.004087134378   0.003111037953   0.001863657324   0.003084051699  0.0009223652142   0.004360591427   0.001629516128  0.0003524312213  0.0005916613335  0.0002516369333 
    0.7004673642      1.014384305     0.6874058485      0.638115919      1.050816298      1.475743545      1.656363717                1      1.120782328     0.4026486342     0.4729611013     0.2809412425     0.4361539984     0.3389923389      0.654162669     0.3905931438     0.4923599825     0.3141005354     0.3575088725    0.09055770868    0.05432084826    0.04596415084    0.03168223404    0.04631558546    0.03856893857    0.04891084144   0.007468595697    0.01027055938    0.01475627917   0.006080794542   0.007673330588   0.004772196311   0.007750976395    0.04197170433    0.04204124815 
     1.779296286      3.190994285      1.705468446       1.49559718      2.037192528     0.8469520294      1.148932338                1      1.576312543      3.119871001      3.116509733      1.503636815     0.9497050888       1.17304566       0.39175602     0.5053996609      2.108469186      1.157994304     0.3437472531     0.4808002448     0.2987924332    0.05589840695    0.01761846816    0.01223524884    0.04200805602   0.008431945522   0.005077067601    0.01336513114   0.003002646578   0.005574604026   0.004943551447   0.005262018818   0.004541560169   0.008726191361    0.04906731302 
    0.5667726611     0.4439800813     0.3055350434     0.5418577545      1.172053411      1.091417275     0.8108941426                1     0.9450354063      1.030057785     0.7475771376      1.284691345      1.960752634     0.8040180664      1.503170801     0.4711234927     0.4137755918     0.2691062803      0.235883044     0.1062564334    0.05218929503    0.04900968586     0.0796556139    0.03025823457    0.05659580692    0.02086973867     0.0182429541    0.03219124215    0.05125869742     0.5612001959     0.2217698309     0.1727822345   0.006064801722    0.00639572829   0.009984503829 
    0.5084293951     0.3060505231      0.445625193     0.7470146537     0.5653784647      1.572089332      1.745976814                1     0.6942133867     0.7530549475     0.5291971116     0.6345802457     0.4364242434     0.2175768749     0.1349424095    0.07883848818     0.2344779665     0.0665687838    0.06877036413    0.01615588719    0.04520111011     0.0396886719    0.03404199257    0.00734309704    0.01078881824   0.007934864132    0.01916041474   0.007260406167   0.005557884549   0.002313031587   0.006658413182   0.002145697691  0.0009777820507  0.0007628789181  0.0002879818642 
    0.4783847586     0.9903371313      1.045413839     0.4854424012      1.278351255      4.736647604      1.090101213                1     0.9927050625     0.9525260671     0.7552008036     0.3717525997     0.7084653699     0.4013804777      1.169537241     0.1993858178     0.0882598312    0.04199249894    0.04322786822    0.06081406769    0.03172212378   0.005285914403   0.007907998638   0.004112567717    0.00266196243   0.001649699624   0.001640593277   0.005417978563   0.003363114424   0.001097834846  0.0008516295055  0.0004509101614  0.0003578296115  0.0005856860886  0.0004841224432 
     1.152342105     0.7344380039     0.6942101202     0.5404754425     0.5541641133     0.6392381904     0.8154110234                1      0.696200123     0.2822604953     0.1507824355       0.15204122     0.1391108863     0.0401903699     0.1145052419     0.1461490227    0.08533802578     0.1299100356    0.05169344462     0.1405581626    0.08859018093    0.05604659117    0.06928289009    0.06362765942    0.01839430626   0.009285463376    0.01178780347    0.01757497327    0.00165414808   0.001689458477   0.000306245784  0.0005947276708  0.0001633354263  0.0001307958956  5.431054807e-05 
    0.2694783068     0.2388641413     0.2542850875     0.7841344143     0.8355066743      1.128307357     0.9722318867                1      1.081336275     0.5976940781     0.4059970422      0.206076763     0.1966705082     0.2333382787    0.08817965087     0.1549398851    0.03151987269    0.02993469529    0.01118568536    0.02705101101    0.02505893434    0.00739518632   0.004204983715   0.003176180771   0.001137768616   0.007307432072   0.008476725172   0.005169002082    0.01141736754   0.003887113033    0.01402619246   0.004382974968     0.0065056779    0.00442360629   0.006343887231 
    0.9498587191      1.443674269      1.093561351      1.739483087      1.311345995        1.1395098      1.224963014                1      1.442714445      1.406092664      1.067511669     0.6438436562     0.4709415902       1.05048122     0.3153264032     0.6868161028     0.4402185053     0.3450261713     0.2052427279     0.5494488697     0.3418162365     0.1206472396    0.03382819735    0.05367229404   0.009890006821     0.0137225625    0.01598917571    0.01783055207     0.0176352146   0.002450517214  0.0009693253255  0.0007857015495   0.001727901235  0.0004081706032  0.0003869668972 
    0.6945019999     0.4798407073     0.2295460649     0.4706963349     0.3674974879       1.08443034     0.5287914434                1      1.013845043     0.6941677842      0.886718075     0.6474681381      1.231218755      4.127293125       3.54933861      1.447811388      1.799518794      7.644968761      10.42724808      11.89906739      3.247244932      11.14607359     0.6638773665      15.19434699       2.69615017      2.577556899      13.60354398     0.5892533658      0.102178043     0.5778845569    0.03905775606     0.1097590795    0.04618797409    0.02188967112    0.03349668929 
     2.158898936      2.261398136      2.173577967      2.139807807      1.543643988      1.555178109      1.732424943                1      1.374612744     0.9870127119     0.5852518464     0.2650139205      0.335011207     0.5963695657     0.2448311897     0.2537265889     0.1387437708     0.1174190362    0.05285703646    0.03727730137     0.0957598211      0.311382772     0.2348901527    0.03550354571    0.08552219218    0.06674631775    0.03293435453   0.004015711362   0.003540557714    0.00291817181   0.001777631292  0.0004029780741  0.0001553283329  0.0001628125715  0.0002405595594 
    0.2551978651     0.6319001659     0.9677159686     0.4954721159     0.6409742204      1.827695313      1.177220723                1      1.189178072      1.895955095      1.616329625     0.9984071577     0.7108953513     0.8440621423      0.607051063     0.7399878938     0.5225431736     0.2922228582     0.1622506073    0.06707985824    0.07366452503    0.08700301772    0.05091713308    0.03731025534    0.04509806311     0.2309614898    0.03209482833    0.02941709561    0.00838953773    0.01501348161   0.003974420895   0.007005638913   0.002478606641  0.0009879630465   0.001912884148 
    0.9753316614     0.7764581309     0.7595687832      1.211561713     0.6442218835     0.6217351519          0.96758                1     0.8432633789     0.5417191384     0.4485212836     0.4014082507     0.1700876735     0.1252918909    0.06696105197    0.07565267998    0.03878457677   0.009489957373    0.01172296829    0.01648408618    0.01802458737    0.07622476877    0.01771466197    0.01760612654    0.00581284052   0.003305759228   0.002273847513   0.002309686785   0.001480903836   0.001306039033  0.0008881389028  0.0004868851061  0.0007927544667  0.0006203439918    0.00307558729 
     0.499564927     0.3384294603      0.298173531     0.4021517681     0.6949609919      0.576780692      0.667221873                1     0.9054551719     0.7584660859      0.711253369     0.5033724948     0.2864577472     0.8864676697     0.1679186307     0.1091684862     0.1592086573     0.3230352538     0.5496554864     0.4602829189     0.5692621119     0.4048802117      1.159470726     0.3513051221     0.3278307611     0.5945143552     0.4894885983     0.5924272561    0.06783136721    0.06051047525    0.02474316096    0.01547239398   0.007268999643   0.002372785087   0.006322065442 
    0.4550824382      1.006757201     0.4548437338      0.836431538     0.9544724584      1.664882309      1.153066117                1     0.6513729121     0.7639575751      1.089432223      1.057281757     0.8113303018     0.8418211812     0.3004604013     0.7559076186     0.3147866548     0.3643332563     0.1327754267     0.0767962499    0.06077476803    0.03902085922    0.01840052567   0.008493775104    0.01545221766    0.04123895693    0.01030263802    0.01321301575   0.004335829869    0.03761287129    0.02251989595   0.008590917268   0.003231140824  0.0008858169534   0.000365538163 
    0.7929895975      1.273497549     0.4249593933     0.6363650406     0.7647093873      1.338511104      1.167697664                1      1.858280922      2.065267364      2.465711078      2.350602135      1.289321553     0.1965242472     0.2741409014     0.1189773247    0.07057814344    0.03513877358    0.01135227486    0.02328929299   0.004825761073    0.02813825197   0.009666206573   0.001758562127    0.00131112414  0.0006192483132  0.0002431425837   0.001456691599  0.0005868898145  0.0006353384231  0.0002930173651  0.0001617220311  6.821255512e-05  0.0001237484816  7.341685946e-05 
    0.2483085885     0.5245595575     0.7088155404     0.4983055903     0.5166705322      1.060720358      0.598199873                1      1.063302338     0.5868641458      0.385202715      0.235888563     0.2261397273     0.2010735123     0.2019540814     0.1229017426    0.07937450546    0.06631440455     0.1157945551      0.179091491    0.04431123982    0.00665922448   0.005628291541   0.002321673268   0.004632440856   0.003246605688   0.002665844935   0.002853370949  0.0007809587527   0.002994661866   0.001361204584  0.0006267944373  0.0005507968017  0.0001400408356  0.0001121976924 
    0.1793568464     0.3283645584     0.3509735535     0.7696325194      1.501813464     0.8034330298      1.133132004                1      1.718507719      2.578105429        1.4778914      1.033808852      1.759191285      1.132179326      2.151519358     0.4506361222     0.9113421078     0.6713830141     0.7776447681     0.5449093971     0.2068289495      1.854456406      1.144671147      0.807720329     0.6646807249     0.2175216955     0.2754080971    0.05005246805    0.01074620555     0.1347713426    0.04020120859    0.05450586621   0.008387053197   0.003325162682   0.001737360202 
    0.2700405871     0.4892875752     0.5224437625     0.8655444062     0.6981290116     0.3363088827      1.091889314                1     0.9686044355      2.283987513      4.980728594     0.9800414417     0.7756723954     0.3819759625     0.1161188319     0.1916136758    0.08557037869     0.1212625842     0.2174407852     0.1580928506     0.2292166589     0.1517282955    0.02856968322    0.01280176317   0.004500631814   0.002681058555   0.009312767849    0.01174397882   0.005095608143   0.001571402618  0.0002930371157  9.545124501e-05  8.534736034e-05  0.0001945580325  0.0001066319409 
     1.130433332     0.4019587918      1.026745714       1.14938915      1.508582354      2.782075113      1.628157891                1      1.339425146     0.8316545179      0.751146858      0.498305541     0.2067502048     0.2511535605     0.2902492558     0.1672764541     0.1656791324     0.1046995952    0.09389308385    0.06188297861    0.08654949021    0.03190267496     0.0199490075   0.009143752388   0.008387165731    0.05751015126    0.01343278314   0.004428700268    0.00338495823   0.002761469971   0.000487797409   0.001632648039   0.001331733727   0.001952176507  0.0009263514122 
     3.176991427     0.9983824842       1.37871442      1.781603803      1.884762876       2.01071858      1.527668428                1      1.233279402     0.8021045623      2.458597938      1.385948115      3.114572564     0.7195055867     0.7446934884     0.4338048532      0.719016263     0.4255480428      0.353595269      0.206644329     0.1735283971     0.0507095454    0.03549728861    0.09562618789     0.1592680184      0.183894166    0.02124390525    0.01582925075   0.008588365455   0.003632987934   0.001752643955   0.006605017275    0.00524725945   0.005465540007   0.002031030522 
    0.7461619563       1.30342257     0.7985419947     0.6383485507     0.3654962559      1.261677828     0.8433557891                1     0.8218530273     0.5680826721     0.6266940992     0.3158390954     0.4317595421      1.587197183      1.717785605      2.351045695      1.427517958      0.543081782     0.4243518377     0.1049847083    0.02427768807    0.01784510858   0.008380023509    0.01325969751    0.01265142965   0.006500733624   0.009547438154   0.006291250599    0.01883170509   0.007319276589    0.02484969437     0.1346695397    0.01928108796   0.002293977841   0.001313398699 
     0.295897473     0.4148174699     0.4566484815     0.6304436047     0.4299429939     0.8680347803      1.231267512                1      1.156904322      1.169210512     0.6464558559       0.96103537       0.90370591     0.3802535459     0.3955985584    0.08301397111     0.2503628184     0.3914526347     0.2108779256     0.3828155043      0.192288504     0.2319307944     0.3105643708     0.0835653105    0.01270207029    0.02362342189    0.04285173128    0.03781261931    0.05078599389   0.008460437818    0.01581903158    0.01105050963   0.007550584665    0.01815931822    0.01549595646 
     6.387331041      1.718664588     0.6164791582      1.075487623     0.5250806882     0.8488078344      1.262086133                1     0.9473187207      1.182628823     0.8314001225      1.133412973     0.6669270653     0.5764683865     0.2155993788     0.1845445081     0.4634450266     0.2488449741     0.1876278974     0.2266738891     0.1126772816     0.4029726089     0.1630769562     0.1150566748    0.02977154861    0.04321173129    0.03104482757    0.02170444969    0.01594686178   0.007683550058   0.005422184419   0.001366496649   0.004073114448   0.004683177356   0.006578405256 
     2.426066191     0.7832132477      1.503723176     0.4426334088      0.468027156      0.232403056     0.5951501699                1     0.9178259023      1.616702655      1.459396696      1.065470368       1.40203473      6.967486635       4.10627488      7.529546418      1.415079477     0.3763917108     0.1551995691     0.1900389921     0.2395168185     0.0984851233    0.02585442644    0.02094731689    0.02493226006    0.02504525239    0.01465337277    0.02609154578    0.03005568056    0.02334207225    0.01445752213    0.02300167936   0.005991371937   0.004138727125   0.001202695927 
    0.3716284521     0.7711647842      1.164498301      3.552942916      1.103457774      1.153016039     0.8965908691                1      0.814040959     0.3700326899     0.2101814988     0.4392057007     0.4431772198     0.3990355755     0.1378539345    0.09740152217     0.1146544949    0.07569760839      0.029153065    0.05468329911    0.03724751369    0.01542400207    0.02211925242    0.06558535598     0.0113867986    0.02131459728    0.01927429573   0.009217577602   0.001431465332  0.0006129551418   0.001210932578    0.00190712363  0.0009423846902  0.0005619846381  0.0007852630001 
    0.2751888724     0.7205158814     0.9623050041      1.659285292     0.8672126432      1.038926402      1.168414633                1     0.9413672813     0.3008674236     0.4479584323     0.3861766257      0.318962172     0.1114605079     0.1375681723    0.07377456956    0.08650034601    0.04007090255    0.04911850001    0.04567645177    0.08036767975    0.03627348627    0.01722956431    0.02575770898    0.01135066265    0.01469200664    0.01783825635   0.007082869863    0.05088180973    0.02527921448    0.02086845444    0.02319045038     0.1005555798    0.05229737572   0.007726648572 
     4.099621605      3.765002046      2.991947679     0.6914691511     0.5658113525     0.7510161584      0.695719709                1     0.9665544883     0.5563431378      1.337513885      1.253521163      1.408866807      1.156482266     0.4434674779     0.5658918812     0.4228979481     0.7801655915     0.6875275848     0.5074223035     0.2636638977     0.7912645594     0.2336193964     0.2731959068     0.3758115988     0.1787485019     0.4689335885     0.4186793576     0.1290646737     0.1452470726     0.0213636768    0.02546929936    0.03775913567     0.1489879564    0.07505003832 
     1.177441276     0.7177950482     0.7797574543     0.5448036567      1.086287953     0.9858279458     0.9763960723                1     0.8843968184     0.8131887745      1.418875638      1.475487383     0.2939060994     0.6128742835     0.2205437608     0.3155030794     0.5682577792     0.4309784873    0.08474290554     0.0369833878    0.03794714967    0.03093185777   0.006230060406   0.002155855848   0.002113695406   0.002997141188    0.02486375669    0.00437482852   0.002480955385  0.0006551261672  0.0009000528226  0.0005425904149  0.0001048290879  0.0001494964959  0.0002505989477 
     1.721994314     0.5767833853     0.5569131858      1.068585006     0.7008827701      1.086419537       1.28616152                1      1.216164207     0.9968531106     0.4821895441     0.5421627869     0.6975299423     0.7830055657     0.5181724605     0.4546886992      1.091592426     0.1309036721    0.02458487399    0.01081636782    0.02302442365   0.009096742305   0.003682576554   0.005258945504   0.008891037512   0.005337465798   0.009540888683    0.01040460807   0.001423662944   0.002034514281   0.001152284416  0.0004566152078  0.0003564277332  0.0008764983542   0.002120471531 
    0.9195125611      3.017384184     0.3442504394       0.45101287     0.6723597188     0.6996125552      1.164156705                1      1.047959092     0.2824445421     0.8000600251     0.5422243385      0.621033414     0.4381302299      0.711607172     0.2213138325     0.3240611741     0.2220775968       0.22196545     0.3437812108     0.1238899033     0.1620056842    0.05208281991    0.05399930992    0.01785153242     0.1315036698    0.03964288217    0.01157878468   0.003850013737    0.00344965198   0.002019482066   0.004501939602    0.01779937196    0.01433061154    0.02247278679 
    0.3943411108     0.4135454606      1.165566145      3.046413505      1.696244692       1.03484896      1.085096604                1      2.431537301     0.8140683535     0.7632677142     0.6427333259     0.8423294654      1.071858776     0.2383936259      2.853738862      2.272353287      1.786902476     0.3066836991     0.1914599586     0.5134975321     0.2414102869    0.05680511375    0.02255611543    0.01483714874    0.03830227168   0.007871684383   0.002064441368   0.001004889715   0.001405300974   0.000371418263  0.0005632639136    0.00029880382  0.0005345069503   0.001375722854 
    0.1478084103     0.4183196851     0.5418599707      0.390114684     0.6582802464     0.7159983619     0.6987056523                1     0.4153815195     0.3862107613     0.4967079354      0.235273394     0.5597196295     0.2121136654     0.6435697329     0.2370465266    0.09793237485     0.1152730174     0.1184370474     0.1667459202    0.09549569892     0.1013164681    0.03893345913     0.1395551632    0.04299597771     0.0647217937     0.0372537843    0.01600360593   0.007712522491   0.005426849486    0.00433240915   0.004026107113  0.0009730624217   0.001236846916   0.003346789056 
     1.662280128      3.549780196      4.294867496      1.404543666      1.040419896     0.9222867498      1.229602205                1     0.6499934297     0.7566539761     0.6504699907     0.3128212769      0.241518808     0.1866629056    0.06288400916    0.04192151153    0.03657516181     0.0365690417    0.02410328462    0.01190261017   0.004004068946    0.01657573813    0.01047818163    0.01185184506    0.00683523471   0.005780747646   0.002764148131   0.001832950518   0.001912452428  0.0005825522329  0.0004965406175    0.00124570007  0.0006290566717    0.00732844166  0.0008646211518 
    0.2680781181     0.7500036749      1.056692344      1.799793821      1.529229878      2.521380072     0.9734260508                1     0.9373326523      0.376835162     0.4595354128     0.3576548424     0.4982812585     0.3194945251     0.1485377884    0.03260032409    0.02676937757    0.01087670971    0.01361094445   0.008838585667    0.01299868942   0.008957478427   0.008216930909   0.003110258694   0.008955100469    0.01217455425   0.003956596783   0.009366453937   0.001966301212   0.001053612872  0.0007430199147  0.0003337424665  0.0002523652847  0.0001023749366   6.86134064e-05 
     2.071751498     0.8202837332     0.4230100504     0.3463147963     0.4122043837     0.3530607744     0.6111646523                1      1.409257096     0.7998732338     0.3737852935     0.2652464148     0.3696271961     0.1447238801     0.1635581354      0.324421201    0.02561205754     0.0297346194     0.0345450439    0.02611812722    0.02508751109    0.03116625631     0.0225747195    0.06844364858     0.1110478449     0.2306140564    0.03925728387    0.02573827082    0.02057542855    0.02199382653    0.01534209934   0.006240695865    0.01170007008    0.01976690941   0.006515263574 
    0.2961692147      1.106609304     0.4677152027     0.7993199567     0.9498453404     0.8844847974     0.9542285547                1      1.323301332      1.313091553      1.388804312      1.519498771      4.111982018      6.759061378      12.64461378      23.23539675      20.46099028      13.20177647      4.713463977      7.429447745      3.113106876      5.888944375      6.403558069      2.908306864       1.34182384      1.121621913       1.18185209      2.569535464      4.741647839     0.1617326357     0.4375284391    0.08643850363    0.02766605998     0.1840505059    0.02701188476 
    0.5049745461     0.6436130046     0.5260242484     0.6652316567     0.9437187149     0.6991916989     0.5840448711                1     0.5362636836     0.9756116196     0.9623860757      1.084279571     0.4990680688      1.195360627     0.1147581554     0.1280684096     0.6510188329     0.2739819731     0.0733808455    0.04271468595    0.07410365518    0.05287824398    0.02669299739     0.1251990909     0.0186486012   0.004032521875  0.0007464694604   0.001272942934  0.0004539742892  0.0002364938408  0.0004707993105  0.0006915829816  0.0001812592718  0.0002262933395  0.0003326693318 
   0.07893170584     0.2424411815     0.4185697636     0.3072448397     0.2446170714     0.6197312958     0.6346925059                1     0.6079652227     0.5691687886     0.7297112626     0.3065337133     0.2330963883     0.3772248426     0.9455277723     0.5675883507     0.3758072898      0.287373511     0.1547876336     0.1353509982     0.2933812995     0.1095778977     0.2406644515      0.129849515     0.4920879857     0.1111724554     0.0863145185    0.07072788509   0.006406136525    0.01055003178   0.007816661489    0.01197555429    0.01146611945   0.005094890971  0.0009043279074 
     2.706757527      1.391259996     0.7428548377     0.7834133104     0.9030576113     0.7303868357     0.8148887402                1     0.4859552285     0.5921756404     0.5501968992     0.4317434841      0.315558215     0.2676405936     0.1086659316    0.05720295633    0.03633323155    0.01804714608   0.006426617262   0.004192230394   0.005620108806   0.003650555593   0.001530284577   0.001021637668   0.000575379866   0.001064192685   0.001268761661  0.0009571782093  0.0004883194807  0.0001089830074  0.0004246113674  0.0002212030613  0.0006420475476  0.0002477811021  0.0004006502504 
    0.4296808649     0.1970034539     0.3459321581     0.3033007069     0.5954838418     0.9424064694     0.9397665937                1     0.8112445488     0.6558128188     0.2822581528     0.5858244112     0.9060143988     0.5479563527     0.3136510114     0.5106334029      1.349486175     0.6027233826     0.5547698559     0.7242418629     0.2749329515    0.06686881903     0.0260049982      0.042362382    0.01997957486     0.0178742987    0.02370026013     0.0217308282     0.0138839384    0.02379259336   0.009443199931   0.008407655913   0.002479635095   0.006589490186   0.004244538936 
    0.1154310946     0.1704152268      0.232855706     0.1279140881     0.1938699803     0.4267701482     0.6164945312                1      0.574489834     0.6944405944     0.5188726163     0.6134934834     0.6183575276      2.542696734     0.5573004186     0.3731843527     0.2027579012     0.2294765446     0.2056970757     0.0646679475    0.03464755035    0.05408942616    0.06211522998    0.02925451123   0.006834835975    0.08287199659    0.03146962823    0.01099794482   0.009081139902    0.02239277716    0.04673848698    0.04105603142    0.01567969067    0.01609761908    0.01418268672 
    0.2099191752      0.434347587     0.7601547137     0.9039439437     0.8221706148     0.6222086618      1.376339383                1      1.339855914     0.7850111287     0.4615425154     0.3403506217     0.6390810839     0.4783592108     0.3059581303     0.2146814867     0.1501812394    0.08410125279    0.05456350802    0.08018696864    0.02083097818    0.01090666132   0.002042978636   0.006979330517    0.01119270179   0.003284170202  0.0005294831582   0.000229372651  0.0001179654954  8.389823048e-05  7.113425754e-05  5.466716069e-05  4.333513524e-05  5.011252745e-05  2.542991808e-05 
    0.7264910201     0.4614721156     0.6270775652     0.9066367444      1.661150652      1.014962744     0.7974283301                1      1.097047184     0.9322179122     0.4306979089     0.4710732576     0.3475460393     0.4548272305     0.3630960899      0.288771544     0.1154098199     0.1868335587    0.09357550475    0.05787741465    0.07936261276     0.1355742392     0.1359874214     0.4487569045    0.09140110322     0.2705686091     0.6815391811     0.9574476379      1.733852092     0.3315720337     0.2549681467     0.2819646793    0.02492155658   0.006026535061    0.01224117639 
