-9.1683
-9.18735
-9.1721625
-9.1987125
-9.1570125
-9.207375
-9.22215
-9.1644375
-9.191625
-9.2059875
-9.203775
-9.2013
-9.181125
-9.171375
-9.167025
-9.178725
-9.1476375
-9.1978875
-9.166125
-9.1579125
-9.202125
-9.202275
-9.2058375
-9.1683375
-9.188625
-9.1993875
-9.1492125
-9.216825
-9.1839
-9.168675
-9.194475
-9.18435
-9.1893375
-9.1816875
-9.1676625
-9.1646625
-9.194925
-9.1568625
-9.1896
-9.1759875
-9.1523625
-9.17385
-9.1972875
-9.1690875
-9.1725375
-9.17055
-9.1972125
-9.1598625
-9.1687875
-9.1893
-9.1683375
-9.1906125
-9.1744875
-9.1825125
-9.2181
-9.1742625
-9.18045
-9.172725
-9.20085
-9.1888875
-9.2020875
-9.1828125
-9.20265
-9.1976625
-9.2053125
-9.1787625
-9.18405
-9.171675
-9.1779
-9.156675
-9.191925
-9.171675
-9.192675
-9.1587375
-9.1534875
-9.182475
-9.210825
-9.2065875
-9.1659375
-9.186375
-9.1622625
-9.1972875
-9.1942875
-9.19155
-9.2071875
-9.1804875
-9.1869375
-9.2180625
-9.2245125
-9.193275
-9.164175
-9.185925
-9.1565625
-9.1996125
-9.17175
-9.1911
-9.2171625
-9.176325
-9.1773375
-9.232725
-9.190575
-9.195075
-9.1721625
-9.171525
-9.1956375
-9.1898625
-9.199425
-9.17355
-9.1662
-9.177375
-9.1977
-9.1538625
-9.1766625
-9.1871625
-9.17775
-9.1807875
-9.2065125
-9.1818375
-9.1723125
-9.126225
-9.1632
-9.18795
-9.1961625
-9.1899375
-9.1660875
-9.16245
-9.146025
-9.192825
-9.1964625
-9.1877625
-9.2249625
-9.1792875
-9.1487625
-9.2074125
-9.2295
-9.15885
-9.1647
-9.143175
-9.18735
-9.189375
-9.244575
-9.205425
-9.1436625
-9.21585
-9.2064375
-9.177225
-9.1852125
-9.197925
-9.1617
-9.23145
-9.19665
-9.19275
-9.207375
-9.1772625
-9.1914375
-9.2090625
-9.1674
-9.207075
-9.1616625
-9.1965
-9.190125
-9.171225
-9.2191125
-9.195375
-9.19845
-9.189675
-9.1908
-9.1928625
-9.2081625
-9.1734375
-9.1983
-9.1993125
-9.2431125
-9.2199375
-9.178575
-9.1916625
-9.1875375
-9.2177625
-9.226275
-9.187575
-9.1674375
-9.2189625
-9.15375
-9.186975
-9.2001
-9.2059125
-9.17595
-9.21795
-9.191325
-9.1634625
-9.1823625
-9.2071875
-9.1739625
-9.228975
-9.181875
-9.2094
-9.2085375
-9.201675
-9.2338875
-9.1888125
-9.173625
-9.183975
-9.2079
-9.1550625
-9.1824
-9.1685625
-9.200475
-9.1934625
-9.24525
-9.1792875
-9.2056125
-9.1936875
-9.1707
-9.184725
-9.1962
-9.201975
-9.19635
-9.2172375
-9.1901625
-9.17475
-9.1956375
-9.1944
-9.2073
-9.1720125
-9.176025
-9.1906875
-9.184125
-9.1965375
-9.2083125
-9.1977375
-9.1945125
-9.1939875
-9.17565
-9.17955
-9.2008125
-9.1661625
-9.2191875
-9.1953375
-9.2316375
-9.19935
-9.21105
-9.2320125
-9.167625
-9.2064375
-9.1796625
-9.1954125
-9.1839
-9.2239125
-9.197475
-9.1825125
-9.1985625
-9.131025
-9.1636875
-9.207225
-9.1880625
-9.213
-9.19815
-9.1973625
-9.1868625
-9.1939125
-9.1578375
-9.1777875
-9.19455
-9.1728375
-9.2139375
-9.1954875
-9.1711875
-9.2091
-9.245625
-9.19005
-9.1861875
-9.1827375
-9.1809375
-9.2146125
-9.1692375
-9.1805625
-9.2061
-9.1621875
-9.1551
-9.1740375
-9.20745
-9.1720875
-9.167475
-9.1519125
-9.1771125
-9.204225
-9.1788
-9.181425
-9.1669125
-9.1664625
-9.17235
-9.2185875
-9.197175
-9.201675
-9.1930875
-9.2220375
-9.1918875
-9.207675
-9.212775
-9.222375
-9.1654125
-9.163875
-9.1683375
-9.1875
-9.2120625
-9.2049
-9.1894125
-9.175275
-9.197025
-9.2099625
-9.2203875
-9.1609875
-9.1683
-9.2094375
-9.1696875
-9.1662375
-9.1940625
-9.1800375
-9.1811625
-9.1809375
-9.1672125
-9.200475
-9.21345
-9.2104875
-9.2188875
-9.18165
-9.1963125
-9.1858125
-9.211575
-9.1750875
-9.20055
-9.196425
-9.183375
-9.166125
-9.1497375
-9.1719375
-9.1755375
-9.1809
-9.2080125
-9.165975
-9.20895
-9.187425
-9.1818
-9.16395
-9.1716
-9.1948125
-9.1404375
-9.1728375
-9.23835
-9.186675
-9.211425
-9.1807125
-9.1896375
-9.1716375
-9.1342875
-9.183375
-9.171225
-9.2090625
-9.2032875
-9.200775
-9.18675
-9.1983375
-9.1660875
-9.192975
-9.2478
-9.191325
-9.2049375
-9.17985
-9.205725
-9.1906125
-9.2245875
-9.1825875
-9.1771125
-9.2032125
-9.1779375
-9.1845375
-9.2020875
-9.1644375
-9.193275
-9.201075
-9.1786125
-9.176025
-9.205125
-9.1857
-9.2616
-9.2098875
-9.2199
-9.193275
-9.2206125
-9.2039625
-9.1602375
-9.187875
-9.18075
-9.1602375
-9.1697625
-9.210825
-9.1710375
-9.189225
-9.2031375
-9.1692375
-9.2110875
-9.1738875
-9.192075
-9.2186625
-9.1936875
-9.1764375
-9.168225
-9.1866
-9.182775
-9.2024625
-9.2145375
-9.2136375
-9.191325
-9.1729125
-9.1595625
-9.174225
-9.1974375
-9.20385
-9.1566
-9.1774125
-9.1901625
-9.2086125
-9.1474125
-9.2246625
-9.1753875
-9.2302125
-9.171375
-9.219825
-9.1959375
-9.1765125
-9.1756875
-9.181125
-9.21945
-9.1782375
-9.1578
-9.1524
-9.2113875
-9.186
-9.176475
-9.1852875
-9.1616625
-9.2076
-9.22305
-9.2041125
-9.18945
-9.17775
-9.1746375
-9.1888125
-9.1734
-9.182325
-9.19665
-9.1767375
-9.1988625
-9.20715
-9.19935
-9.160275
-9.2009625
-9.1953375
-9.222825
-9.1897875
-9.214875
-9.1765125
-9.217275
-9.18675
-9.2365875
-9.18255
-9.2132625
-9.1606875
-9.1792125
-9.175875
-9.1527
-9.1794375
-9.1810125
-9.17955
-9.1836
-9.1813125
-9.1741125
-9.2004
-9.1838625
-9.173325
-9.1503
-9.18495
-9.17985
-9.1842375
-9.17355
-9.2026875
-9.186375
-9.1529625
-9.2183625
-9.1534875
-9.1857375
-9.2004
-9.225
-9.21
-9.1831125
-9.1824375
-9.1906875
-9.175425
-9.1323375
-9.19785
-9.13395
-9.217875
-9.2111625
-9.17895
-9.205425
-9.2004375
-9.173775
-9.1888125
-9.18165
-9.1989
-9.1437
-9.1847625
-9.2046375
-9.18615
-9.1895625
-9.1902
-9.217725
-9.2021625
-9.1805625
-9.1903125
-9.1857375
-9.2165625
-9.206625
-9.1636875
-9.2072625
-9.1988625
-9.1978875
-9.177525
-9.2225625
-9.2068125
-9.1746
-9.1681875
-9.1977375
-9.2063625
-9.1174875
-9.1647
-9.1861875
-9.1572
-9.1873125
-9.1967625
-9.189975
-9.193875
-9.1945875
-9.173175
-9.1905375
-9.1919625
-9.194025
-9.2026875
-9.2127
-9.2222625
-9.1638
-9.178575
-9.195825
-9.177225
-9.1751625
-9.2074875
-9.17895
-9.21345
-9.1720125
-9.172425
-9.2042625
-9.177225
-9.185475
-9.182475
-9.16305
-9.187125
-9.2110125
-9.2006625
-9.1867875
-9.1899375
-9.1917375
-9.183975
-9.2056125
-9.1842
-9.2001375
-9.2038875
-9.2092125
-9.202425
-9.2106
-9.2137125
-9.1743
-9.1927875
-9.1901625
-9.1849875
-9.1944
-9.181575
-9.1725375
-9.1844625
-9.191025
-9.2012625
-9.20265
-9.20265
-9.1887375
-9.2144625
-9.1900875
-9.1799625
-9.2155125
-9.192075
-9.1849125
-9.191175
-9.1638
-9.1960875
-9.17355
-9.1821
-9.2247375
-9.2165625
-9.1879875
-9.200475
-9.1828125
-9.2036625
-9.19755
-9.144225
-9.205875
-9.14745
-9.2197875
-9.18405
-9.1999125
-9.2115375
-9.1941375
-9.17415
-9.22605
-9.2092125
-9.21255
-9.1517625
-9.2008125
-9.1756125
-9.1797375
-9.2214
-9.1834875
-9.1352625
-9.1932375
-9.2039625
-9.2118
-9.167175
-9.1562625
-9.18105
-9.185925
-9.1744125
-9.1587
-9.1841625
-9.19215
-9.18735
-9.187575
-9.2088375
-9.2112
-9.2611875
-9.1635375
-9.1999875
-9.1993875
-9.1547625
-9.195825
-9.2412
-9.2140875
-9.17715
-9.2092875
-9.2004
-9.1921125
-9.1866375
-9.207975
-9.17595
-9.1726125
-9.1923375
-9.1882875
-9.2111625
-9.207825
-9.1458
-9.1956
-9.1735875
-9.146025
-9.2074875
-9.16365
-9.1871625
-9.1842
-9.21165
-9.1704
-9.182325
-9.216225
-9.2008125
-9.1680375
-9.1929375
-9.1666125
-9.1666125
-9.1707375
-9.17595
-9.18975
-9.185325
-9.1414875
-9.200775
-9.1591125
-9.19455
-9.16515
-9.212025
-9.176775
-9.1616625
-9.1803
-9.1654875
-9.191475
-9.1895625
-9.1564125
-9.210975
-9.202575
-9.1921875
-9.2380875
-9.1960125
-9.19515
-9.1944
-9.2161875
-9.2014125
-9.177975
-9.157275
-9.2522625
-9.1722375
-9.1752375
-9.180525
-9.2000625
-9.15
-9.1794375
-9.1921875
-9.195075
-9.186075
-9.1891875
-9.1987125
-9.153975
-9.201225
-9.1813125
-9.2559375
-9.17325
-9.2191875
-9.1313625
-9.1883625
-9.1951875
-9.184875
-9.1734375
-9.1863375
-9.1831125
-9.1938375
-9.2098875
-9.190575
-9.171675
-9.2214375
-9.200625
-9.1969875
-9.1603125
-9.1945125
-9.1807125
-9.1842
-9.159675
-9.207075
-9.171525
-9.2058
-9.16665
-9.2390625
-9.188025
-9.1977375
-9.2082
-9.1755
-9.2067
-9.214125
-9.1645875
-9.217275
-9.1365375
-9.19215
-9.253575
-9.1927875
-9.2114625
-9.170625
-9.1898625
-9.167325
-9.1902375
-9.20715
-9.2140125
-9.1923375
-9.1503375
-9.2136375
-9.2031375
-9.2150625
-9.2163375
-9.1924125
-9.1863375
-9.18
-9.1675125
-9.1895625
-9.2004375
-9.23925
-9.2028375
-9.1773375
-9.193725
-9.15075
-9.22305
-9.2062125
-9.1900125
-9.195975
-9.18495
-9.17475
-9.1683
-9.181425
-9.2071875
-9.1516875
-9.2104875
-9.2331
-9.2251875
-9.23595
-9.214425
-9.200025
-9.1904625
-9.1868625
-9.17745
-9.178275
-9.182775
-9.19815
-9.1971
-9.190125
-9.1932
-9.2046375
-9.18885
-9.1870125
-9.1774125
-9.1951875
-9.1657875
-9.1857
-9.21615
-9.18645
-9.17655
-9.2075625
-9.1830375
-9.21555
-9.197025
-9.2082375
-9.231
-9.20955
-9.19665
-9.19215
-9.18675
-9.155475
-9.1624125
-9.1761375
-9.1961625
-9.1691625
-9.1635
-9.2384625
-9.20145
-9.1860375
-9.2110125
-9.1840875
-9.1895625
-9.1854375
-9.13995
-9.2249625
-9.191925
-9.2079375
-9.173775
-9.2044875
-9.181125
-9.1996125
-9.143175
-9.2106375
-9.1555125
-9.158475
-9.2072625
-9.1880625
-9.1798875
-9.2011125
-9.23145
-9.2170125
-9.195225
-9.2193
-9.2050125
-9.1963875
-9.1744875
-9.1183875
-9.18645
-9.218475
-9.1686
-9.1743
-9.159225
-9.203325
-9.1588875
-9.2245875
-9.1965
-9.181875
-9.193875
-9.2197875
-9.1775625
-9.2193
-9.2252625
-9.172725
-9.1902
-9.166425
-9.182475
-9.204225
-9.2028
-9.1956
-9.1865625
-9.1769625
-9.1527375
-9.1965
-9.189
-9.1827
-9.1659
-9.18795
-9.2074875
-9.2330625
-9.1805625
-9.1955625
-9.2218125
-9.1858875
-9.195525
-9.191775
-9.1914375
-9.16935
-9.2173125
-9.1422
-9.164325
-9.1965375
-9.19425
-9.1667625
-9.1742625
-9.1888875
-9.165525
-9.17715
-9.1841625
-9.187575
-9.2363625
-9.1942125
-9.1874625
-9.1809375
-9.174975
-9.2096625
-9.20445
-9.206175
-9.1990875
-9.1923
-9.2114625
-9.1582125
-9.161175
-9.1914375
-9.194325
-9.1455375
-9.193275
-9.2006625
-9.1716375
-9.1438875
-9.2079
-9.1937625
-9.17535
-9.1921125
-9.1777125
-9.172725
-9.1933125
-9.2164125
-9.1503
-9.21885
-9.1682625
-9.180075
-9.2158875
-9.185775
-9.166725
-9.1849875
-9.18075
-9.1803375
-9.183975
-9.2258625
-9.1969125
-9.183525
-9.212175
-9.17295
-9.1857375
-9.222375
-9.22845
-9.2065125
-9.1931625
-9.2248125
-9.164625
-9.2002125
-9.1873875
-9.1864125
-9.1993875
-9.1953
-9.2193375
-9.1987125
-9.1611375
-9.197175
-9.192225
-9.2365125
-9.171675
-9.207675
-9.177375
-9.1720125
-9.2018625
-9.1791375
-9.18165
-9.20895
-9.2148
-9.182775
-9.193575
-9.194925
-9.1648125
-9.196425
-9.2171625
-9.20805
-9.18795
-9.1946625
-9.174075
-9.248475
-9.2249625
-9.1698
-9.134325
-9.18135
-9.176325
-9.1825875
-9.182625
-9.1396875
-9.1884
-9.2232
-9.1686375
-9.217575
-9.1609875
-9.171975
-9.1509375
-9.1938
-9.168
-9.190725
-9.177075
-9.2131125
-9.206925
-9.2019
-9.1834125
-9.2161125
-9.165975
-9.2414625
-9.1849125
-9.15675
-9.204075
-9.17055
-9.2518125
-9.1730625
-9.1917
-9.228
-9.21585
-9.1900125
-9.150525
-9.189375
-9.183375
-9.174375
-9.1600125
-9.179025
-9.163725
-9.2091
-9.201675
-9.2058
-9.1828875
-9.1567875
-9.220125
-9.19695
-9.1855125
-9.1812375
-9.188775
-9.1985625
-9.1923
-9.175725
-9.1897125
-9.1641
-9.2052375
-9.2093625
-9.1937625
-9.200775
-9.1907625
-9.175125
-9.2078625
-9.19095
-9.1910625
-9.2097
-9.2292375
-9.2004375
-9.179625
-9.2044875
-9.186375
-9.1966125
-9.2065875
-9.197625
-9.1399125
-9.1855125
-9.2035875
-9.1663125
-9.2057625
-9.2191125
-9.1656
-9.2048625
-9.2052375
-9.2024625
-9.172125
-9.1475625
-9.1912875
-9.199425
-9.19005
-9.172125
-9.17205
-9.1839
-9.1782375
-9.1746
-9.178275
-9.1947
-9.18855
-9.182925
-9.1839375
-9.1957125
-9.2387625
-9.2219625
-9.1912125
-9.1700625
-9.1843875
-9.1870875
-9.2260875
-9.2057625
-9.2369625
-9.143925
-9.2372625
-9.208575
-9.216075
-9.2113125
-9.231525
-9.17265
-9.191025
-9.2105625
-9.1974
-9.2037
-9.1596375
-9.1785375
-9.2113875
-9.2047125
-9.2146875
-9.170925
-9.2005125
-9.18885
-9.1783125
-9.1584375
-9.217425
-9.1717875
-9.1816875
-9.2248875
-9.1609125
-9.225825
-9.169425
-9.17685
-9.1654875
-9.17205
-9.1732875
-9.1864125
-9.1976625
-9.240375
-9.1694625
-9.1953375
-9.2025375
-9.1780875
-9.20175
-9.22575
-9.198825
-9.2265
-9.189075
-9.223125
-9.1954875
-9.1914
-9.20925
-9.206325
-9.182775
-9.207
-9.21225
-9.190725
-9.1555875
-9.1926375
-9.1976625
-9.182325
-9.1723125
-9.1908375
-9.199725
-9.1780875
-9.1999875
-9.2049375
-9.1647375
-9.1869375
-9.1974
-9.1650375
-9.1957125
-9.2093625
-9.183975
-9.16365
-9.1743375
-9.2056125
-9.193575
-9.16905
-9.1333125
-9.191625
-9.18915
-9.2124
-9.203475
-9.2347875
-9.182175
-9.206925
-9.2002125
-9.1897125
-9.221025
-9.1732875
-9.1870875
-9.2073375
-9.2091
-9.1910625
-9.1979625
-9.2016
-9.145275
-9.164475
-9.1771125
-9.187275
-9.204225
-9.1911375
-9.1664625
-9.181125
-9.239475
-9.212175
-9.1767
-9.149775
-9.195975
-9.1762875
-9.186525
-9.2092125
-9.1989
-9.1905375
-9.19965
-9.1958625
-9.189
-9.167925
-9.168075
-9.1873875
-9.1711875
-9.1678125
-9.18405
-9.1957875
-9.2134125
-9.186675
-9.2277375
-9.197475
-9.2172
-9.1773
-9.18915
-9.212625
-9.19845
-9.1585875
-9.2074125
-9.206475
-9.1941
-9.1767
-9.1838625
-9.186075
-9.242025
-9.219675
-9.2056875
-9.1819125
-9.1713375
-9.1778625
-9.1819875
-9.187575
-9.2043
-9.177375
-9.1909125
-9.17295
-9.2244
-9.2035125
-9.1482375
-9.190575
-9.178275
-9.179925
-9.1708875
-9.1708875
-9.181875
-9.2071875
-9.1842
-9.153975
-9.1853625
-9.209925
-9.1922625
-9.1935375
-9.1943625
-9.1917375
-9.21525
-9.1836375
-9.163875
-9.1850625
-9.18945
-9.2176125
-9.152175
-9.1642125
-9.187575
-9.2307
-9.16095
-9.1612875
-9.202425
-9.1897875
-9.1694625
-9.1744125
-9.1687125
-9.1914
-9.1629375
-9.2020125
-9.2098125
-9.2023875
-9.19095
-9.1934625
-9.146325
-9.2081625
-9.2088
-9.1554
-9.2076375
-9.2095875
-9.2249625
-9.192675
-9.2132625
-9.1870125
-9.221475
-9.197925
-9.1990125
-9.20295
-9.183975
-9.1842375
-9.223875
-9.182025
-9.1952625
-9.1861875
-9.1809
-9.1931625
-9.1902
-9.2178375
-9.16695
-9.156
-9.1860375
-9.1867125
-9.2413125
-9.1622625
-9.2071875
-9.19605
-9.1869375
-9.180675
-9.169875
-9.1570875
-9.2073
-9.190875
-9.192675
-9.20205
-9.1834125
-9.1576125
-9.210675
-9.1721625
-9.1972875
-9.2010375
-9.1935
-9.2269875
-9.16695
-9.202725
-9.1579125
-9.2088
-9.173025
-9.1787625
-9.201525
-9.17745
-9.157575
-9.2079
-9.201825
-9.2126625
-9.201375
-9.210975
-9.2085
-9.1717875
-9.19365
-9.1980375
-9.193125
-9.2161875
-9.211725
-9.1611
-9.1945125
-9.175425
-9.188025
-9.1843125
-9.2133
-9.1804125
-9.1729125
-9.1793625
-9.1736625
-9.16425
-9.226725
-9.197475
-9.170025
-9.1886625
-9.1819125
-9.2013
-9.18495
-9.2151375
-9.19545
-9.1798875
-9.194625
-9.2246625
-9.1928625
-9.15375
-9.1837875
-9.2162625
-9.1888125
-9.1701
-9.2105625
-9.1966875
-9.20385
-9.1893
-9.1615875
-9.184425
-9.1597125
-9.1835625
-9.2482125
-9.2142375
-9.2387625
-9.173925
-9.1881375
-9.19065
-9.212625
-9.2084625
-9.1926375
-9.1962
-9.213975
-9.182775
-9.2275875
-9.1728375
-9.2175
-9.174075
-9.152625
-9.204225
-9.166875
-9.2005125
-9.176775
-9.2184375
-9.1824375
-9.2022
-9.19935
-9.17085
-9.1922625
-9.195675
-9.1962
-9.1704
-9.1684125
-9.1816125
-9.1985625
-9.2365875
-9.17475
-9.1476375
-9.162825
-9.20805
-9.1877625
-9.2073
-9.2010375
-9.1771875
-9.1995375
-9.168975
-9.1713
-9.1725
-9.2065875
-9.2050125
-9.17895
-9.2289
-9.20505
-9.192975
-9.2005125
-9.1782
-9.183075
-9.166575
-9.201375
-9.16185
-9.2010375
-9.1806375
-9.182175
-9.200775
-9.23985
-9.17145
-9.2067375
-9.223125
-9.18825
-9.222975
-9.1978875
-9.2037
-9.165225
-9.17055
-9.178425
-9.1782
-9.2145
-9.21345
-9.1832625
-9.188625
-9.1956375
-9.1926375
-9.167925
-9.17775
-9.1621125
-9.1764375
-9.162225
-9.194175
-9.146175
-9.2161125
-9.181875
-9.1837125
-9.17355
-9.1894875
-9.1686375
-9.1712625
-9.19935
-9.1931625
-9.15615
-9.1956
-9.170025
-9.2390625
-9.18735
-9.1828875
-9.197175
-9.1864125
-9.1889625
-9.1778625
-9.1894125
-9.1886625
-9.1781625
-9.177675
-9.201975
-9.1543125
-9.1620375
-9.195375
-9.1755375
-9.183825
-9.16815
-9.1832625
-9.1750875
-9.2377125
-9.20265
-9.1692375
-9.2112
-9.1960875
-9.16455
-9.16095
-9.229275
-9.2163
-9.1612125
-9.1882125
-9.2088
-9.1423125
-9.221625
-9.2025375
-9.1947
-9.20565
-9.188475
-9.2063625
-9.2208375
-9.1933875
-9.17535
-9.1756875
-9.2057625
-9.1509375
-9.1627125
-9.2342625
-9.1761
-9.1992375
-9.1543125
-9.18135
-9.18315
-9.16545
-9.1783875
-9.167325
-9.2200875
-9.1953375
-9.2062125
-9.1761
-9.1506375
-9.1802625
-9.181875
-9.2041875
-9.1836
-9.1617
-9.1630875
-9.1780875
-9.1865625
-9.2080875
-9.1918875
-9.161475
-9.178725
-9.2086125
-9.1716375
-9.21225
-9.212175
-9.1806375
-9.2019375
-9.170475
-9.1705125
-9.180375
-9.168375
-9.1883625
-9.1690125
-9.21045
-9.22215
-9.234
-9.18825
-9.2050875
-9.216225
-9.1887375
-9.198375
-9.20775
-9.1819125
-9.1900875
-9.16155
-9.173925
-9.200925
-9.1993875
-9.204225
-9.17625
-9.212925
-9.1318875
-9.1744125
-9.1964625
-9.1886625
-9.2110875
-9.21885
-9.1753875
-9.18525
-9.1888125
-9.2183625
-9.1596375
-9.2329125
-9.171525
-9.21045
-9.18855
-9.179175
-9.2433
-9.17265
-9.1879125
-9.2052
-9.23985
-9.189
-9.2036625
-9.2083875
-9.1821375
-9.2056875
-9.1594125
-9.1990875
-9.181575
-9.203325
-9.2215125
-9.1986
-9.23235
-9.2037
-9.1755
-9.1693875
-9.2124375
-9.2163375
-9.188475
-9.241725
-9.1840875
-9.1890375
-9.184275
-9.1692
-9.177225
-9.1780875
-9.1616625
-9.1475625
-9.1779375
-9.2056875
-9.1307625
-9.1580625
-9.190125
-9.1831875
-9.1779
-9.249825
-9.2066625
-9.1844625
-9.1746375
-9.225825
-9.1870125
-9.16185
-9.1747875
-9.1953
-9.2068875
-9.1845
-9.192375
-9.191325
-9.1692
-9.154125
-9.2104125
-9.2178
-9.2007
-9.177375
-9.2136
-9.2105625
-9.2132625
-9.193575
-9.21075
-9.1734375
-9.2094375
-9.2101875
-9.1698
-9.15675
-9.2230125
-9.1812375
-9.2049375
-9.1591125
-9.2124375
-9.21525
-9.175125
-9.224625
-9.207
-9.1956375
-9.2009625
-9.167325
-9.2200875
-9.1558125
-9.1862625
-9.1686
-9.1920375
-9.1996125
-9.1837875
-9.20505
-9.1842
-9.2379
-9.1878
-9.2035875
-9.21375
-9.1536375
-9.17385
-9.185025
-9.1760625
-9.1749375
-9.166575
-9.24105
-9.224925
-9.1642125
-9.183075
-9.211875
-9.176775
-9.166875
-9.200325
-9.1962
-9.1809375
-9.1629
-9.2217375
-9.1633875
-9.18525
-9.1770375
-9.188625
-9.2144625
-9.1927125
-9.21045
-9.1889625
-9.2032125
-9.1661625
-9.2199375
-9.19455
-9.1851
-9.178125
-9.23295
-9.1998
-9.134025
-9.1624125
-9.2157
-9.1940625
-9.1567875
-9.1879125
-9.2146125
-9.188775
-9.21735
-9.2125875
-9.2108625
-9.25095
-9.1846125
-9.2094
-9.1859625
-9.1918125
-9.1758
-9.1711875
-9.185175
-9.2052375
-9.1507125
-9.2007
-9.1591875
-9.1890375
-9.2076375
-9.1996125
-9.1869
-9.161625
-9.1690875
-9.1863375
-9.1863375
-9.1686375
-9.18345
-9.169575
-9.16695
-9.152025
-9.166575
-9.1745625
-9.2080125
-9.1644375
-9.2167875
-9.169425
-9.1723125
-9.2162625
-9.17955
-9.20115
-9.2127
-9.1702125
-9.1894875
-9.1782375
-9.226875
-9.1799625
-9.162675
-9.224475
-9.1459875
-9.183
-9.1780875
-9.182625
-9.2076
-9.1764
-9.2184375
-9.156375
-9.1776375
-9.22155
-9.182325
-9.205575
-9.201525
-9.190125
-9.222075
-9.1821375
-9.1833
-9.19005
-9.1768125
-9.1485
-9.1801125
-9.1937625
-9.1834875
-9.200025
-9.191025
-9.1832625
-9.152925
-9.169425
-9.1805625
-9.1562625
-9.1853625
-9.191775
-9.2124375
-9.1587
-9.1508625
-9.1803
-9.1846875
-9.2223
-9.193125
-9.17445
-9.1875375
-9.1797375
-9.1910625
-9.207975
-9.1976625
-9.2000625
-9.1956375
-9.1986
-9.1996125
-9.1914375
-9.202125
-9.167325
-9.18975
-9.1423875
-9.2167125
-9.21345
-9.19005
-9.2354625
-9.1801875
-9.225375
-9.1765125
-9.204
-9.1482
-9.2395125
-9.1638
-9.2109
-9.244575
-9.1914
-9.2112
-9.1983
-9.1632
-9.176175
-9.177675
-9.20145
-9.216375
-9.233925
-9.2038875
-9.1963875
-9.1332
-9.2232
-9.1921875
-9.1566375
-9.1974
-9.1873875
-9.161925
-9.1617375
-9.1156875
-9.1920375
-9.1797375
-9.1849125
-9.201975
-9.1718625
-9.1799625
-9.164175
-9.1712625
-9.2068125
-9.1501125
-9.1629
-9.193275
-9.1593375
-9.1993875
-9.1888125
-9.165225
-9.1935375
-9.1906125
-9.15195
-9.1888125
-9.191625
-9.214875
-9.1824
-9.1739625
-9.189225
-9.17925
-9.1707
-9.19125
-9.1824
-9.1675875
-9.2124375
-9.184875
-9.1851375
-9.168975
-9.1932375
-9.212475
-9.1455
-9.1906875
-9.218475
-9.191475
-9.2017125
-9.1759125
-9.188175
-9.195675
-9.1805625
-9.18225
-9.163725
-9.221025
-9.201525
-9.1878
-9.1684875
-9.2073375
-9.177525
-9.1794
-9.1916625
-9.1910625
-9.200775
-9.201975
-9.1590375
-9.1519125
-9.1600125
-9.20085
-9.191775
-9.163275
-9.2049
-9.211875
-9.1896
-9.1655625
-9.2095125
-9.210825
-9.1896375
-9.2022
-9.1576875
-9.1700625
-9.2172
-9.1993875
-9.1687875
-9.1711125
-9.2029125
-9.1996875
-9.2455875
-9.2068875
-9.2178
-9.19005
-9.1587
-9.1561875
-9.185325
-9.1990875
-9.201825
-9.1492875
-9.1635375
-9.193575
-9.1626
-9.1663125
-9.1802625
-9.1875375
-9.2412375
-9.1931625
-9.160875
-9.2064
-9.217575
-9.212775
-9.2067
-9.2046
-9.1911375
-9.20745
-9.1884
-9.1766625
-9.1868625
-9.2080125
-9.190275
-9.151875
-9.1630875
-9.1995375
-9.1965
-9.1896
-9.17205
-9.2059125
-9.215925
-9.1949625
-9.17325
-9.1513875
-9.19395
-9.220575
-9.1834125
-9.1929
-9.2196375
-9.1873875
-9.22605
-9.1498125
-9.1657125
-9.18885
-9.1733625
-9.2035875
-9.1981125
-9.1731
-9.1567875
-9.1750875
-9.1720125
-9.16965
-9.1731
-9.16035
-9.1956
-9.192225
-9.1674
-9.20745
-9.1735125
-9.22875
-9.178725
-9.223425
-9.1658625
-9.185775
-9.2155875
-9.1761
-9.14055
-9.1857
-9.1980375
-9.2113875
-9.1988625
-9.178425
-9.204075
-9.1420875
-9.2001375
-9.184275
-9.1438875
-9.1649625
-9.147225
-9.198075
-9.2000625
-9.1533375
-9.1973625
-9.205575
-9.188175
-9.1674
