-9.196275
-9.2022
-9.17865
-9.1937625
-9.1801125
-9.2296125
-9.2409375
-9.2064
-9.1770375
-9.2049
-9.207075
-9.2277375
-9.19005
-9.2109375
-9.1716
-9.2028375
-9.1681125
-9.157125
-9.184725
-9.164625
-9.1818375
-9.176775
-9.1931625
-9.211875
-9.2135625
-9.1950375
-9.200925
-9.214575
-9.192525
-9.19815
-9.179925
-9.16935
-9.21735
-9.1656375
-9.2538
-9.17475
-9.2013
-9.2057625
-9.21075
-9.1886625
-9.189525
-9.19395
-9.2034375
-9.208425
-9.1939875
-9.1746
-9.2182125
-9.1993875
-9.20085
-9.179325
-9.1692
-9.2058
-9.220875
-9.1881
-9.1423125
-9.2066625
-9.1638375
-9.22455
-9.194775
-9.2001
-9.2120625
-9.1845
-9.1931625
-9.1986
-9.1845375
-9.18735
-9.210225
-9.1846125
-9.1566
-9.2231625
-9.200475
-9.177825
-9.1864125
-9.1810125
-9.2038875
-9.1921125
-9.2171625
-9.181125
-9.1929
-9.1893
-9.1998375
-9.202575
-9.2367375
-9.1489875
-9.1853625
-9.2125125
-9.2112
-9.1753875
-9.1947375
-9.1686
-9.1605
-9.2181
-9.203475
-9.2307375
-9.1950375
-9.2022375
-9.2020125
-9.17385
-9.144825
-9.1993875
-9.2054625
-9.205425
-9.2209875
-9.1916625
-9.1778625
-9.2164875
-9.152925
-9.176025
-9.1740375
-9.1834875
-9.158775
-9.1845375
-9.2122125
-9.2068125
-9.170625
-9.2023875
-9.1386375
-9.2046375
-9.1690125
-9.2146875
-9.21825
-9.16905
-9.1670625
-9.188475
-9.2104875
-9.1536375
-9.2037
-9.211425
-9.16455
-9.1695
-9.1875
-9.174525
-9.169275
-9.1786125
-9.2257125
-9.1534125
-9.145875
-9.170925
-9.1856625
-9.17655
-9.1768125
-9.1758
-9.2152875
-9.1951875
-9.1851375
-9.1862625
-9.2459625
-9.1929375
-9.1859625
-9.1877625
-9.1773
-9.1912125
-9.1729875
-9.153
-9.181875
-9.2057625
-9.2353875
-9.21105
-9.186225
-9.1674375
-9.18855
-9.1672875
-9.1977
-9.1650375
-9.1867875
-9.1566375
-9.188025
-9.191775
-9.174225
-9.1641
-9.18555
-9.1768875
-9.1711875
-9.1729125
-9.1821
-9.1974
-9.2071125
-9.19455
-9.196275
-9.1911
-9.2198625
-9.1774125
-9.143925
-9.1998
-9.216225
-9.16575
-9.1942875
-9.207
-9.214725
-9.2010375
-9.181425
-9.16875
-9.2046375
-9.1995375
-9.1672875
-9.173625
-9.207675
-9.199125
-9.165075
-9.230625
-9.2122875
-9.214275
-9.203175
-9.177675
-9.189675
-9.194925
-9.1982625
-9.1639875
-9.1870125
-9.2195625
-9.1815375
-9.173625
-9.1572375
-9.2008875
-9.173475
-9.1927125
-9.182625
-9.1735125
-9.1825125
-9.1772625
-9.1588875
-9.218925
-9.1693875
-9.2171625
-9.2007375
-9.209475
-9.1740375
-9.1940625
-9.1719375
-9.2078625
-9.1798125
-9.197025
-9.1779
-9.162225
-9.2020125
-9.2221875
-9.179475
-9.193725
-9.2028
-9.1728
-9.1986
-9.178275
-9.2199375
-9.162
-9.191175
-9.1993875
-9.2025
-9.2074125
-9.2218125
-9.17685
-9.2068125
-9.1812
-9.1858875
-9.169275
-9.1652625
-9.210375
-9.2232
-9.16005
-9.1709625
-9.2077125
-9.17835
-9.204675
-9.1941
-9.1842375
-9.2054625
-9.191775
-9.2443875
-9.2170875
-9.18165
-9.195525
-9.1932375
-9.1692375
-9.1933875
-9.213975
-9.20295
-9.1818
-9.18705
-9.17145
-9.1758
-9.1973625
-9.160575
-9.1254375
-9.1938375
-9.169425
-9.2162625
-9.196725
-9.2089875
-9.1969875
-9.1288125
-9.18135
-9.165825
-9.1637625
-9.1916625
-9.1593
-9.1915875
-9.159
-9.1599375
-9.204375
-9.1904625
-9.20835
-9.1650375
-9.151575
-9.1504875
-9.1990125
-9.191175
-9.174825
-9.179175
-9.1786875
-9.2089875
-9.1854375
-9.1611375
-9.16065
-9.1551
-9.1980375
-9.2379
-9.1877625
-9.1982625
-9.2167125
-9.2268375
-9.190575
-9.2005125
-9.1796625
-9.15525
-9.1868625
-9.189975
-9.184425
-9.159
-9.1758375
-9.19485
-9.183
-9.1641375
-9.1983375
-9.2380875
-9.2148
-9.21
-9.2009625
-9.206025
-9.207975
-9.1990125
-9.1986
-9.2136375
-9.1904625
-9.2077875
-9.2107125
-9.1875
-9.221175
-9.1575375
-9.207225
-9.2128125
-9.1893375
-9.1746
-9.2096625
-9.2125875
-9.1427625
-9.1346625
-9.198
-9.1918125
-9.1728375
-9.157575
-9.1568625
-9.209775
-9.1962
-9.1815375
-9.1810875
-9.181725
-9.1947
-9.1359375
-9.1349625
-9.212025
-9.1435125
-9.1974
-9.18435
-9.1533375
-9.161775
-9.19095
-9.194175
-9.189675
-9.1858125
-9.201225
-9.1918125
-9.188925
-9.1804125
-9.1912125
-9.17175
-9.2006625
-9.1597125
-9.183975
-9.1915125
-9.1948125
-9.17655
-9.203625
-9.1533375
-9.1813125
-9.173475
-9.2038875
-9.1506375
-9.1623375
-9.1621875
-9.22185
-9.2050875
-9.16485
-9.204975
-9.18435
-9.1810125
-9.1885125
-9.2008875
-9.2005125
-9.1787625
-9.211275
-9.19455
-9.1975125
-9.1567125
-9.1875
-9.1997625
-9.167175
-9.183075
-9.1761375
-9.1673625
-9.203925
-9.1774125
-9.1722
-9.181875
-9.1892625
-9.152925
-9.1458
-9.1894875
-9.1667625
-9.197175
-9.1988625
-9.2277
-9.152925
-9.1908375
-9.1748625
-9.19455
-9.1884375
-9.1813125
-9.1897875
-9.2171625
-9.168375
-9.1785
-9.1934625
-9.177
-9.145425
-9.2194125
-9.195525
-9.21765
-9.1827375
-9.20685
-9.206025
-9.1746
-9.1969875
-9.19485
-9.2006625
-9.2187
-9.1734
-9.14385
-9.1926
-9.160575
-9.1618125
-9.1779
-9.1909875
-9.1932375
-9.2119875
-9.1734
-9.1684125
-9.1955625
-9.20175
-9.2118375
-9.2028
-9.13515
-9.16185
-9.1583625
-9.183075
-9.152175
-9.1583625
-9.178425
-9.1611
-9.173175
-9.17415
-9.20895
-9.1380375
-9.2169375
-9.19905
-9.1789875
-9.1988625
-9.1841625
-9.1742625
-9.2016
-9.177225
-9.189075
-9.19815
-9.1753125
-9.193575
-9.1909125
-9.1878375
-9.1993125
-9.2027625
-9.18315
-9.207675
-9.209925
-9.176775
-9.1787625
-9.2042625
-9.2352375
-9.263325
-9.1492125
-9.19305
-9.200325
-9.2354625
-9.1811625
-9.212775
-9.1807875
-9.1903125
-9.17985
-9.2416125
-9.1488
-9.1674
-9.1947
-9.219975
-9.196725
-9.20505
-9.1920375
-9.1801875
-9.18345
-9.1944375
-9.1503
-9.1665375
-9.191025
-9.1594125
-9.1957875
-9.1471125
-9.172875
-9.155175
-9.2110875
-9.174075
-9.20505
-9.1696125
-9.161775
-9.2227875
-9.153975
-9.19155
-9.2143875
-9.200175
-9.1983
-9.20745
-9.165675
-9.1953375
-9.1834875
-9.1527375
-9.1767375
-9.2104875
-9.19845
-9.1594875
-9.2011875
-9.1918875
-9.1927125
-9.1971375
-9.1636125
-9.159075
-9.179775
-9.1656375
-9.1892625
-9.1710375
-9.2251125
-9.1799625
-9.19275
-9.19725
-9.169425
-9.2262375
-9.15285
-9.1918875
-9.20445
-9.2051625
-9.1686
-9.2136
-9.1728
-9.2097375
-9.150825
-9.1801125
-9.2053125
-9.2196375
-9.192
-9.1985625
-9.1925625
-9.1552875
-9.1597125
-9.1759125
-9.1750875
-9.1938
-9.18555
-9.1900125
-9.1986375
-9.222675
-9.1743375
-9.196125
-9.15885
-9.1522125
-9.1801875
-9.153375
-9.1786875
-9.16695
-9.1987125
-9.181725
-9.164625
-9.194025
-9.1981125
-9.1846125
-9.2287875
-9.182625
-9.1882125
-9.1797
-9.1897125
-9.1893
-9.1716
-9.1989
-9.1886625
-9.1515375
-9.168825
-9.2052
-9.21075
-9.1792125
-9.161325
-9.1774125
-9.2170875
-9.1660875
-9.1762875
-9.196575
-9.2074125
-9.2263875
-9.170175
-9.19335
-9.1918125
-9.19605
-9.2196375
-9.19875
-9.1989375
-9.197475
-9.1788375
-9.1723875
-9.189825
-9.2009625
-9.2146125
-9.2158125
-9.1905
-9.2137125
-9.2084625
-9.2098125
-9.2043375
-9.2184
-9.200775
-9.1951125
-9.2307
-9.2075625
-9.13335
-9.1978875
-9.2130375
-9.2027625
-9.1813125
-9.2204625
-9.2014125
-9.16395
-9.1755
-9.18975
-9.2187375
-9.164925
-9.21645
-9.2443875
-9.20085
-9.1533375
-9.1928625
-9.1605
-9.1812
-9.216
-9.219375
-9.1908375
-9.181875
-9.1732875
-9.1848
-9.2023875
-9.2043
-9.2210625
-9.194625
-9.1989
-9.19605
-9.1782375
-9.1705875
-9.1741125
-9.192225
-9.1877625
-9.1598625
-9.18525
-9.2015625
-9.2080125
-9.167325
-9.193725
-9.195225
-9.2333625
-9.1822875
-9.145725
-9.2110875
-9.20355
-9.1765875
-9.170775
-9.2103375
-9.1795875
-9.2391
-9.182475
-9.1692375
-9.239475
-9.21165
-9.2505375
-9.1935
-9.1549875
-9.165825
-9.20145
-9.195375
-9.1947375
-9.2103375
-9.176475
-9.1902375
-9.1942125
-9.1945875
-9.2126625
-9.2057625
-9.183675
-9.2127
-9.2050875
-9.1978125
-9.2275875
-9.20835
-9.2073375
-9.1951125
-9.2162625
-9.2407875
-9.18525
-9.207225
-9.18165
-9.1700625
-9.18225
-9.2193
-9.2280375
-9.180975
-9.2071125
-9.210975
-9.19965
-9.1699875
-9.215925
-9.1639125
-9.1979625
-9.1942125
-9.2059125
-9.1559625
-9.231675
-9.224475
-9.2331375
-9.1940625
-9.2169
-9.2083125
-9.1882875
-9.124875
-9.206175
-9.1779375
-9.1973625
-9.1633875
-9.208725
-9.182475
-9.1991625
-9.167025
-9.178275
-9.200625
-9.1705125
-9.1695375
-9.21105
-9.1678125
-9.2086875
-9.1802625
-9.1934625
-9.1884375
-9.19065
-9.189075
-9.1905
-9.191475
-9.1865625
-9.1873125
-9.1845375
-9.168975
-9.1992375
-9.2142375
-9.162525
-9.1914375
-9.1489125
-9.20535
-9.186075
-9.2125125
-9.192825
-9.22755
-9.1743
-9.2244
-9.1724625
-9.1776
-9.1969125
-9.1713
-9.17355
-9.2161125
-9.177225
-9.20325
-9.1593375
-9.1998375
-9.171075
-9.20655
-9.20355
-9.2134125
-9.207975
-9.169725
-9.1929375
-9.2122125
-9.1785375
-9.223875
-9.185775
-9.155475
-9.2173875
-9.2214375
-9.1965
-9.21585
-9.19335
-9.2012625
-9.1872
-9.1774875
-9.1828875
-9.203325
-9.1903875
-9.1926
-9.1803375
-9.2202
-9.2075625
-9.182025
-9.164175
-9.1919625
-9.166125
-9.2265375
-9.175275
-9.1799625
-9.2163
-9.220575
-9.198
-9.221925
-9.192825
-9.1959
-9.16455
-9.2373
-9.184125
-9.2223
-9.1930875
-9.1765875
-9.195975
-9.1941375
-9.201225
-9.185925
-9.181425
-9.1593
-9.203925
-9.196425
-9.1735125
-9.1846125
-9.2075625
-9.1575375
-9.2110125
-9.173775
-9.1805625
-9.1700625
-9.20565
-9.1786125
-9.1899375
-9.179175
-9.16695
-9.171
-9.181275
-9.17055
-9.1587
-9.1518375
-9.209325
-9.195225
-9.1917
-9.1732875
-9.181275
-9.18975
-9.199425
-9.144525
-9.1799625
-9.176625
-9.1901625
-9.1573875
-9.1668375
-9.1924125
-9.1807125
-9.186
-9.18945
-9.1971
-9.18015
-9.179175
-9.181725
-9.1927875
-9.2271375
-9.170925
-9.2210625
-9.1772625
-9.186675
-9.19515
-9.1777875
-9.1876125
-9.2179875
-9.19095
-9.214275
-9.2154375
-9.19905
-9.1779375
-9.19815
-9.1855125
-9.2004375
-9.1959
-9.1694625
-9.19845
-9.20715
-9.233175
-9.1846875
-9.1659375
-9.1966875
-9.23025
-9.161925
-9.1862625
-9.1681875
-9.204825
-9.2076375
-9.20865
-9.1978125
-9.1602375
-9.176625
-9.189825
-9.1855875
-9.164925
-9.1902
-9.213375
-9.1982625
-9.1953
-9.1950375
-9.1668375
-9.1628625
-9.2208375
-9.200625
-9.2067
-9.1800375
-9.24465
-9.187425
-9.2239125
-9.164475
-9.1979625
-9.1861875
-9.2217375
-9.199725
-9.1643625
-9.1807125
-9.1875375
-9.1883625
-9.19545
-9.1861875
-9.1806375
-9.1867125
-9.167175
-9.242925
-9.169275
-9.1936125
-9.1755
-9.2008875
-9.229275
-9.2004
-9.222825
-9.14745
-9.1764
-9.2007
-9.129975
-9.1942875
-9.2124375
-9.249675
-9.1513125
-9.1739625
-9.1773375
-9.17595
-9.1624875
-9.15585
-9.1726125
-9.2239125
-9.1816875
-9.1685625
-9.18435
-9.181875
-9.1934625
-9.1872
-9.1797
-9.216975
-9.172875
-9.16185
-9.198675
-9.20415
-9.17895
-9.159825
-9.1845375
-9.230475
-9.1545375
-9.1867125
-9.1621875
-9.2148375
-9.17235
-9.1902
-9.187575
-9.195225
-9.2185125
-9.1885125
-9.2077875
-9.198
-9.2083875
-9.1501875
-9.202575
-9.154425
-9.234075
-9.207225
-9.2155125
-9.153
-9.172425
-9.1974
-9.185025
-9.18555
-9.184875
-9.2212875
-9.1732125
-9.1955625
-9.1627875
-9.1708875
-9.170175
-9.1851
-9.2032875
-9.2195625
-9.1773375
-9.180225
-9.177525
-9.18555
-9.198675
-9.205425
-9.1573875
-9.1674375
-9.170475
-9.2122875
-9.205275
-9.1888125
-9.1798875
-9.1966875
-9.189075
-9.2017875
-9.1943625
-9.189075
-9.1949625
-9.215475
-9.1461375
-9.1698
-9.1935
-9.168225
-9.1638
-9.2049375
-9.18525
-9.207075
-9.1793625
-9.1861875
-9.175575
-9.155925
-9.2128125
-9.2057625
-9.2033625
-9.1451625
-9.2291625
-9.1723125
-9.2008875
-9.1866375
-9.1512375
-9.2077875
-9.176775
-9.185775
-9.1812375
-9.18225
-9.15705
-9.2045625
-9.2034375
-9.1788375
-9.2059875
-9.1452
-9.2299125
-9.216825
-9.191775
-9.1714875
-9.18825
-9.1758
-9.203625
-9.19335
-9.1701
-9.1719375
-9.1783125
-9.18825
-9.1982625
-9.166575
-9.198375
-9.1794
-9.1821375
-9.210825
-9.1911
-9.194625
-9.1652625
-9.1728
-9.18765
-9.21
-9.18315
-9.164475
-9.1845375
-9.1537125
-9.1643625
-9.21045
-9.2128125
-9.172575
-9.195
-9.182925
-9.188925
-9.201675
-9.1404375
-9.2052
-9.1653
-9.1649625
-9.2215125
-9.180075
-9.1833375
-9.202725
-9.19155
-9.215175
-9.188625
-9.1825125
-9.2055
-9.2031375
-9.1879125
-9.17175
-9.1858125
-9.13335
-9.191775
-9.190425
-9.1932
-9.220875
-9.1505625
-9.1761
-9.1869
-9.19905
-9.22755
-9.17475
-9.220275
-9.1805625
-9.2099625
-9.19005
-9.1869
-9.21375
-9.1918875
-9.216525
-9.2132625
-9.215925
-9.1711875
-9.219975
-9.1621875
-9.1969125
-9.1911
-9.1858125
-9.1792125
-9.17865
-9.2180625
-9.1780875
-9.1904625
-9.20925
-9.188925
-9.218175
-9.1821
-9.17355
-9.1748625
-9.1573125
-9.1827
-9.1585875
-9.20025
-9.1780875
-9.1667625
-9.1789875
-9.1968
-9.2011125
-9.1925625
-9.1749
-9.1993875
-9.1770375
-9.2201625
-9.160125
-9.1963875
-9.2067
-9.205875
-9.205425
-9.1887
-9.1881
-9.16035
-9.1728375
-9.1681125
-9.2095125
-9.1549875
-9.1741875
-9.1506
-9.2046375
-9.220275
-9.1693125
-9.1851375
-9.182175
-9.1713
-9.1929
-9.2087625
-9.177075
-9.1699875
-9.2016
-9.1687875
-9.203775
-9.164775
-9.16965
-9.2127375
-9.200475
-9.157125
-9.2056125
-9.19275
-9.2218125
-9.2223375
-9.18945
-9.2260875
-9.2142
-9.2136375
-9.18315
-9.2002875
-9.196275
-9.2053875
-9.196275
-9.2023875
-9.1914
-9.1446
-9.211275
-9.179625
-9.1605375
-9.204825
-9.174375
-9.2011875
-9.2085
-9.1770375
-9.2076
-9.166725
-9.1621875
-9.197025
-9.1500375
-9.16455
-9.1608375
-9.211875
-9.1848375
-9.192375
-9.1859625
-9.138225
-9.1774875
-9.218925
-9.1654125
-9.196875
-9.2394375
-9.200475
-9.2179875
-9.1844625
-9.1594125
-9.15615
-9.1883625
-9.1935
-9.1879125
-9.2232
-9.194475
-9.2052
-9.18255
-9.179325
-9.168075
-9.251925
-9.1804875
-9.16755
-9.1542
-9.2037
-9.1933875
-9.200025
-9.1716375
-9.20055
-9.2044875
-9.1950375
-9.21315
-9.2169
-9.2416125
-9.176175
-9.1822875
-9.177825
-9.157725
-9.2008125
-9.1840875
-9.172125
-9.1866375
-9.1525875
-9.183
-9.2008125
-9.237
-9.1821
-9.203925
-9.180225
-9.1914375
-9.1899
-9.158925
-9.2216625
-9.2019375
-9.1693125
-9.2033625
-9.145725
-9.1980375
-9.1600125
-9.194025
-9.17805
-9.1902375
-9.1761375
-9.2025
-9.193725
-9.1823625
-9.2019
-9.161475
-9.20535
-9.196275
-9.183975
-9.1716375
-9.18675
-9.173175
-9.189225
-9.2224125
-9.19305
-9.18105
-9.208125
-9.187875
-9.1559625
-9.228
-9.194625
-9.1947
-9.16875
-9.2046
-9.1875375
-9.1592625
-9.2285625
-9.2115
-9.17505
-9.221325
-9.1746
-9.15225
-9.194025
-9.2377125
-9.156075
-9.157875
-9.1832625
-9.1900125
-9.1749375
-9.201675
-9.202275
-9.204075
-9.241875
-9.223575
-9.18765
-9.165675
-9.2126625
-9.2091375
-9.1999875
-9.1402875
-9.2085
-9.2170875
-9.184725
-9.224925
-9.14955
-9.1918875
-9.212625
-9.1708125
-9.22215
-9.2397375
-9.157575
-9.17235
-9.1870125
-9.1496625
-9.1984125
-9.1454625
-9.1808625
-9.1812375
-9.1668375
-9.162
-9.190875
-9.1807875
-9.1894875
-9.2255625
-9.2082
-9.192525
-9.1812375
-9.1815
-9.1952625
-9.1805625
-9.2079375
-9.261675
-9.1543125
-9.23265
-9.174
-9.1767375
-9.1781625
-9.193125
-9.14535
-9.2019375
-9.20505
-9.177825
-9.173325
-9.1921875
-9.2089875
-9.2022
-9.177675
-9.1774125
-9.209325
-9.2036625
-9.1609125
-9.1953
-9.206025
-9.1461
-9.232725
-9.1901625
-9.1528125
-9.16515
-9.1796625
-9.177525
-9.1918875
-9.1741125
-9.175875
-9.16755
-9.216225
-9.2071875
-9.1988625
-9.1923375
-9.165375
-9.182175
-9.1795875
-9.1924125
-9.1686
-9.20985
-9.147
-9.187425
-9.1921875
-9.2242125
-9.1677
-9.1986
-9.1612125
-9.215475
-9.177525
-9.1722375
-9.20835
-9.2266875
-9.1926375
-9.182475
-9.2251125
-9.16365
-9.171675
-9.184725
-9.1822875
-9.18495
-9.2090625
-9.2076
-9.2290875
-9.1555125
-9.2284125
-9.16635
-9.1578
-9.17775
-9.1989
-9.1714125
-9.191175
-9.2178375
-9.1978125
-9.1878375
-9.1842375
-9.1566
-9.23145
-9.199875
-9.2136375
-9.1752375
-9.16815
-9.1783125
-9.1584
-9.184275
-9.1830375
-9.1699125
-9.162075
-9.2230875
-9.1834125
-9.1768875
-9.1899375
-9.2163
-9.213525
-9.2262375
-9.165975
-9.186075
-9.151725
-9.18795
-9.1627125
-9.1879875
-9.1956
-9.18915
-9.206925
-9.1849875
-9.1741125
-9.1691625
-9.2060625
-9.182625
-9.17865
-9.17655
-9.177375
-9.201075
-9.1914375
-9.193575
-9.198075
-9.16485
-9.1986
-9.18255
-9.1585875
-9.167925
-9.1840125
-9.2012625
-9.1714125
-9.1840125
-9.1809
-9.2019375
-9.142875
-9.186525
-9.192225
-9.202725
-9.1756875
-9.217425
-9.17925
-9.197625
-9.1904625
-9.143025
-9.211725
-9.195525
-9.19875
-9.211875
-9.1923
-9.1758375
-9.2259375
-9.17475
-9.1756125
-9.1884375
-9.1712625
-9.1790625
-9.1858125
-9.193575
-9.201225
-9.212175
-9.1938
-9.1417875
-9.156
-9.1995
-9.1951125
-9.186525
-9.1965
-9.159525
-9.165375
-9.221775
-9.1818
-9.2442
-9.1919625
-9.209325
-9.162825
-9.1621875
-9.1854375
-9.198
-9.1826625
-9.191325
-9.197325
-9.2013375
-9.16155
-9.2012625
-9.1861875
-9.2017125
-9.195
-9.153675
-9.1740375
-9.189225
-9.1867125
-9.197625
-9.1642875
-9.1686
-9.228975
-9.2006625
-9.19665
-9.1873875
-9.222075
-9.1659
-9.2138625
-9.203475
-9.1961625
-9.1714875
-9.1920375
-9.1881
-9.262875
-9.162525
-9.2005125
-9.1957125
-9.1739625
-9.17295
-9.1763625
-9.1774125
-9.1816875
-9.2068875
-9.1956375
-9.1759875
-9.2034375
-9.172875
-9.1858875
-9.156
-9.2106
-9.16935
-9.164325
-9.205875
-9.2226375
-9.195975
-9.1833
-9.1985625
-9.1931625
-9.1784625
-9.2224875
-9.144075
-9.174675
-9.1984875
-9.1986
-9.217725
-9.1846125
-9.2013
-9.2277375
-9.188325
-9.1698375
-9.192825
-9.2016
-9.2043375
-9.1824375
-9.1845375
-9.1858125
-9.1800375
-9.1859625
-9.192675
-9.1829625
-9.175575
-9.1943625
-9.17415
-9.1907625
-9.20175
-9.1845375
-9.215325
-9.1849125
-9.1588875
-9.17265
-9.185025
-9.1734
-9.2209125
-9.2175
-9.1732875
-9.1761375
-9.231225
-9.1761375
-9.2154375
-9.15945
-9.200925
-9.1800375
-9.1808625
-9.1610625
-9.205725
-9.206175
-9.212325
-9.1974375
-9.1629
-9.1855125
-9.1749375
-9.1857375
-9.198225
-9.189225
-9.17205
-9.200625
-9.1587
-9.1674
-9.1795875
-9.174675
-9.181875
-9.182625
-9.1747125
-9.220125
-9.2022
-9.1877625
-9.2131125
-9.170925
-9.2121375
-9.1852875
-9.2032875
-9.174075
-9.2210625
-9.2011125
-9.1517625
-9.2095125
-9.1957125
-9.1598625
-9.209025
-9.1672125
-9.188625
-9.188925
-9.199575
-9.192825
-9.188175
-9.1831125
-9.145725
-9.17985
-9.2089875
-9.2050125
-9.193275
-9.2034
-9.2168625
-9.1705875
-9.182475
-9.1674375
-9.18705
-9.2185875
-9.1840125
-9.1989
-9.1635375
-9.2139
-9.2027625
-9.2083125
-9.160575
-9.1758375
-9.1633125
-9.1977
-9.1870125
-9.1302375
-9.1725375
-9.2040375
-9.1795125
-9.1546125
-9.1785
-9.2146125
-9.1922625
-9.1435125
-9.1714125
-9.151275
-9.1758375
-9.169125
-9.167625
-9.211575
-9.1731375
-9.1630875
-9.192
-9.202725
-9.1486125
-9.1932
-9.18945
-9.1777125
-9.1704
-9.228525
-9.1498125
-9.2320125
-9.159225
-9.170625
-9.1981125
-9.164475
-9.1782
-9.2029125
-9.200625
-9.2071125
-9.1747125
-9.23595
-9.1879875
-9.2037375
-9.184275
-9.18585
-9.200625
-9.1837125
-9.202725
-9.216525
-9.200475
-9.204075
-9.158625
-9.1735125
-9.1981125
-9.2091
-9.189525
-9.174825
-9.13575
-9.1736625
-9.1940625
-9.1833375
-9.1927125
-9.1714125
-9.1856625
-9.1677
-9.2145375
-9.2288625
-9.2295
-9.171825
-9.21555
-9.17595
-9.1753875
-9.219825
-9.159375
-9.165075
-9.185475
-9.1858125
-9.1627875
-9.1546125
-9.1737
-9.2343375
-9.1582875
-9.2172
-9.1893375
-9.171
-9.18735
-9.1962375
-9.1961625
-9.18735
-9.20985
-9.1692
-9.16545
-9.1746375
-9.1965
-9.1743
-9.201375
-9.1699875
-9.170475
-9.160425
-9.1638
-9.172425
-9.2166375
-9.1783875
-9.1945875
-9.190875
-9.1865625
-9.177525
-9.1707375
-9.2054625
-9.206025
-9.2073375
-9.1711875
-9.1878375
-9.185925
-9.19665
-9.186675
-9.1770375
-9.1914375
-9.1708875
-9.1828125
-9.165375
-9.198225
-9.2142
-9.1545375
-9.20085
-9.197775
-9.174675
-9.1401
-9.1920375
-9.1818
-9.2193375
-9.220125
-9.1853625
-9.1947375
-9.2200875
-9.1953375
-9.2050875
-9.18315
-9.1633875
-9.2082
-9.2488875
-9.216
-9.1883625
-9.2405625
-9.20685
-9.2023125
-9.215175
-9.17115
-9.23115
-9.200925
-9.1854375
-9.1825125
-9.1917375
-9.1599
-9.18915
-9.1647375
-9.1743
-9.2223375
-9.1857
-9.1998
-9.17145
-9.192825
-9.199275
-9.1671375
-9.1641
-9.1704
-9.17565
-9.20625
-9.189
-9.1834125
-9.197025
-9.17325
-9.167325
-9.2167875
-9.2148375
-9.16935
-9.1996875
-9.1716
-9.1986
-9.2064
-9.13125
-9.181725
-9.19155
-9.1747125
-9.2122875
-9.1837875
-9.1794
-9.1854375
-9.18675
-9.1377375
-9.1645875
-9.19425
-9.2189625
-9.192375
-9.1733625
-9.2032875
-9.19905
-9.2254125
-9.1732125
-9.2008125
-9.176025
-9.1855875
-9.20415
-9.1797375
-9.18195
-9.2188125
-9.21525
-9.1625625
-9.1828875
-9.20985
-9.1803375
-9.1998375
-9.2170875
-9.16845
-9.1707
-9.1730625
-9.203925
-9.183825
-9.1973625
-9.19635
-9.15615
-9.164925
-9.15165
-9.1531125
-9.206325
-9.1879875
-9.227025
-9.162825
-9.185775
-9.1695
-9.221175
-9.166725
-9.2284875
-9.2130375
-9.1552125
-9.20235
-9.219
-9.187425
-9.1681875
-9.1976625
-9.188025
-9.1562625
-9.1772625
-9.1702125
-9.2065125
-9.2133
-9.1575375
-9.218325
-9.1873125
-9.2371875
-9.175275
-9.1799625
-9.1776375
-9.18885
-9.1313625
-9.1804125
-9.1825125
-9.2073375
-9.1660125
-9.2140875
-9.1722375
-9.1638375
-9.19575
-9.20865
-9.1839
-9.19395
-9.207675
-9.154425
-9.204675
-9.1812375
-9.2051625
-9.2002875
-9.2092875
-9.18435
-9.1561875
-9.1593375
-9.2273625
-9.2004
-9.184425
-9.2157375
-9.19725
-9.1923
-9.170625
-9.224475
-9.1947375
-9.1801125
-9.18885
-9.21135
-9.1850625
-9.1780875
-9.20505
-9.1830375
-9.2344125
-9.1993125
-9.2074125
-9.1726875
-9.1908375
-9.1626
-9.2041125
-9.1635375
-9.2125875
-9.1779
-9.18525
-9.2219625
-9.157725
-9.2020125
-9.1451625
-9.1709625
-9.177375
-9.19065
-9.1779375
-9.1718625
-9.174
-9.1672875
-9.1994625
-9.1764
-9.1795125
-9.1958625
-9.181725
-9.170325
-9.176175
-9.2029875
-9.20535
-9.2166
-9.1785
-9.185925
-9.1867875
-9.1684125
-9.1768875
-9.217575
-9.1966125
-9.1696875
-9.2110875
-9.1977
-9.1707375
-9.2013
-9.2035125
-9.1855875
-9.2017125
-9.1938375
-9.1903875
-9.1696875
-9.216
-9.202875
-9.19845
-9.2119875
-9.1583625
-9.185475
-9.1922625
-9.17985
-9.189675
-9.174525
-9.218175
-9.1961625
-9.1959375
-9.1953375
-9.1691625
-9.2167125
-9.2115375
-9.166725
-9.1708125
-9.18615
-9.216675
-9.1641
-9.1972875
-9.219225
-9.21315
-9.206175
-9.1646625
-9.209925
-9.178875
-9.1569375
-9.1953375
-9.1790625
-9.1737375
-9.213975
-9.2104125
-9.201525
-9.192
-9.1545
-9.1872375
-9.1395375
-9.2088375
-9.16455
-9.205575
-9.1987125
-9.20475
-9.2133
-9.17535
-9.19185
-9.2010375
-9.1930125
-9.1512375
-9.198975
-9.205875
-9.19575
-9.1878375
-9.2152875
-9.2134125
-9.1937625
-9.1765125
-9.1878
-9.208725
-9.204
-9.1552875
-9.1825125
-9.1753125
-9.2000625
-9.2066625
-9.179025
-9.1974375
-9.1882875
-9.18075
-9.21045
-9.1864125
-9.1402125
-9.2320875
-9.170625
-9.1873875
-9.1717125
-9.185325
-9.171975
-9.17955
-9.18705
-9.23925
-9.20835
-9.231525
-9.2377125
-9.1684125
-9.2166375
-9.2038125
-9.1569375
-9.154875
-9.1574625
-9.2109
-9.1960875
-9.19365
-9.1831875
-9.1935375
-9.19905
-9.1617375
-9.1564125
-9.2062125
-9.21105
-9.2281875
-9.1794
-9.1776
-9.2079375
-9.1968
-9.1860375
-9.1705875
-9.2052375
-9.1717875
-9.1789125
-9.1983
-9.1881
-9.199575
-9.18135
-9.189075
-9.208125
-9.1734375
-9.1784625
-9.2301375
-9.2182125
-9.19875
-9.1947375
-9.1978125
-9.2049
-9.1671
-9.1881375
-9.1998
-9.16575
-9.18165
-9.1594125
-9.1939125
-9.1905
-9.20325
-9.1683375
-9.230325
-9.1651875
-9.1783875
-9.2291625
-9.1809
-9.1933125
-9.1891125
-9.191025
-9.2115
-9.18705
-9.185775
-9.2071875
-9.1791375
-9.1768875
-9.1786875
-9.201675
-9.19815
-9.1882875
-9.1843125
-9.1854
-9.1918125
-9.1964625
-9.1970625
-9.1644
-9.2003625
-9.1984875
-9.174075
-9.188625
-9.1498125
-9.201
-9.1547625
-9.2048625
-9.1936125
-9.2185125
-9.2072625
-9.2074125
-9.205575
-9.173325
-9.24045
-9.16635
-9.2022
-9.179625
-9.1792125
-9.2086125
-9.1595625
-9.2233125
-9.1827375
-9.21105
-9.1992
-9.193425
-9.1795875
-9.1736625
-9.1845
-9.1747875
-9.1881375
-9.218775
-9.19665
-9.2170875
-9.1910625
-9.2199375
-9.208575
-9.24
-9.1912125
-9.2130375
-9.208125
-9.2004
-9.2034375
-9.219675
-9.1634625
-9.184275
-9.170625
-9.2080125
-9.2014125
-9.147675
-9.1688625
-9.1854
-9.196125
-9.2133
-9.1939875
-9.1941375
-9.2038125
-9.178875
-9.224025
-9.1633875
-9.214275
-9.1720125
-9.1546875
-9.1613625
-9.166275
-9.1876875
-9.215475
-9.212775
-9.1824375
-9.1981125
-9.17685
-9.195525
-9.2069625
-9.2107125
-9.1855875
-9.1881
-9.1672875
-9.1875375
-9.1839375
-9.19665
-9.217125
-9.2311125
-9.1713
-9.1761375
-9.1642125
-9.193725
-9.159075
-9.1665
-9.172275
-9.1986
-9.1791
-9.188025
-9.1410375
-9.1951875
-9.224175
-9.15705
-9.1572375
-9.1828125
-9.144
-9.18375
-9.1936875
-9.16515
-9.1726125
-9.188775
-9.153075
-9.1428375
-9.1669125
-9.1675125
-9.1753125
-9.163875
-9.2185125
-9.20955
-9.1513125
-9.194325
-9.1254
-9.253125
-9.162075
-9.212175
-9.1764
-9.221025
-9.224175
-9.1788
-9.1511625
-9.163425
-9.1987875
-9.211875
-9.2014875
-9.21285
-9.2053125
-9.2284875
-9.1790625
-9.1997625
-9.2004
-9.149325
-9.2041125
-9.173025
-9.1893375
-9.2051625
-9.1866
-9.2021625
-9.1614
-9.1910625
-9.1935
-9.1851375
-9.1984125
-9.169425
-9.1966875
-9.1843875
-9.2180625
-9.201075
-9.1606125
-9.1734375
-9.1706625
-9.1487625
-9.1648125
-9.18045
-9.1771875
-9.1991625
-9.189825
-9.18645
-9.1804125
-9.1910625
-9.1702875
-9.2088
-9.179925
-9.1828875
-9.1868625
-9.1660875
-9.1811625
-9.1676625
-9.1713
-9.2211375
-9.1912875
-9.1744125
-9.2152125
-9.1854
-9.1683375
-9.1953
-9.1873125
-9.175125
-9.155025
-9.206325
-9.1731375
-9.2029125
-9.167025
-9.20655
-9.183075
-9.1671
-9.16065
-9.195825
-9.1606875
-9.1532625
-9.1786125
-9.2129625
-9.2376375
-9.2236125
-9.21345
-9.16335
-9.1808625
-9.1677375
-9.16155
-9.1945875
-9.1873875
-9.170775
-9.2086875
-9.2266875
-9.2025
-9.2017875
-9.1880625
-9.2040375
-9.2074125
-9.21435
-9.1795125
-9.174225
-9.1591875
-9.180975
-9.18555
-9.120525
-9.2008125
-9.2235375
-9.176475
-9.1957875
-9.15525
-9.215925
-9.150975
-9.2037
-9.233775
-9.1425
-9.1905375
-9.203025
-9.1958625
-9.1982625
-9.2002875
-9.17115
-9.219675
-9.2343
-9.17835
-9.170925
-9.184425
-9.163125
-9.1558875
-9.1555875
-9.18525
-9.181575
-9.150675
-9.172125
-9.1552875
-9.14025
-9.1704
-9.2101875
-9.1624875
-9.2085
-9.1732125
-9.1911
-9.149025
-9.1862625
-9.201375
-9.1687875
-9.1900125
-9.1713
-9.1588125
-9.1738875
-9.209775
-9.1958625
-9.198975
-9.157275
-9.166425
-9.1600125
-9.15975
-9.1776
-9.188325
-9.195075
-9.152175
-9.1549125
-9.1954875
-9.197625
-9.1806375
-9.21495
-9.1663125
-9.1890375
-9.2371125
-9.2079375
-9.1615875
-9.1879875
-9.2031375
-9.200025
-9.1588875
-9.190425
-9.1821
-9.1716375
-9.18615
-9.174375
-9.1527375
-9.2125125
-9.201225
-9.219825
-9.1597125
-9.17445
-9.20355
-9.207075
-9.2059125
-9.2143875
-9.18435
-9.18345
-9.2267625
-9.207
-9.2193375
-9.16665
-9.187275
-9.2019375
-9.1662
-9.1914
-9.2197875
-9.168375
-9.1836
-9.144525
-9.1933875
-9.163425
-9.1699875
-9.1834125
-9.1650375
-9.2054625
-9.1970625
-9.166275
-9.229125
-9.165
-9.1446
-9.1867875
-9.1833375
-9.1677
-9.217125
-9.1839375
-9.2259
-9.1377375
-9.17565
-9.173175
-9.1717125
-9.2072625
-9.182325
-9.182475
-9.1552875
-9.1898625
-9.205875
-9.1685625
-9.20985
-9.1774125
-9.212175
-9.2167875
-9.20025
-9.17805
-9.1803
-9.1777125
-9.2199375
-9.1779
-9.20295
-9.1403625
-9.17655
-9.1905
-9.201075
-9.1623375
-9.23115
-9.16875
-9.213075
-9.171375
-9.2143875
-9.1559625
-9.1892625
-9.15285
-9.1718625
-9.19635
-9.171975
-9.198825
-9.1627875
-9.1480125
-9.2091
-9.2029125
-9.206175
-9.174075
-9.19035
-9.1909875
-9.1899
-9.168525
-9.180825
-9.2235
-9.1958625
-9.1892625
-9.2073375
-9.1874625
-9.1855875
-9.18195
-9.1869375
-9.17985
-9.198825
-9.1746375
-9.2103375
-9.219825
-9.1414875
-9.18015
-9.2216625
-9.1601625
-9.1806375
-9.1848
-9.147675
-9.16815
-9.2336625
-9.18465
-9.2323125
-9.1898625
-9.1965
-9.1968375
-9.210525
-9.179325
-9.2121375
-9.1550625
-9.200025
-9.17775
-9.168525
-9.2298
-9.17025
-9.17025
-9.1754625
-9.163425
-9.1841625
-9.1509375
-9.1911
-9.1836375
-9.206775
-9.1708125
-9.204375
-9.171075
-9.161625
-9.1584
-9.2085
-9.1785375
-9.1891125
-9.17925
-9.19485
-9.1743375
-9.2005875
-9.1911375
-9.2070375
-9.1708125
-9.1980375
-9.202725
-9.185475
-9.1484625
-9.193575
-9.1551375
-9.1816875
-9.185625
-9.19365
-9.1995375
-9.1641
-9.2087625
-9.190425
-9.1926
-9.1755375
-9.1668375
-9.1739625
-9.1691625
-9.164925
-9.17565
-9.2237625
-9.1811625
-9.1636875
-9.18675
-9.1923375
-9.228225
-9.1942125
-9.1666875
-9.1790625
-9.151725
-9.204
-9.187425
-9.1924125
-9.2239875
-9.2205375
-9.1937625
-9.1897125
-9.2004375
-9.1872375
-9.1662375
-9.2184
-9.1643625
-9.1783125
-9.1851375
-9.191475
-9.2267625
-9.1612875
-9.1899
-9.1798125
-9.225
-9.153525
-9.19845
-9.1584375
-9.2044875
-9.167775
-9.209025
-9.160275
-9.201825
-9.191475
-9.1869375
-9.18675
-9.164175
-9.183075
-9.20385
-9.131925
-9.2280375
-9.1717875
-9.1972875
-9.1983375
-9.1641
-9.1826625
-9.2176125
-9.1684875
-9.2345625
-9.21765
-9.1796625
-9.203025
-9.1705875
-9.1719
-9.216525
-9.188325
-9.173625
-9.168825
-9.2101125
-9.1683
-9.2005125
-9.151275
-9.1918875
-9.177225
-9.146325
-9.18495
-9.1672875
-9.18105
-9.2007375
-9.2084625
-9.190725
-9.1885125
-9.182475
-9.2121375
-9.1935
-9.2032875
-9.174675
-9.2000625
-9.1984875
-9.167925
-9.2117625
-9.167625
-9.1764
-9.214275
-9.1842375
-9.2046
-9.220575
-9.1857
-9.21885
-9.1884375
-9.2058
-9.16755
-9.2277
-9.171225
-9.2091375
-9.213375
-9.1943625
-9.2212125
-9.2200875
-9.2046
-9.1486875
-9.1978875
-9.18285
-9.1866375
-9.1915125
-9.168525
-9.184575
-9.1686375
-9.1718625
-9.1696125
-9.1945125
-9.2217
-9.13845
-9.20895
-9.1826625
-9.1780875
-9.1897125
-9.2324625
-9.218475
-9.2005125
-9.174375
-9.1935375
-9.134775
-9.2001
-9.171675
-9.1775625
-9.141975
-9.1982625
-9.1767
-9.184725
-9.1753125
-9.2107125
-9.194475
-9.1846125
-9.203925
-9.182325
-9.1969125
-9.18795
-9.2199
-9.158325
-9.21555
-9.1723125
-9.174375
-9.1965375
-9.1733625
-9.1867875
-9.1673625
-9.18525
-9.1995
-9.1808625
-9.2013
-9.1483875
-9.1954125
-9.192675
-9.1734
-9.1670625
-9.20655
-9.188025
-9.2219625
-9.1521
-9.198
-9.208125
-9.2085375
-9.17985
-9.1862625
-9.1827375
-9.18615
-9.189975
-9.1699125
-9.2293875
-9.2149125
-9.1675875
-9.2004
-9.218025
-9.1879875
-9.1828125
-9.1714125
-9.19395
-9.182025
-9.18255
-9.194925
-9.1713
-9.1581375
-9.184725
-9.2243625
-9.1842375
-9.2413875
-9.170775
-9.2088375
-9.165825
-9.191925
-9.1479375
-9.202125
-9.1900125
-9.17145
-9.19335
-9.2008875
-9.176925
-9.223275
-9.216675
-9.2200125
-9.1892625
-9.2089125
-9.1936875
-9.1920375
-9.156525
-9.1678125
-9.1594125
-9.205125
-9.169425
-9.22665
-9.2125125
-9.177825
-9.1933875
-9.14955
-9.1669875
-9.1620375
-9.178425
-9.1834125
-9.1630125
-9.20715
-9.1662
-9.1618875
-9.21285
-9.17505
-9.22545
-9.1797375
-9.1805625
-9.1992375
-9.17025
-9.1912125
-9.1761
-9.15315
-9.211875
-9.210075
-9.1651875
-9.2168625
-9.209325
-9.1590375
-9.191625
-9.2154
-9.1942125
-9.1669125
-9.1640625
-9.19005
-9.209625
-9.2067375
-9.1766625
-9.168375
-9.1789125
-9.1721625
-9.167775
-9.1990125
-9.1976625
-9.1791
-9.2405625
-9.1750875
-9.1881
-9.2132625
-9.2205375
-9.213975
-9.1658625
-9.1561875
-9.178125
-9.2315625
-9.185775
-9.1957875
-9.172125
-9.1420875
-9.1745625
-9.2230125
-9.240525
-9.2059875
-9.1738875
-9.19605
-9.2047875
-9.2019375
-9.191925
-9.21885
-9.207225
-9.185925
-9.1850625
-9.2240625
-9.1315875
-9.161475
-9.2024625
-9.1716375
-9.1407375
-9.2414625
-9.1806
-9.1641375
-9.1699125
-9.202125
-9.1666875
-9.165975
-9.21315
-9.2147625
-9.174375
-9.1966875
-9.19875
-9.1675125
-9.1780875
-9.1878375
-9.2104125
-9.2284875
-9.148125
-9.1866375
-9.170625
-9.1838625
-9.1728
-9.233175
-9.2059125
-9.190125
-9.2073
-9.158775
-9.2075625
-9.1672125
-9.1980375
-9.1540125
-9.2183625
-9.2163
-9.1666875
-9.2052375
-9.161175
-9.1594875
-9.2009625
-9.194325
-9.190425
-9.2055375
-9.2317125
-9.212925
-9.200775
-9.2027625
-9.195975
-9.1801875
-9.1822875
-9.1810875
-9.1757625
-9.204375
-9.1986
-9.18585
-9.2086125
-9.2173875
-9.189
-9.2097375
-9.2467875
-9.151275
-9.1768125
-9.1826625
-9.213825
-9.213075
-9.1806375
-9.157875
-9.1756125
-9.226725
-9.2087625
-9.1879875
-9.19725
-9.1878375
-9.171375
-9.2212875
-9.1908375
-9.233925
-9.14745
-9.2019
-9.2212875
-9.21435
-9.197325
-9.18495
-9.17745
-9.1749375
-9.183375
