1 0.511342 0.170943
2 1.07694 0.398789
3 0.831374 0.213468
4 0.666482 0.0960396
5 0.709591 0.100947
6 1.11168 0.258471
7 1.06551 0.227565
8 1.04828 0.188481
9 1.12059 0.219173
10 1.05032 0.0798585
11 1.30007 0.154939
12 2.2426 0.941849
13 1.04428 0.0467514
14 1.02622 0.0282511
15 1.01067 0.0172017
16 1.02787 0.0135632
17 1 0
18 1.02973 0.0128329
19 0.952415 0.0156341
20 1.02036 0.0389684
21 1.01237 0.0351831
22 0.933787 0.0400654
23 0.945304 0.0915783
24 0.856634 0.0539094
25 0.880358 0.0983507
26 0.864949 0.105841
27 0.865417 0.124015
28 1.32549 0.418737
29 1.00615 0.284675
30 1.04629 0.385066
31 0.569263 0.143285
32 0.550298 0.141056
33 0.969975 0.420629
34 0.815206 0.319281
35 0.20602 0.0618598
