-90.80533084
-85.53332416
-107.0334252
-89.99429101
-91.23157802
-72.90358928
-101.7155963
-117.1594759
-85.85593536
-93.38491043
-100.2316642
-97.35197994
-91.38545599
-98.99958284
-103.0461018
-95.61460387
-101.1128595
-95.71927259
-114.1193604
-99.22845319
-79.22691901
-112.5050692
-92.0529244
-101.9665929
-106.0736106
-81.99932851
-104.0977884
-89.9828249
-85.20585004
-135.0681697
-94.18471034
-127.728824
-115.3334465
-120.8951464
-102.4060651
-109.992297
-119.9525379
-110.5402671
-75.5645167
-95.74338074
-104.5044629
-92.44888942
-86.39407985
-96.13085118
-92.18397807
-92.64695604
-91.91182806
-91.94796487
-121.1780185
-93.79617657
-95.96589163
-102.2983453
-108.4577041
-123.5593458
-84.74734953
-118.8197309
-97.13568358
-93.94521891
-109.6068001
-86.17743021
-96.97471072
-93.6902987
-95.67725095
-119.5091573
-100.6357944
-123.3626476
-84.13778506
-89.38415471
-87.39372634
-91.29231278
-100.4458712
-110.3550217
-122.513032
-72.54568798
-118.6600985
-146.7197123
-108.5311653
-100.120625
-79.01566069
-108.6548194
-86.11856028
-102.5154147
-99.19311058
-124.6310885
-101.5860083
-73.79915192
-86.93399477
-81.39969286
-92.32025777
-76.20370573
-117.6501039
-109.0999515
-114.0263343
-80.88812422
-83.87525352
-96.52703332
-88.30347067
-82.32901279
-87.14018127
-99.91107791
-103.9005451
-108.7888507
-82.2022619
-95.90054191
-83.23370366
-106.1116678
-125.2019014
-143.9042017
-100.4251193
-115.7580395
-120.0650085
-83.8121362
-97.33782696
-131.8838761
-85.65693852
-122.4457155
-130.1043995
-86.90706731
-119.599864
-99.78797582
-108.840664
-98.35401479
-93.34992733
-140.3788333
-109.900049
-93.30188518
-85.92086291
-107.5708468
-108.9223545
-96.97434386
-109.7341061
-97.89730947
-79.93695587
-97.72910115
-89.82322242
-124.6828081
-94.03736533
-119.7648793
-112.9056711
-91.97084589
-109.5656579
-83.68142486
-109.2510448
-101.6300416
-104.8329502
-102.7834589
-99.11734609
-108.9400594
-102.1253146
-83.09482403
-107.9679121
-89.92898297
-81.48601155
-116.8428074
-106.177965
-88.47497259
-121.1594941
-100.8703699
-99.70670854
-95.00098927
-116.7682051
-138.25792
-97.86664699
-80.94555745
-93.37255551
-86.19332793
-107.1168489
-92.04792263
-80.63000341
-85.19653084
-108.9806061
-104.1370127
-103.4071059
-100.5219514
-82.27024094
-92.77032737
-98.01443988
-103.5332169
-98.45322393
-115.1749491
-83.69352496
-96.10451853
-112.1405697
-105.3377283
-105.4873966
-96.38825749
-100.3243612
-105.2714542
-106.8882829
-85.44967903
-136.000978
-83.24339337
-98.94240945
-110.5671051
-89.91449695
-97.7547154
-139.3870094
-98.63445365
-84.32487363
-90.94790883
-98.03183537
-97.82156945
-118.7047532
-106.6536266
-110.8266715
-78.60588209
-114.1326036
-111.0975354
-85.07603001
-90.79767582
-92.60723825
-103.6964898
-83.56903089
-101.1724061
-97.97454883
-75.75175043
-77.63336792
-88.01363694
-123.1324649
-92.86266801
-90.94655173
-119.3879727
-89.81009115
-88.20567077
-78.17894921
-128.7643839
-100.1407085
-102.3709766
-82.03712688
-87.62949519
-98.93889969
-111.3598929
-119.3002784
-99.84612206
-68.98558011
-102.1894279
-132.3802578
-95.27189093
-109.539774
-102.2601148
-98.85973676
-93.95136809
-120.7501041
-86.31032012
-74.21477677
-97.05400075
-104.655317
-108.2255881
-78.43706128
-86.14456906
-129.7672982
-82.83095585
-123.8809676
-89.50878551
-113.8981109
-90.80454934
-94.84325586
-99.41977151
-114.5746588
-100.7525049
-112.588443
-95.15139856
-97.35836194
-104.748135
-118.8590631
-111.8813334
-94.87608684
-107.9195234
-96.83685262
-136.7378044
-110.9024094
-81.12283784
-98.62069785
-111.1854881
-98.37393397
-101.6493173
-85.44349265
-121.3316885
-126.2770443
-122.821848
-120.83727
-90.32802023
-97.47608216
-83.82843274
-94.66590036
-97.86804194
-111.7595344
-87.95518199
-80.93795576
-80.15705705
-77.80778258
-104.2355115
-98.05879843
-98.39251415
-100.4827251
-98.69665827
-89.11111703
-122.0018696
-100.7473965
-113.2746814
-88.53164168
-94.93165555
-91.0175656
-108.9271103
-100.4829016
-96.74042346
-118.2362239
-89.20625841
-118.8209909
-88.25880227
-98.00884699
-86.74191268
-82.1515344
-92.10746876
-105.4891875
-103.9657625
-100.0262664
-117.7580296
-89.88359869
-105.7116971
-95.44172667
-116.3955208
-98.81300907
-89.63061016
-111.424742
-72.760866
-95.44532507
-118.266411
-100.4227738
-111.299065
-98.73846279
-98.94732678
-94.5041303
-97.87833297
-88.46483729
-84.33490359
-85.33857719
-109.5227691
-82.23465856
-92.80677691
-106.6354589
-110.1425009
-109.4225706
-100.6836673
-85.51551727
-109.6393671
-84.48519993
-92.47520595
-92.87712427
-87.10263942
-89.954178
-71.00715383
-144.5404096
-123.5432872
-111.1940393
-96.79408404
-158.0841991
-96.25810376
-86.05185013
-103.9441727
-89.89653219
-87.35374742
-104.8602483
-120.4052435
-103.1111462
-92.67515037
-101.1412755
-95.10838268
-125.0925865
-117.7752297
-99.11668365
-100.52825
-81.09722825
-83.19009342
-92.56440541
-103.7216779
-96.12271821
-89.31035559
-93.17725204
-77.10461647
-106.3548198
-111.4431428
-135.7228875
-124.2455734
-114.3600931
-71.14600478
-88.6669194
-109.1477212
-99.34869448
-85.9848139
-89.63844588
-116.5533046
-112.4162588
-103.1495574
-125.641972
-86.57355786
-82.71340039
-88.37662336
-101.7594742
-103.3369011
-76.96398696
-95.05945211
-105.4134739
-114.230198
-110.3173737
-94.31374777
-103.6323171
-147.0429337
-106.3477303
-121.7268124
-95.18973107
-85.51005265
-90.19665264
-95.42798055
-120.3959714
-114.4830386
-88.34157252
-76.11817744
-100.8995506
-96.50653182
-127.1825325
-84.79015199
-85.08996505
-128.3837907
-105.8087176
-102.3984589
-118.0358024
-111.2362577
-97.0997893
-115.481296
-86.89770566
-114.5768213
-90.1266352
-101.4447718
-85.44525045
-85.27198267
-92.56456952
-78.43957573
-88.38575064
-89.27751987
-104.857477
-107.9083519
-102.9823308
-104.8514191
-119.1751767
-108.4172045
-118.0386081
-105.9480786
-116.5770843
-97.99083557
-103.1367986
-103.3060309
-99.68114361
-92.20130346
-95.71536384
-93.57503972
-103.7968187
-105.7778103
-85.23058984
-89.51565872
-118.5333347
-102.7871401
-86.16351077
-95.38658301
-85.61252605
-97.35131054
-100.9962494
-106.4482811
-86.48749779
-105.0298681
-91.68805504
-123.0565198
-134.0394295
-80.61745916
-114.1581744
-98.6339463
-131.4047549
-81.18089615
-117.8214847
-73.91076072
-88.29876329
-84.95656407
-96.26463295
-81.47553668
-101.0773125
-88.56743841
-124.8184552
-105.3060068
-82.14417957
-91.03537021
-104.5102788
-106.096331
-83.43645076
-96.91733638
-89.67171057
-114.3083619
-99.89567322
-90.05842849
-112.5396311
-106.0997539
-99.06169871
-98.31710108
-75.93442494
-103.4598637
-117.3286514
-96.75066106
-105.4129886
-89.93685413
-92.7123138
-68.04422965
-129.5215354
-104.7041505
-98.7663022
-105.374089
-88.30139204
-96.07036812
-79.90484598
-102.0461591
-94.00085555
-94.40112598
-88.06342481
-108.9293417
-93.35041564
-74.18247034
-77.02802884
-103.2072952
-97.12832518
-89.05584205
-84.4636798
-97.09747404
-98.91714312
-102.729699
-101.8658531
-129.4234541
-89.57921889
-108.4199549
-85.41241101
-98.24068644
-68.73663565
-117.1498465
-106.3807463
-93.44727759
-104.6375962
-73.04760386
-117.5964488
-93.14302721
-83.24335951
-92.70565352
-99.8396178
-98.09965669
-93.04300168
-93.33852862
-94.95829995
-117.6212653
-107.7275572
-100.2272665
-136.4401242
-79.76162367
-118.9698188
-96.20581568
-90.17432464
-108.1713291
-85.3919432
-123.2672384
-79.73741676
-85.6592671
-104.2746201
-75.58786032
-103.9700099
-129.150627
-112.7496036
-123.9197693
-112.6219473
-90.82899811
-88.18229109
-137.424042
-73.70258574
-105.2982995
-103.3099365
-92.20982339
-77.04906642
-95.60827386
-122.3475493
-99.37304437
-117.866111
-86.94856684
-131.1407527
-102.8538479
-108.6252146
-93.64353006
-103.8851386
-99.64023354
-97.34441352
-102.7470437
-113.857836
-99.21945774
-85.24992568
-92.53365723
-113.2348769
-102.1398383
-109.0081677
-100.315822
-100.2024566
-109.8406449
-86.15943058
-62.72367409
-93.21055722
-77.87037396
-94.27909808
-111.6039595
-124.0953944
-95.55831118
-82.71367926
-100.9632646
-112.8434425
-107.8154968
-86.06765197
-86.31805653
-98.53416034
-137.2751198
-107.1085306
-106.8229123
-101.0760188
-108.0126084
-128.1712081
-91.73182753
-105.9195517
-92.8870601
-111.9013851
-92.35178574
-81.71235925
-113.2663447
-94.85944376
-97.99147322
-101.0684358
-109.9062999
-108.9400559
-91.97598893
-94.38471178
-108.5359831
-116.5926584
-99.20504791
-102.5875824
-91.60973156
-83.93763538
-121.0389322
-112.28038
-106.4602146
-90.73830005
-90.1371297
-84.24704902
-119.4686176
-104.4970357
-96.53757694
-106.6515126
-127.1332578
-102.6512933
-139.8218035
-97.96370969
-109.0269956
-111.6902132
-109.445347
-98.67293476
-122.9916808
-86.1617539
-99.25827679
-114.2177117
-106.8318094
-122.6800739
-100.9819601
-90.03112192
-104.7869445
-105.5134518
-106.1853391
-104.1222626
-119.6800842
-142.2357909
-87.61150744
-94.99467469
-85.23016004
-127.8948949
-109.4979867
-113.0538391
-96.78413493
-78.45942962
-100.2624477
-114.9957668
-94.16283745
-97.32149745
-166.7077363
-103.6679917
-126.1381376
-123.2634382
-83.23044529
-95.25041571
-74.6202576
-134.8295498
-85.04031088
-89.63088976
-94.88984976
-89.87635781
-88.94810381
-78.47439619
-118.0819682
-108.7040288
-99.09881411
-120.1101588
-110.3811056
-98.23428344
-119.308089
-101.7304216
-116.323364
-82.95957818
-82.66456633
-95.79288789
-87.86352909
-95.09711607
-118.7918025
-126.2290743
-89.17469995
-95.11070747
-84.10913317
-93.81185663
-114.4109264
-116.164754
-91.30831803
-88.39722033
-90.06822969
-117.069806
-96.47592856
-81.50844076
-122.7613251
-83.98314552
-99.0160021
-75.71666488
-111.4828362
-107.2405631
-86.01580032
-118.1072587
-90.0059655
-81.91230558
-95.92091764
-94.28921408
-105.2835172
-82.29921393
-107.9698322
-97.83124178
-116.7246
-80.03572739
-113.2013164
-92.48524739
-76.80903767
-93.98281014
-86.22011604
-96.87580902
-118.0252638
-80.52165366
-93.27869854
-88.86148631
-87.85701499
-71.20878686
-88.38353011
-73.37694841
-91.64176751
-87.22801236
-79.37546513
-72.10693394
-117.3377264
-105.1066307
-98.35334624
-86.08286038
-105.1319276
-79.17047298
-77.35930016
-122.1936977
-80.82268601
-94.80467032
-91.31111998
-91.9442737
-103.1697604
-89.67519573
-77.60595837
-101.4528244
-86.13878363
-88.03269275
-99.29287424
-93.46295376
-103.0794618
-84.70807636
-66.43275164
-103.4563009
-126.0353678
-112.9707333
-98.45006379
-77.78006633
-120.1412683
-111.9275949
-92.44399373
-75.44186639
-93.30094713
-108.6084981
-119.9921262
-85.7416075
-79.02769002
-93.69302228
-112.81501
-93.85802292
-104.8596255
-116.4222317
-154.4502694
-82.73435747
-112.2054029
-86.61749172
-109.661725
-107.971047
-143.3421253
-101.2071314
-99.92475896
-99.08544782
-105.2461446
-120.953513
-120.7022444
-88.06650387
-101.8768043
-91.34272065
-93.0238977
-134.1599141
-98.83551609
-107.051235
-128.4272432
-94.79736343
-87.67509496
-100.2957051
-87.23864094
-90.44867233
-101.0508664
-109.248969
-82.99606872
-99.59281187
-95.95545719
-92.51911492
-83.37852092
-97.76037295
-112.527027
-79.94542088
-108.6749916
-110.4154669
-105.6458719
-96.85621565
-107.1852282
-85.77459504
-84.16336112
-97.56900963
-134.7024024
-97.79577359
-88.68837063
-93.97578235
-135.3246772
-111.4488699
-82.59110953
-90.46076355
-70.54241672
-123.9853186
-77.72913627
-96.48647342
-77.36183365
-103.3525654
-93.53557152
-113.9308429
-94.29628324
-107.1956349
-131.7956059
-99.30510926
-111.0028912
-99.36371529
-94.54300744
-125.2967814
-113.7959853
-80.53079656
-115.3559414
-84.88890899
-122.029054
-115.9467134
-115.7416746
-94.89590744
-110.614511
-74.02661564
-98.68606214
-103.000583
-96.18448809
-96.3751276
-85.23920889
-102.7805527
-101.4090304
-127.6985687
-78.90808344
-96.77869716
-95.50240585
-96.74633711
-85.06438879
-90.92341706
-100.9601274
-113.1006515
-122.2978673
-98.40789276
-103.5795579
-90.32305336
-126.1468486
-96.79309454
-84.41593767
-88.26648985
-110.9919341
-75.5589295
-110.0397981
-116.0703336
-100.8450901
-99.28783951
-118.8575654
-120.0907629
-116.7809851
-77.64990177
-104.996211
-94.42596112
-87.73373961
-104.2277603
-103.446136
-103.577777
-104.5947109
-61.75082965
-94.06115078
-119.2478196
-100.6818617
-123.1618743
-117.8634782
-101.4472724
-90.88710172
-89.0188736
-87.54272303
-122.1675183
-104.0735841
-119.1159684
-127.6069865
-119.3451331
-117.1850304
-91.79094101
-95.26493793
-126.0741967
-96.5497708
-123.2114417
-85.17002769
-132.802076
-109.5959688
-71.99454458
-114.0943172
-98.22592705
-88.03674778
-86.15927855
-123.3944528
-80.01460721
-119.0786599
-74.18736555
-95.56637501
-90.93086283
-97.25404954
-99.11488691
-107.3419453
-103.6293626
-107.7080219
-97.80811168
-90.7998479
-99.88851529
-88.36908434
-106.757625
-116.0891234
-134.9047537
-87.21977036
-128.7655246
-111.3122624
-95.80057635
-88.23824565
-94.73371448
-95.62210919
-102.5158879
-121.7957144
-125.9536788
-94.6090616
-84.00103285
-97.82137277
-135.4498164
-91.42749614
-109.3887273
-106.8963783
-133.3674241
-102.1759547
-101.4183979
-130.8304999
-84.28720484
-94.92214155
-109.3950768
-82.79627895
-89.47828223
-100.0896826
-89.35387071
-114.9744751
-96.33603033
-106.6674878
-131.6927057
-101.1505124
-81.10811776
-101.5809869
-93.05110251
-84.22740554
-146.1188918
-94.27922151
-122.7396513
-113.3120708
-93.10733307
-95.55487487
-87.86108196
-90.0313961
-96.4149353
-77.05853108
-90.9747902
-126.4617429
-114.420373
-128.9225181
-98.15152438
-99.5245977
-105.2141096
-113.2181141
-81.49860453
-122.7777068
-89.91723255
-103.2846733
-140.2423637
-90.4322879
-110.1504922
-111.6216798
-109.2979478
-143.4278329
-94.57671107
-88.10176128
-95.99544542
-101.7931258
-75.64176988
-102.6831286
-134.2135912
-101.9027889
-77.85532662
-93.66487097
-95.25311897
-114.9614095
-91.97456233
-63.35335621
-102.3957927
-79.72974291
-68.91885105
-91.16948052
-99.83831533
-112.2245386
-88.78692451
-94.1050013
-108.0764665
-104.6415928
-106.5739955
-106.4879528
-81.6123134
-105.0179312
-79.80412779
-102.7330784
-77.90214921
-103.5257231
-106.7464393
-107.3581207
-85.06157014
-103.7623668
-91.99459296
-118.1819699
-97.3616029
-83.40462693
-101.113148
-96.13046079
-102.4239831
-112.206459
-88.78635455
-116.3579085
-99.63452078
-96.36244052
-87.16663346
-94.50904439
-118.7788806
-96.10996085
-100.5398996
-103.2983651
-88.77572939
-87.95898314
-108.5158352
-113.7117282
-99.2352408
-90.12313818
-119.0199052
-123.3639665
-66.00176534
-100.8682977
-105.6582443
-172.1551009
-91.18688562
-111.6766779
-122.3087455
-96.08472582
-94.41564249
-88.05667762
-152.5929523
-118.9402353
-95.53608761
-102.3201753
-114.8297183
-98.86231101
-96.19729031
-97.86120224
-106.4431315
-117.5963648
-99.91242512
-112.6256712
-89.36965761
-106.1015248
-97.25800222
-93.65145536
-87.62106065
-125.8992787
-106.7375156
-133.6772763
-117.9713802
-81.71016879
-77.43697603
-92.72259091
-95.31331729
-79.44064465
-77.50532378
-118.3168367
-85.57328762
-85.85700697
-108.4627076
-98.15552673
-125.455728
-119.2579782
-106.9257449
-102.8726178
-81.59753999
-102.9046214
-109.4195561
-84.95215126
-105.4566614
-94.41501028
-160.6801786
-95.33777411
-104.1151028
-87.35624086
-96.21614279
-115.9086579
-99.16783911
-96.05588177
-77.52647278
-123.1971502
-101.3557157
-120.1391802
-92.56173946
-97.14754276
-82.46061847
-120.7473243
-121.7163671
-96.05730073
-92.81465739
-102.2159166
-123.9665594
-117.5310701
-93.14073902
-70.67292484
-91.29733343
-83.70281308
-112.1199516
-105.2238738
-109.8168453
-100.0303887
-73.08575145
-109.2923455
-107.1796395
-105.1066651
-94.78426593
-96.69304383
-103.660442
-106.3597816
-95.26742714
-94.00523238
-98.08803576
-84.62082929
-115.1628336
-84.80089412
-94.47852727
-95.89152813
-123.8324292
-76.50640986
-81.59911114
-85.95422742
-83.69641742
-81.17588701
-115.2353902
-82.4410169
-111.9457821
-98.88906191
-89.42061746
-99.77129752
-99.36161607
-83.34093814
-177.8422781
-104.5399348
-90.03665768
-116.6612027
-123.5910345
-79.91115099
-118.5274771
-164.1240212
-102.0267935
-92.68986191
-93.79081419
-101.8146205
-97.98271997
-88.46018837
-101.7733274
-92.85160026
-105.1698462
-122.1563537
-134.8582225
-70.48769445
-96.13033745
-105.1142281
-101.1043331
-71.09368167
-79.36974644
-88.94341743
-99.36906975
-101.793688
-87.31538239
-120.5196247
-100.3191101
-113.4462299
-88.70568843
-113.9462208
-94.36326892
-107.408842
-152.9833041
-158.1669996
-90.42169186
-105.8514159
-131.8044507
-90.99447687
-84.6002938
-127.4916903
-69.43027679
-111.6115927
-101.5819494
-113.5314971
-84.77503888
-122.4860001
-99.35224603
-110.3301565
-80.201412
-111.6426924
-158.7948115
-115.0081775
-89.75365043
-97.60180282
-97.95768452
-83.38502943
-108.5703993
-125.7140101
-109.9332836
-105.2673778
-100.7815546
-103.9276404
-119.3843007
-84.40382846
-94.64491855
-116.9319585
-81.99813842
-102.3330113
-109.9128349
-96.58599108
-101.8431735
-95.68946012
-107.1066687
-86.50153287
-121.0338933
-95.48406295
-116.4997836
-104.2969321
-107.6564696
-83.60032231
-122.59991
-89.53247656
-147.1384488
-99.3193623
-86.26040208
-105.2826497
-136.8958175
-74.84107176
-96.17948906
-81.84054846
-105.7091879
-146.942897
-101.0057544
-93.06981564
-113.0594365
-100.5244907
-105.837459
-97.01041875
-110.7709192
-103.0725675
-103.5844029
-109.2961916
-99.8641233
-96.3885455
-101.8730545
-83.47607601
-96.01344766
-114.116356
-92.20100709
-82.92939305
-101.2568696
-78.00759762
-98.21168129
-104.249795
-103.0049307
-95.98302937
-107.577021
-116.3543214
-86.87277475
-108.9045542
-106.2541052
-126.4574116
-90.99548279
-110.3489289
-114.240519
-108.9482044
-76.98587852
-95.57974086
-89.44528305
-132.8498851
-106.5371314
-117.3115676
-77.76522865
-99.98079676
-86.54778949
-90.86254597
-95.48568946
-86.14193153
-94.27826935
-101.1404911
-137.575935
-105.898744
-80.44976976
-92.39752669
-103.1577054
-95.00147033
-75.69589279
-77.84793676
-86.01259503
-90.73755912
-95.27761324
-80.78350803
-93.65404854
-102.3322409
-102.4994651
-97.34070186
-105.1119114
-104.1383166
-116.2070516
-109.4322181
-95.96011148
