39
93
133
90
104
109
44
20
10
10
27
52
119
70
79
8
22
130
20
0
106
9
11
20
109
72
133
11
76
17
43
60
88
62
63
141
61
52
42
31
93
69
66
4
72
93
121
90
139
131
48
62
34
102
38
138
38
36
138
60
100
139
66
91
70
72
111
105
59
126
110
119
70
140
19
54
124
98
8
59
136
56
23
45
128
23
2
8
119
67
53
50
141
21
118
124
52
5
1
56
34
128
121
60
23
118
90
61
62
130
20
23
132
69
110
136
55
48
141
130
8
89
50
40
84
4
139
143
39
82
92
110
50
30
113
105
76
103
73
69
58
119
96
14
88
14
26
127
8
112
132
85
16
53
105
25
102
94
33
82
85
82
82
111
63
39
129
28
28
45
71
80
17
103
4
112
37
92
51
55
87
89
9
124
118
71
81
51
30
68
39
141
106
25
62
40
90
113
62
7
71
37
136
87
16
1
29
106
108
99
104
50
46
55
65
118
37
84
119
50
118
6
53
15
114
59
1
108
125
48
99
40
2
118
52
8
104
8
65
56
13
82
43
109
133
106
129
93
62
137
29
93
90
108
105
90
79
85
42
87
133
5
37
131
114
34
142
109
122
78
34
44
124
72
139
136
125
98
31
73
76
122
28
110
142
82
13
123
74
75
74
52
98
22
10
102
2
131
57
125
141
61
80
35
77
70
80
124
101
31
20
122
25
73
80
122
81
75
139
69
132
7
122
103
132
81
109
121
132
134
122
31
51
50
103
49
93
125
111
98
131
117
67
74
115
84
56
68
3
93
7
42
141
19
96
123
74
13
47
53
62
124
8
141
26
3
99
26
36
111
52
67
76
113
92
80
36
22
77
119
113
13
19
123
84
81
134
36
52
97
51
11
16
3
125
68
11
120
75
22
46
29
86
54
79
126
7
12
132
124
49
125
92
93
109
56
120
20
77
74
123
34
111
124
23
37
46
117
25
95
113
132
122
48
31
66
100
117
36
74
26
133
96
102
51
115
21
7
113
43
37
142
104
66
122
88
38
136
135
76
140
6
130
55
97
52
62
2
111
68
37
60
36
19
84
65
22
95
46
3
23
101
139
106
50
47
18
67
31
95
87
137
19
84
61
110
82
47
11
66
48
26
115
61
66
61
135
12
127
31
84
5
19
56
44
17
26
4
41
84
44
111
81
126
7
93
9
79
111
0
141
2
78
7
128
93
4
67
28
17
54
16
129
12
73
53
55
78
81
55
35
60
128
3
49
56
24
93
82
100
121
140
28
89
35
92
0
91
54
135
73
131
35
65
89
135
7
137
21
138
62
38
24
76
108
72
1
95
75
125
17
133
49
80
139
89
27
56
29
95
81
113
86
30
57
137
44
108
81
25
33
127
106
116
111
13
141
93
138
15
71
58
88
140
111
123
54
91
132
57
131
100
91
6
7
53
91
52
53
34
51
97
71
131
56
90
72
110
130
40
128
86
43
125
74
19
91
93
135
8
81
20
122
18
61
111
0
42
57
127
25
87
39
126
116
20
71
27
16
23
96
31
140
64
81
80
33
78
42
62
132
43
57
53
47
71
41
122
33
95
106
57
132
69
71
48
70
85
127
133
109
68
43
141
53
4
142
73
22
53
123
78
123
8
24
117
60
24
36
49
67
107
33
109
143
99
45
136
140
106
54
47
121
48
67
78
113
107
93
5
125
129
58
89
123
118
50
86
82
26
81
97
87
34
74
95
19
142
120
43
31
87
105
44
140
16
3
64
125
140
35
136
74
110
102
97
143
94
53
87
113
30
74
5
130
37
103
10
73
13
118
63
19
68
46
3
111
46
131
105
83
88
47
58
100
33
51
60
36
7
126
85
15
113
82
48
126
27
54
80
6
65
133
46
0
109
142
119
77
4
85
105
73
16
75
3
138
105
83
105
110
21
56
7
106
90
28
38
118
31
24
140
87
57
30
28
122
48
98
122
131
5
3
106
8
66
58
121
29
42
41
115
129
7
32
71
129
90
54
30
123
85
138
86
119
35
30
9
75
136
88
136
10
35
30
27
128
40
75
26
127
119
139
3
1
88
23
130
106
74
63
136
82
86
64
16
98
64
37
63
43
109
95
105
52
127
9
30
54
129
73
121
133
107
143
23
58
70
101
35
40
65
115
5
130
107
118
90
37
113
50
127
132
130
3
95
33
23
122
97
97
39
141
26
65
69
33
14
68
126
72
34
101
107
54
17
51
48
135
48
107
17
3
121
135
48
0
26
105
51
122
70
28
8
32
45
126
66
43
130
39
45
1
29
13
64
49
10
118
3
42
55
70
100
71
96
53
93
67
34
29
26
141
78
26
104
48
109
104
113
53
8
74
82
79
18
96
111
3
107
96
65
82
1
27
109
45
16
118
136
24
28
90
135
87
139
22
80
22
89
45
60
115
60
10
105
132
19
46
24
68
117
132
104
10
12
86
15
86
3
126
68
102
43
101
62
0
46
69
63
29
93
54
25
140
38
105
80
135
122
28
52
90
7
38
125
22
69
80
86
22
85
6
62
135
134
46
94
82
50
69
22
66
82
57
61
52
110
120
82
90
108
134
67
107
87
11
99
46
45
72
143
79
82
14
28
8
17
80
137
94
129
47
72
6
87
73
76
86
118
46
27
105
106
60
34
17
75
73
102
84
51
29
114
21
119
84
50
23
84
76
90
122
141
103
29
115
119
21
99
50
101
50
118
62
96
12
87
39
85
3
71
73
87
62
133
134
104
51
11
115
42
86
45
123
138
0
9
5
140
44
136
104
60
23
133
9
60
68
107
2
103
80
51
29
47
22
125
29
64
48
23
68
96
63
133
52
32
5
98
76
42
15
38
143
73
103
39
100
32
26
135
17
130
100
75
40
6
108
136
61
67
20
76
63
117
40
117
51
76
115
128
95
73
109
114
130
121
14
116
86
122
84
61
121
40
103
132
16
129
30
86
7
21
115
1
51
133
52
114
113
69
95
100
46
132
81
21
40
132
3
128
22
108
26
14
70
78
11
12
92
38
42
49
98
26
81
3
138
22
98
62
67
80
99
15
67
25
61
109
105
88
18
103
44
27
15
5
20
6
66
105
33
88
80
60
132
80
64
44
16
86
111
100
8
45
30
104
43
49
46
45
92
94
16
131
25
21
8
81
82
119
8
99
8
33
57
25
57
46
90
84
2
103
138
136
55
69
49
134
9
95
52
48
121
85
103
55
93
25
78
51
122
69
79
97
85
19
93
21
88
67
111
138
14
53
66
93
24
116
24
101
88
6
64
85
46
130
108
25
104
24
56
99
112
24
50
58
130
82
16
95
59
107
88
139
2
90
129
0
119
91
115
136
123
6
84
19
30
104
43
77
85
120
81
38
16
53
9
53
56
68
135
68
88
107
20
105
119
29
136
26
24
68
0
62
33
90
30
129
129
97
135
102
47
129
42
104
101
115
16
136
42
106
101
65
11
23
49
20
38
108
30
59
21
76
90
31
80
88
120
27
14
86
88
116
131
107
108
142
22
130
90
136
3
67
132
136
11
101
30
8
123
126
127
106
44
5
40
131
126
55
78
121
45
56
125
126
34
105
136
17
41
41
121
39
76
40
127
127
97
9
109
95
97
55
30
94
136
48
115
140
49
89
31
132
22
24
101
47
105
7
63
112
12
107
0
116
37
49
17
141
32
80
6
11
34
17
118
45
97
48
123
63
12
30
137
133
60
123
140
19
63
8
11
127
116
113
53
97
17
90
70
38
14
87
94
103
72
15
97
63
108
14
16
108
69
56
6
79
74
81
73
86
76
14
123
22
104
129
112
52
138
24
39
101
83
83
22
56
101
70
51
94
96
14
132
21
58
36
114
135
41
141
98
137
28
107
85
74
128
24
1
139
31
101
123
56
111
79
118
69
59
13
124
122
87
78
108
17
143
82
12
137
140
6
10
20
2
117
12
28
17
69
19
99
48
58
122
2
96
64
47
95
41
121
57
134
101
116
94
41
108
131
104
135
47
98
63
82
96
65
132
134
55
20
70
54
80
95
65
59
32
40
8
10
138
90
87
122
55
120
122
56
51
90
93
26
120
3
32
2
77
56
69
117
38
88
51
117
103
32
131
111
17
19
96
78
9
115
75
57
19
58
121
63
38
64
9
3
79
112
104
77
48
9
131
93
16
87
48
15
24
49
97
48
141
39
58
12
59
35
102
98
39
25
12
82
114
135
98
122
25
47
63
41
104
51
98
139
62
50
29
38
77
117
128
67
9
44
116
50
31
115
0
138
24
140
54
131
116
41
35
112
143
116
41
0
9
127
114
32
15
3
41
100
41
15
112
2
66
126
117
22
85
43
102
81
43
137
72
37
24
140
28
55
138
62
91
32
49
116
37
82
26
7
82
78
38
30
7
93
29
97
50
127
29
10
64
80
101
136
63
103
49
108
56
1
142
129
66
93
123
74
11
78
66
33
12
85
17
15
102
3
3
103
93
49
50
128
49
7
88
113
75
3
71
74
63
76
50
72
128
106
63
72
106
32
42
67
76
91
11
85
79
138
36
26
36
139
2
39
48
62
76
138
120
8
3
45
49
20
49
47
101
77
56
119
133
67
72
98
40
102
65
63
119
132
3
111
64
123
33
76
62
62
74
84
42
123
89
3
93
55
26
8
14
81
134
24
62
48
15
93
76
113
78
106
46
82
41
74
58
41
44
46
6
117
24
137
138
20
19
52
16
72
61
141
95
52
61
21
103
137
122
18
10
113
93
41
128
85
131
46
133
133
113
18
90
139
0
105
51
85
22
115
101
44
24
78
28
75
136
1
59
38
138
82
90
16
6
13
74
38
118
141
101
47
53
52
105
21
3
46
47
46
107
6
3
34
70
89
53
114
88
106
29
60
130
132
135
30
140
119
104
130
118
5
76
113
111
11
124
85
75
32
47
127
103
35
97
121
32
130
40
37
60
46
74
37
99
64
21
37
99
92
109
36
34
22
129
58
119
113
65
139
114
99
23
78
34
11
9
134
87
116
26
14
126
16
114
7
130
87
14
105
38
122
47
49
98
112
58
129
74
6
65
142
9
58
87
10
8
50
92
90
27
142
11
90
3
10
126
141
111
34
25
107
22
14
13
12
84
48
110
41
83
126
84
38
34
130
45
128
47
10
49
113
86
57
57
83
136
31
104
10
34
80
136
138
125
132
33
80
126
130
72
116
107
94
103
17
120
142
46
31
81
46
85
101
72
3
20
72
49
77
0
41
118
80
120
45
15
13
129
33
72
33
63
103
125
22
75
75
108
36
109
48
84
121
69
46
70
37
80
61
107
29
66
97
86
121
108
2
9
42
35
114
1
80
81
58
7
105
115
65
109
51
30
100
106
129
58
132
62
25
22
76
110
101
51
140
124
83
49
63
52
141
59
80
97
126
140
57
94
74
6
14
94
85
57
112
72
115
76
1
120
56
29
0
110
42
3
140
106
93
49
136
42
115
104
93
63
34
64
3
125
121
75
140
59
32
41
27
29
77
80
56
90
74
46
68
75
113
72
136
17
43
86
141
34
98
98
36
72
140
75
115
68
42
1
90
17
100
80
68
3
39
63
24
37
77
125
81
138
49
140
41
63
63
126
108
140
20
88
21
46
10
21
112
40
105
55
23
34
65
18
104
125
34
138
66
137
36
88
137
74
116
72
9
39
126
64
107
121
127
49
28
26
82
57
86
133
7
107
6
96
20
20
108
97
5
82
124
83
49
108
11
57
93
6
10
85
128
53
36
8
103
106
98
33
94
92
70
14
72
114
55
15
121
0
115
3
90
103
128
102
94
119
79
18
9
119
138
66
63
25
55
80
55
85
53
111
89
139
98
58
14
28
110
2
105
29
41
21
77
66
11
138
29
38
85
34
5
66
14
77
102
18
102
64
99
77
88
113
88
14
2
2
140
107
143
35
40
143
17
57
16
108
27
58
41
24
19
103
43
133
78
45
34
133
82
41
18
118
81
98
45
13
6
31
108
23
41
38
94
129
24
44
141
104
104
0
27
65
107
64
3
13
129
85
63
69
23
101
141
22
65
94
64
95
110
107
110
3
121
98
50
87
55
6
7
141
98
111
93
10
63
59
17
17
2
41
18
138
129
139
77
119
95
101
15
33
44
91
61
81
45
37
76
142
39
46
56
120
19
126
9
99
142
75
48
44
31
93
21
28
55
42
103
11
0
59
28
55
36
75
65
65
38
105
28
42
59
8
8
38
67
22
117
67
53
119
75
103
80
64
38
42
39
64
13
48
73
78
97
121
126
92
71
69
106
40
39
119
124
35
87
119
80
64
136
101
73
103
110
102
103
50
134
31
61
132
89
23
63
125
90
80
97
28
80
16
75
53
34
91
124
65
118
68
62
27
50
118
80
37
84
141
35
141
109
123
101
110
122
10
128
57
10
7
128
122
123
107
66
85
102
110
108
17
2
95
54
114
96
95
116
50
93
37
80
96
9
85
17
98
138
39
39
55
80
34
96
41
80
127
43
89
39
49
114
112
63
77
86
28
41
67
6
67
142
122
84
128
44
75
17
14
2
122
2
119
36
78
128
20
91
126
78
100
17
128
123
93
9
76
64
125
55
101
30
140
35
27
115
36
142
127
97
35
16
97
139
67
9
9
87
84
136
102
60
102
141
119
52
42
119
11
75
43
92
70
2
37
87
52
128
86
117
99
99
71
36
11
119
11
69
43
84
4
67
69
120
31
115
20
63
31
97
17
121
123
62
111
53
47
81
47
84
91
57
129
69
69
143
59
22
103
66
23
8
110
77
101
83
138
5
116
142
52
125
77
57
113
97
50
5
106
71
53
102
101
54
65
65
129
123
30
26
22
25
83
85
103
89
105
15
34
86
92
4
52
78
65
66
76
108
91
2
64
52
60
132
101
117
49
40
73
107
45
45
84
75
14
103
109
40
0
0
30
36
25
47
60
66
13
18
142
30
97
124
58
97
75
43
110
118
64
80
117
11
48
36
63
17
6
135
129
14
139
66
55
11
85
112
104
139
94
97
29
37
40
66
6
7
41
82
76
7
109
142
46
142
66
101
106
66
54
129
27
143
128
116
129
103
94
51
98
34
108
139
16
7
139
37
57
42
37
132
27
94
34
82
1
56
4
46
73
139
12
12
44
12
102
81
79
116
35
129
116
137
125
55
55
36
130
99
114
125
12
2
127
5
125
29
126
46
58
13
114
68
77
128
52
0
107
136
110
86
68
65
6
13
57
141
3
86
29
86
56
113
125
2
129
0
71
14
87
18
37
137
139
143
64
108
53
46
36
28
43
23
72
94
124
72
36
131
111
130
92
127
19
34
80
52
52
44
64
99
137
85
83
43
52
14
116
135
46
41
96
88
137
39
64
98
56
116
139
133
14
46
33
113
121
8
1
62
63
135
47
60
45
46
1
129
5
134
30
113
1
62
39
44
44
67
90
135
42
42
74
63
15
26
65
29
9
55
54
122
53
81
21
47
62
33
143
1
15
57
32
53
135
54
26
6
7
39
114
71
40
105
36
89
136
111
87
21
71
22
138
112
36
72
19
113
40
65
70
96
138
14
138
57
32
99
87
23
76
39
20
2
115
103
58
90
78
136
134
27
96
95
14
10
63
94
83
40
8
139
83
91
15
65
4
2
10
41
93
23
76
25
29
32
130
9
1
101
107
114
29
113
88
126
44
142
12
21
6
128
29
65
93
33
19
110
108
18
114
3
72
38
58
18
139
9
12
143
1
85
113
58
21
84
136
108
63
123
130
113
95
65
64
51
71
117
117
134
64
100
56
51
128
3
99
117
117
124
75
74
64
137
3
39
116
44
25
56
33
97
124
112
26
78
124
107
23
44
46
117
83
54
96
131
47
64
3
16
26
65
60
78
141
3
138
57
60
18
111
26
6
2
78
54
30
1
72
64
1
10
23
96
47
118
127
59
16
36
50
71
75
62
48
30
107
66
99
78
46
128
50
59
36
19
54
36
19
113
141
56
136
54
113
56
69
128
127
50
50
113
136
9
80
121
2
37
47
67
114
84
129
76
56
48
142
3
57
30
129
72
23
61
137
26
35
36
1
9
13
77
99
12
102
45
3
29
80
71
122
66
51
24
142
32
102
36
22
115
33
130
71
10
30
37
77
57
135
55
98
92
53
124
31
141
24
142
45
12
20
137
24
17
74
52
67
53
89
79
142
40
28
25
119
89
112
46
65
109
74
94
66
94
117
50
92
50
67
69
33
71
28
110
126
129
88
131
67
17
66
128
106
63
16
76
50
25
0
24
97
132
112
98
39
12
135
28
93
137
68
10
133
129
6
79
37
85
86
129
10
94
72
28
53
29
140
86
78
94
35
110
8
15
130
29
72
19
25
141
25
36
124
124
84
42
107
110
47
135
63
29
99
91
120
49
130
97
121
55
61
116
56
109
107
38
129
136
120
123
117
128
126
124
67
32
30
24
21
108
99
118
110
99
32
65
101
17
19
142
93
127
87
24
40
23
99
118
117
43
10
121
62
136
73
100
117
125
78
81
68
114
67
140
108
69
64
136
114
13
97
81
7
2
124
62
138
64
38
62
16
15
59
97
129
41
54
34
75
73
59
41
125
12
12
45
72
84
142
49
122
15
49
97
41
118
133
129
132
2
40
108
116
70
58
132
76
120
135
101
116
25
112
56
0
128
137
141
39
77
48
137
93
75
136
13
140
77
17
97
81
2
54
1
13
62
132
81
141
100
129
40
115
27
20
79
34
79
20
124
62
72
113
83
34
118
52
120
128
116
34
142
21
135
94
9
9
103
107
22
136
64
105
11
40
63
10
113
35
107
124
38
100
103
3
118
66
70
37
35
122
80
107
88
77
35
9
73
25
70
40
32
2
121
25
39
93
96
80
97
66
10
48
97
109
125
137
50
107
131
28
14
85
15
33
124
119
73
8
122
50
111
125
61
33
85
75
38
38
22
54
51
84
141
139
12
122
2
137
34
22
104
132
116
47
99
122
13
33
67
117
78
17
96
17
50
38
34
115
93
131
122
41
115
57
7
49
120
24
141
11
15
74
32
123
9
96
115
119
108
139
58
106
106
113
0
87
36
46
51
77
102
118
127
52
76
15
36
85
41
8
24
98
62
75
64
28
93
137
56
69
59
105
106
3
95
112
31
128
30
77
69
82
28
27
105
81
76
62
70
133
126
43
84
60
9
8
82
5
114
118
43
36
32
141
37
106
99
27
93
15
60
5
47
109
94
12
61
38
87
127
40
128
60
100
24
67
113
27
113
68
77
57
60
22
28
137
31
28
13
98
82
141
87
90
15
141
19
106
6
91
69
69
43
89
100
17
46
112
122
104
93
104
22
48
13
112
87
77
77
103
1
38
93
38
33
124
23
108
19
63
36
84
142
39
133
105
60
22
104
24
15
108
48
98
13
3
37
11
19
36
60
38
92
6
73
33
134
31
124
111
86
37
17
91
75
138
137
70
54
127
6
128
112
99
138
102
18
15
20
45
32
55
32
79
13
61
53
79
34
138
42
136
140
51
46
91
8
13
87
82
57
134
54
87
3
24
86
141
131
55
15
59
13
109
45
132
84
15
61
16
111
87
19
38
111
141
65
102
137
59
89
78
97
140
132
128
140
102
17
100
100
122
97
44
60
119
67
20
105
0
68
9
140
132
132
102
97
67
23
80
84
59
111
126
67
46
11
86
57
79
108
102
8
39
109
108
53
37
44
124
28
16
69
30
29
67
71
73
108
26
20
95
88
44
20
39
76
94
97
118
64
92
70
114
14
109
24
8
71
83
5
92
100
79
55
56
92
12
7
62
40
49
33
107
141
95
54
100
52
92
92
140
48
62
83
138
137
124
102
0
31
50
54
6
20
36
100
41
92
70
89
65
4
92
113
134
13
84
140
13
58
3
14
42
81
83
130
111
102
88
66
63
80
42
51
73
104
140
118
51
63
19
32
128
28
14
133
86
1
126
7
53
34
6
37
83
27
113
125
112
103
8
53
37
117
44
28
49
142
54
23
120
102
89
34
42
24
136
119
142
65
118
62
53
8
28
23
99
41
78
94
104
141
89
125
60
14
127
82
114
52
119
41
63
78
64
86
18
101
20
47
3
59
40
114
127
69
95
86
120
59
67
122
116
67
80
108
4
104
96
80
29
99
111
34
39
140
6
41
7
88
130
36
113
109
131
59
71
94
135
109
32
129
57
59
123
44
109
137
115
47
62
73
52
89
75
141
93
71
60
75
89
55
55
79
60
34
60
123
61
73
91
123
73
111
61
78
52
67
52
20
6
55
65
39
77
136
99
92
39
77
105
125
132
21
132
73
107
93
84
0
137
37
9
47
49
27
142
54
70
3
93
62
47
69
19
142
99
5
7
44
87
80
138
76
85
107
80
128
90
86
129
76
143
83
71
21
106
45
29
63
50
56
59
80
110
139
141
44
115
49
115
3
1
3
86
45
40
29
120
32
92
41
41
96
17
89
141
30
124
108
124
14
88
114
6
93
117
27
10
71
49
64
99
73
17
99
64
18
133
71
79
65
122
101
9
102
3
8
118
59
3
1
16
16
137
37
26
137
29
32
78
67
8
52
108
69
90
141
138
98
82
23
55
6
91
86
108
137
110
7
113
105
143
64
143
130
105
30
23
135
36
44
135
29
85
66
136
85
53
27
90
31
113
56
90
102
66
82
143
78
11
49
106
141
36
5
141
99
41
82
43
73
130
71
65
106
85
26
21
18
124
27
92
137
93
29
73
71
143
52
61
63
22
41
12
40
89
143
79
75
10
85
101
57
24
88
0
111
13
123
14
141
106
72
22
87
40
40
111
11
29
72
101
19
119
20
142
131
133
7
0
122
6
74
66
83
3
53
43
131
8
91
40
128
47
101
71
66
143
53
105
140
8
32
101
115
61
137
125
128
67
102
135
131
7
78
85
128
78
40
22
37
58
14
125
57
53
101
64
77
57
4
65
1
35
139
65
88
109
25
80
131
109
60
64
94
3
133
136
78
113
1
21
111
3
89
28
24
40
6
21
116
109
93
137
59
112
122
139
73
73
59
108
36
131
64
43
58
57
90
24
58
52
122
3
96
140
136
45
95
33
108
12
56
30
9
60
53
54
141
48
68
79
77
141
71
4
105
10
68
67
90
1
41
10
87
79
79
112
101
5
66
70
130
8
116
115
39
62
100
53
52
29
57
57
128
70
122
75
37
68
8
108
3
68
98
26
140
43
49
61
138
68
56
103
29
54
107
130
48
48
37
86
105
76
34
127
19
133
24
19
98
128
92
49
21
107
20
54
12
19
68
0
86
76
0
27
115
41
133
11
130
61
5
105
90
88
95
135
103
138
54
92
121
49
92
29
92
59
1
49
100
140
114
119
19
3
80
52
43
108
119
103
102
119
45
77
84
74
119
47
19
82
89
43
63
2
98
70
120
55
79
38
63
54
87
31
39
106
61
35
98
45
128
130
92
72
129
141
41
119
136
95
93
5
58
81
51
38
90
19
58
109
61
94
110
126
103
41
118
60
124
41
19
49
86
120
64
85
57
109
122
105
143
70
114
94
0
1
41
31
77
52
98
59
37
78
40
67
143
34
77
41
143
13
111
94
18
62
109
21
59
122
71
107
15
104
122
65
115
15
126
129
30
93
93
90
19
9
127
16
79
16
120
66
125
28
103
87
31
119
67
13
53
47
14
29
87
71
70
114
67
50
73
30
98
40
15
125
140
33
1
39
11
1
54
46
38
19
143
131
123
68
6
134
26
71
85
91
135
143
7
68
61
138
94
21
76
88
100
134
98
35
86
47
117
135
124
64
124
4
30
58
15
101
93
108
53
92
118
1
80
74
68
136
90
22
63
53
47
98
7
7
26
94
45
132
105
57
101
68
99
51
41
30
1
25
34
34
103
90
45
89
86
102
25
102
84
65
2
126
40
99
53
47
8
66
85
140
10
124
124
75
133
85
124
79
105
111
43
141
36
94
141
38
87
82
87
21
102
119
30
11
79
41
80
113
19
126
15
54
13
33
98
33
102
8
53
1
138
8
2
53
48
72
23
111
101
104
18
22
47
39
45
43
138
52
63
103
66
77
72
64
72
34
6
20
93
35
55
104
113
120
111
131
85
47
42
46
82
4
120
138
20
86
47
6
86
69
103
13
63
100
113
85
29
34
27
96
64
99
98
82
143
133
138
83
5
143
75
140
86
133
46
123
53
98
110
51
140
110
73
77
84
5
111
140
139
29
5
93
130
6
136
48
14
84
64
57
124
70
68
111
4
25
57
31
6
105
49
114
57
82
134
122
7
132
132
136
98
136
4
140
125
94
79
45
109
31
28
136
90
28
23
14
110
143
110
90
59
89
56
87
1
84
11
114
58
17
76
120
53
3
65
62
88
9
67
73
20
7
9
68
120
75
23
105
16
79
15
140
109
23
109
70
114
74
94
12
86
55
45
76
70
55
143
31
77
104
20
119
126
98
125
1
61
126
115
121
75
39
90
6
118
19
28
58
90
34
114
44
134
62
97
37
69
44
34
65
137
143
79
143
65
124
32
39
69
33
32
51
30
78
124
75
103
82
81
32
128
136
111
6
123
33
61
33
22
51
105
72
78
5
44
14
46
17
28
88
14
34
9
28
123
44
80
37
49
19
0
33
55
44
75
32
3
11
97
41
67
116
14
72
65
102
143
95
105
27
111
84
118
38
76
32
133
131
49
118
3
11
44
24
142
104
36
137
68
105
72
90
95
66
106
136
117
60
52
129
137
39
91
98
92
92
121
138
82
85
111
85
82
84
89
6
133
2
67
67
134
125
69
68
119
105
79
14
21
14
81
110
44
127
61
109
56
86
127
132
140
30
123
95
20
44
23
81
79
106
100
123
12
73
37
10
113
37
34
37
15
97
83
42
93
73
95
12
112
63
100
49
78
102
60
23
114
110
2
109
92
64
127
116
50
50
136
132
1
118
63
0
