1 1.4045 0.781072
2 0.444969 0.105465
3 0.559265 0.116074
4 0.859758 0.292176
5 0.581572 0.106791
6 1.19733 0.444755
7 0.818065 0.157471
8 0.800864 0.139563
9 0.91838 0.134137
10 0.872144 0.112086
11 0.961659 0.104236
12 0.991679 0.0877716
13 1.04138 0.0745859
14 1.01275 0.0629987
15 1 0
16 1.01658 0.0518812
17 1.03848 0.0720125
18 1.10841 0.119369
19 1.28165 0.218975
20 1.24401 0.255108
21 1.15777 0.263814
22 1.07035 0.217283
23 0.935585 0.209824
24 0.914427 0.374445
25 0.405241 0.0937424
26 0.301783 0.0540797
27 0.28038 0.0645121
28 0.236066 0.0656762
29 0.169273 0.044591
30 0.401956 0.15919
31 0.375462 0.200824
32 0.254597 0.120134
33 0.797888 0.700474
34 1.10013 1.01137
35 1.47281 1.37923
36 0.272126 0.149456
37 0.30351 0.220743
38 0.313925 0.211504
39 0.362284 0.218756
