96
73
52
132
130
53
100
55
120
50
78
94
38
105
10
113
58
46
97
51
8
34
93
114
17
62
3
9
64
8
100
57
3
112
73
59
40
17
136
89
70
89
58
45
108
66
121
47
17
47
16
90
75
25
126
26
39
43
4
97
122
74
139
59
113
90
88
97
30
17
139
121
38
140
67
73
114
64
74
66
98
116
54
98
15
50
66
114
70
138
34
6
31
138
62
19
109
32
41
17
51
22
73
61
140
10
72
90
120
121
83
2
77
73
112
37
37
50
11
111
126
103
58
87
122
117
113
11
95
76
141
58
34
31
104
62
73
139
98
35
25
0
70
71
66
54
119
15
48
56
66
84
111
22
70
37
48
66
46
64
70
66
131
31
11
113
125
117
97
86
1
79
3
30
83
73
93
92
27
133
71
132
4
70
84
57
82
94
94
132
93
129
78
141
18
23
139
115
119
89
57
36
93
22
112
118
80
6
8
18
134
139
23
36
32
0
19
11
87
105
73
104
128
68
35
113
140
9
11
72
3
86
46
35
99
134
24
122
125
49
0
129
86
11
17
32
74
1
3
142
14
103
37
49
82
141
84
126
118
91
114
91
33
85
55
122
120
64
141
54
96
123
32
105
17
133
119
49
64
23
98
103
10
143
43
67
106
9
138
93
94
136
8
18
137
48
137
89
32
124
136
52
15
66
127
76
47
116
70
97
56
128
25
41
30
18
46
54
70
73
4
44
135
58
134
4
75
8
10
56
86
66
56
26
31
58
42
133
68
30
40
38
40
124
63
5
134
65
5
112
120
112
128
84
65
49
48
135
111
17
84
2
9
90
31
116
79
110
42
58
75
94
67
140
56
53
37
13
25
53
53
39
5
135
103
105
138
110
89
78
73
107
87
97
10
57
41
130
41
78
85
68
13
37
53
66
10
36
84
22
107
110
127
67
93
122
91
39
41
118
143
114
130
20
50
62
17
17
96
62
86
20
92
34
9
25
0
78
104
74
46
124
82
70
88
112
57
100
129
17
104
112
69
99
4
65
48
31
73
112
80
63
45
11
105
107
39
13
69
107
136
128
130
37
43
106
50
72
23
140
76
15
58
15
82
101
86
89
120
26
61
50
140
136
52
15
28
35
140
116
78
135
94
124
66
37
140
110
138
15
25
137
123
81
115
114
47
66
7
54
122
62
64
136
35
12
47
106
71
139
48
25
69
72
12
54
29
47
75
137
119
2
111
59
56
139
46
44
97
93
110
101
70
39
64
94
131
84
139
17
56
131
78
75
48
114
34
114
25
91
141
47
2
34
9
119
7
91
36
85
7
35
82
67
121
114
49
0
127
129
128
29
114
54
57
111
137
77
44
140
119
77
27
99
96
129
112
32
83
138
115
68
48
3
67
107
0
19
27
125
102
32
102
83
55
57
115
92
102
48
42
20
52
40
86
112
106
67
1
102
42
48
110
75
64
39
10
119
91
88
22
63
112
91
56
96
29
113
35
72
116
59
1
116
61
91
49
59
67
79
99
128
10
95
43
132
125
138
142
83
119
96
83
50
122
69
36
57
61
68
28
134
66
125
10
56
125
13
120
120
30
41
2
44
44
138
3
3
28
81
38
40
55
85
30
140
39
138
100
137
71
59
16
91
43
123
131
81
45
39
41
56
71
19
129
32
141
10
91
72
106
32
2
76
111
138
78
23
32
11
85
27
79
11
14
11
133
75
28
114
132
34
27
10
6
69
33
51
70
19
36
55
101
22
121
85
138
58
11
121
108
138
131
64
69
29
49
33
140
8
14
32
91
49
134
135
68
136
123
82
108
135
68
101
122
72
51
45
131
17
89
1
1
33
17
11
126
53
124
111
104
96
71
96
83
42
73
59
12
111
21
78
83
113
37
76
100
80
96
61
139
36
32
143
109
123
143
72
74
49
50
12
38
59
96
11
5
28
11
49
124
78
83
127
30
92
83
8
9
135
51
126
137
93
139
133
101
122
2
92
139
28
54
11
36
53
104
38
87
59
49
16
122
58
60
8
25
93
68
66
135
61
70
25
139
131
112
108
30
11
123
29
88
38
46
65
98
117
135
47
126
115
105
115
68
108
91
87
108
106
82
59
93
9
57
87
46
19
67
78
87
87
78
56
109
87
8
129
129
0
61
42
67
43
50
11
110
98
62
106
56
20
66
46
78
62
94
115
134
104
39
7
82
82
126
132
17
62
58
126
44
143
112
46
26
49
121
130
7
23
45
34
62
68
7
2
131
43
11
112
62
9
143
31
78
122
103
143
85
20
9
59
86
99
120
28
126
84
123
9
82
101
31
121
127
131
73
128
58
99
37
22
23
64
4
136
84
56
22
41
91
54
6
125
38
9
107
113
61
73
113
120
83
86
54
74
85
81
2
126
82
16
94
36
141
98
81
125
41
53
71
106
31
17
42
118
37
141
34
123
60
43
141
16
39
134
78
125
143
75
53
106
54
124
82
49
113
128
67
131
10
82
54
135
83
95
120
96
64
118
133
73
60
42
26
5
14
98
91
75
133
57
125
71
76
135
127
59
2
79
112
100
35
51
46
86
97
132
69
8
71
29
66
8
4
71
112
50
103
73
45
8
56
70
92
135
56
69
110
89
22
114
75
133
141
124
132
142
37
51
75
45
11
88
80
140
8
88
25
51
91
56
70
22
4
127
89
20
17
105
22
100
131
10
8
40
46
119
130
46
17
136
80
29
79
106
99
79
16
48
96
9
1
35
1
46
40
57
4
132
25
53
26
140
109
80
58
58
39
39
5
139
79
131
89
26
10
84
98
15
72
46
131
5
23
58
40
123
114
119
119
39
84
6
58
63
125
64
125
47
118
3
79
78
111
48
102
71
84
4
60
52
114
67
93
6
132
105
103
105
10
114
123
10
38
58
103
86
134
127
72
112
1
32
41
77
59
90
123
102
98
17
115
107
5
61
133
30
123
52
121
80
0
90
99
63
29
137
106
67
51
143
43
143
126
44
103
35
30
126
39
17
142
86
98
34
99
14
16
61
43
107
143
48
85
108
25
21
120
63
16
96
120
72
101
28
102
110
67
11
104
124
72
80
11
80
23
0
126
57
56
35
114
25
61
57
12
120
32
68
96
49
58
104
18
79
66
142
112
110
89
61
56
0
66
109
40
75
109
17
106
38
108
58
88
94
97
104
53
58
44
90
58
42
101
75
104
142
106
134
38
132
122
71
48
17
96
66
107
58
24
76
99
20
9
69
62
126
102
139
91
11
104
72
129
90
79
104
124
124
139
17
91
55
108
131
0
110
120
105
109
82
92
24
71
83
9
140
100
122
93
91
49
21
140
75
66
54
9
143
79
102
31
67
80
87
106
61
11
9
57
143
47
65
12
33
86
111
72
119
127
117
119
41
65
29
47
130
128
58
34
12
83
87
128
51
78
112
34
70
44
56
56
21
56
41
71
9
52
138
117
6
9
112
70
62
42
100
53
93
109
62
138
125
77
67
80
20
100
85
24
21
53
81
35
67
89
42
80
12
120
102
7
69
74
101
23
19
84
52
9
72
25
118
77
62
17
37
118
123
128
128
130
119
94
77
86
9
1
62
74
65
90
112
17
59
119
100
52
60
63
38
26
60
27
62
31
55
57
31
57
66
12
133
97
87
109
94
76
125
132
75
58
85
5
69
87
38
73
76
76
140
102
15
18
138
2
116
18
66
121
105
121
110
24
108
73
20
3
132
90
73
83
5
72
73
66
93
141
0
12
132
13
82
95
112
44
95
35
50
38
86
119
37
56
3
87
37
115
111
59
111
64
97
131
134
76
33
115
50
118
70
98
50
62
27
126
59
125
91
82
37
71
43
79
117
80
140
15
42
71
51
45
85
17
113
46
117
24
101
98
101
8
130
32
127
98
140
126
123
43
75
45
27
92
23
34
117
114
117
131
27
66
58
67
108
18
131
78
112
131
139
63
99
58
124
80
126
127
116
49
61
90
27
8
29
114
102
16
116
114
88
12
137
95
126
115
142
114
81
131
109
26
118
127
51
23
40
70
135
91
60
31
141
126
50
15
48
84
84
124
13
0
82
132
65
34
69
24
8
91
109
59
119
18
25
11
138
100
11
113
59
59
57
10
8
41
39
126
112
61
18
96
79
136
126
36
63
42
87
96
134
97
123
134
57
5
13
116
87
5
40
29
20
29
70
136
104
121
42
90
74
136
140
119
32
18
120
74
42
81
27
84
30
91
87
19
10
83
93
16
45
46
50
130
70
141
102
56
57
33
4
29
102
129
139
136
29
132
55
50
120
35
23
4
20
60
142
118
108
74
47
120
35
67
104
38
66
114
125
99
109
20
109
65
126
118
107
74
89
66
43
55
128
51
97
114
106
82
56
74
122
100
93
53
50
107
111
30
91
0
121
93
69
96
109
55
27
94
119
9
116
20
108
5
105
107
9
77
134
74
137
84
117
118
118
68
42
92
50
63
66
50
131
80
50
96
38
101
98
131
93
58
75
54
69
6
9
53
93
49
137
116
30
54
117
137
63
71
87
129
101
48
70
69
36
67
104
9
24
97
131
108
78
55
91
4
54
131
91
64
135
123
125
47
62
114
78
79
7
117
64
67
136
63
84
67
69
71
64
131
131
32
114
120
138
119
94
79
52
73
138
104
21
129
14
8
101
34
106
10
140
57
138
79
119
130
85
134
55
81
45
1
120
127
27
61
62
55
49
34
57
30
140
117
120
76
131
42
89
140
100
92
113
55
121
66
113
29
80
15
55
108
19
25
62
13
106
120
84
33
91
132
120
36
29
7
11
34
57
81
134
4
4
1
108
95
3
34
109
122
143
80
16
108
120
17
143
76
6
98
2
2
39
81
16
13
54
105
29
12
43
7
97
66
76
106
26
29
73
106
30
76
102
137
62
135
109
97
85
70
77
60
6
6
89
17
120
77
18
60
137
0
101
117
21
1
1
82
77
88
26
16
61
98
85
40
135
134
94
118
103
110
2
62
73
80
137
105
118
25
17
18
50
134
42
80
136
7
94
9
29
106
117
103
134
25
35
59
59
49
1
70
94
56
14
37
7
100
37
6
71
55
119
106
26
70
5
106
142
7
124
110
110
95
119
48
124
136
104
71
141
111
31
77
10
92
83
7
16
23
55
101
118
6
55
69
110
8
142
55
83
28
63
80
49
27
39
138
6
43
10
62
127
141
68
7
85
120
12
20
20
69
131
26
27
27
64
10
36
78
102
96
73
135
61
52
92
32
55
125
44
130
143
135
6
2
123
101
116
131
50
18
5
47
55
108
122
23
43
13
95
139
30
48
6
60
84
116
40
5
63
74
42
137
119
41
84
120
21
68
39
74
71
18
65
104
77
9
95
66
117
77
43
82
56
136
39
70
109
136
65
130
49
106
98
100
25
52
27
41
134
71
119
74
106
70
87
37
75
60
44
101
95
112
23
31
119
90
45
104
115
60
124
95
130
20
131
74
11
84
39
120
57
37
20
127
47
114
127
28
72
43
59
27
92
84
127
40
39
49
41
45
32
39
119
88
40
36
41
24
117
136
41
134
1
72
99
1
38
77
31
66
130
49
123
36
27
37
132
53
88
124
34
109
137
8
8
95
42
36
118
4
42
100
96
54
48
1
26
136
36
108
63
63
123
126
38
139
118
64
79
134
27
61
48
55
89
60
101
92
100
140
131
73
18
6
137
4
80
89
112
34
51
17
141
38
51
110
51
52
126
56
17
94
137
137
46
66
64
61
3
47
141
126
42
45
3
112
21
108
139
61
2
68
126
5
78
77
13
66
21
133
17
100
37
16
64
120
0
21
5
37
45
109
96
16
94
114
142
47
138
102
100
80
87
126
85
60
31
82
47
58
3
36
41
104
31
96
77
134
139
80
106
132
129
78
19
27
118
24
73
94
78
6
4
48
76
72
106
73
119
11
29
75
54
65
66
128
2
78
138
102
11
64
117
96
6
22
106
108
34
46
138
61
123
46
33
108
54
136
119
28
141
134
69
78
141
65
96
37
79
59
133
85
137
38
4
40
116
9
55
16
83
9
67
24
122
123
74
94
91
41
0
80
51
102
121
20
127
83
127
35
16
112
35
62
39
38
51
13
46
142
5
58
0
77
129
110
48
112
3
124
104
4
80
112
125
65
129
44
63
64
110
96
43
49
70
112
82
51
104
29
102
93
124
136
35
79
35
121
106
59
134
39
90
142
108
127
142
57
58
56
125
96
48
97
78
39
92
9
133
71
57
128
57
76
59
100
141
53
82
71
126
135
79
42
25
9
39
37
29
75
141
79
132
130
2
79
111
138
127
126
86
107
12
12
120
15
23
37
21
80
120
17
58
137
143
5
20
57
19
126
98
88
77
39
35
53
59
58
64
10
134
74
19
135
133
79
106
29
127
37
139
29
75
98
111
140
126
10
77
128
136
23
141
129
1
124
122
78
18
75
14
29
4
130
125
4
13
78
34
92
114
28
46
140
127
32
18
83
134
32
1
120
18
37
16
16
23
86
25
23
131
92
43
110
11
135
131
5
131
135
32
5
38
69
119
107
48
35
31
136
89
77
7
11
69
108
77
17
95
26
16
38
20
89
89
59
20
20
108
117
64
64
20
133
82
115
69
4
68
65
65
17
101
126
116
72
37
82
86
67
105
32
40
107
107
68
53
97
92
79
6
128
139
89
135
127
38
22
116
8
22
81
94
121
94
137
1
29
137
6
63
3
25
94
12
40
75
113
45
108
61
102
111
54
84
122
81
25
36
13
92
25
10
31
94
58
101
105
123
6
106
33
77
124
5
91
112
78
51
96
122
102
21
99
45
6
106
126
43
1
111
96
131
88
47
97
93
50
23
101
50
106
97
121
1
46
3
107
30
6
14
60
128
129
112
66
111
111
97
17
10
73
87
0
8
73
116
129
0
7
109
32
113
56
118
3
33
120
116
118
120
28
92
10
43
57
0
95
136
34
48
48
80
52
48
137
56
71
138
76
103
82
11
66
78
48
125
141
83
118
143
13
127
14
141
127
0
11
49
11
44
17
36
91
88
21
73
115
95
44
108
27
52
58
17
77
46
13
142
83
138
131
66
91
136
50
103
54
65
8
50
15
91
66
18
142
141
7
78
58
90
68
50
7
83
27
107
8
46
17
131
100
121
91
135
68
138
113
11
9
58
78
68
47
27
72
127
24
15
45
132
68
15
135
77
104
68
21
69
20
35
57
129
49
67
133
8
56
93
118
14
29
115
75
66
55
72
125
55
106
136
126
8
128
28
86
45
71
53
108
12
4
129
110
29
58
111
135
5
37
101
44
15
25
108
57
42
142
5
17
90
94
78
103
84
70
104
15
118
64
105
107
34
92
8
48
135
124
47
111
106
28
136
73
68
45
89
2
142
108
133
84
24
21
63
36
64
38
83
34
30
45
128
44
70
24
106
70
106
87
96
124
130
99
111
81
126
39
22
15
57
35
64
65
112
3
86
39
35
94
44
31
106
47
62
108
61
123
61
53
106
77
88
3
50
69
46
31
38
73
19
131
88
40
1
26
40
40
25
90
94
106
63
45
24
135
86
128
19
127
119
120
66
88
134
61
135
117
88
128
135
18
74
118
66
112
130
44
61
11
65
15
23
24
68
22
26
10
90
45
90
120
103
133
18
129
26
15
125
67
90
87
3
93
87
105
73
98
105
67
79
66
99
69
27
49
28
99
82
30
134
45
14
10
18
56
27
143
5
85
138
75
124
31
75
1
10
124
42
69
124
99
108
83
139
49
33
84
89
1
61
4
128
96
10
108
106
60
84
19
111
84
17
67
112
86
86
97
112
8
93
29
49
55
122
17
6
117
29
71
48
32
5
89
61
138
55
35
93
67
41
135
96
137
104
92
46
3
55
28
35
77
91
63
37
73
1
104
119
73
93
26
3
12
136
82
36
41
126
13
1
3
67
122
1
16
63
100
9
12
104
38
117
56
116
16
113
78
28
16
13
100
132
36
69
38
65
4
16
120
6
121
120
91
55
28
136
23
54
121
0
36
116
112
38
82
77
142
91
60
91
66
84
105
4
65
41
1
142
136
84
133
31
22
92
117
104
10
4
31
39
85
36
29
112
11
99
109
73
42
9
56
11
96
91
118
48
30
63
86
100
26
50
24
53
73
128
63
53
87
125
106
1
47
1
104
133
67
53
38
38
15
16
12
101
58
112
69
37
12
11
85
122
15
3
101
38
1
101
131
105
68
79
90
67
61
61
54
9
42
83
99
81
79
84
12
125
68
81
2
84
62
90
123
76
75
88
130
132
8
35
136
130
54
50
60
36
113
101
32
90
23
8
128
28
25
136
85
11
67
64
3
25
5
120
62
24
24
17
121
12
17
105
20
75
128
129
21
59
50
5
43
13
93
59
5
93
128
20
35
120
116
44
21
4
111
24
25
46
54
29
112
88
32
46
118
22
15
64
90
4
112
124
73
88
29
120
103
70
2
53
8
35
32
136
103
121
26
76
16
105
33
111
58
1
2
22
50
133
87
133
143
87
56
92
60
123
132
133
18
91
138
125
62
46
77
124
107
18
112
99
17
137
39
96
79
67
88
56
23
22
119
62
106
52
106
76
52
77
68
131
138
96
66
2
3
96
17
54
67
45
62
140
9
30
87
73
124
92
119
84
65
122
73
107
94
42
19
139
22
19
30
54
73
122
21
89
54
74
49
117
51
77
43
93
124
55
128
49
20
143
35
93
77
124
64
21
65
44
89
33
27
23
123
77
49
82
77
20
55
59
87
128
78
28
66
99
63
25
69
22
98
22
48
13
38
114
77
33
125
10
25
107
31
20
5
59
93
93
7
52
48
48
30
12
81
52
48
85
98
99
99
141
119
111
13
131
24
23
140
75
126
53
108
123
87
11
28
135
50
33
37
49
22
45
80
43
105
96
19
30
24
54
17
53
10
109
31
30
65
54
93
96
18
103
77
117
57
53
59
90
90
15
22
77
18
119
36
29
3
1
67
131
2
5
135
52
47
110
13
122
30
66
97
131
98
139
34
96
86
12
70
53
70
91
21
18
134
38
50
91
53
74
120
135
20
24
117
59
105
6
115
31
124
58
41
19
66
123
127
17
57
94
82
58
57
22
121
0
61
65
64
100
36
123
12
115
57
7
19
10
64
8
113
40
91
41
14
135
126
113
70
41
64
33
67
58
71
89
105
128
121
13
15
79
83
41
118
69
72
11
42
72
62
6
130
108
30
100
69
73
49
124
25
64
73
78
58
51
89
21
126
52
46
139
103
51
23
19
58
66
113
85
134
85
58
85
94
75
87
6
16
69
57
30
67
130
132
69
62
125
27
76
104
72
69
76
115
41
65
134
58
27
127
40
32
81
87
75
76
133
105
57
123
52
51
57
134
72
65
62
6
17
42
93
14
77
132
44
81
132
3
38
136
110
38
124
19
29
14
78
118
0
67
113
14
30
141
132
0
108
113
35
6
34
109
119
55
19
26
49
140
136
8
108
88
26
136
143
72
87
26
45
98
82
76
92
138
118
117
93
10
93
1
52
122
7
133
139
61
44
131
56
22
66
131
13
80
101
23
131
22
5
119
52
143
62
3
141
4
117
100
100
95
48
122
141
143
1
62
134
120
97
128
40
40
25
126
18
29
112
9
40
111
113
76
104
36
32
11
97
11
88
142
81
124
13
10
59
143
71
7
66
124
66
126
46
29
36
21
97
10
55
47
98
37
40
33
101
81
5
92
111
85
25
76
100
49
83
120
21
140
105
143
113
32
50
50
75
98
124
24
134
63
79
10
75
94
75
56
91
127
36
24
58
13
110
36
62
130
7
121
47
98
79
107
121
40
36
122
131
92
112
20
106
75
59
18
83
26
110
35
0
117
129
98
113
134
128
126
47
115
94
52
41
106
0
113
87
58
95
5
70
75
109
2
20
5
143
89
30
103
117
40
75
117
16
106
133
5
95
53
58
9
134
18
136
110
67
94
16
110
136
119
100
12
60
121
78
40
80
40
35
85
46
89
26
13
77
89
123
35
112
62
25
121
138
25
45
60
78
95
134
28
143
67
117
8
119
25
40
15
22
67
4
93
66
58
112
63
88
9
135
134
123
60
37
21
128
65
21
66
9
133
8
75
36
27
108
46
1
108
4
60
80
90
101
12
35
22
114
105
11
14
14
49
98
30
34
42
26
132
113
20
89
23
132
103
76
28
16
25
30
127
18
90
143
81
129
65
16
46
21
42
68
134
92
92
33
13
4
84
111
39
35
129
132
82
86
117
120
135
60
127
35
140
90
25
98
117
72
72
39
123
51
35
121
7
25
129
72
18
50
118
73
124
132
130
21
43
141
42
67
111
122
50
55
50
44
128
141
111
83
20
21
57
135
62
82
49
141
95
10
61
92
86
95
114
67
140
60
128
137
126
44
61
49
4
78
86
67
23
99
113
44
56
3
52
77
104
50
29
42
50
95
138
140
60
70
26
29
27
81
70
140
78
95
13
77
115
108
3
9
137
86
7
61
54
74
17
70
102
8
114
119
10
42
83
97
85
54
5
110
102
80
14
110
106
97
138
40
138
93
14
124
93
54
93
138
112
58
41
85
53
85
29
132
8
67
7
107
64
10
133
54
21
73
42
106
29
77
32
27
6
54
26
66
108
127
131
134
111
78
23
9
51
88
143
75
140
132
2
80
77
4
45
23
138
38
124
96
139
88
75
143
45
90
35
127
45
109
121
120
106
43
140
68
111
79
103
95
126
78
136
62
57
66
71
20
139
20
28
43
44
51
115
81
133
19
76
8
51
25
108
23
86
62
108
12
20
124
33
107
143
141
19
89
130
69
143
133
86
102
40
94
102
117
124
23
122
82
43
111
16
142
60
95
16
108
48
25
30
42
32
125
69
0
85
77
83
30
139
25
101
94
126
60
113
44
83
69
137
35
66
52
112
78
88
75
79
85
30
37
138
125
13
119
141
139
141
142
52
2
24
2
17
92
110
90
90
6
29
109
110
82
56
86
87
18
104
43
18
15
90
100
15
43
15
83
66
78
16
105
133
20
132
86
86
53
13
46
43
74
92
136
133
130
43
110
5
25
132
42
20
24
133
40
52
121
57
66
107
77
38
98
127
86
97
34
65
30
75
59
109
99
29
62
89
131
63
56
51
63
139
109
64
56
95
23
83
119
118
51
63
107
76
127
14
7
118
52
32
46
58
50
95
5
143
37
117
32
53
126
55
39
28
12
102
143
58
135
43
106
13
13
45
61
91
43
52
109
61
118
41
98
87
51
91
99
86
105
2
33
32
133
30
37
48
3
38
25
44
71
101
72
48
133
22
126
5
0
48
91
72
143
16
129
141
71
142
128
61
22
48
80
7
101
7
99
142
81
10
97
141
132
106
100
42
124
112
24
117
103
128
128
18
62
100
30
106
38
83
26
18
37
85
56
42
51
35
139
104
36
99
100
105
51
112
54
89
134
101
39
109
112
35
95
39
96
30
117
118
122
96
93
93
31
112
7
7
72
104
57
117
10
5
48
10
49
45
8
110
124
107
5
137
83
9
104
114
109
5
48
26
134
107
41
37
135
21
143
45
114
141
31
70
114
45
109
103
136
26
45
47
143
106
27
21
122
105
21
96
111
28
141
56
106
120
2
76
23
109
3
33
6
138
113
57
96
104
123
123
79
124
91
104
107
119
22
36
128
70
142
117
6
55
135
101
96
71
20
124
73
131
37
136
104
104
22
29
10
63
98
72
81
24
65
46
109
142
117
79
54
4
10
24
117
142
103
118
112
49
47
49
98
62
82
96
33
22
41
141
137
127
113
111
10
75
50
19
45
25
27
104
121
85
75
79
41
117
103
99
49
68
49
101
69
36
85
5
138
25
21
108
31
66
7
42
82
113
26
103
129
137
142
24
111
130
124
93
109
112
141
119
109
119
21
66
63
10
65
50
36
99
49
124
135
77
30
96
95
92
18
18
117
139
37
107
72
57
112
77
139
74
66
36
35
137
0
130
119
38
131
35
84
44
31
130
106
97
94
99
110
43
67
139
18
32
66
55
4
80
118
62
98
47
71
65
87
42
56
102
78
62
112
17
7
42
88
22
25
74
46
123
94
75
80
41
99
94
73
135
101
75
93
86
18
93
123
118
66
141
67
48
56
108
40
136
68
71
55
114
10
76
21
86
77
49
32
20
125
139
111
5
126
81
66
77
124
61
141
108
76
42
73
25
122
95
32
29
63
81
5
49
67
11
71
73
142
116
118
49
125
139
140
115
43
12
18
63
52
11
95
112
100
84
135
70
96
133
77
79
19
8
109
38
107
70
60
39
117
52
121
30
142
23
135
70
8
141
105
12
79
70
25
131
124
5
41
76
51
90
76
105
76
91
77
142
51
137
72
100
26
59
100
15
119
26
117
116
77
11
128
87
29
21
41
107
75
33
41
3
41
42
5
103
5
33
90
0
70
46
90
60
30
18
25
83
21
103
130
41
129
21
63
115
42
40
135
103
59
50
70
47
76
117
98
116
103
97
61
57
22
74
26
114
47
18
65
61
115
142
61
93
126
92
63
22
48
72
61
112
117
105
143
15
76
105
117
46
103
61
115
61
135
101
103
61
20
138
44
40
7
22
122
1
136
61
122
23
36
127
96
34
66
136
12
89
89
26
16
27
14
110
65
9
2
57
77
70
82
45
2
11
82
76
121
94
83
114
42
54
7
78
61
95
82
114
15
26
31
100
87
124
83
9
39
72
127
31
73
130
32
27
86
81
29
98
56
119
56
101
82
17
42
141
108
136
30
124
27
31
26
93
9
68
68
56
124
86
11
93
2
127
64
35
93
61
24
137
64
32
27
68
127
12
45
4
39
139
13
88
60
27
19
108
75
5
16
77
6
113
76
95
119
134
112
64
107
74
98
9
56
31
141
30
58
14
98
129
26
70
143
62
114
20
107
107
2
89
74
13
99
6
143
30
59
0
