83
85
66
106
88
2
85
47
107
97
97
95
95
100
34
81
100
77
72
127
107
72
16
95
16
87
50
27
84
92
12
19
57
116
108
134
49
19
108
132
25
100
11
84
78
74
111
132
20
120
99
3
12
31
105
11
3
54
37
121
46
109
79
39
81
2
93
133
65
128
81
113
105
118
117
0
48
22
140
111
4
58
104
79
128
62
72
99
86
127
49
53
77
76
6
12
81
39
93
54
132
114
106
104
13
79
138
13
64
93
78
109
97
65
13
3
91
97
34
88
53
105
105
100
6
22
80
25
84
53
66
70
10
76
4
119
114
50
77
25
70
41
48
80
29
24
0
128
97
132
6
83
73
29
90
115
35
120
123
40
77
107
1
21
83
104
59
64
102
130
11
36
102
58
58
116
78
132
91
130
34
31
41
55
88
103
1
136
41
40
116
51
51
127
82
44
30
44
13
87
1
50
58
124
55
66
61
136
128
29
91
126
44
0
96
142
59
0
91
28
9
127
120
113
28
115
71
142
66
44
2
99
123
39
83
53
106
43
116
123
142
76
5
94
40
86
85
86
106
66
58
142
96
102
128
97
44
3
133
12
134
42
86
75
46
90
57
8
62
81
96
91
29
129
126
114
34
86
115
86
14
107
36
22
77
122
90
49
26
115
59
59
47
115
58
38
39
116
20
43
134
18
3
48
125
24
39
123
132
25
76
12
22
50
36
63
125
143
63
50
90
110
31
4
119
1
96
74
102
54
19
53
80
47
137
92
117
89
127
45
49
127
96
85
117
34
137
59
20
88
134
35
20
36
115
41
59
102
87
34
45
142
63
104
29
92
3
103
58
78
74
22
10
88
55
29
134
130
123
140
55
79
6
16
124
134
61
14
3
14
26
97
111
117
84
87
1
23
80
41
122
119
112
137
122
137
3
64
32
107
29
15
64
67
132
128
82
80
14
45
15
69
114
15
99
115
35
129
0
141
17
29
7
23
7
11
22
143
115
36
99
97
44
102
137
127
41
35
128
134
57
82
88
45
101
105
30
84
9
17
129
60
128
109
57
68
81
128
74
46
99
85
68
27
3
72
59
92
46
74
28
20
127
61
55
9
68
5
43
92
13
141
46
86
103
47
110
140
22
64
25
9
10
65
8
84
111
33
102
46
83
51
67
73
115
103
122
105
73
103
9
105
9
130
35
111
141
105
65
65
125
115
57
84
41
8
40
59
70
86
101
89
126
47
32
123
69
47
128
123
33
42
124
27
5
47
83
128
80
86
44
5
6
136
101
137
78
43
135
138
0
123
33
128
92
36
59
141
129
32
77
83
51
47
4
81
30
96
97
42
30
84
112
98
11
61
40
88
139
139
92
72
28
11
44
74
30
74
1
55
114
83
86
13
44
74
62
1
5
65
79
72
97
53
118
5
112
88
97
5
71
48
72
114
10
20
22
77
128
128
97
48
42
33
93
71
21
120
22
140
51
136
16
66
74
5
49
134
21
81
129
71
81
110
103
99
121
82
33
68
99
104
98
50
41
60
44
61
48
120
95
132
130
113
107
3
96
44
70
133
107
60
113
8
23
142
30
8
142
118
85
65
138
87
45
101
4
130
52
23
14
96
130
91
108
88
59
79
49
27
1
141
67
46
142
21
16
16
133
36
88
6
13
40
12
98
117
76
10
88
88
82
82
97
16
83
21
1
84
40
109
5
13
95
101
40
7
3
78
93
16
138
62
98
31
87
109
75
85
39
118
93
36
116
93
107
17
118
31
139
135
42
107
38
82
24
34
135
91
6
88
129
107
102
117
3
50
30
50
8
25
25
102
56
22
26
50
106
137
112
6
38
60
90
128
84
86
9
15
62
117
31
68
71
66
76
54
16
16
7
128
92
63
118
26
26
28
72
114
73
11
95
88
28
14
124
100
124
55
16
60
14
68
60
0
119
111
20
61
93
95
119
95
108
133
5
82
29
111
66
11
14
52
79
27
136
130
73
15
133
65
81
113
29
87
75
88
46
90
34
108
35
123
130
143
143
20
56
56
20
11
13
50
25
31
138
21
2
5
121
89
92
20
102
22
143
102
135
16
27
116
25
134
106
15
51
35
49
73
97
97
8
76
4
60
131
6
24
131
127
100
104
66
48
104
33
76
31
81
64
86
48
113
106
126
135
23
73
50
78
109
79
89
6
108
110
114
109
17
64
5
20
82
86
69
47
136
18
70
1
139
18
5
41
79
137
103
116
78
10
61
141
49
134
86
102
81
108
59
45
81
33
108
89
92
143
60
1
96
86
109
86
89
127
60
63
19
47
134
54
72
64
92
34
56
14
23
26
104
17
28
126
115
63
108
17
4
143
0
88
72
104
135
131
8
67
0
68
77
92
19
133
141
45
9
141
113
9
141
135
44
17
27
29
89
3
134
110
65
61
114
58
29
32
32
26
14
14
115
61
96
107
80
51
70
55
92
32
36
113
92
136
97
92
0
103
139
139
50
61
123
55
81
76
14
120
4
66
134
140
105
100
42
139
100
61
122
98
9
81
122
114
67
127
109
131
111
86
41
109
82
19
115
66
109
139
89
109
135
77
136
136
30
69
138
22
27
36
10
91
112
132
95
57
124
89
51
56
102
123
137
60
134
44
80
122
28
95
63
37
58
88
44
122
140
64
117
139
134
14
107
138
133
56
100
62
138
126
98
63
35
27
38
83
89
52
49
109
114
16
38
91
43
124
58
130
143
135
54
11
135
49
87
71
122
110
34
131
14
24
58
40
127
116
76
14
132
96
139
111
92
46
129
84
85
140
135
51
135
91
123
113
48
113
9
64
8
113
102
65
64
94
50
64
84
120
134
54
134
63
95
116
2
38
9
143
133
106
59
34
64
85
131
106
14
64
58
36
20
142
125
121
115
58
8
70
39
96
63
40
111
63
136
88
50
6
71
58
14
49
48
2
136
40
38
90
11
97
119
81
40
49
45
89
139
32
128
135
9
50
135
79
14
40
139
40
33
115
49
70
116
127
14
90
70
45
101
64
129
103
95
21
50
84
49
22
35
112
117
96
132
95
45
48
22
86
68
22
67
126
2
17
141
54
69
136
79
85
40
19
105
19
85
40
30
43
72
11
20
39
80
39
26
85
63
14
89
63
70
70
97
73
24
5
142
74
42
127
135
89
19
75
11
69
129
116
10
50
42
19
110
142
38
27
37
53
138
49
88
78
59
1
37
27
115
60
125
0
67
140
0
68
142
117
88
137
68
94
59
7
38
101
36
74
94
117
80
121
13
68
27
24
74
95
27
130
125
59
10
3
115
1
82
17
125
71
22
70
121
112
90
120
116
109
59
139
17
63
96
82
28
115
57
10
58
38
27
114
20
11
133
133
121
69
108
98
71
37
16
115
113
113
102
122
9
76
108
21
9
32
94
143
139
138
10
120
105
100
10
22
71
17
121
23
75
103
18
89
95
117
130
32
62
143
44
102
17
5
59
93
46
19
60
17
87
136
83
91
23
32
143
63
118
100
28
96
62
35
133
11
5
23
29
93
1
92
142
32
51
15
119
36
131
61
127
116
8
100
106
33
116
55
42
120
3
106
90
3
55
14
14
116
88
120
71
123
111
120
103
8
60
90
90
73
118
61
82
112
88
52
134
93
88
32
4
48
82
90
23
32
116
119
82
104
71
67
13
136
120
23
48
66
74
101
83
105
85
83
16
114
52
66
104
47
54
56
85
16
61
51
26
134
67
44
30
95
11
103
115
22
140
40
5
122
120
61
115
140
78
90
24
121
138
63
51
134
130
74
78
87
40
77
73
44
94
79
104
102
78
43
53
102
0
133
8
134
141
141
9
108
71
131
110
82
87
0
87
63
93
51
52
58
120
82
61
117
131
89
51
96
135
71
119
61
57
57
89
70
91
114
55
57
61
69
105
115
53
30
91
96
138
22
47
77
86
40
70
36
26
142
16
26
47
126
61
45
130
46
2
53
33
105
42
24
24
126
140
8
126
89
2
119
86
100
62
127
36
42
137
112
58
68
53
84
97
68
112
86
84
95
119
13
45
125
19
89
38
70
47
119
84
59
64
110
119
2
69
13
19
137
140
80
21
8
108
115
46
51
8
141
119
141
45
89
89
66
13
99
4
10
16
139
92
30
112
97
14
95
97
97
58
34
97
71
14
94
99
90
120
140
132
3
128
51
91
100
40
61
140
110
82
114
3
132
118
133
42
75
50
22
60
72
61
62
28
112
89
32
89
110
116
48
142
120
26
134
10
94
36
128
47
75
36
89
73
73
112
138
141
24
92
84
121
102
137
95
88
51
78
130
4
64
64
64
27
12
107
25
114
81
21
20
110
6
40
127
99
52
60
29
116
121
93
5
52
8
112
127
92
61
72
32
39
13
77
98
91
6
77
126
139
47
106
21
116
117
117
49
94
36
108
20
15
108
58
37
128
1
29
142
23
7
94
140
42
103
17
48
37
85
6
142
91
107
71
82
37
50
36
66
37
14
73
114
43
89
102
66
71
41
142
94
106
18
86
66
89
27
20
109
62
14
108
60
90
84
124
44
102
84
114
123
129
107
134
15
133
129
127
95
134
110
136
35
123
142
65
105
62
99
117
130
14
26
55
102
52
96
10
139
51
81
45
108
95
130
88
31
45
10
66
54
62
128
81
114
101
56
88
108
124
132
137
43
74
36
139
89
79
82
138
132
12
82
136
56
60
43
70
40
34
79
42
83
26
76
16
97
132
51
66
54
118
80
0
75
65
16
116
101
101
68
47
103
124
53
103
42
138
47
116
108
116
67
75
7
62
88
27
51
33
33
108
132
116
91
121
96
37
27
55
125
66
85
125
95
85
132
143
45
25
67
66
111
56
56
66
76
134
117
134
98
96
45
74
116
42
95
49
130
34
97
133
5
54
99
84
128
78
98
87
105
58
74
58
119
64
10
38
55
128
11
109
53
100
37
67
124
54
9
47
37
98
76
108
89
93
35
100
129
7
45
118
53
113
124
28
90
22
118
93
122
78
78
3
135
33
24
66
118
51
122
20
94
118
0
61
0
0
73
116
45
32
48
119
31
7
16
38
47
84
121
99
64
19
45
125
9
74
126
73
57
114
113
61
31
96
105
31
108
101
124
0
0
8
64
57
101
119
52
102
125
117
127
62
51
143
51
49
19
59
48
79
29
119
134
57
76
13
92
89
92
21
29
3
3
67
88
100
70
102
95
57
11
128
61
25
18
85
25
69
49
11
43
14
47
25
134
66
33
87
109
134
64
91
114
63
50
102
113
91
51
21
43
105
59
109
72
2
84
114
49
81
52
118
3
131
12
80
113
93
28
66
102
111
140
89
91
128
102
51
132
85
138
50
115
112
66
100
85
112
26
72
14
63
32
72
85
124
132
129
16
34
72
11
91
81
97
102
23
72
123
1
33
57
8
136
138
91
11
40
118
41
127
54
112
32
122
67
39
20
103
72
41
99
14
34
17
41
2
18
43
127
92
91
32
107
53
40
101
100
98
96
72
13
106
63
43
54
29
92
107
59
82
53
59
61
89
29
13
87
43
29
5
116
110
93
48
81
87
118
52
143
141
141
113
76
13
48
81
47
112
36
41
140
70
136
48
131
21
66
139
85
71
28
79
38
124
70
39
48
1
13
137
109
137
54
66
104
89
93
80
82
80
132
81
13
18
101
6
138
101
130
139
93
53
64
93
66
35
38
133
76
82
81
29
55
7
137
88
50
43
143
124
57
98
33
117
23
117
40
76
54
37
94
0
37
5
16
106
120
92
54
70
107
58
27
27
2
129
49
110
69
117
120
50
77
74
17
130
130
26
80
15
71
96
110
55
37
53
84
92
70
137
44
59
135
117
17
44
60
137
97
129
104
104
56
110
51
133
108
52
16
102
133
40
114
110
104
62
1
98
114
39
34
112
51
23
33
91
120
135
75
136
33
40
136
84
118
80
18
52
12
21
17
19
82
37
36
121
139
1
91
89
110
13
71
68
33
18
134
12
98
110
26
22
44
5
54
80
72
100
94
61
97
33
63
75
19
143
3
45
60
143
72
133
70
3
79
94
132
139
46
142
133
3
104
74
80
35
32
88
143
67
72
49
61
49
60
11
49
37
0
108
68
138
17
14
1
123
85
138
63
119
107
140
129
43
91
140
0
10
110
40
62
64
21
141
110
81
68
136
142
36
25
111
110
70
96
89
143
109
119
4
48
4
49
73
141
95
73
25
83
96
4
138
140
73
78
140
14
49
104
86
91
136
69
23
129
140
62
80
86
71
143
27
81
39
50
142
3
104
25
65
96
117
83
20
140
108
22
88
36
72
20
5
18
50
122
73
34
5
130
103
68
75
75
131
137
65
24
106
50
53
96
5
20
17
27
99
92
63
65
5
12
56
142
34
47
96
56
0
69
55
46
33
85
4
22
51
110
20
64
129
111
21
92
127
91
101
87
99
24
109
23
87
46
6
65
38
12
130
128
79
135
140
48
3
3
108
65
118
102
76
40
118
94
66
63
113
65
53
50
107
45
14
129
73
40
36
87
62
40
60
23
36
123
132
132
70
47
111
124
42
55
79
79
101
40
51
94
28
67
104
44
92
5
38
99
52
71
78
115
30
120
61
51
50
105
53
17
14
73
20
120
35
28
12
133
104
62
4
81
58
140
135
75
63
102
27
17
53
91
22
68
34
15
88
16
30
142
99
116
25
31
128
90
68
25
32
44
130
94
12
77
111
74
21
122
63
118
42
97
30
114
49
76
74
39
103
1
31
86
6
93
7
90
16
105
116
61
116
0
2
37
62
69
62
11
42
46
132
128
48
113
32
44
58
32
20
74
58
122
110
137
105
113
124
93
67
114
1
26
2
139
12
3
114
137
114
136
91
3
39
113
53
124
10
60
111
100
59
37
111
126
68
83
121
38
112
115
72
49
46
142
18
14
139
128
89
14
58
57
31
52
57
22
132
38
122
65
143
48
143
25
46
85
127
93
109
143
135
90
38
34
37
0
27
3
18
107
38
128
33
61
33
46
53
11
45
121
45
119
6
51
3
142
1
37
23
53
57
11
39
93
43
35
120
50
32
40
13
89
119
100
70
5
111
128
109
6
134
27
9
53
9
117
7
122
134
22
128
66
6
130
53
126
20
121
9
25
126
87
17
12
57
28
30
140
64
66
128
126
76
74
22
124
135
84
94
133
21
5
23
68
32
100
117
142
63
6
105
47
126
98
97
112
73
9
66
21
29
131
65
42
42
39
137
14
137
52
86
39
129
51
60
60
58
134
3
69
43
7
89
82
108
42
74
63
64
58
20
131
123
78
109
117
35
4
55
35
88
35
74
91
4
91
91
28
131
24
11
137
99
80
115
138
93
49
33
111
126
31
59
88
103
31
87
42
49
64
131
55
14
47
33
93
35
117
25
102
80
12
109
106
80
112
60
138
123
119
1
46
80
77
112
77
1
91
100
73
112
102
132
64
26
100
3
93
100
78
47
132
100
36
7
81
114
93
24
18
106
43
2
10
40
12
64
10
83
124
137
135
0
87
12
60
39
67
73
15
10
24
117
43
91
40
59
114
120
21
58
27
0
119
41
41
41
90
39
94
119
52
102
130
105
78
10
20
12
90
46
59
29
136
61
94
141
63
28
93
89
0
136
93
18
58
123
18
17
93
28
57
7
82
116
126
46
106
58
43
138
28
16
78
93
102
35
136
98
108
53
11
143
32
51
136
131
76
77
59
86
58
56
57
35
93
14
81
52
32
56
50
115
137
11
31
52
118
57
102
51
35
104
77
125
132
18
103
31
108
28
103
44
88
40
105
62
12
15
37
98
108
34
117
97
134
22
118
35
108
93
31
100
141
56
129
9
91
122
82
49
77
128
102
37
102
76
58
21
142
106
126
79
18
38
44
120
31
21
82
0
15
124
122
102
5
138
69
137
100
29
134
79
72
107
46
31
56
57
38
21
113
24
5
72
99
94
22
40
127
13
27
128
137
138
109
12
35
119
69
6
28
66
9
11
120
43
107
109
111
126
83
121
43
67
123
129
25
117
44
0
94
18
117
26
117
52
137
3
52
51
71
133
70
19
99
104
43
8
117
25
113
19
11
31
12
3
73
48
91
8
40
140
95
55
58
140
13
53
122
94
113
59
36
45
118
38
111
52
91
19
113
67
52
54
2
4
92
128
142
123
108
143
61
128
17
135
17
128
38
121
119
66
38
17
17
64
64
49
12
24
94
99
52
15
31
59
129
37
6
38
99
35
97
123
103
97
140
20
53
142
129
45
4
77
131
21
117
89
6
86
43
105
62
32
119
117
99
58
99
77
91
0
43
78
109
8
141
125
59
78
43
117
52
0
119
115
8
35
27
51
140
129
43
45
32
23
124
81
108
102
57
0
27
107
71
121
106
51
19
130
106
20
54
65
71
64
130
86
19
104
83
66
56
50
19
10
68
19
125
67
48
47
68
137
76
105
42
126
50
71
97
130
22
130
140
4
120
143
42
114
63
10
38
20
73
103
48
2
91
98
130
62
4
15
35
123
57
76
37
59
61
26
83
50
12
100
50
1
141
138
123
37
58
33
33
33
100
95
41
15
113
39
60
91
23
70
32
118
30
111
2
17
87
118
2
73
16
77
41
96
68
131
91
77
89
76
56
26
124
118
62
103
110
12
137
40
136
37
129
54
70
111
10
41
99
68
120
62
143
44
74
110
36
63
6
92
68
56
109
111
72
131
48
71
118
89
110
47
68
33
40
52
48
122
2
92
55
76
29
110
130
71
43
105
13
2
10
55
138
10
87
94
68
16
29
134
4
85
23
10
119
7
21
137
117
127
132
109
80
39
11
39
1
95
42
29
74
126
128
55
119
29
58
132
133
10
45
96
24
34
129
87
23
129
44
42
15
58
55
72
65
54
97
0
50
20
15
73
87
143
66
12
143
91
94
50
78
106
6
50
6
107
16
58
23
140
99
16
73
129
78
75
2
1
11
49
41
121
103
6
117
132
19
107
16
109
37
54
106
34
107
6
58
58
79
46
126
89
18
6
12
132
121
63
22
72
119
115
131
121
117
130
48
63
28
6
11
92
103
123
67
63
16
139
54
37
54
1
8
67
42
42
104
3
77
28
11
6
15
18
111
11
7
128
93
100
60
85
101
72
20
76
117
95
138
42
63
46
81
66
61
131
68
77
85
72
69
29
131
143
81
29
0
77
122
23
20
68
0
68
106
53
41
82
104
140
10
125
127
92
89
49
125
1
95
70
139
51
70
79
141
131
5
114
135
122
57
73
86
64
57
38
50
57
54
80
115
10
132
126
85
121
26
143
85
81
40
80
84
44
62
87
127
89
126
96
97
13
134
9
63
103
74
67
22
21
129
50
119
69
123
115
34
103
125
69
46
81
45
133
16
131
29
137
68
123
44
52
137
37
137
98
76
84
17
44
135
36
108
94
124
5
141
98
84
62
78
22
97
98
137
111
135
22
124
26
129
76
8
7
104
16
45
61
92
137
117
136
49
86
72
5
63
15
125
127
31
13
8
5
36
64
53
6
37
83
125
30
20
21
57
45
138
83
79
106
99
58
119
94
105
6
105
7
139
21
15
94
76
135
89
41
79
102
70
83
106
55
50
35
131
111
86
15
106
22
38
15
25
98
39
0
92
37
96
98
38
7
118
141
73
25
49
0
66
50
89
124
16
20
25
109
7
45
16
45
57
25
89
28
38
63
106
20
140
135
67
0
10
25
29
84
56
110
137
68
66
125
109
61
43
133
67
12
123
43
18
119
133
41
120
84
9
95
62
38
59
81
73
73
1
18
105
30
59
41
17
80
33
105
61
33
41
86
10
47
66
12
42
137
138
26
112
123
106
77
27
23
137
53
49
36
129
37
31
54
0
79
8
49
5
49
76
32
4
68
99
142
120
16
37
87
1
133
16
96
35
43
91
22
24
8
22
143
118
111
48
18
51
23
51
91
82
17
134
136
119
42
92
55
15
122
24
37
92
36
6
67
122
92
8
117
6
117
70
20
26
74
115
111
57
99
53
129
9
27
75
106
56
48
141
130
80
126
42
87
111
95
81
53
45
79
57
102
128
33
73
69
69
0
116
99
67
66
123
42
45
117
12
57
96
3
83
111
65
20
54
135
4
6
116
132
73
57
14
12
118
100
86
0
84
94
46
112
133
61
65
65
112
122
110
135
1
29
20
57
46
13
1
70
53
81
113
20
133
109
69
119
51
11
123
109
5
111
20
70
126
124
96
112
49
123
30
106
106
128
30
107
134
96
7
33
98
51
79
39
124
93
138
81
81
94
120
131
115
135
120
28
113
11
115
135
60
34
122
128
95
9
83
55
15
90
83
55
89
105
109
26
45
138
107
53
45
8
95
26
84
27
87
4
45
48
42
23
49
117
95
139
85
133
49
20
111
133
142
34
46
19
92
109
102
98
43
104
44
124
127
87
43
44
109
68
96
59
81
12
48
100
138
43
125
59
35
85
120
141
19
106
80
127
18
49
41
86
0
102
134
48
46
134
116
104
48
5
126
6
13
0
103
60
55
54
78
120
100
75
45
78
81
40
86
115
94
142
30
45
66
50
90
94
6
124
60
15
0
7
89
23
38
98
65
36
66
137
51
122
55
126
137
68
115
65
119
1
105
77
117
58
125
88
95
15
23
1
127
5
65
39
3
38
112
10
78
120
11
24
18
29
53
123
65
98
25
79
122
71
22
66
84
110
132
95
70
62
69
26
141
90
62
111
108
15
22
53
7
69
140
12
130
110
25
25
41
91
91
104
128
92
53
34
118
126
80
128
50
53
110
44
97
25
49
51
20
92
23
12
105
53
79
66
137
29
109
134
77
58
33
58
103
58
116
128
44
53
77
38
73
95
73
60
49
140
98
33
6
14
81
119
73
89
95
124
92
98
52
79
120
25
64
53
92
130
42
92
74
133
139
112
102
123
78
13
123
72
3
9
3
133
4
139
30
40
104
78
76
33
130
30
29
61
0
64
51
129
33
31
56
91
119
106
114
126
30
75
4
71
130
115
44
75
91
106
132
119
100
78
13
52
140
138
101
99
29
64
52
82
130
19
123
63
69
123
0
30
120
138
25
88
22
126
13
128
80
110
76
50
6
9
84
130
94
31
104
19
31
62
82
106
99
42
106
104
0
108
106
9
88
22
60
9
82
121
99
112
61
118
69
61
4
6
94
139
81
108
81
103
71
72
51
107
8
132
6
137
14
51
3
40
76
78
28
105
55
1
21
119
16
47
84
72
11
124
42
78
10
69
141
127
40
7
60
28
10
49
7
34
33
38
141
7
51
42
105
107
69
107
107
107
35
60
117
137
137
126
52
47
68
124
105
119
60
90
49
15
88
113
70
60
21
25
108
81
122
2
107
97
18
38
6
15
6
77
138
32
37
9
107
38
52
107
124
32
0
142
99
26
61
103
17
128
1
101
11
37
11
34
102
26
141
13
113
122
41
27
113
15
8
74
27
122
92
52
10
26
45
91
37
6
98
85
56
116
113
17
11
93
35
90
101
101
0
61
114
57
126
128
38
14
70
133
134
127
101
64
134
24
93
95
18
85
35
1
115
5
63
110
34
69
75
30
3
114
70
92
46
51
3
18
63
115
42
0
45
64
122
46
124
92
114
62
21
18
115
90
74
18
132
63
130
31
31
78
36
37
96
61
60
7
90
141
90
5
30
60
126
60
60
70
128
40
112
136
50
74
36
53
70
77
44
127
84
110
121
117
115
89
134
35
133
96
93
108
95
5
53
56
29
138
90
111
28
48
100
141
27
46
56
12
28
17
126
19
100
100
27
18
17
127
14
128
99
46
83
83
80
63
7
35
34
39
11
102
74
64
27
83
98
3
94
84
41
56
44
84
98
114
52
115
31
53
110
121
36
12
45
107
15
1
6
92
9
135
1
26
48
98
52
26
49
69
11
76
75
26
43
55
29
97
64
55
6
68
118
60
43
139
53
110
106
50
52
141
58
88
112
54
49
95
104
60
46
3
95
141
110
109
65
57
33
48
95
23
7
120
29
83
59
111
84
32
99
127
51
111
56
119
43
25
31
36
113
29
52
140
95
14
97
115
132
99
70
95
116
57
86
7
95
53
134
70
62
106
106
20
82
7
14
104
30
88
80
64
96
103
84
52
84
71
127
127
127
48
24
22
58
107
48
82
118
29
129
126
70
119
16
112
63
60
12
142
4
118
111
2
116
20
29
1
25
107
51
9
61
51
75
54
117
67
105
59
78
0
81
105
109
55
103
128
58
131
96
2
20
32
107
57
102
139
64
26
101
32
73
29
42
126
110
101
139
5
41
33
87
10
106
108
58
78
110
1
116
41
81
13
47
26
74
64
103
44
121
96
92
86
5
15
60
86
107
60
92
28
23
58
120
119
69
104
35
107
81
104
75
1
55
139
118
46
96
68
52
87
140
48
44
47
91
7
15
7
138
96
23
119
7
43
7
17
86
125
13
26
41
81
107
81
16
42
83
130
89
61
1
125
29
43
114
38
78
74
19
57
33
64
77
135
140
129
95
45
123
86
64
125
104
78
88
139
30
118
115
43
25
117
56
131
35
130
92
62
46
99
47
12
62
2
18
29
68
25
71
131
114
47
63
73
18
115
9
81
131
55
66
111
105
0
113
77
33
57
119
100
3
67
111
130
27
51
44
106
126
9
126
26
88
141
28
76
52
137
37
26
56
73
64
95
24
70
63
40
46
128
56
21
48
92
55
119
7
41
16
99
45
62
57
90
35
42
92
108
128
106
46
6
78
6
16
51
56
56
38
130
46
36
79
47
42
45
63
47
130
134
88
20
19
55
123
40
73
47
19
134
130
38
103
77
63
17
13
77
8
62
70
126
22
8
52
45
12
139
84
84
76
6
93
19
65
47
63
114
109
134
124
108
86
86
86
5
68
53
30
99
109
42
46
137
60
16
122
20
139
99
8
82
22
25
116
114
3972
