-346.2591592
-1068.923144
-573.7114343
-461.7272279
-660.3981861
-199.0540345
-1049.704432
-197.0069249
-834.9951272
-571.4466804
-392.5509859
-498.7668362
-227.6374629
-420.3356929
-770.0322936
-338.5333511
-522.371126
-371.4101459
-462.7124862
-530.4462709
-511.3206707
-698.6431373
-266.7316279
-732.9449445
-482.4793175
-488.0750547
-962.9246369
-459.7301561
-607.8867757
-442.9337101
-727.915829
-1621.911167
-212.9093686
-410.334048
-819.1577889
-350.529888
-900.3161222
-928.4010836
-459.6514466
-445.1991152
-896.0438287
-1072.617008
-1596.983714
-1156.796523
-394.3109951
-483.1222232
-436.7443799
-400.1897587
-457.6310519
-1311.586257
-784.1365777
-257.1898233
-966.1572412
-654.0155592
-930.2705941
-493.1785739
-548.9560919
-864.2389092
-5181.771963
-229.411223
-455.7172153
-232.6037128
-732.4491367
-395.1267257
-367.3442219
-517.9047123
-670.2825866
-382.0905547
-518.4031182
-509.0258971
-447.381227
-591.1000905
-479.0498923
-1001.880053
-545.9046082
-872.164174
-734.1482183
-1372.841692
-328.7708986
-485.909475
-542.0505772
-572.2519889
-302.7520682
-696.22013
-1161.782721
-443.3115515
-490.526156
-598.2159502
-369.7844147
-450.3533302
-444.2745489
-318.3510323
-904.8505187
-732.7269752
-328.961988
-440.7685013
-1207.237567
-1041.894076
-1131.81212
-297.2541522
-382.0902002
-382.200404
-507.4021879
-394.3983066
-1245.512871
-352.5325257
-1001.396139
-464.2914363
-517.8928658
-611.1367029
-2054.148341
-457.8389073
-732.7948087
-782.0642494
-683.8092576
-1947.344268
-251.9624102
-785.8921823
-1042.938567
-283.0077376
-669.459305
-335.0493091
-956.5604438
-980.3778458
-541.0089245
-249.6578988
-505.0534368
-425.965059
-1128.126703
-607.641927
-1019.355118
-475.4974749
-403.2808731
-1108.844617
-316.6609469
-669.4152394
-180.1603406
-164.7464469
-335.5219139
-280.5916546
-780.7298574
-477.9473917
-575.5898545
-545.7168261
-868.5099181
-682.0334782
-656.7395082
-354.1709016
-524.2290303
-258.1440028
-442.6806319
-630.7483892
-589.1109089
-1178.932288
-505.2019765
-459.8647899
-572.5776449
-580.5908837
-487.1352724
-672.3765879
-934.7332388
-698.2205822
-744.2007171
-312.0700115
-251.4657334
-427.7689414
-303.8834502
-605.7501538
-668.8616898
-278.4912887
-927.5364197
-1870.41652
-1141.796266
-1202.283607
-765.9496686
-829.9805399
-832.4728615
-705.241517
-537.5239201
-1864.633205
-418.6382952
-519.8297756
-434.953925
-695.3735181
-805.9251941
-1682.959081
-1596.718394
-452.5273716
-392.990403
-487.1886997
-348.9136559
-432.5232272
-679.1011661
-659.7816272
-1295.776243
-957.7487506
-325.3901288
-655.5664618
-576.8561889
-1371.451485
-1112.746539
-1125.01665
-786.0622249
-291.5733433
-410.0660511
-476.9946888
-818.7242511
-646.2334606
-1246.349842
-881.1950593
-432.019518
-250.6085985
-701.2225641
-808.0825389
-464.1286339
-349.7181286
-502.7460555
-611.6558607
-1846.385355
-728.0119722
-469.1176907
-1011.038946
-676.9775311
-307.3777974
-717.9567234
-403.5387737
-813.6035113
-447.5958528
-1925.68686
-505.6081676
-389.2426207
-963.1495632
-538.0623237
-761.9616484
-586.5481933
-416.0606674
-464.3244234
-771.9438567
-704.9442038
-903.5495652
-483.9766521
-499.1171978
-638.1482065
-391.520662
-877.1489088
-893.5057016
-530.5307213
-852.0936025
-745.8977106
-497.1215072
-568.9471693
-443.0884664
-576.4818879
-516.9527996
-852.8085256
-1090.299093
-1520.237034
-686.2346541
-534.1048117
-195.8769718
-624.6751454
-662.4878185
-320.5242245
-825.1139813
-656.4578292
-372.1049369
-543.3441971
-456.7283677
-467.1907741
-989.6980539
-670.0898419
-368.3417824
-1057.204047
-490.663205
-244.7331151
-514.0171884
-217.1747105
-1219.085985
-622.1436513
-1042.604168
-569.1613461
-301.1209468
-987.3844953
-560.1691949
-902.4609632
-439.7957981
-405.1532755
-365.9222369
-335.7265487
-302.2935717
-434.8834064
-584.5197196
-405.2350917
-255.1358511
-367.7867256
-541.4716783
-729.3093571
-265.8554304
-595.1444495
-321.5053471
-752.6598284
-828.5275429
-635.4447849
-871.8008798
-851.3506422
-376.5411259
-403.4212989
-404.1397913
-657.4351333
-959.1303008
-491.0553042
-277.661847
-927.1487861
-380.9667216
-337.4557047
-1070.411394
-354.1276263
-1358.515455
-466.113663
-732.0894368
-469.6769405
-813.6173944
-330.2081243
-389.7208889
-334.5484239
-421.3729428
-414.9828961
-289.2223276
-204.5332572
-881.8328603
-825.4202975
-240.9226077
-555.3025032
-500.7565976
-590.1500419
-468.0281591
-626.2174546
-546.142977
-394.9204937
-367.9324773
-552.5280023
-792.3379095
-407.5367302
-438.7097637
-533.2367148
-863.1215891
-478.8722498
-671.3658499
-629.6358361
-401.5917087
-1746.970684
-352.5781339
-1979.928362
-655.7653139
-1013.263447
-383.0624259
-882.3472652
-397.0147972
-383.7237449
-1011.302687
-342.5218075
-449.4348626
-282.7691375
-580.1430786
-359.8832832
-1175.393274
-612.0305726
-587.0647888
-633.5464354
-371.9442007
-227.3625776
-905.4785662
-739.8628932
-558.8576181
-3240.019332
-498.6989323
-461.7178388
-239.2370842
-465.3898621
-496.2544324
-480.9996398
-515.1104632
-599.294437
-379.0832646
-630.0643601
-250.4790953
-445.9535644
-590.998823
-626.3478971
-315.0656746
-452.8715106
-720.8507845
-793.6487028
-345.9520419
-562.4440015
-899.5871786
-134.1579253
-627.0900417
-448.6451354
-244.4934411
-580.1114636
-276.5865966
-560.821858
-921.9326527
-1182.424751
-530.701258
-799.4723434
-259.72559
-517.5984823
-641.2315771
-720.8126814
-620.296713
-362.6350886
-1036.472588
-520.2184769
-380.5798842
-842.6723087
-524.5955024
-533.2431898
-324.1187268
-452.4239282
-335.805574
-621.9644729
-387.6047995
-254.0495335
-1348.614522
-371.0916007
-1961.578706
-487.9148935
-866.9042624
-654.3547574
-532.9898336
-508.6011824
-729.9362583
-592.9118698
-260.256097
-459.5732608
-884.7221079
-519.3563966
-238.7512394
-406.8945878
-471.946758
-830.3455764
-501.3387632
-1631.16816
-499.8326139
-989.5874804
-475.3966595
-714.0213363
-617.6677827
-443.134849
-1118.634137
-670.5200124
-369.0473603
-353.2411313
-497.8139759
-764.227099
-288.0572988
-456.8624774
-683.1592649
-571.6281403
-1742.368453
-416.0510654
-408.6485655
-551.362206
-345.1767364
-877.5000824
-271.5228289
-440.9006533
-630.0317295
-422.3159874
-717.8683336
-447.6357215
-312.721924
-510.2347985
-365.0240581
-131.9758114
-665.472822
-1562.199163
-234.1553881
-793.4107827
-378.5466383
-644.7610338
-894.2732297
-900.327547
-784.6816777
-841.9999971
-1153.416904
-1705.913287
-666.4047723
-684.3241341
-1107.678064
-690.9470868
-390.6620591
-410.3537964
-593.2104766
-370.7936968
-524.8344865
-307.86813
-658.4713049
-836.0869646
-641.1059833
-1316.502094
-387.9673146
-906.0533901
-599.1291773
-297.9536463
-1040.839793
-343.116943
-459.0694103
-498.4505359
-701.8192384
-485.2528546
-1241.953448
-878.5231829
-804.1526757
-323.1310134
-286.5808864
-313.9527765
-624.4274439
-393.2839816
-273.5466485
-466.9415817
-550.3615287
-1458.983427
-275.0572448
-1001.668378
-1034.812354
-803.8922308
-1182.652159
-504.9846263
-692.0429919
-615.282234
-438.9853985
-838.683682
-401.3058402
-272.6381156
-315.51662
-745.3703599
-1071.405947
-273.634138
-1165.079343
-761.1622107
-767.4172936
-1281.503212
-731.2265411
-693.9507392
-482.7998933
-468.7764939
-558.6661754
-714.4687661
-386.7300839
-605.1565358
-463.8544343
-770.8751043
-305.1788837
-410.4857412
-711.506646
-632.3732225
-539.5059449
-2215.583627
-412.0344728
-917.3068093
-297.8714572
-804.2675233
-384.7326311
-487.4182537
-305.0453375
-244.2097608
-420.9325867
-326.0374215
-849.9913062
-1094.979343
-539.4490256
-370.2856788
-305.8788642
-482.1486913
-1094.860844
-764.5699095
-662.5345485
-806.2268977
-951.3185288
-643.2691168
-523.1595364
-254.9202441
-983.7301347
-592.5014887
-556.8382499
-886.8065219
-1118.546465
-617.9563484
-1121.637146
-1041.252023
-948.6667432
-313.3940898
-607.7351659
-515.3339429
-248.9900924
-826.2628757
-645.6691043
-531.9698564
-436.7766557
-634.0610844
-653.952519
-411.7500427
-324.1936729
-512.1850698
-308.3409741
-566.0512842
-816.3839719
-555.7348988
-404.7338202
-800.2759056
-413.1927117
-390.82449
-679.8751218
-923.1833866
-518.9064949
-309.7864551
-882.2348986
-591.9755423
-850.1494105
-1099.749534
-338.0984054
-764.9757001
-713.9180038
-1544.474281
-329.0366573
-330.9334683
-489.8083596
-825.9264277
-450.7759721
-239.4089326
-429.8039376
-504.9062675
-535.6555638
-985.9820191
-708.171834
-414.672688
-2547.840358
-686.7291706
-402.0624238
-275.014012
-461.5831428
-477.2228196
-1535.998386
-1004.676476
-301.5660302
-534.183805
-1654.686773
-929.5586202
-589.7008698
-400.7956513
-487.9244283
-1008.413712
-564.9575067
-1242.56835
-1474.555813
-1421.447037
-485.2025352
-1053.594426
-577.724708
-636.7086927
-590.7448582
-722.0768718
-321.4470714
-544.4717153
-1226.044871
-1480.677807
-1449.016727
-341.2887672
-253.1455726
-454.7424865
-474.8622604
-442.9421516
-565.8867651
-518.3799229
-647.4798758
-768.5665104
-220.6952529
-964.0110719
-413.7599917
-398.057651
-834.5232482
-326.2908088
-1085.828139
-603.1100136
-354.9393603
-1165.306526
-498.2142415
-421.0998428
-442.462506
-462.3645651
-1123.262459
-292.1845627
-1017.914804
-2848.508392
-390.0755232
-281.4788504
-603.8135161
-1022.312072
-804.786511
-555.0650963
-672.7634572
-360.5513065
-402.1274145
-452.1359171
-442.245984
-371.9283568
-302.557237
-344.119563
-923.058182
-238.645732
-346.0872731
-436.7039883
-258.6793789
-530.4587375
-900.6646036
-361.2048653
-533.2503253
-905.8753835
-1090.573413
-409.6231623
-393.6371692
-858.5282217
-5422.010671
-232.1798537
-497.5522233
-523.0389415
-573.6601458
-385.9798618
-683.5505399
-366.6753805
-594.2760441
-980.5496468
-751.8677143
-1371.26086
-440.662214
-840.6164087
-335.1844141
-500.6649083
-658.9730122
-938.5084351
-474.1228085
-321.3029165
-367.3324825
-551.2254963
-476.0654104
-785.6734793
-684.2815794
-597.2423174
-1225.262622
-437.8106491
-378.1845667
-634.1393003
-936.7358396
-448.727936
-1309.539126
-1012.721637
-1267.820671
-757.799946
-489.2743944
-301.7581336
-538.759188
-597.9234781
-505.8256855
-417.7813961
-345.1310247
-528.4414312
-988.2334405
-808.2228518
-510.3395783
-666.7532411
-1163.564617
-240.8594455
-802.5628686
-878.4512316
-1234.269813
-856.479739
-871.0485773
-536.3174708
-323.4882659
-200.1188003
-1758.445328
-759.8229274
-430.9270932
-564.9869082
-418.1439486
-874.1846192
-443.0612043
-850.1556261
-662.509863
-368.0020066
-840.1619639
-1268.057522
-615.3512139
-949.9279468
-379.2489422
-649.4004813
-511.61434
-567.4150731
-410.0673499
-683.8765809
-337.1054186
-219.6928715
-883.6161727
-468.8922715
-464.6076044
-417.3839154
-724.2215424
-502.5023915
-583.3272891
-717.8101947
-702.9926169
-562.8094452
-461.3102296
-598.7654963
-387.0537014
-555.3694203
-359.8267295
-1021.368483
-472.916126
-628.5969037
-972.8865532
-438.9456036
-702.6690584
-465.613478
-615.7135592
-343.1816578
-427.5454743
-599.6480068
-292.8042742
-631.8815958
-231.9655093
-486.349735
-302.3297196
-316.5394855
-529.0082883
-398.0589474
-351.5888996
-662.4080943
-474.0653788
-420.7111298
-252.5186447
-343.0959887
-366.2428414
-1897.197321
-337.2423519
-402.9141614
-1096.267607
-273.1444776
-601.2643953
-1382.14038
-465.1636516
-309.2686737
-321.4700551
-731.3863171
-469.6574235
-686.3919269
-933.955278
-943.9365276
-701.7808721
-303.9409775
-384.5949343
-570.3678048
-198.4479334
-272.334476
-570.6925876
-404.9801043
-469.3293136
-419.4506
-1006.971582
-298.2446767
-424.6628339
-2732.579405
-408.6725985
-648.237341
-1913.116166
-848.6600639
-426.8306973
-1630.238801
-865.9362525
-318.9770675
-605.8509916
-501.5451361
-1015.889279
-351.760451
-1848.058912
-797.18468
-1657.20992
-307.5894275
-776.0600774
-569.5939125
-356.065723
-1428.061393
-509.0353417
-267.8940627
-1135.510169
-531.0173206
-724.0134755
-494.4566559
-418.176783
-991.5536356
-389.2734022
-768.1653898
-1228.421363
-1174.669998
-383.7830026
-294.0847629
-437.3448634
-861.9111985
-422.7646625
-1059.918069
-239.278169
-959.7258515
-701.6272531
-568.3365095
-1305.095053
-628.3782033
-977.4029881
-1157.307747
-413.2086551
-452.3507779
-241.4163797
-664.111949
-551.0167845
-728.1246678
-707.3459432
-298.3438984
-590.5876176
-540.9675281
-398.9248092
-559.0000049
-1228.21754
-646.1023775
-436.9687996
-906.267547
-308.963492
-1010.911489
-1226.730358
-906.8360835
-762.7404548
-1323.232018
-235.9980866
-283.5641878
-835.0220643
-1534.942531
-501.4576311
-286.4178752
-1096.727298
-377.3296236
-580.4139519
-909.2064329
-547.9205404
-464.224791
-925.5067646
-729.0669757
-426.0154569
-1020.358562
-1650.621147
-527.6296268
-278.4041911
-380.4333039
-406.8605574
-977.9659412
-435.373868
-946.4318571
-711.5040192
-253.2271226
-213.4490931
-169.2554956
-312.0076577
-280.6142308
-452.2867081
-329.2095454
-684.5411521
-308.9618413
-184.5537482
-496.0604495
-358.6822203
-515.6145506
-609.4429209
-2436.366332
-247.1041402
-511.7506017
-1515.93112
-699.7092147
-1239.035904
-428.5475059
-686.7889012
-229.6550105
-1138.64534
-1149.367061
-175.6919501
-607.5456997
-498.7871218
-1402.327065
-701.7185609
-807.7106468
-423.7116678
-777.5409528
-690.1320508
-436.5665757
-951.2625011
-254.1097233
-823.4550475
-313.570886
-437.92799
-726.3666825
-628.1635093
-486.8034444
-702.3907094
-810.3320915
-544.2738676
-1009.277894
-1083.535591
-431.9506767
-1570.478234
-179.2176861
-781.2917898
-578.2313016
-1683.81519
-429.6128819
-498.0041403
-683.7657049
-341.8687339
-604.2879047
-697.4470389
-446.0999595
-382.1734498
-438.9219666
-351.7569805
-1667.743967
-495.4133573
-1356.974224
-632.034654
-215.2581409
-672.8384894
-505.4768448
-428.6580636
-1470.804474
-482.8858726
-447.5571729
-448.7582184
-628.2801778
-464.8473284
-557.4561855
-957.3852462
-452.1638117
-131.8284075
-465.8579621
-745.6986213
-1229.582806
-619.168976
-1250.372454
-329.0215268
-705.3054284
-480.7368133
-199.2474236
-1028.392922
-299.128662
-420.5778325
-827.5771274
-436.8123946
-626.3869295
-548.7355235
-266.5450582
-696.0789543
-741.5507432
-372.057053
-310.5274822
-755.8041291
-346.089545
-704.8806094
-995.9631293
-1091.777468
-866.7202004
-276.8159855
-303.5428201
-792.3869217
-904.8289985
-778.0239663
-967.7233399
-528.0012464
-449.0355345
-454.1921672
-2470.9169
-312.1408619
-1456.131796
-954.8740725
-1167.379735
-606.5023348
-582.8330572
-728.248165
-2330.318612
-1237.352736
-752.0831706
-646.5134842
-1020.624119
-981.1761291
-346.5564005
-731.4103482
-510.1263676
-315.0653206
-478.3233289
-529.8862555
-484.6881222
-1021.138543
-353.2141437
-646.544301
-583.4729605
-414.5710709
-580.4299118
-706.4264155
-584.2239255
-636.0205891
-361.8047065
-1321.303968
-314.7455379
-424.636436
-744.4212544
-258.6096519
-791.5499147
-762.5846875
-1121.52728
-765.4523282
-1000.099687
-333.3952411
-431.1710563
-665.6092702
-759.7939491
-542.4504544
-663.9985804
-362.4322812
-598.8740382
-386.8380652
-301.5341627
-385.3190126
-764.0023228
-388.4635754
-436.1691909
-397.0643527
-598.9614835
-583.8012238
-818.2472419
-455.0345859
-1274.434192
-740.5505827
-172.7692925
-455.1997951
-1380.683241
-671.5843664
-443.2925483
-543.2556377
-516.2044252
-362.6232176
-468.7365427
-1832.384903
-1151.599477
-1499.320504
-1036.634924
-292.2210083
-803.4290289
-728.2330422
-581.6739671
-708.4208064
-569.5846253
-409.502168
-447.0362608
-587.4860878
-575.9989015
-668.5326603
-490.8692307
-575.3309806
-346.3877404
-484.7151608
-532.1109639
-348.8541853
-1676.644999
-288.3821067
-651.8414219
-558.9806022
-233.4200928
-331.0963863
-385.0329586
-419.4465326
-750.9919629
-526.5826414
-380.5117741
-956.9988516
-667.6948579
-654.0709638
-345.5726298
-302.8969983
-324.6176623
-649.2556845
-707.4055833
-600.3534573
-478.2112277
-546.5323216
-493.1032618
-535.2811915
-318.3862097
-746.2067154
-845.2583307
-295.3521736
-602.5042356
-596.4639132
-1128.705663
-1107.549069
-381.6001483
-600.0492831
-325.0942848
-1477.438021
-448.3826119
-1332.248038
-270.9290674
-561.8708466
-621.589856
-1445.571076
-465.1213299
-729.7302037
-450.7861862
-590.8621225
-393.63437
-123.888543
-1862.61667
-490.331493
-477.1312134
-733.6060295
-2432.001324
-1675.773409
-728.7202523
-2533.86542
-451.5637305
-398.3387348
-460.6858701
-398.8714449
-428.3151469
-990.7306921
-181.6670226
-506.7111681
-654.1538805
-832.0321692
-763.3308636
-511.5160622
-381.755389
-855.8321253
-599.2770924
-1157.92231
-271.4191259
-357.5235966
-739.407909
-478.0136409
-519.8319383
-637.3541375
-578.856821
-949.0771045
-224.7136618
-427.0102767
-567.5469598
-1068.707445
-309.4200414
-290.8630465
-326.0801807
-1549.257754
-408.5958105
-482.7361462
-361.6739573
-813.6857864
-1565.499552
-943.9915427
-796.7552365
-2043.32834
-854.8142035
-870.8696935
-673.1842269
-1517.470292
-1002.675785
-278.7997751
-468.6866708
-1416.395479
-740.2122618
-471.3017455
-600.6760828
-889.24861
-687.0556721
-538.6305358
-867.1867723
-1030.466479
-340.7458158
-295.7215969
-308.6252337
-962.7104468
-438.7835554
-1289.07109
-516.1238807
-1100.738405
-721.7363747
-471.7802922
-379.1477043
-864.051013
-223.0394957
-423.5374186
-317.5204733
-704.6343352
-460.3927221
-972.8192047
-505.9590493
-254.8166973
-467.3244368
-616.4470329
-602.0709365
-656.936301
-552.8738514
-503.8410134
-744.4853118
-355.1284086
-266.9847374
-437.1781837
-2084.965174
-668.5860607
-481.6859976
-672.0462745
-442.9794111
-480.0102798
-798.1080746
-1571.927858
-891.6917035
-2195.285066
-507.9317895
-532.3298179
-564.1957953
-347.9373283
-759.605824
-832.2555239
-734.362476
-336.379488
-482.0259709
-367.5540016
-592.721009
-399.1923557
-486.004595
-921.4464642
-413.9415972
-764.9457928
-575.8949084
-280.7809213
-566.1718222
-623.4531681
-969.2598302
-452.4323538
-413.655555
-1913.745068
-428.8448471
-430.3772167
-539.2412002
-1786.497648
-296.7843838
-709.4608052
-398.7410365
-842.6692837
-369.2738852
-1509.139849
-1336.928784
-503.1485848
-401.4901381
-741.9513408
-994.0601406
-903.6851457
-495.9255513
-753.1512083
-1196.450032
-1375.254337
-388.4278689
-965.5985406
-269.9665715
-331.6193716
-329.7724791
-396.674442
-512.3955408
-832.2132539
-1206.082243
-1648.283442
-574.9963903
-513.6690523
-553.7274365
-593.1125373
-383.2779073
-1170.961278
-486.8346058
-1446.661254
-1239.719023
-413.037052
-595.9600724
-1027.549056
-768.3772856
-584.4171277
-839.9375867
-346.2961545
-374.2731915
-500.2190026
-453.6761589
-286.1695252
-453.1512893
-167.3295427
-821.1250371
-648.688411
-283.2098874
-1297.550487
-802.1865763
-724.6486286
-744.8991067
-921.5179645
-692.6593906
-840.5214585
-202.4448244
-867.6057231
-1179.693499
-925.6047364
-294.9499311
-645.3746561
-389.1377302
-1183.868605
-649.8142779
-461.6118229
-764.9245989
-701.47127
-1024.615459
-728.4875828
-544.2344986
-881.4718639
-693.6246302
-457.3859174
-407.739468
-529.0363058
-538.4971326
-704.0718495
-509.0264646
-315.2894841
-1003.024736
-422.3101978
-384.2779308
-508.311694
-309.7778839
-1334.882618
-676.3291671
-250.3503767
-627.1993554
-1273.707395
-604.4524906
-326.1150762
-361.7368322
-277.071184
-449.139622
-670.7489171
-862.3252626
-689.4879564
-1194.016774
-256.3622659
-580.8079855
-536.2354265
-525.9230289
-740.9168047
-473.8904019
-640.8657942
-568.7681347
-1215.374908
-768.6174514
-1157.106558
-168.2233553
-321.1838332
-2912.505172
-474.6308592
-535.954712
-1476.93477
-658.5442253
-370.04305
-1565.019896
-229.6575941
-473.3730187
-605.210099
-337.3900308
-746.0348704
-495.0898597
-1000.439648
-479.0055494
-762.8403168
-720.5713233
-1506.061236
-651.8839335
-1280.092625
-899.7948894
-972.3250564
-1333.208747
-347.7685908
-569.6751939
-471.7098436
-311.0258712
-419.3714228
-353.0258498
-1189.250073
-660.0933219
-582.9523104
-459.5100836
-534.1034342
-873.3592072
-604.8087409
-215.9579123
-263.7938546
-841.3945885
-443.7787727
-596.8541185
-299.0648235
-404.239668
-754.6034634
-431.9687132
-500.3610994
-653.8818116
-818.9888423
-360.3373534
-487.0861052
-566.4587635
-544.1605481
-503.9959194
-312.1450379
-582.6989673
-951.8547835
-564.8282635
-1714.317868
-386.0488874
-371.5105775
-477.4625723
-527.0602037
-882.5691554
-316.2164092
-926.4133398
-235.4060075
-787.9466766
-554.6928487
-501.8355952
-622.0960413
-286.7581058
-692.01124
-428.7873368
-265.9747764
-443.6507316
-245.8559246
-1567.035504
-622.779318
-1429.108138
-546.333251
-1085.641933
-752.0990045
-1081.62099
-181.0794963
-750.3169751
-561.7105003
-312.9271701
-473.3765524
-1387.340307
-432.3589167
-521.6077449
-671.1730185
-435.6739772
-507.5578485
-618.0256214
-1312.340933
-198.8463551
-551.0706254
-2705.489441
-401.6612634
-1389.494643
-701.4991383
-534.1875164
-556.3675731
-347.1132485
-297.3346394
-1983.28256
-710.6770522
-927.4076922
-413.5999658
-473.713998
-306.6886106
-819.8501951
-388.2496863
-532.2140357
-603.9703108
-1019.758937
-760.0812368
-520.1549305
-246.3358845
-426.8430413
-756.5101454
-166.786311
-1719.77476
-1162.97023
-469.2143143
-556.6126309
-798.7951259
-887.2889222
-409.3232437
-883.141466
-693.9693508
-531.7328714
-462.4391026
-726.6730188
-334.6080752
-1156.808907
-1837.014961
-850.3953261
-606.0345687
-885.7112563
-760.4382927
-415.0848404
-434.7218546
-814.2064953
-519.0167341
-777.7337282
-382.9033307
-714.8779314
-277.4150985
-967.552305
-715.6819036
-478.7401221
-1172.273477
-1615.348252
-435.0303654
-546.208263
-640.1733496
-892.6515297
-863.6404506
-617.5471815
-283.5564184
-996.1478289
-1239.346304
-134.626239
-446.3518017
-279.9385943
-520.7319639
-336.795776
-757.5502352
-1030.243074
-919.5096738
-570.2538606
-1452.349086
-748.2792117
-289.8054033
-510.0675178
-176.0158711
-723.1689905
-816.6900097
-549.0713847
-754.2229749
-728.8858447
-824.7891399
-606.749162
-720.6289544
-344.2143202
-497.8133092
-336.8020399
-733.9196949
-716.0158303
-1047.788879
-607.9841061
-290.665556
-411.8696069
-340.7320799
-869.6332646
-934.9987804
-561.8598605
-634.968592
-673.0902968
-1932.487594
-703.0712387
-614.8285589
-817.8030144
-632.3511267
-533.4021309
-269.2273878
-421.1472706
-700.4479097
-1026.763286
-984.2910182
-389.3567077
-503.1997737
-408.4769281
-813.0980523
-346.3132964
-306.2148693
-450.6060738
-408.9665299
-859.2467626
-1377.148098
-340.338266
-971.168325
-510.7001482
-791.1145339
-637.5113407
-1229.093274
-944.39916
-862.0237717
-558.0460178
-207.764099
-333.1324989
-1113.884556
-926.6632002
-554.5115125
-1503.363836
-486.5105375
-958.934874
-409.0694308
-737.3926404
-370.8929504
-366.2962716
-456.6363415
-1279.475136
-1256.593287
-452.3527911
-1271.01557
-1239.281522
-433.3266829
-447.7420751
-255.8032172
-636.1837034
-1360.05186
-441.0839244
-934.4752152
-272.6195254
-2024.858071
-532.5987635
-576.3848376
-1043.182332
-481.855572
-636.5822831
-350.4642616
-1655.272705
-353.6941238
-503.0743884
-325.6103549
-2194.910563
-602.4780194
-895.9571833
-622.6185257
-393.8832929
-381.5486266
-1781.161391
-700.9653933
-301.5652998
-792.0794553
-328.2668855
-1399.486122
-787.6065056
-755.0242233
-356.7135498
-517.5676262
-482.4777695
-754.3763408
-828.2915619
-661.6567779
-802.0804933
-1206.678409
-405.7799583
-436.7105276
-575.9364955
-1350.092187
-376.5639242
-572.5622008
-401.9938647
-473.9338455
-418.6976072
-377.3858604
-614.2121688
-1796.087538
-542.1849233
-899.2217182
-1137.921704
-441.0327424
-497.1942884
-466.8848719
-861.0152933
-443.1191996
-514.6486765
-1450.332334
-916.7814001
-912.6714428
-646.6957559
-524.5544893
-656.4295022
-443.4180292
-654.4004396
-1548.713593
-828.9053108
-838.1191917
-470.1438229
-2407.959967
-437.3015768
-768.0087249
-287.4558055
-593.7911116
-429.9791435
-510.956953
-431.9506594
-372.6379134
-569.9434958
-151.2987031
-646.840128
-448.5602517
-620.7937867
-343.7053875
-1129.610513
-302.1810231
-563.538421
-561.0182996
-634.6630381
-778.1753645
-543.6133185
-579.4751388
-1006.545913
-437.272733
-464.5561045
-824.3587094
-250.0729256
-1000.525622
-814.1740854
-349.8821265
-728.6516289
-887.2690251
-400.1849311
-290.050842
-471.624122
-350.7174971
-537.3989471
-678.3654418
-637.9576982
-901.9088661
-682.7761152
-323.9179214
-509.5111379
-557.7759332
-505.6425334
-524.7715903
-441.1592663
-407.1047141
-999.9101509
-1137.330686
-582.4410174
-874.1004028
-719.6191846
-896.718209
-361.4500629
-441.913531
-266.5407138
-464.0093852
-312.0141601
-434.2445158
-1123.636761
-488.576947
-485.2438093
-558.3729192
-578.5055133
-1969.472769
-687.4903652
-419.9896792
-764.0031231
-472.162235
-583.9389245
-316.4938264
-334.8338325
-568.9423853
-454.1917163
-1032.287829
-389.8065938
-946.892814
-475.381994
-767.2603909
-1851.20142
-238.8209612
-572.6887401
-767.710647
-370.5812686
-421.6048113
-548.5808807
-1598.14848
-734.74879
-939.4837487
-419.3644328
-460.3853209
-522.0397377
-845.015147
-223.5148963
-614.5972981
-632.1959969
-359.4472672
-457.1687726
-402.0694687
-383.003702
-560.9088308
-352.4562147
-518.9482365
-486.8880456
-543.927626
-505.8573487
-612.0384028
-550.2618781
-554.1735871
-706.7464302
-1090.353254
-711.9786684
-881.1528821
-2812.99981
-1063.630905
-954.2048531
-558.7367659
-1719.443192
-388.0319111
-901.3973693
-780.7553174
-624.402617
-567.3875785
-287.8086678
-642.4039344
-408.3799186
-597.5731039
-532.1953048
-722.2768226
-325.5726083
-692.5825213
-973.9377263
-305.8409246
-481.2457406
-358.5184988
-429.5957048
-1207.05782
-336.6792004
-408.7138997
-561.6225201
-201.0454347
-432.8281914
-595.3462369
-453.2070616
-517.2711593
-791.3366015
-928.360665
-446.6898931
-450.3789313
-447.5520086
-647.0282028
-477.3428032
-347.9195744
-1759.441244
-455.0905121
-897.8987376
-1052.616558
-533.7628432
-511.7867382
-641.3265887
-753.1525232
-682.035782
-680.1441674
-226.7272441
-288.6540999
-1129.960525
-583.5959902
-719.6771238
-1398.185166
-968.1578714
-380.0738256
-456.6787003
-1468.891041
-1054.64066
-452.9501277
-677.2907722
-266.6990968
-366.4049885
-2021.871922
-202.6212458
-580.9363433
-279.660676
-1025.029556
-718.5463047
-427.2510459
-418.8418001
-397.4445971
-465.5370111
-1140.422781
-1941.328017
-1440.98896
-954.5509143
-768.598262
-431.688945
-354.5735062
-306.3667504
-607.3257615
-425.4892685
-317.7855165
-641.2897264
-532.6320112
-256.8807219
-384.8195901
-283.0851747
-544.9395614
-448.6928996
-239.1824939
-343.0006727
-543.284202
-644.0615871
-1034.280365
-244.254959
-1563.004965
-280.8520841
-583.8630394
-744.6068888
-593.0370037
-657.6356043
-444.7805006
-550.0170475
-1220.920647
-875.5224275
-572.7326015
-233.604637
-735.5810868
-637.2124336
-670.452377
-474.9314297
-494.9787229
-549.8867071
-797.7201705
-865.2377299
-271.051977
-447.2054195
-293.2504933
-809.9661992
-298.5647072
-298.799979
-2531.005036
-678.206515
-207.6664146
-571.141802
-364.9348086
-653.0074031
-1380.74524
-677.8678479
-683.5646999
-416.3820978
-883.8907338
-241.925798
-461.054804
-304.0925032
-415.5786468
-1099.039198
-421.3087958
-650.7218553
-1063.549904
-780.6140882
-368.521785
-736.0693004
-237.8984089
-487.0565775
-765.2318901
-468.5535338
-857.860146
-708.075549
-831.9510621
-727.2183171
-238.4217718
-301.2860541
-303.2602294
-1036.781199
-252.3055813
-578.6740974
-608.3239575
-387.9800653
-1905.953357
-314.7003467
-322.945949
-619.4978657
-1014.333815
-480.894393
-1629.162413
-273.6070558
-435.634878
-282.2559209
-509.8703423
-754.3801683
-470.0136249
-472.6273684
-432.7039298
-514.206414
-391.3426725
-649.5303712
-617.879792
-980.9248148
-336.7711923
-457.7768481
-759.3095734
-395.2842278
-757.0678435
-593.123589
-357.680145
-451.0189266
-934.6977201
-560.578438
-623.0016278
-326.2855884
-375.7415962
-465.0707386
-820.0289527
-791.9099528
-502.959214
-834.6071934
-502.8806128
-575.0814263
-347.9523213
-587.7793036
-604.8307698
-358.1773905
-282.9381484
-484.2279072
-666.1817102
-186.4230821
-1166.213028
-446.1097344
-1377.11896
-516.1690857
-387.3456942
-529.4059154
-355.6673867
-405.5636567
-869.2577365
-814.2620569
-467.6305709
-684.245968
-865.807955
-722.9307882
-456.2164084
-422.291883
-249.0849264
-764.5798677
-283.4560103
-790.4900633
-563.2227908
-416.8574409
-443.4375982
-1342.392115
-434.9871869
-635.6177912
-345.6843633
-593.1632803
-974.9605601
-671.6606456
-624.1967651
-741.2618453
-338.7131317
-685.6769237
-818.1768007
-657.5337819
-334.1350303
-342.8899268
-1779.853928
-1438.752857
-718.4546926
-576.7105015
-188.0632861
-378.3136078
-598.1941176
-442.4562054
-859.3234589
-642.3231866
-382.8760278
-604.2215621
-971.1424416
-1034.708024
-525.5808414
-237.284656
-580.4330483
-654.8004391
-476.4443897
-783.5411477
-609.1046301
-845.329252
-1022.595504
-486.1984151
-625.4876274
-513.9474246
-691.6386793
-393.6931882
-570.8309175
-366.8055608
-183.3702901
-328.20995
-988.8945596
-884.5115386
-738.4865744
-283.0427517
-431.1724304
-2493.028571
-991.544658
-869.3522889
-354.1520384
-269.0741657
-895.1627623
-802.8902145
-271.797052
-529.4541309
-1162.741048
-344.9474189
-559.3536512
-825.8535679
-872.3079523
-439.8246002
-575.8710939
-531.3753604
-1921.297651
-837.5250504
-478.2822566
-422.1396981
-600.9979425
-512.9896934
-886.8148018
-722.6840079
-541.9588825
-622.3882786
-448.1442931
-458.6062731
-1318.555254
-416.7202154
-643.5624289
-425.4695683
-263.9771172
-617.844892
-404.694164
-663.1451363
-1180.63404
-975.0016512
-1132.827936
-417.8592933
-727.1619228
-409.8564161
-1291.98579
-652.9377034
-473.3449083
-295.0957188
-788.9938673
-427.1701372
-1201.529172
-677.1113089
-458.2648552
-1861.243739
-837.3986981
-2030.249509
-464.6290856
-675.1285573
-985.4737124
-427.1546534
-568.3269115
-245.1517383
-576.5846939
-628.5888126
-374.6484076
-776.9267619
-917.6976444
-457.0826905
-416.7657496
-625.7771791
-978.8986943
-435.9075241
-1094.677525
-930.6427744
-477.6891447
-1282.380159
-758.7633404
-613.6145501
-496.1017828
-613.4384352
-2450.383266
-704.9439535
-542.856923
-744.2814744
-752.4597214
-368.5817878
-491.3876558
-233.9849073
-844.1652599
-810.1578793
-679.0976922
-830.5337037
-652.5276944
-1401.030715
-965.6455339
-694.7835595
-263.7874182
-420.3566979
-247.0494659
-823.9830479
-377.5558974
-630.1800467
-735.2655738
-2146.740354
-660.2297292
-483.3962499
-379.5371157
-566.8325349
-429.3528008
-660.6786854
-518.1908438
-411.0574547
-678.5989624
-761.8835557
-750.6816066
-594.260675
-444.0297304
-440.8144945
-586.3964855
-1328.951825
-773.4432369
-515.6647654
-1273.606757
-342.8148573
-407.7158062
-701.7732574
-442.6272575
-598.0555817
-729.0936257
-740.1112263
-173.8669629
-572.2937511
-755.829271
-535.1800252
-417.7748278
-756.2200803
-992.3283279
-675.1859477
-527.5245695
-327.496024
-533.8909738
-638.5296826
-565.8362914
-1735.720622
-449.5596673
-846.5360294
-294.7390513
-460.0887543
-449.1452667
-299.3635117
-638.4921196
-263.1679977
-520.4249185
-626.8784229
-266.5829048
-824.1360025
-493.4038502
-1331.421998
-701.5330662
-422.6858502
-758.7232109
-445.5364455
-806.3204004
-395.0434587
-339.5786205
-250.0532395
-687.4533823
-740.8538973
-818.2973478
-443.571219
-321.0896117
-357.2720025
-1501.218605
-430.8644359
-655.3344441
-542.290223
-463.2026767
-1074.802851
-512.0430546
-376.1734374
-634.8884275
-1687.33331
-283.8382081
-413.3678752
-1057.386719
-951.991762
-529.5488805
-885.1794637
-1026.119823
-878.6148613
-1023.394496
-2082.862756
-1740.915287
-524.4138498
-810.7341501
-464.9677973
-673.5822411
-484.7749872
-307.1988202
-296.3077917
-629.3365337
-288.8738782
-519.2692717
-1769.727683
-1201.272613
-1097.835613
-557.9131798
-307.2880723
-631.0874185
-426.748942
-491.540862
-871.8023429
-333.0433823
-321.8740621
-453.0523227
-745.789083
-2703.381443
-682.7844517
-1060.137294
-877.5921661
-866.7827249
-542.2418394
-757.9059405
-567.8657423
-404.5471933
-565.3581021
-741.8660596
-805.2985039
-608.4551814
-531.6580505
-1326.114785
-418.2837377
-618.9722848
-1601.083902
-413.9413027
-379.3429758
-485.3713085
-440.7921305
-608.6007882
-585.3580436
-1745.30943
-768.4111394
-617.7831073
-607.6515316
-459.0754912
-1055.324879
-772.6354769
-431.6040863
-1041.163766
-887.8917112
-495.5459429
-589.8953336
-535.1317011
-561.3751619
-824.6572268
-657.3078358
-407.6523722
-1371.464651
-1003.062195
-376.9962486
-833.9498381
-405.6665195
-908.9876439
-1339.161212
-494.5489517
-554.4312531
-736.7290366
-643.5300871
-487.5231624
-890.9384477
-423.147706
-349.9616815
-399.9938601
-514.9865517
-1508.531016
-782.3180906
-350.8617738
-1257.192567
-143.7585695
-588.6237551
-761.5457501
-681.6844776
-798.4221383
-347.5816012
-909.9555642
-478.3701414
-884.7914634
-336.7586055
-224.8833139
-426.4091519
-405.6118386
-552.221923
-621.5644493
-861.6014286
-1091.484192
-389.2233659
-489.2262332
-670.0701812
-530.0953384
-874.3884748
-1065.191798
-650.6340063
-429.3153375
-256.2983869
-556.5682574
-177.1648028
-332.329329
-791.5797266
-895.5776354
-502.2407791
-262.4623152
-712.2299529
-979.715299
-571.0934763
-1252.724994
-862.9234524
-521.4934908
-301.1951905
-1632.691885
-462.8988508
-662.6157247
-1069.865789
-806.6521769
-1529.188277
-546.3869047
-550.6108959
-4710.409748
-566.4483494
-519.3098543
-642.0662144
-965.1852147
-479.5855374
-897.0286845
-479.5435937
-828.9466352
-301.8362201
-687.0337597
-257.1118894
-502.1727174
-661.2313953
-452.5196339
-438.6742028
-475.853467
-376.8030505
-1186.456537
-585.6425466
-2197.538469
-408.7978702
-1423.766216
-1762.733305
-251.3236676
-588.2227452
-1236.238569
-380.71577
-1001.128722
-888.2327587
-415.6359897
-583.1166452
-350.088787
-931.6571746
-189.2284252
-725.1115705
-415.2533145
-225.6939874
-462.0067445
-495.735516
-622.0624516
-637.2327638
-986.7885666
-448.3814026
-512.7140112
-457.9352624
-570.7191596
-872.2082158
-1352.277164
-356.8542551
-757.9223752
-487.2736783
-797.2445812
-576.2079291
-351.5393671
-993.7900463
-956.1594428
-247.193713
-616.0972476
-673.2247797
-930.4418528
-893.4907722
-1025.107494
-711.8883215
-483.6309529
-878.0789259
-999.3551312
-545.0371267
-1220.715224
-449.8111319
-581.5217785
-633.9762651
-656.4717117
-390.4662292
-425.8412678
-761.3028989
-899.3611011
-455.3411982
