-1434.492187
-308.3205931
-3921.48584
-172.8148967
-184.0760964
-144.8298615
-238.9825397
-715.1190909
-317.5703664
-663.0039549
-30540.87204
-417.8172995
-1600.699762
-220.9752135
-1714.601809
-96.0908955
-42.70752379
-403.2107011
-11027.67843
-125.0813308
-3218.840618
-669.0733195
-363.3520545
-89.77702862
-317.0665868
-8028.333039
-408.3309646
-88495.37756
-127.4817381
-1092.788537
-1729.127369
-238.5374299
-699.9159914
-1026.04281
-191.7775788
-488.2798577
-1026.150581
-314.945636
-709.7768896
-1573.997205
-1085.556106
-492.1159133
-303.9111431
-200.1310574
-229.8068781
-126.9619478
-164.7666292
-1286.84783
-2078.756957
-1141.613833
-70.56895257
-57.33813337
-1148.963269
-1736.384847
-253.0394098
-225.8314583
-398.2538854
-97.20997727
-174.2541239
-38.98248383
-91.69769149
-485.6621344
-1467.584073
-1983.543761
-1273.007378
-384.1600372
-413.7859513
-212.8923008
-27.07850881
-52.74047907
-777.0540598
-73.80871608
-55.31979404
-44.39740644
-3948.815067
-227.733729
-2025.370199
-104.2537276
-887.3237496
-444.2777402
-68.42747039
-421.8554076
-12.87262825
-57575.61746
-498.8197789
-57.6242218
-309.2573692
-728.8548535
-4445.518095
-128.5920873
-899.4212683
-215.1333264
-225.0405134
-3961.1607
-82.72029632
-122.6477974
-167.5402891
-22.69197602
-4671.901349
-170.9942133
-66598.3717
-1937.057879
-239.9579547
-652.9948944
-66.63029867
-216.9877618
-2256.890906
-656.1902379
-261.651824
-468.3270284
-896.8591936
-5187.718772
-710.586172
-224.3953036
-267.5880931
-4391.614681
-412.6140822
-164.0692245
-149.3003616
-142.1946767
-494.3140888
-1016.929762
-197.7920653
-945.5538124
-10448.00645
-844.0645667
-132.5072386
-384.4684976
-1886.424972
-313.7790341
-204.5878208
-753.5855013
-352.8182726
-692.0125278
-163.2111639
-594.5989209
-329.1891966
-157.7176683
-1185.532153
-1681.037872
-174.494881
-4105.384127
-187.004784
-97.50029737
-356.5341539
-424.9869836
-842.3120299
-3854.302611
-566.476722
-2499.474779
-192.1920341
-583.9782993
-1627.162201
-5168.208001
-6530.715476
-37.56868695
-209.8891305
-43.63090973
-581.0331148
-32.65194749
-103.9337571
-468.8916779
-475.9237453
-2705.165996
-6074.228261
-78.1073544
-724.4751701
-168.4535595
-5676.52027
-276.7298282
-185.1750166
-2142.353129
-2299.013247
-768.5918581
-1573.399472
-34.5091765
-18.86325871
-2299.407808
-26438.34869
-290.0953929
-279.1868552
-569.239835
-366.9489919
-1032.760705
-963.2081621
-279.2962421
-2461.923838
-1322.194309
-140.7783068
-533.2609329
-428.1050599
-59.31833798
-68.55474393
-349.1335387
-221.8603455
-1074.021389
-233.3147506
-188.9677408
-165.9454798
-1016.477363
-802.0468294
-17143.64158
-259.8651738
-561.3011234
-305.399236
-852.0895528
-2028.782629
-381.9549919
-6061.075884
-1318.14631
-2506.01858
-1309.855318
-109.2890603
-12721.51234
-4611.619159
-123.7855439
-827.3499492
-2221.876929
-2911.365118
-8582.081291
-660.19371
-261.0573357
-91.04159798
-2504.581441
-7885.3205
-3916.253174
-376.7060771
-258.5686219
-956.2708252
-336.0754897
-1748.348069
-944.0823216
-156.707579
-50.84303075
-73.83761875
-328.4038633
-377.3611922
-115.6461182
-37.18517049
-550.1976487
-225.7955719
-777.0119885
-314.2169901
-197.2501254
-9076.437481
-294.6473531
-42.0753687
-1835.344717
-19.44250869
-462.0425813
-267.0212444
-224.8753104
-624.1730667
-2524.778286
-641.8625068
-642.2417361
-111.2733287
-322.3133386
-1193.028675
-163.1491547
-175.702562
-487.1515008
-866.1847162
-5731.510662
-241.3565233
-462.6181249
-1356.268963
-1066.400034
-437.2558845
-506.8426727
-139.8284237
-377.3191506
-520.6510659
-847.161674
-799.9458087
-108.3458236
-997.2167183
-1132.694678
-169.0995
-605.728328
-1580.99402
-132.6811589
-38.61254441
-434.4287618
-54.04840873
-1937.90811
-47.23261229
-217.6176047
-829.6880376
-151.8538542
-1112.981102
-136.3435272
-23.67024735
-253.1468468
-181.3198806
-296.7035341
-866.8533535
-10837.50174
-2275.316843
-192.1685692
-3728.261094
-52.93681655
-639.8931191
-448.6743638
-702.3752146
-84.54792025
-218.2172945
-1020.484926
-338.6802647
-69.3228767
-11074.92961
-762.3419846
-2915.492654
-25.08392076
-825.6244584
-357.7223404
-35.79814014
-201.3478842
-467.84636
-89.96059927
-22.10708122
-127.1594676
-666.6605294
-930.0065283
-2869.652252
-4054.661078
-41061.92892
-1521.14809
-239.4961379
-717.2779935
-3591.768273
-1765.175939
-1150.081242
-249.4024587
-100.8936388
-113.8219659
-851.4702875
-71.29465683
-997.5181234
-2408.957992
-18.43248207
-977.910011
-1130.50119
-72725.00484
-2114.912806
-171.583452
-394.1367096
-3777.21394
-12217.75469
-3123.715714
-6534.266498
-2469.597403
-30639.05818
-207.0560036
-2429.430013
-309.5589588
-5131.980664
-1873.171666
-378.5806696
-72.40033613
-586.1108893
-709.0821567
-749.8548817
-705.5428292
-33.00282343
-521.0167369
-143.9066197
-199593.1962
-12047.39775
-2047.29595
-3766.555067
-6134.283681
-3395.606401
-835.635773
-157.1108684
-559.1079389
-826.783177
-5656.994665
-7795.61806
-72.93208953
-87.26442403
-985.0726092
-99.12823949
-147.2935561
-117.5168113
-11922.7171
-1825.203894
-90.81860141
-164.9990725
-309.2599029
-138.2774856
-316.5277152
-1276.473314
-1033.458907
-306.7808844
-88.13884114
-2470.930318
-479.0567508
-594.982955
-180.8249972
-391.3181644
-332.4599558
-1125.581683
-3079.761449
-30.0916245
-57.8303177
-486.393042
-1188.448909
-5988.001739
-2339.064639
-204.9002038
-194.8162868
-2237.591718
-259.5102995
-1406.438809
-151.4486567
-165.7676174
-93.12147202
-1867.990719
-2379.287662
-393.9620036
-37442.26931
-140.7645492
-361.2036155
-223.844479
-648.5259232
-103.2776382
-331.8315052
-19768.75215
-1207.958506
-6215.649769
-220.6396281
-8384.969994
-5090.679746
-753.9065511
-195.1092893
-984.471466
-1340.354356
-48.8110157
-364.0299756
-4975.413965
-10447.56927
-46.21504577
-99.11688817
-163.8086998
-4962.721958
-177.0798226
-735.5749715
-194.0273694
-331.1057448
-403.5147532
-862.2433532
-248.9650519
-152.3759569
-9230.006136
-3221.110036
-249.1529241
-333.8026579
-1260.452526
-1060.526929
-353.7895079
-69.14292513
-184.8166453
-104.700362
-615.082495
-89.18536032
-89.01064972
-1346.875726
-214.7813335
-2233.70233
-2467.429734
-549.772682
-671.2069396
-122.2538868
-545.3210385
-716.6209912
-49.4379778
-522.5861068
-258.7169894
-927.0155977
-1511.15977
-380.5717036
-290.6107227
-189.6660208
-355.8712625
-318.9251205
-1361.801354
-104.6991057
-1207.867308
-23.03629739
-90007.48239
-5924.154992
-600.2305886
-104.7282235
-985.2192217
-290.5424387
-2548.829056
-160.7080146
-1945.313307
-2461.201597
-106.3672391
-61.57560523
-1200.631485
-320.8541315
-178.1292415
-97.30465347
-126.2966747
-971.0290629
-261.874286
-681.4260165
-26.23915565
-2667.815831
-247.8287605
-402.2186579
-438.4062921
-243.5334592
-273.0229233
-9059.701709
-3477.438968
-576.7203328
-1493.881976
-7435.01776
-2036.387162
-260.3834759
-270.3358265
-270.6996358
-84.54173275
-82.21369037
-401.3148667
-581.5962509
-46.11193529
-12116.37135
-328.0639013
-24949.6901
-172.0716539
-268.8370722
-1848.07449
-21325.89534
-125.3597904
-308.9798166
-100.2917667
-306.8628006
-287.34694
-140.660317
-107.0239502
-30.39410655
-449.2857166
-1037.436306
-387.0240902
-536.1922213
-798.1617555
-2358.689875
-857.6734428
-2708.810559
-685.0157692
-698.8253085
-189.4404993
-158.0014317
-351.5731633
-192.672772
-111.8146732
-1237.973615
-3505.326905
-21293.57852
-134.0322399
-900.565814
-831.4981616
-1047.561271
-7175.773731
-5897.055858
-72.98818982
-171.7516547
-100.2498689
-236.8708267
-394.1480433
-111.6085252
-1465.409454
-104.1465605
-483.9341804
-271.5825926
-3137.028555
-396.361273
-28.34749517
-392.6032285
-194.9865347
-502.1402796
-836.9944446
-113.9163825
-316.1468497
-53785.90212
-80.88737886
-151.8839311
-85.63287666
-4974.985286
-16041.95324
-1057.86081
-414.3799799
-130.8621695
-555.3522713
-289.8278301
-1532.915245
-241.6929225
-319.0572641
-372.5436084
-693.970872
-2498.22501
-1075.601923
-91.00648631
-1752.917531
-40.76737059
-720.1056178
-28.09598328
-70.07332065
-52.67802937
-607.7605354
-999.2125491
-87.30594198
-740.469751
-123.9772877
-3104.08447
-113.3667848
-582.57654
-26935.69666
-1790.57787
-140.9210096
-14.24358393
-252.6734801
-144.1020021
-165.5544118
-295.8587909
-531.2257489
-25368.51903
-743.485677
-103.7472277
-1418.146679
-22.54446801
-537.4286518
-74.48773307
-988.8207732
-544.8098806
-212.5405865
-896.617172
-529.2680426
-333.8792949
-16544.51003
-1957.023584
-87.87068235
-4046.921241
-32.94832009
-127.8139161
-958.5266778
-465.7709762
-1319.71848
-43.99759556
-16.72402076
-562.5162293
-226.4672604
-1138.890363
-2054.527412
-191.3237234
-2180.080309
-328.4815548
-174.7227526
-1304.624962
-677.8018454
-2035.242449
-2269.831398
-1559.554524
-983.0922552
-101.4584226
-294.1223576
-221.9749737
-18872.07588
-241.9806454
-148.5134198
-4923.010443
-750.3469211
-395.7373513
-852.6990538
-144.9375213
-157.3286438
-164.8914626
-268.633665
-193.1553401
-2457.574301
-159.5058195
-289.3276524
-1845.218572
