-1396.976036
-983.278703
-2519.419717
-1269.873736
-406.0961588
-1581.738632
-712.6243194
-1245.924664
-279.3057677
-335.5220061
-369.8038855
-317.9253388
-664.9244262
-1647.294567
-250.7665159
-1410.688358
-647.7913652
-217.770059
-799.8984543
-453.3518854
-468.2320413
-816.4313038
-288.0257269
-649.3599593
-3338.163211
-742.2607915
-1185.444716
-635.203499
-683.1628993
-1147.331131
-980.0619634
-617.3525612
-84.27472149
-192.1750698
-1285.914876
-528.553684
-321.4075399
-573.5140043
-180.6368939
-1591.003734
-986.978227
-1793.858573
-300.41882
-378.5410896
-214.0484772
-753.7175505
-1728.90045
-354.1455472
-1667.821587
-767.5340941
-799.6097683
-1190.626532
-446.4399277
-667.3608532
-2361.860307
-756.7719735
-2437.286799
-1373.51389
-547.5938264
-335.1423497
-7392.086028
-584.1461749
-509.8394404
-253.6464875
-414.3312541
-398.4925968
-517.010912
-2096.607643
-1764.57676
-605.3326927
-462.9127646
-374.4431034
-2067.647801
-411.9317072
-1725.586694
-269.0218131
-441.7875205
-19176.92892
-18850.29941
-1033.756305
-282.2608929
-308.9388694
-1864.31399
-499.9687134
-3136.282132
-2319.300353
-4058.620059
-742.4042671
-347.7102005
-2006.841576
-1468.169708
-914.150909
-785.9458232
-1607.613682
-265.9514175
-361.4867172
-408.2846743
-723.8173264
-1351.511589
-698.0137812
-1479.9398
-592.3963478
-283.6953019
-298.1386283
-267.9294597
-642.0116671
-937.4640148
-230.2573098
-528.2027976
-9254.695514
-595.3475166
-2217.558014
-1097.451402
-1027.05076
-1615.265559
-653.8115358
-488.5508675
-980.8565612
-1954.429538
-663.6732833
-1190.912434
-265.3370617
-227.0786427
-1228.543101
-232.5078555
-2593.244586
-586.7198706
-2518.629157
-478.3894492
-1910.124585
-644.6380269
-577.1221087
-3204.590945
-637.9066303
-572.2726335
-388.9937954
-696.8899595
-805.2819766
-1913.972543
-1277.276325
-726.4366194
-1419.904924
-443.7524061
-629.1161746
-2566.195819
-387.2037446
-602.4728981
-394.2881682
-185.7388908
-996.5086066
-316.8839659
-318.255528
-1146.413506
-401.7497806
-1216.905726
-1398.457675
-1066.819168
-1386.974671
-783.9550023
-3548.205119
-575.2317423
-1265.58927
-477.2324595
-910.1857731
-476.2776484
-976.1835314
-3797.071355
-2106.879727
-1710.644323
-552.5177989
-1132.995905
-1030.941466
-424.9190221
-870.7942668
-691.2818
-2105.10845
-288.2994272
-264.282
-273.4427874
-449.0273925
-781.8495415
-2427.256425
-709.3622893
-2163.506709
-3511.211963
-746.5604414
-515.362675
-525.120632
-512.8672331
-2540.713809
-331.9169852
-163.3082223
-630.8216232
-432.5470746
-479.2964866
-665.9009067
-1151.568851
-5280.63139
-592.7677011
-5319.106825
-695.0240542
-526.2371607
-1879.275157
-220.3547887
-26532.71688
-1129.498926
-1051.491246
-554.4749577
-305.8914401
-186.3903791
-1174.898546
-1361.934451
-997.345724
-1225.292732
-823.1927116
-396.2103833
-1185.76387
-990.2128179
-808.5500375
-581.3927963
-1047.746701
-3478.524848
-1111.990789
-228.5813303
-1276.543043
-1116.395889
-884.2774055
-373.0785835
-276.5911649
-543.020475
-575.8936735
-1261.856182
-394.3185831
-868.1103539
-623.8799184
-1037.389541
-1004.07086
-1622.823461
-1388.923436
-456.455859
-1096.459846
-406.3247369
-404.1573728
-466.1721341
-213.1252213
-494.1453142
-674.3149773
-1650.849671
-1039.816068
-1199.74442
-518.2096879
-1625.716475
-371.8058046
-2049.961205
-503.9342837
-2265.58425
-945.0493635
-750.7430923
-702.0043183
-2586.433265
-655.3561709
-306.2443771
-1928.203686
-430.2591846
-140.5364601
-2053.067508
-5680.826975
-888.1189329
-1079.410928
-2602.551041
-458.4637057
-254.3264773
-1167.102779
-415.7636172
-1223.468892
-5591.203044
-828.5623469
-1840.606131
-390.9000456
-1850.083641
-1871.835816
-2248.744267
-358.7533535
-401.8670765
-190.2296245
-266.0377502
-429.2654439
-539.355508
-1272.363669
-254.5566582
-1699.735728
-317.4676936
-735.0169031
-1599.943401
-460.1839916
-671.4838549
-614.0571677
-855.9998793
-350.5011108
-227.7246585
-1231.666521
-357.5606129
-1139.58434
-3385.191658
-506.4993143
-213.7465828
-372.198602
-2119.516487
-1226.657316
-2124.278891
-546.3994249
-1288.876738
-102.7726413
-926.5360461
-325.1045433
-768.8783805
-511.2154867
-964.6797412
-1222.622428
-318.6362482
-912.0465382
-542.9222688
-879.1779296
-329.258588
-4189.210699
-1892.611794
-2951.460474
-4035.865764
-798.2626122
-2332.912
-517.6170011
-4284.315992
-716.6727841
-17058.69634
-5111.838945
-2111.180718
-1045.848549
-589.4139232
-322.0000536
-552.4785994
-258.2740808
-615.8825171
-711.4248755
-3950.588464
-291.2358263
-361.5682278
-2567.325255
-974.2002446
-3205.574656
-1722.525717
-623.5411521
-596.1742199
-513.2525603
-1270.296869
-3200.662858
-1278.777668
-263.1015811
-1018.079673
-1841.327111
-1382.764043
-1047.582294
-2487.401432
-262.7297162
-3855.780428
-1071.01657
-1323.16171
-5634.29625
-512.6905776
-3288.191404
-296.1605238
-480.814851
-341.3145001
-359.1543969
-793.2060677
-2525.080414
-391.2102115
-425.1834196
-4851.977595
-517.8484149
-233.9366426
-297.4859055
-1398.971815
-176.5888166
-785.7992302
-392.859384
-1042.731062
-267.0554585
-104.8137621
-3282.611346
-218.025358
-1388.731238
-1256.541707
-336.3929159
-1540.694439
-1419.036254
-534.5684211
-1301.377451
-503.3056502
-1270.560883
-299.2454048
-208.3598691
-919.9911103
-687.0895722
-424.6903972
-1289.8635
-452.8299052
-270.7581199
-853.815283
-751.7306562
-332.9123286
-601.585918
-1198.82987
-2112.114358
-1469.218338
-762.4042853
-246.2629189
-2040.610993
-1095.615419
-289.3158664
-4609.519323
-1186.09867
-234.561521
-299.6910312
-736.4995456
-592.8388188
-408.0313316
-559.7800848
-2036.100561
-462.5369177
-1528.576044
-1338.012235
-312.7268458
-331.7321933
-861.6578148
-1211.610846
-696.1882638
-333.1104811
-30263.41458
-594.3821965
-3152.253441
-766.9034567
-510.7772337
-3089.567838
-888.5961566
-2425.294182
-5515.715386
-633.0558145
-387.0184963
-715.6783244
-262.3651182
-475.9314608
-607.8672419
-1386.162015
-623.1018764
-1307.890375
-519.1546604
-394.0182645
-1412.140697
-248.985733
-1085.427995
-1982.246359
-1527.54252
-1533.786134
-2114.855891
-20125.91111
-693.7791162
-630.6264749
-226.964941
-2046.369569
-283.4469756
-1304.350373
-1318.07525
-2570.093688
-846.7201467
-3605.33895
-283.8902189
-991.9112389
-250.7936682
-845.769535
-185.1127874
-1051.514026
-1510.544157
-941.1734566
-492.3891246
-374.9650146
-610.9473059
-669.3369769
-191.2611659
-5254.385176
-771.4292568
-231.7633767
-378.0891263
-1194.326477
-302.1133382
-427.3183884
-892.4471749
-1135.281497
-2064.086277
-546.1949651
-2804.108283
-165.5254985
-1978.188679
-1669.946749
-315.8257419
-435.5288265
-1722.200311
-970.9520749
-396.5943377
-950.1050743
-544.1528151
-200.6262204
-1152.660127
-2134.875073
-260.1752222
-2220.746504
-240.4396099
-184.8703707
-333.1794168
-404.357185
-7988.737763
-685.0524287
-745.5247773
-707.6619027
-273.0824485
-1101.806917
-900.9569407
-1035.816105
-1211.982297
-963.1118221
-978.1934299
-987.7482537
-363.3523077
-458.445433
-1359.127315
-909.1886386
-608.3253598
-21886.80849
-242.8405881
-353.233555
-854.3276131
-2581.658156
-1664.989943
-1212.370631
-663.0941584
-818.6949742
-463.403378
-1115.369387
-230.0154461
-5652.790486
-1034.82452
-1772.048966
-454.1799481
-476.7865081
-429.8860768
-3980.990294
-409.3822718
-465.1489932
-760.6749281
-671.2149532
-211.9422131
-1423.917266
-3702.237578
-549.2886276
-429.7178534
-500.2529077
-857.374778
-4402.81082
-742.6169775
-304.1793204
-1103.073842
-392.4184576
-11593.58638
-401.7985067
-958.9241242
-566.0675884
-828.8096684
-2209.778449
-944.3798334
-2029.422243
-3041.114489
-11522.80804
-671.5672863
-2028.737726
-640.1886626
-690.0983962
-353.3808301
-202.7395901
-2554.532307
-839.9751461
-646.0040072
-920.9139527
-2435.296241
-1516.885883
-1024.75067
-1367.24554
-990.685596
-603.7181289
-965.865367
-609.9687929
-602.4685549
-2411.654613
-678.722963
-373.7928816
-802.4069287
-3413.1913
-478.351406
-775.2383177
-376.25932
-340.9496065
-323.7767438
-708.5801603
-458.3637527
-456.9343573
-2256.793902
-1230.98214
-877.3712871
-5063.547764
-488.2814054
-434.7185549
-263.4045796
-1147.495897
-486.8292634
-380.9280422
-523.0332984
-671.0895329
-681.1279456
-2242.74758
-969.1587416
-2007.201129
-1271.485821
-3062.579933
-1309.08852
-1856.081075
-1289.578342
-2367.363343
-4849.368831
-994.4794077
-479.9531688
-517.5855411
-665.3500756
-2562.417808
-279.1899756
-1404.469497
-1879.827354
-1098.273049
-379.0871569
-316.9330618
-783.6223251
-1008.897925
-853.8755499
-948.6409049
-323.1485706
-795.2153826
-760.3060634
-189.5442241
-496.7988562
-723.4973454
-4867.688707
-5858.360712
-1637.152194
-793.0601538
-977.122287
-683.8969661
-940.157863
-14769.51378
-537.3926253
-4316.998463
-607.8910881
-2366.328189
-569.0334935
-967.8692388
-1955.508787
-787.3715767
-773.9903226
-384.595857
-588.7531328
-2025.788189
-5558.713751
-403.6439245
-811.7138375
-313.5443756
-1054.312066
-13815.96128
-1782.840785
-1632.808999
-826.3929122
-1232.184906
-1861.827125
-991.1261299
-1689.853994
-1041.259583
-389.0053989
-526.7652012
-1576.694177
-516.8338463
-500.9021391
-1967.082586
-794.8406194
-1747.615886
-332.6799266
-571.0160173
-1453.299433
-1289.027379
-1401.16561
-589.4534333
-551.8084739
-1686.241928
-1567.983862
-492.8033898
-778.3530852
-893.949237
-200.4625532
-537.7232281
-2786.388418
-700.0285199
-988.7846104
-962.8264368
-617.9122975
-315.2166102
-1557.738379
-1118.352018
-108.9648274
-533.8635962
-1262.741312
-1776.407632
-689.899063
-848.8941598
-1590.999999
-706.2604392
-522.9584533
-138.3357795
-696.4374806
-789.5614829
-687.9155514
-280.237021
-2271.261998
-790.272932
-840.3575028
-1382.395083
-2584.491875
-1595.966295
-1355.045734
-565.522577
-1263.468749
-560.672658
-2363.307158
-490.8321057
-569.5415849
-708.0376127
-1463.461623
-339.9781152
-891.7258512
-888.9590477
-433.2359222
-662.5691517
-1258.754932
-406.9067057
-406.3528466
-372.3845085
-626.055231
-1351.868061
-273.3792829
-503.31082
-359.9904727
-1148.390376
-1843.738941
-1584.931874
-184.5062311
-517.1976961
-2191.062006
-4951.476922
-2547.170174
-464.8053889
-279.6191687
-678.108832
-611.8377937
-408.6198211
-1014.832482
-904.0639167
-728.6921534
-2009.758443
-505.8671143
-435.3061301
-1827.978742
-1099.893267
-556.6024514
-408.6080656
-417.6567273
-433.2664721
-1723.723502
-369.0058723
-1611.062066
-678.3929163
-988.6817306
-1356.109724
-3761.915988
-1369.154083
-1351.967434
-2734.889022
-496.6049129
-221.7428512
-303.4383808
-394.1271227
-2856.870204
-1082.891853
-856.2114256
-1850.576966
-438.705519
-454.2901111
-5653.98503
-492.2850971
-286.862824
-235.3077462
-3472.365084
-520.8571604
-2295.213878
-509.6636279
-1703.364285
-203.8652555
-780.7949353
-1069.34781
-3049.542787
-781.1223685
-407.5916828
-873.6772845
-138.6936156
-159285.9538
-1709.788776
-3454.524273
-508.5288104
-442.1045962
-2355.945066
-6627.819589
-417.5299536
-891.4842747
-2760.395367
-307.1999791
-10605.99586
-2671.589676
-329.1145328
-2356.288696
-27880.20358
-1077.441742
-368.3450864
-1055.49948
-381.2504447
-968.7731962
-2426.195935
-5068.992389
-169.9418078
-366.2711221
-1051.259381
-856.265755
-334.1945165
-1050.507849
-1097.96258
-1024.235885
-2403.453664
-421.0232584
-324.4266699
-1368.701132
-4303.931823
-433.5664814
-1647.222401
-866.4873555
-14369.32044
-451.1115864
-644.4350193
-720.5885841
-689.4495918
-960.4782581
-748.8958538
-132.1771071
-161.0562834
-899.3949651
-518.9141635
-781.1352231
-2570.45603
-839.7736918
-652.3903312
-612.6525314
-454.8385615
-1395.822536
-1042.719214
-460.5357128
-1902.121429
-60.76677343
-341.1259774
-1885.910392
-473.5058278
-595.4891735
-980.0127207
-2484.38774
-1201.193927
-1883.026447
-614.2147124
-497.1062574
-310.1994495
-678.8895113
-1042.230497
-2526.180441
-525.1027497
-340.2792439
-605.4030256
-1693.460277
-2133.552395
-1190.34273
-1106.963424
-187.0445474
-342.6259341
-671.2724478
-83.45317985
-2789.059766
-852.9162139
-430.7582533
-154.0205523
-932.513124
-657.3836428
-1575.562271
-1185.486232
-578.8014756
-323.0109467
-622.2469672
-954.3600155
-390.8252266
-2078.826259
-6701.215828
-371.8577999
-962.5666499
-715.7114961
-395.8295677
-662.1708376
-895.9330352
-362.134285
-625.5346936
-263.2569925
-789.8147721
-1745.427521
-739.7829496
-316.0802824
-8101.242704
-536.2452024
-453.4135021
-458.0398019
-5522.284655
-285.9193944
-577.8762004
-346.0011902
-1520.603103
-2185.037975
-2093.769238
-353.9738411
-427.6319115
-1933.966838
-551.5765448
-2369.615063
-670.6547999
-2066.115085
-830.1581201
-411.8151321
-956.1163617
-3813.868789
-351.4839483
-328.4283014
-663.5256649
-755.7030005
-2416.251125
-946.4170386
-75.30723089
-450.6332654
-268.4821999
-2175.378455
-1096.523725
-905.3655822
-675.8750631
-608.966991
-1845.551135
-359.7833132
-2606.835669
-820.1140568
-385.3823523
-592.0940223
-497.0373834
-3365.225824
-999.7756413
-583.2666229
-553.6859165
-913.0410632
-1870.647723
-613.870868
-296.0860334
-407.3906045
-457.1794584
-158.3083854
-207.3349201
-2360.52031
-537.5126906
-2921.453637
-483.9286402
-1212.906784
-877.9172442
-604.9314865
-2069.982097
-385.3423991
-748.3506667
-1104.522978
-1167.878521
-1744.396358
-1027.173554
-650.8186354
-759.5007053
-1246.730635
-622.2275234
-558.3979845
-1456.204241
-548.2229485
-2016.122648
-376.7698227
-301.0909857
-711.0101769
-614.693779
-807.6298731
-306.4897402
-2049.87176
-165.1190682
-2284.254764
-794.3101511
-183.0305877
-2389.68655
-295.0810518
-654.1002434
-1041.813871
-1132.381573
-639.5862323
-367.3984317
-1040.191777
-771.152644
-944.6763924
-821.6164138
-603.2057146
-487.8102144
-621.560798
-300.3559281
-1439.452096
-1635.090098
-743.9145749
-901.8031487
-282.9379686
-509.1241241
-877.9208027
-833.2784922
-339.7825995
-157.2972418
-638.7553947
-4094.943803
-711.1783576
-472.2120814
-257.7548698
-1964.12038
-283.0404442
-13602.88291
-315.2250026
-599.496798
-887.9084516
-1491.275571
-1824.796995
-4932.23763
-131.8867653
-587.2707515
-751.1977981
-3166.671077
-1318.682021
-512.6763767
-95.78111979
-524.1001177
-458.6533445
-1364.691615
-153.6812147
-412.1875006
-309.8997177
-4422.872813
-417.0657039
-4055.321873
-545.9109437
-1394.881834
-3496.083022
-464.1264451
-421.955085
-1653.249634
-276.2696415
-6120.830788
-487.1503379
-150.329052
-838.5086117
-438.8881816
-174.215916
-771.5415704
-4129.87467
-2692.478686
-1842.37038
-204.5384432
-547.0701531
-237.9319496
-295.0953533
-354.292966
-674.303483
-465.5363726
-970.9784496
-945.2004806
-1067.83235
-1413.494352
-942.2951324
-595.180811
-632.1827665
-2971.869582
-970.6989983
-1093.950378
-1660.833456
-539.8472223
-556.1468067
-265.0130493
-522.6846524
-809.8953372
-434.5807026
-118.1336425
-1147.494583
-327.5367668
-185.7056558
-1071.238558
-308.854908
-1528.445444
-1911.840773
-2476.491549
-582.3799396
-1990.205666
-462.1131808
-21304.71189
-611.0669622
-635.5058133
-581.9851641
-2921.74312
-255.0876481
-502.0410112
-1106.887937
-523.0614535
-686.3020699
-1362.323393
-437.6492372
-535.4026798
-790.9096818
-1680.773937
-460.8863781
-652.4660979
-929.8638762
-296.2717657
-151.5654301
-1022.30294
-394.24472
-3077.035207
-693.9299011
-790.4284629
-1090.306234
-1083.375632
-291.0434104
-1526.273136
-782.5169906
-5450.964193
-707.5995936
-273.4500037
-1246.805726
-356.1964972
-163.8652078
-768.6641292
-505.5641088
-1325.715797
-237.2586764
-374.5771696
-874.6978086
-965.7856928
-260.4880085
-502.9899609
-1469.508824
-1062.466418
-357.9237269
-2032.697529
-4620.139242
-5262.356244
-299.4872382
-593.3218269
-625.4898908
-823.4032561
-1453.461779
-1029.083341
-1155.741733
-2391.785571
-744.0447936
-3567.437
-902.371342
-227.2194675
-48.26990129
-345.2973564
-618.5918032
-185.0203443
-1337.601954
-647.464915
-325.2793609
-561.9757847
-668.1375961
-631.1015404
-1129.752365
-1657.036374
-902.6556429
-1084.087798
-1213.076925
-316.2313513
-4671.93192
-1389.887497
-385.16456
-2186.156845
-395.2014784
-1142.288675
-394.9142761
-209.125356
-831.7595012
-325.9691618
-2623.455992
-1601.266787
-1322.540156
-914.025766
-479.0563086
-953.1619587
-4657.606848
-839.474074
-763.5865062
-553.7392313
-561.6653187
-3329.809875
-880.7348982
-882.449969
-341.6912919
-1872.139607
-638.7716658
-288.6536365
-362.0927554
-261.0122411
-1571.303504
-3180.396204
-331.163998
-2588.635247
-218.7107942
-71.33552089
-573.4967928
-1445.441539
-173.6709894
-364.9337171
-224.6130133
-1247.059699
-627.5364841
-1152.044204
-979.6992438
-629.3033526
-838.2068963
-812.1991626
-744.3588843
-1404.142511
-650.8432452
-34901.90509
-1605.473092
-496.3114503
-321.7952735
-791.0809819
-517.5610876
-1947.671372
-1725.649039
-1430.335411
-1172.323499
-780.0686907
-921.6264871
-491.5528054
-585.830237
-427.4990887
-401.6249124
-1097.03152
-692.3440519
-1867.500135
-228.8896664
-506.7891336
-6361.979856
-1702.617106
-167.9483981
-259.3578737
-1485.864632
-388.6785115
-735.6665769
-2150.330181
-1042.170583
-612.740332
-2468.999821
-621.7253908
-1273.576231
-859.4696816
-432.4289174
-1259.000139
-93.26551789
-379.5397468
-853.4042283
-1380.105187
-990.5929016
-869.6861056
-2722.937548
-1820.664976
-1325.903803
-571.4959368
-1102.707358
-10864.96359
-459.437695
-1409.082068
-393.9826594
-780.4523455
-733.8885773
-843.6084757
-1008.394758
-3243.244953
-523.5739079
-900.9692226
-886.3219114
-396.1959606
-546.5146848
-2922.328316
-1366.423384
-253.676849
-273.7382813
-452.8417396
-1012.380428
-690.4385277
-1685.020038
-656.4920558
-434.9439293
-2435.562983
-5157.001304
-668.8073096
-1491.182976
-2409.108663
-1290.044689
-1878.733787
-705.9233327
-556.8669643
-410.7556905
-610.7358541
-773.0230558
-466.1815135
-623.3105383
-948.1237624
-952.3858774
-706.1210547
-406.3362157
-1937.892076
-779.2749581
-877.1393306
-309.725768
-3363.257071
-3226.08386
-2385.613471
-268.4367752
-922.4829715
-839.7086929
-1537.013032
-6088.170655
-693.845761
-1378.691641
-341.4209461
-471.6768316
-2896.296729
-1007.003203
-465.4420055
-503.7808855
-706.6750324
-970.8816485
-2647.678235
-800.2327121
-599.7466953
-714.1530008
-665.584845
-642.4358282
-656.2788948
-1248.999503
-2101.41985
-545.8986213
-692.2772224
-487.1152661
-512.5417679
-313.3688175
-336.1448913
-557.5946059
-341.5280409
-319.3078398
-1382.628349
-645.7184609
-598.4787846
-392.8496367
-622.8122648
-306.9692474
-971.6363143
-325.8998785
-8438.186879
-295.5599333
-763.3473428
-759.7039319
-580.6593494
-521.8963502
-286.1136203
-348.8431105
-465.1785109
-205.0204977
-2137.505771
-444.3027935
-304.6058632
-594.6906972
-1952.814565
-992.2100682
-334.8313921
-1353.761883
-1486.020652
-3418.068019
-847.6075259
-565.0644252
-2255.843229
-1597.340835
-624.3283156
-606.4618956
-1207.229473
-820.1864149
-848.2725217
-1621.783092
-387.6991759
-840.3031488
-1178.308514
-1029.645766
-225.7648234
-832.7919445
-332.035493
-482.0426645
-1808.462393
-474.2319375
-2243.580976
-175.809549
-1643.411564
-2032.453425
-372.7794706
-520.5809333
-2386.2671
-639.925277
-2408.018583
-1077.214863
-4349.774288
-2908.884123
-1393.609595
-936.8112934
-808.1788081
-670.1715614
-396.1056764
-545.7476845
-1067.73313
-2180.254581
-537.507486
-464.4579002
-1184.013524
-935.8208372
-655.4613666
-292.2670453
-5625.562466
-1201.508752
-606.226198
-1290.669491
-414.4697708
-392.255555
-2041.031721
-4075.76682
-2680.459491
-1479.62327
-757.9692147
-181.8571887
-901.4450255
-558.9044757
-2139.018908
-8356.136258
-2082.417218
-247.6212286
-552.9514467
-405.1058129
-698.5632182
-748.9342047
-1718.287131
-1036.999433
-650.7398383
-247.0637124
-332.5740214
-1608.498429
-507.7853578
-906.120219
-308.8204094
-2500.39374
-2365.582402
-1017.389816
-1463.880418
-399.6227687
-282.6485297
-2021.665685
-1726.981882
-9498.775101
-773.2342106
-442.7757848
-216.6558424
-883.9057007
-1430.220149
-372.5099217
-296.3918602
-244.7277391
-504.175737
-419.5231077
-1713.830573
-536.7832459
-14094.68225
-1370.982683
-1171.223108
-1407.871117
-1295.480606
-1185.64945
-1527.131472
-7814.439409
-707.4532204
-415.392648
-1153.447687
-312.4149381
-393.0271707
-241.6364561
-6648.356652
-1895.695194
-726.0956005
-5378.644625
-10491.20611
-590.99477
-356.6672686
-237.4982045
-598.8302731
-246.8845681
-3248.128254
-1165.09103
-410.9412038
-342.8737289
-1301.532117
-7044.814874
-582.2602811
-1917.46044
-1914.594403
-339.7961239
-405.6937618
-879.9276726
-1886.523321
-1203.932644
-2155.326954
-335.5865061
-659.6090033
-1787.671845
-513.7366334
-2554.720424
-2104.66298
-948.8936062
-998.4929752
-496.4063813
-296.2400342
-815.150604
-2071.869167
-475.8267586
-411.4561414
-218.523215
-171.7671079
-1407.184627
-413.0771835
-1107.039611
-1333.293963
-867.626344
-1537.272843
-1054.959695
-1162.512617
-1253.345734
-1055.777466
-512.4783026
-1009.253532
-2878.72379
-457.5423199
-620.9004621
-1112.562218
-3011.514659
-358.6037761
-426.4956875
-1671.710568
-819.6408558
-1070.07606
-251.8767811
-508.6307785
-555.2693214
-1469.64964
-866.2983324
-318.9730666
-2084.287851
-579.4468719
-1381.396959
-296.8317633
-6339.745377
-405.8158905
-469.2825608
-1181.616331
-10491.92746
-466.7604566
-652.9189218
-1077.651723
-2871.270658
-1958.987074
-390.1716515
-469.6856394
-2316.594524
-1701.097569
-526.6126658
-1065.951214
-215.6030468
-553.0179203
-987.9251295
-490.6886046
-532.7131115
-328.6790839
-211.5483995
-2626.0933
-1832.69366
-724.8046347
-1179.285842
-577.1250893
-1740.488933
-898.0808009
-273.8757752
-3515.591024
-141.1091421
-585.8076721
-519.9633341
-3623.803008
-1167.773263
-1590.670523
-787.2294485
-861.5202966
-1291.871865
-101.6325788
-1370.929143
-579.3038861
-166.5901836
-18446.07112
-2525.144065
-863.6636251
-378.2407018
-233.3155519
-359.7275071
-456.3172788
-260.5531196
-436.8480335
-193.5853922
-263.4840373
-579.3316347
-1995.815187
-903.9604489
-370.5577228
-3672.201295
-798.2288207
-453.5051303
-3510.486305
-1158.198626
-572.5641641
-3141.069818
-1139.374883
-978.9718498
-461.0098578
-1216.23729
-1282.494407
-216.3646995
-822.3364924
-404.261004
-370.5186155
-1543.003771
-834.0190732
-188.6607789
-466.4579521
-1004.014343
-456.0412315
-328.4762056
-184.6961343
-653.6547684
-1785.067233
-1587.610009
-3021.877811
-182.6359888
-365.4102386
-383.9986603
-558.4607214
-159.7459112
-773.4846071
-915.2523183
-182.2129497
-320.054362
-1191.223538
-176.6403127
-233.2735369
-605.5158767
-332.0245316
-401.1895572
-1305.086144
-194.7550355
-737.3086623
-472.5876853
-882.6451717
-819.8335491
-206.6544389
-807.9480624
-204.1438155
-642.2591005
-561.6012712
-1279.962349
-758.3813558
-1332.720861
-563.8651853
-2426.848447
-486.3010232
-526.5063331
-537.9810725
-1656.658027
-223.7227699
-525.9159599
-1001.516858
-806.3746377
-288.5820262
-294.1533753
-1980.771795
-514.1303743
-2518.596957
-748.9042239
-606.2441323
-850.9513752
-2421.007384
-430.4817804
-525.2652944
-593.9556458
-1696.02287
-558.6151881
-1348.916234
-1033.645945
-4487.103167
-418.7987262
-2260.088962
-1000.865426
-695.856631
-1398.766487
-2867.339877
-763.4189855
-521.8645819
-1175.613357
-525.0152686
-215.9053588
-407.8653448
-1837.089625
-483.348025
-420.9464365
-2149.744272
-460.3323925
-451.502005
-2918.442681
-1649.800755
-14960.09498
-397.8672385
-1005.390042
-189.6624426
-877.8436962
-497.063815
-413.0976245
-383.6031943
-644.8198378
-567.2388043
-188.6608078
-394.1983114
-1085.394061
-1197.229026
-429.4084763
-561.3960733
-449.4752237
-384.9977825
-7103.403152
-584.4685481
-481.4152304
-2710.312671
-4763.600932
-371.6573303
-954.4080137
-393.3565933
-853.1144084
-1412.697652
-742.9163877
-802.4403934
-2331.240439
-3442.019662
-780.15066
-362.6496707
-484.0127805
-783.2922753
-683.4828762
-4625.119833
-775.0300528
-365.1426245
-438.6759474
-1564.644731
-539.3569688
-1018.593653
-402.068511
-2645.92346
-1374.291574
-2636.032417
-313.3814315
-725.3785077
-3745.312759
-665.5143568
-4253.528947
-666.8272048
-462.5155487
-936.0162225
-607.741594
-268.9737884
-2278.389331
-761.9768235
-318.8865256
-1082.873833
-464.4676988
-906.630849
-248.0171568
-537.9289306
-660.0363486
-194.335691
-1217.080675
-865.1444223
-563.4800132
-680.9326413
-358.9595398
-801.942081
-11893.12874
-4056.340984
-297.5778482
-251.2454752
-421.923151
-446.4512754
-678.7767398
-1113.925494
-341.993165
-1049.783305
-836.4258947
-350.15836
-373.5189753
-619.7758421
-709.8164658
-2133.678067
-321.5295802
-1231.71177
-866.2003769
-945.3019204
-758.5717663
-239.3515658
-386.099536
-534.0550098
-195.0287024
-241.2445735
-485.7915233
-3528.346305
-388.1173502
-623.7193163
-222.3270478
-631.6884844
-719.1623531
-208.7284027
-699.014398
-1236.771105
-365.79422
-1074.270113
-322.959935
-178.5722222
-595.1575586
-2324.147302
-1308.68684
-219.7938054
-1764.643075
-136.7710168
-278.822752
-1896.757606
-979.2379114
-374.7483577
-1791.571649
-361.3821076
-517.0573789
-621.0764246
-699.8141915
-187.8647286
-10202.16293
-2034.356127
-1768.235966
-240.7611436
-1466.122871
-460.7338742
-1431.860328
-7727.304066
-1224.324138
-633.5210261
-1086.467219
-1555.98034
-266.6640598
-1303.127706
-389.5108932
-622.1950943
-1375.791128
-852.693055
-982.150134
-657.045176
-1201.128903
-566.3549249
-2408.976772
-515.7663024
-1108.860369
-1161.262127
-211.6606947
-125.7892778
-4463.329549
-296.2364087
-1961.447105
-550.8369921
-337.7367774
-439.641021
-9407.351924
-213.0493275
-984.4667128
-510.3194631
-1159.722432
-604.9962317
-796.7140794
-138.0258423
-1132.990005
-231.3516143
-3439.773978
-1306.816099
-519.4058187
-347.7722776
-754.2918102
-1992.078427
-1831.63177
-1319.126235
-1111.648589
-763.3934099
-843.230716
-735.9050292
-1834.863717
-525.546023
-642.2031211
-280.735198
-699.9605473
-1185.487654
-165.8751918
-1108.98887
-728.3067327
-2102.574983
-5130.583426
-982.2400518
-2672.821641
-664.3379682
-1062.73708
-902.131963
-247.2124168
-2326.132373
-872.5521383
-1063.254767
-1563.856596
-1702.739632
-391.546389
-547.1639021
-1043.340035
-827.672122
-303.3953637
-1292.986353
-3226.969084
-971.9033938
-367.7825446
-397.7180079
-732.1669788
-539.2470095
-410.116511
-82891.05282
-404.8517972
-491.8649187
-241.2587918
-734.5110236
-751.7518993
-517.6630907
-1136.4345
-1071.520768
-5548.973132
-878.0820314
-641.7594599
-668.343662
-295.3694132
-1452.038151
-352.3807502
-939.4425342
-3164.657841
-192.6534361
-25207.92567
-793.8587522
-82.05640758
-292.9546244
-738.2758191
-1842.023682
-2722.37084
-769.3067729
-726.680609
-1844.664889
-346.060462
-378.418584
-572.7222205
-615.3232912
-694.9959643
-402.8475833
-309.279765
-669.0842053
-1037.719208
-596.9217116
-527.4591358
-339.2654239
-993.1972516
-699.2906071
-749.8501404
-760.8232742
-892.7614196
-255.9362685
-1403.245434
-270.3137557
-597.2807988
-1323.201099
-322.8821961
-1334.480715
-517.6122222
-3925.823347
-401.0765941
-1783.546941
-322.3422041
-656.795433
-1011.34368
-282.5797345
-743.3661145
-749.9625484
-421.8714953
-550.1526037
-623.9256261
-1135.838788
-481.5893686
-1966.510519
-1622.157148
-403.7694652
-553.1802822
-672.4670209
-299.7085297
-2461.49827
-823.9179664
-431.3876864
-1072.037686
-532.03167
-258.1632896
-3136.677514
-1114.877999
-397.8668048
-333.3523112
-394.2231401
-426.6947381
-611.4077057
-1670.093847
-188.2246287
-192.3536357
-619.0353778
-317.8289627
-843.3183665
-503.7982146
-936.1206454
-6084.38994
-1532.641752
-849.9579817
-485.7959447
-4907.923811
-639.85139
-970.8394688
-453.0757565
-837.1963879
-445.041446
-1426.384659
-805.8424651
-326.2601241
-1131.074198
-277.1229277
-3038.984917
-1306.463045
-467.0878453
-1989.734477
-20151.73541
-938.0386237
-284.4797873
-288.9136465
-1034.422425
-2612.376354
-1400.924467
-888.9602378
-975.9508075
-1208.145828
-565.2111939
-4204.690823
-796.2878509
-811.0415544
-257.6959687
-635.4795006
-2696.637666
-839.9606742
-675.1525284
-227.2978854
-876.728593
-2585.246022
-4290.037776
-129.2183489
-231.7787435
-474.9645783
-68.03191167
-827.7159133
-605.6200493
-985.9283561
-1207.792599
-477.9186604
-1852.87106
-870.3944503
-473.4816027
-1691.869468
-763.0011553
-1797.456297
-192.9290461
-19858.6526
-602.5227593
-3014.562187
-1116.820244
-3928.748696
-897.7464369
-1617.934202
-239.7001118
-553.2060647
-2021.566898
-2433.607967
-927.07784
-590.2357066
-775.6809859
-357.8910402
-351.428023
-8391.260119
-1711.115264
-1793.281937
-543.3176161
-991.99247
-257.1879752
-583.4343426
-352.2893842
-594.0448695
-16566.63604
-759.2378295
-849.2659018
-674.284394
-3356.50573
-901.1584851
-208.2860013
-642.3539177
-375.3851674
-1081.412492
-5395.626557
-527.2692687
-757.8191112
-752.6181385
-390.3982998
-721.5638901
-1806.561113
-163.701638
-2610.754459
-2563.113776
-447.5859642
-721.7258765
-1852.000314
-1253.386251
-619.1483425
-2008.494026
-1026.87277
-13555.50744
-587.6429265
-428.0920008
-143.5323789
-937.844226
-708.7513624
-438.3160153
-131.9679255
-206.6021493
-158.3344112
-2006.430926
-2096.336797
-372.8311323
-633.2640584
-721.4518023
-345.7083002
-1470.246914
-750.5342978
-850.8662355
-524.6208881
-893.3231804
-399.8780052
-1452.136306
-2560.746053
-1123.048923
-1105.4922
-309.1793933
-1062.933288
-375.5039975
-522.8569006
-410.5345126
-884.9672017
-289.3714812
-1147.310386
-536.0168676
-703.9526278
-864.2655053
-778.7082778
-12664.5703
-800.5028946
-335.0532748
-537.8048992
-277.8244585
-2264.247268
-5136.762104
-161.8985855
-1298.734311
-1236.7437
-1119.38263
-471.6752275
-775.8946919
-775.9580671
-731.1841428
-495.4371092
-492.9481158
-1030.978079
-310.4261673
-1601.71631
-206.9696298
-365.9503445
-362.8742881
-711.6150618
-1144.746997
-464.161148
-7774.843835
-2641.284491
-258.2937174
-1610.942064
-173.4684225
-1258.328418
-256.4281056
-345.0747676
-1232.208771
-620.2022591
-509.5278744
-745.9715814
-448.5722434
-2880.258943
-1604.419154
-448.941867
-575.3316628
-852.7197608
-705.6763896
-942.492303
-477.3359177
-862.4497469
-2030.379957
-331.4819305
-812.9973059
-1020.929339
-1015.270278
-1272.066343
-555.7830355
-1943.104005
-2138.733971
-904.2631651
-533.3635735
-2814.617689
-204.1886255
-264.9915522
-2741.93398
-1078.514227
-1460.203459
-211.5651863
-2932.003784
-841.7325134
-1110.782229
-902.3963427
-388.1599316
-724.9638361
-425.2924503
-1186.069101
-4759.507136
-735.4811982
-721.3508617
-358.8584086
-324.5004511
-302.5520126
-3489.479605
-652.5409814
-560.5845217
-358.3723763
-637.2808005
-1006.033737
-3491.328657
-1829.056864
-709.690506
-844.0896389
-357.4568911
-242.4453631
-3712.623955
-474.5292911
-364.3359054
-15621.79133
-247.8654696
-2522.129955
-4899.797532
-437.8897881
-204.2842669
-490.4315089
-1177.534324
-1445.899422
-144.1504876
-385.2380923
-875.6116566
-1117.809969
-1384.301397
-555.3852424
-275.8245108
-27651.26567
-1504.612027
-2009.033631
-1420.753372
-837.1294138
-414.0593579
-308.883715
-148.4241341
-376.1432542
-298.4783204
-3039.659936
-1835.230847
-1321.053091
-581.7528215
-1230.026087
-1072.95487
-659.7531926
-449.6633584
-1245.357733
-2050.823725
-592.1029278
-2295.920252
-491.7926923
-637.0155314
-493.2577645
-6003.497464
-497.621898
-760.2157813
-972.2818648
-682.7422421
-1549.152815
-1355.748849
-319.172809
-765.4315567
-78.26563686
-795.176287
-590.7662027
-867.9227322
-807.4287318
-659.5136663
-908.418296
-700.9211317
-585.238524
-874.8222786
-290.8870238
-160.1620049
-1039.891727
-839.4642149
-2733.979053
-235.30976
-139.5479771
-1778.66038
-1550.906405
-669.7819878
-3142.897364
-1255.716994
-4128.329642
-437.5433053
-1525.338691
-704.8482965
-1004.713172
-291.0026986
-524.4335924
-945.9178904
-241.8690279
-284.3627458
-931.9546307
-887.8528955
-445.7332596
-226.3142286
-962.3852227
-216.7257855
-801.0921404
-545.8061231
-813.4045294
-470.8970168
-7019.612964
-1724.34723
-510.2312174
-765.7018784
-4594.543467
-429.4460476
-1330.318292
-1633.836879
-1336.578497
-1419.689644
-408.9198334
-455.3613064
-736.9537264
-2233.027921
-342.1690283
-8315.297426
-652.9099885
-412.7847067
-1153.88953
-1206.096767
-502.9838579
-1182.055167
-768.8656157
-2339.243392
-2822.975724
-446.4778373
-330.4935036
-183.842078
-267.85629
-883.2815273
-82.98973445
-401.129305
-297.1987437
-2110.481078
-840.9377411
-735.6559751
-1061.928877
-944.1048199
-248.6141634
-1720.256242
-410.4304757
-585.1444889
-1044.394597
-1540.283074
-699.2875893
-212.6463159
-10125.36742
-1691.383946
-449.825921
-1637.791597
-423.4570911
-202.6324063
-580.1660594
-6783.560763
-3239.077786
-681.8197841
-507.565575
-763.8365993
-952.6136781
-1481.429723
-724.0826072
-271.5551679
-654.1324028
-1400.128542
-327.1921969
-3983.213841
-638.3050268
-351.296139
-1866.491988
-480.9402238
-513.5735477
-246.6349723
-101.1575764
-3638.647122
-1141.149408
-282.7036741
-617.6862862
-541.2380475
-263.609268
-4761.114635
-798.055244
-728.7460731
-613.2263547
-325.1040102
-762.6365705
-1192.243085
-715.758827
-1373.893764
-440.4613658
-996.3818175
-805.2716748
-715.5431147
-549.0111361
-522.9479952
-1846.539119
-529.4002008
-215.9442145
-1029.590664
-750.8576507
-213.6947181
-1071.628258
-1421.92472
-606.8663197
-1645.572676
-3214.523772
-928.4934689
-844.3248417
-696.7951395
-387.0913006
-566.6165833
-415.8860217
-240.0894463
-561.9229533
-534.0439566
-5605.486542
-1140.20316
-1095.815064
-177.1321535
-537.0141757
-813.3570629
-1555.85622
-181.8756879
-342.068638
-1063.450067
-643.4008327
-1228.251664
-1613.224318
-522.6984133
-2144.92495
-147.1334771
-397.9609318
-792.805267
-1724.608728
-233.9916908
-924.9617438
-922.3890751
-7968.701692
-2860.598459
-262.0808585
-778.0076265
-2113.126978
-555.3898627
-600.8811827
-6434.431294
-1001.768758
-9681.32926
-873.6763834
-229.2094605
-1097.818594
-1117.570507
-928.6507912
-3146.161928
-21654.06473
-5945.420685
-551.9869886
-3935.545211
-247.7600243
-770.9937299
-3719.708166
-911.8931331
-5259.485942
-346.4581812
-193.4727662
-1583.330704
-2635.024401
-1993.284997
-276.6494617
-2070.440398
-452.3567204
-793.5847578
-2108.815553
-1524.707564
-1139.625457
-424.5837302
-492.2697435
-1614.585677
-208.4200386
-334.6733659
-892.9713222
-229.8852625
-388.6487654
-389.8903587
-10633.68035
-625.642249
-1180.606377
-476.8732846
-912.8415725
-2609.225704
-1078.553644
-264.9861364
-1045.307118
-781.6323707
-939.3904425
-2240.162402
-179.4529631
-709.3212156
-2893.865498
-1561.737743
-497.5937096
-501.4662766
-971.3449626
-851.2516587
-269.4337781
-1458.13213
-418.1734784
-763.8984781
-395.6880766
-3429.37203
-1541.707507
-7324.022113
-341.5939777
-1241.085625
-314.1252273
-2389.082685
-16017.23854
-13267.52876
-409.0711504
-472.8252596
-956.3740936
-5092.660395
-3314.166257
-498.6812869
-153.0349872
-1100.851937
-195.4132235
-401.6173114
-1749.031026
-741.2569009
-671.009982
-700.654622
-812.3286211
-302.2537338
-583.2419878
-1149.345547
-153.8410116
-462.9001458
-542.9930025
-735.5459091
-697.4937272
-1032.08904
-485.0805829
-3833.20548
-1060.902427
-311.9373639
-724.054273
-1094.781866
-1904.364027
-3051.718429
-112.766369
-389.4536857
-390.3795118
-10115.2392
-1616.999574
-251.703045
-1012.023405
-967.4452645
-1496.482877
-1640.516984
-379.6113308
-416.2005878
-560.0033115
-455.9509088
-250.4290341
-1605.012895
-7155.14505
-865.9702912
-263.6393209
-1257.614916
-5689.344022
-1219.477989
-1006.917777
-315.925291
-1907.447194
-3665.86158
-969.447907
-483.0172231
-578.2647144
-538.2223196
-322.1993289
-1779.302361
-5000.802828
-768.0888207
-221.0114673
-563.0402
-768.8169342
-648.131655
-624.1939471
-1039.303082
-160.5787491
-226.0296553
-774.6411077
-5241.583358
-915.3736111
-1111.059853
-8124.507921
-452.4541189
-746.783732
-1819.556045
-9996.202556
-2851.954039
-2321.301761
-475.8601011
-769.8505341
-467.368826
-675.4350827
-1155.757227
-449.6716129
-355.5419058
-707.0199877
-740.5857718
-1590.693155
-669.4846983
-3535.396718
-961.2821614
-485.1384895
-1544.917412
-382.2692678
-695.3194873
-1283.984548
-1067.81349
-3405.626856
-5080.572495
-794.6979721
-222.8046627
-914.5983008
-2477.908535
-988.565216
-535.6698185
-783.7771429
-1393.745224
-1937.232971
-682.0407405
-1223.606306
-640.5852366
-192.9161282
-1231.029927
-2006.190103
-527.06769
-708.3918707
-185.1971405
-288.0067586
-5949.349094
-363.0277108
-295.9783563
-880.4436977
-1024.565451
-1371.274795
-772.0699952
-1021.78515
-834.6554676
-886.1379283
-5083.643976
-565.9948542
-235.0975192
-909.5542281
-1710.714045
-854.3357103
-964.194272
-125.557931
-546.1087439
-287.966634
-314.9636209
-169.030499
-428.8688123
-2332.29988
-2284.615309
-334.4916169
-1887.183099
-1772.806295
-680.7862334
-217.7423351
-514.9734919
-1747.171579
-577.0683618
-1077.902185
-565.886927
-1291.252488
-519.537903
-911.9891196
-728.665904
-464.0933001
-319.1467644
-793.6914383
-349.7123792
-1063.275107
-1142.169695
-641.1209761
-458.0047055
-950.8070472
-2753.225402
-991.6074147
-756.7580578
-5513.843778
-329.2429534
-160.8281839
-3644.590595
-590.2934517
-326.1933361
-1597.043816
-228.5106551
-2348.892196
-739.438443
-1483.173138
-751.0928326
-329.5673283
-288.3495624
-2679.843822
-341.0643196
-1026.356143
-288.7265822
-597.6844508
-559.6197415
-1387.18103
-933.7753881
-251.4312546
-717.0584518
-2090.231273
-2005.763487
-856.446681
-4600.677477
-533.2884508
-268.9793355
-555.796289
-836.5790645
-1599.679479
-4493.305403
-601.4351934
-655.8338355
-3843.64819
-1038.277612
-1346.774089
-890.0400665
-1272.422525
-528.3711755
-674.4500132
-866.4295636
-171.9657946
-1783.727354
-558.1597443
-1107.288245
-124.0150979
-448.7602325
-294.3892386
-581.1662815
-894.8430596
-1294.505182
-341.5526794
-2142.25777
-262.6467395
-280.4478561
-1808.761885
-536.0190871
-12011.96554
-4720.016187
-1478.585168
-195.903643
-1567.92742
-691.6484368
-3566.604555
-504.6897163
-933.5034169
-514.3856906
-2098.298884
-363.7290333
-247.2201618
-512.609176
-905.0738151
-3616.608782
-443.1855988
-3350.989553
-2360.273805
-5828.701086
-357.8216373
-6594.405503
-649.3673484
-1171.898589
-1205.377943
-749.3270705
-499.636508
-551.4160678
-211.8488954
-793.8703819
-585.2150657
-934.0141874
-563.1310119
-852.8984873
-369.9359319
-1097.458666
-2555.170242
-350.1696657
-141.5846667
-126.1224597
-1155.93626
-582.9108729
-743.2085748
-2588.484638
-293.8944139
-337.2300103
-813.1156526
-1018.307569
-2175.693623
-1325.014564
-674.3132324
-481.2497027
-1679.872038
-1172.118472
-686.6367712
-1621.471407
-276.4827371
-307.1544835
-375.4937337
-643.0673894
-2768.41768
-1217.606514
-2485.689596
-1088.559005
-1382.133134
-296.7262902
-3802.161913
-1071.541521
-1748.673167
-402.699733
-2530.90093
-812.1054021
-255.8111542
-575.4325648
-1301.412166
-1066.51993
-1037.789517
-5693.486622
-641.0374825
-275.5632078
-6057.213659
-16308.63986
-591.9638672
-1002.815233
-2139.079996
-483.5292577
-932.9974249
-2344.616385
-3235.000157
-305.940857
-2725.698092
-570.051786
-862.8432818
-1269.003647
-430.9625927
-1406.430531
-192.8853448
-412.5350088
-318.8735074
-548.8493531
-380.5562124
-201.0078684
-748.7835568
-1069.55117
-950.4392022
-2970.279217
-5496.044461
-801.1219139
-1188.924071
-589.8708254
-1308.700613
-2647.47454
-333.7474498
-575.96805
-264.2243943
-2028.896746
-371.0436183
-834.9903782
-1484.161751
-507.6274284
-668.6941427
-22771.63756
-1537.2073
-433.7770083
-663.3012401
-1308.617003
-245.365904
-2538.889029
-516.6873953
-579.7546727
-434.1481269
-551.8967886
-956.6527889
-357.2859414
-794.6037678
-1045.729413
-1116.017277
-1206.288289
-2378.854136
-1685.968031
-544.4467815
-971.8170215
-391.0029669
-1395.582024
-2033.667979
-2903.456144
-735.4673905
-359.8499335
-1461.72225
-963.9431034
-690.7624395
-342.0460689
-645.2149786
-2370.693565
-3960.091955
-225.9226998
-198.2191359
-387.6647308
-3491.620265
-172.5624516
-340.1386905
-1873.703499
-331.2016176
-351.3095646
-412.5734476
-174.1718383
-773.4587346
-11494.76464
-1123.137188
-928.939455
-973.7609597
-434.8850037
-3635.662125
-2501.975261
-1527.230203
-364.7674471
-339.9452824
-227.5763138
-736.5928292
-1083.991366
-722.9655513
-1671.248056
-179.9474416
-1344.726216
-1034.195329
-355.1844051
-2823.951789
-576.7156275
-313.6369813
-296.0364477
-809.0562892
-430.3423215
-5976.349791
-8718.37136
-986.8926869
-2026.067998
-505.1387833
-1649.519732
-685.8400046
-455.0404811
-141.6336133
-2147.574158
-1594.687465
-760.0808666
-338.0406055
-549.3168802
-2282.099424
-935.6877368
-253.4851686
-346.838747
-612.2542015
-483.1276543
-461.1425621
-1480.834368
-1282.414281
-1178.507261
-509.6371063
-907.2715774
-159.2641734
-239.0778991
-419.7267244
-869.9046346
-1386.434069
-211.0146022
-1509.879463
-545.841246
-378.5174708
-369.4777028
-875.6776509
-515.9328848
-750.8570441
-993.1673036
-441.5940506
-154.1831615
-772.8678609
-1662.803495
-1277.376991
-1791.172245
-1813.831977
-1246.74149
-316.2469319
-1043.016088
-981.9924672
-1026.642005
-220.1830903
-643.4702329
-300.6842317
-1524.072784
-323.7403399
-773.085223
-277.2647773
-1436.491556
-756.485205
-296.100101
-1519.624355
-376.8569955
-1268.655221
-904.0409513
-5547.138811
-325.9588152
-758.4734328
-319.3954115
-838.8480455
-4008.74595
-686.5799908
-325.4445514
-453.0807656
-341.7519616
-1059.985782
-5814.636841
-1121.227823
-362.9009346
-484.5064513
-2150.676518
-1253.391243
-433.9848553
-1136.308118
-484.4107589
-810.8083982
-1726.199314
-1801.643836
-934.7810055
-566.1825243
-641.4641571
-316.1992999
-906.169847
-205.6588209
-391.2571661
-184.6165128
-789.3651021
-2266.588497
-748.2752201
-1045.797332
-1365.295648
-1614.886599
-742.6598599
-818.4774773
-499.2807214
-640.526637
-690.4221425
-840.4621536
-404.1599345
-1994.542849
-9528.095704
-892.5929986
-1610.338992
-763.5564764
-534.1332398
-155.8825626
-835.4817124
-485.4520151
-820.4998147
-3656.378307
-1165.373005
-456.4389308
-533.3287782
-7126.746801
-1196.591786
-494.7762113
-294.072941
-508.5836776
-823.6430251
-1523.420718
-1078.029098
-512.1296581
-682.2559992
-676.680326
-1505.150633
-225.947419
-136.9654495
-273.5680736
-5920.794017
-683.6064693
-848.9419905
-936.6921515
-1564.448507
-532.9588651
-1058.749842
-577.9875763
-799.6593968
-1571.451199
-4464.869791
-1628.582778
-296.6168413
-413.1191545
-1175.024349
-415.2688649
-1408.489847
-772.7323986
-3308.757434
-894.9587854
-1654.005886
-547.6516401
-313.9012159
-412.7955024
-276.6431374
-894.4360545
-787.1452965
-1952.097137
-2311.034908
-342.9176118
-10552.57749
-203.8396039
-375.7018546
-329.3280783
-1490.936316
-442.8029375
-4530.908126
-1820.757426
-1673.89771
-301.6179722
-1865.478723
-1074.052963
-3450.712153
-366.7562228
-1463.480985
-2017.488991
-847.6110545
-278.3375882
-496.0935317
-11138.14859
-274.0177437
-2021.654852
-1191.869783
-152.2519628
-621.6824175
-2246.432946
-393.9169815
-431.8887308
-3013.408491
-312.3495064
-723.784854
-794.2555952
-1268.788485
-819.9258447
-1686.030042
-828.9693765
-437.4367069
-1231.521951
-401.7183836
-1816.845
-631.3093051
-832.5247358
-1577.505539
-229.7793395
-843.0662501
-210.8946514
-1937.038423
-302.5922123
-683.4517295
-1490.12901
-649.7411335
-590.2530051
-3781.068847
-188.013939
-574.2882948
-259.3477555
-949.2688538
-5217.547858
-740.3887378
-739.8404769
-396.2422207
-221.5923523
-1330.116155
-330.0891296
-190.6101683
-418.1775422
-398.2084139
-554.3648389
-969.1202329
-1741.252308
-942.1741281
-301.3617085
-414.7499941
-837.96984
-1318.857165
-1978.931274
-425.303092
-1035.314338
-356.8632895
-654.5508565
-708.7007909
-445.2390754
-498.4165244
-785.8682002
-921.247828
-1902.594749
-234.152593
-641.2432922
-1264.432987
-444.2675664
-189.222957
-628.3212381
-656.3334775
-633.7260542
-474.3246037
-227.7270815
-817.2046134
-2478.926702
-1694.137756
-893.4404312
-838.6485279
-1209.749239
-346.4423649
-1252.164097
-420.4499051
-508.7590917
-814.9247238
-755.6452577
-1007.257108
-3433.094917
-622.3902813
-949.0101085
-5259.641649
-537.9901135
-3039.859934
-1042.992876
-906.3232304
-951.3737617
-1796.933421
-455.8380084
-971.3057122
-606.8661049
-599.5864084
-258.7569413
-1091.073737
-2968.102881
-1403.4457
-242.333493
-4637.691841
-343.4929865
-330.2457786
-908.1199358
-530.7553811
-883.982938
-12203.92917
-481.560354
-998.742331
-330.3556204
-584.2715614
-500.9277238
-4626.571013
-920.8417314
-1504.812062
-2162.293139
-426.0842644
-1173.285927
-1890.583201
-556.0344233
-1406.850515
-1996.829676
-523.6348539
-1951.433336
-2523.380621
-1953.703549
-322.1945109
-258.2013503
-668.1640666
-2774.714636
-14844.77241
-1855.91323
-464.9393771
-5050.139724
-630.9068057
-850.7440722
-977.5440401
-334.1558705
-1027.200626
-1488.401397
-981.414127
-536.5281118
-606.2337349
-483.5544704
-447.8667872
-854.7173751
-820.6410051
-887.6987186
-361.7113248
-468.1399764
-388.0670825
-1479.899411
-328.3183904
-1608.018794
-874.3968742
-639.6822277
-209.6881588
-284.3362472
-283.1221463
-691.4927212
-1148.131436
-817.3745642
-1532.218263
-2053.658042
-448.823837
-4490.749618
-1645.61599
-903.7279883
-6990.437596
-2685.765017
-374.3646159
-4963.227363
-323.3446544
-408.0226099
-759.0146852
-960.9985008
-210.8998101
-452.4064735
-355.5677596
-918.1209767
-335.0648851
-5017.319323
-471.2746944
-1829.759353
-71.81707573
-152.6537589
-752.8218989
-999.0451267
-317.3032939
-2017.625927
-485.131056
-234.2164489
-406.9610249
-727.6917228
-697.7330212
-940.6482272
-676.3836529
-434.7283722
-260.2939488
-467.8369779
-695.9232142
-326.6038884
-1156.22531
-561.2250754
-287.8465501
-1097.099414
-496.5548384
-5343.765062
-862.5324208
-403.6589521
-1748.609337
-438.3549994
-202.1285134
-1888.770525
-445.4366335
-250.1865836
-1773.079302
-490.2362577
-1804.474409
-1031.544909
-1327.242016
-173.3282145
-2442.472524
-2392.920758
-442.2462116
-1132.049114
-1118.77476
-557.1612191
-443.1033473
-342.602178
-335.6807826
-1096.734665
-759.7738336
-1175.81267
-951.8001136
-257.0715918
-612.3716936
-2124.898691
-778.3564589
-862.9392746
-376.2256225
-1089.481613
-340.3938232
-330.9232257
-312.5327127
-3709.912448
-1544.77888
-974.9421526
-1222.392612
-6470.81431
-616.1266283
-631.9417969
-710.0030729
-829.4970311
-841.7283255
-497.6678173
-1164.357669
-322.3618745
-990.531056
-605.7103618
-2220.237832
-382.6067465
-1908.348342
-463.7818834
-594.2173725
-808.3033115
-7869.314674
-593.6040388
-1798.132616
-661.15587
-746.5596675
-965.7665477
-751.9011278
-706.1840845
-500.5106657
-466.167851
-855.7003873
-1122.150873
-1780.560652
-1987.530219
-3212.771684
-1745.369002
-1551.017862
-793.3674775
-2099.297447
-639.9277704
-903.4526445
-350.9203597
-889.9715728
-353.1063784
-3422.34638
-345.8109785
-454.814517
-522.0004499
-685.1626086
-956.1477935
-1118.227189
-1203.037465
-1184.707259
-254.0160049
-299.6186557
-298.9027758
-535.5693835
-796.6800793
-2458.756573
-495.3488528
-373.5239697
-1254.28938
-443.0057643
-574.7624459
-1468.998405
-3205.027208
-875.7984156
-2326.660767
-2407.543218
-294.4847488
-1056.531629
-754.2602836
-1070.337367
-2112.271957
-107.6035882
-1294.365455
-678.8605897
-552.4459377
-667.1656223
-501.4201115
-3754.567324
-613.9147589
-277.8568839
-1802.131198
-4445.383098
-468.3255254
-783.1899407
-1051.30448
-284.0370284
-1747.372936
-3729.52277
-365.0582088
-946.3525545
-1613.644341
-1350.263806
-1148.124811
-582.9920433
-4249.933196
-241.7958031
-405.3390012
-1468.83115
-1156.359624
-416.8302748
-1929.850269
-358.1901286
-2655.022551
-691.5365597
-346.4446485
-295.2422612
-581.5677954
-533.8801977
-610.0231046
-2380.837177
-961.5286005
-1741.155581
-377.6010898
-338.348609
-618.1470557
-4236.017861
-939.6127508
-905.1207281
-391.6555966
-649.4831936
-841.6630616
-1022.491032
-950.6792647
-1787.880462
-760.9326803
-339.4690898
-933.668901
-1981.506998
-940.8197557
-4804.897286
-2303.371399
-297.667374
-1116.519652
-588.6534684
-3906.876757
-1095.701212
-1016.067845
-124.9507102
-844.2962976
-9115.378185
-509.8049761
-695.2843879
-2625.550327
-213.97879
-176.885752
-831.8107296
-891.9408145
-2127.194894
-441.117779
-3268.998863
-565.602028
-930.6055317
-1878.889793
-344.8903304
-324.0767578
-1761.592936
-854.7377832
-1899.040988
-511.4725577
-937.5864732
-1430.729207
-205.1400883
-301.7672839
-1547.752441
-293.9885026
-5812.89153
-2182.778247
-1168.48036
-318.7832474
-217.176825
-962.4554925
-15910.05345
-542.0867115
-650.2416614
-902.8065053
-607.4004447
-730.2115168
-537.3301418
-974.395835
-1287.755616
-458.0818412
-155.4174089
-571.3517897
-189.8686495
-446.8437244
-594.6343365
-451.226144
-998.6967149
-605.8840386
-1901.006259
-627.8006573
-339.5071997
-3688.160431
-173.5155956
-1944.310147
-681.9916827
-1425.17683
-982.9431253
-3108.240133
-699.4662003
-558.5285108
-1703.781652
-827.7004426
-424.2231977
-1843.994282
-4797.585295
-954.1393192
-3657.971246
-484.1473798
-967.026987
-16363.30653
-372.8631978
-3382.224516
-3430.003694
-468.9766886
-614.8645797
-1453.646607
-458.7524297
-2061.087111
-892.252071
-607.7154719
-1390.696815
-691.4031804
-893.5948029
-2282.108087
-5678.807014
-323.5180706
-427.1612223
-857.6074946
-359.1330905
-801.6841161
-812.7985701
-615.3023236
-429.7641684
-434.2675127
-739.803654
-452.86686
-334.1493651
-1918.544204
-904.8582685
-570.8016022
-762.0103829
-935.1312958
-1021.143843
-278.3960493
-1679.47127
-1261.946176
-2020.939867
-2644.520441
-1971.047803
-625.5632634
-13722.0531
-288.8100884
-678.3558041
-534.1126848
-352.7225095
-653.3233768
-618.0715
-1758.056935
-262.8675879
-1605.633466
-2559.42501
-721.5014752
-391.4341558
-983.0865931
-1909.74308
-1329.323196
-705.9622424
-325.4825547
-568.2326287
-890.8828252
-197.4781538
-232.5675279
-244.3419061
-3107.396716
-413.6853783
-979.3118975
-560.9379007
-1887.095294
-462.8603251
-2136.607445
-525.4475125
-2170.937296
-1303.559496
-423.0051681
-288.3151129
-318.0155054
-378.7475254
-519.3310573
-293.7935051
-1503.348015
-1341.559554
-220.445593
-211.8830532
-2735.504774
-1114.026681
-920.8439956
-182.9839623
-1762.094046
-527.6339941
-1392.317024
-540.9448465
-476.7080397
-1757.743742
-14026.469
-108.5964483
-922.0677416
-1082.983074
-2189.005028
-637.3167062
-503.4597791
-646.3232635
-259.7382724
-699.4914446
-1859.699236
-1787.537196
-376.7293223
-744.8078946
-404.8973093
-504.831439
-1170.465582
-617.8083347
-285.5609341
-775.0266753
-3287.004669
-241.2533093
-336.2641989
-795.8872419
-988.3148953
-3192.177782
-330.2373085
-3048.96785
-343.9621525
-170.2482198
-760.6943011
-1753.307899
-971.8371415
-658.0997374
-2395.83644
-6161.379592
-778.2792171
-762.8490591
-402.2130226
-682.3922944
-1383.76315
-1291.811712
-1080.948221
-1163.434704
-715.4379459
-747.1032885
-790.1036552
-977.2841505
-6260.183102
-827.1344102
-308.8888329
-501.8715389
-741.192436
-369.075388
-686.8296984
-483.4564449
-2126.918657
-1454.817293
-776.1770073
-623.3960496
-4144.370727
-3339.901887
-626.4191145
-1133.531798
-214.5469127
-944.0623654
-1104.781675
-1300.222413
-1122.515094
-586.0416213
-1449.125837
-336.9259528
-1776.849685
-1629.057036
-551.1568157
-514.4445115
-3044.429384
-498.0286614
-1562.711187
-235.9257512
-316.3546834
-1834.940568
-844.6069019
-402.0084339
-1183.74253
-1040.475568
