1 1.25675 0.0344366
2 1 0
3 0.88549 0.0306899
4 0.751465 0.0312805
5 0.686736 0.0429806
6 0.625465 0.0557171
7 0.552083 0.0489378
8 0.735043 0.132967
9 0.77183 0.31946
10 0.423342 0.0804648
11 0.359584 0.0559943
12 0.394111 0.167489
13 0.29982 0.114142
14 0.387747 0.178243
15 0.273726 0.132072
16 0.179814 0.0561523
17 0.174391 0.0530338
18 0.150952 0.0476828
19 0.124105 0.0361584
20 0.0775135 0.0329329
21 0.042247 0.0107534
22 0.0482388 0.019959
23 0.0218696 0.0063062
24 0.0193407 0.00595754
25 0.0371286 0.0154714
26 0.0356069 0.01584
27 0.02709 0.0138888
28 0.0142471 0.00642005
29 0.00803316 0.00287189
30 0.0100715 0.0041484
31 0.0446616 0.0377841
32 0.00779361 0.00475975
33 0.00813167 0.00325468
34 0.00397234 0.00264683
35 0.00353422 0.00190085
36 0.00507734 0.00428997
37 0.0188968 0.0152438
38 0.00351249 0.00260706
39 0.00389314 0.00283046
