132
148
44
40
128
38
90
152
126
28
170
193
8
33
109
10
192
169
18
158
54
31
34
77
186
60
4
231
60
23
2
18
111
163
160
172
56
129
110
158
204
225
40
108
168
170
213
197
148
34
43
90
4
37
234
174
62
169
176
184
125
56
178
34
205
108
81
103
212
4
255
134
125
212
39
104
70
185
147
244
92
87
70
182
255
1
174
204
122
124
7
107
213
149
46
146
118
206
132
107
216
177
172
228
173
193
123
42
196
47
178
196
67
136
150
139
80
220
161
67
39
47
38
204
193
247
168
176
9
110
51
56
41
14
17
253
183
93
74
126
132
175
73
47
25
36
199
80
212
110
56
122
142
109
15
230
11
230
13
149
194
39
153
65
212
73
239
118
11
89
239
142
124
77
132
78
118
51
6
221
85
216
208
169
20
101
151
10
153
125
53
3
6
148
3
183
102
112
176
57
146
22
128
101
175
178
136
181
61
199
40
140
212
120
4
161
186
143
120
169
89
108
17
107
39
25
108
93
119
206
29
189
209
171
235
107
25
216
114
242
146
136
22
244
46
19
208
104
111
186
87
92
48
60
235
153
149
15
207
199
139
16
240
110
167
71
90
184
254
122
188
229
73
217
246
86
208
158
208
178
117
235
38
213
70
32
38
18
190
197
229
157
60
240
195
206
129
207
198
2
50
223
64
234
17
233
155
39
89
63
176
252
113
186
208
73
38
58
52
23
141
190
192
165
211
183
255
89
15
103
251
161
70
103
12
0
165
32
82
36
82
121
157
202
4
50
64
88
139
162
84
101
186
132
183
183
58
115
255
119
30
45
214
190
112
112
73
69
251
186
139
27
151
151
104
117
254
195
192
155
92
232
157
90
16
196
59
213
143
106
246
225
5
215
15
202
72
83
204
170
214
120
184
251
226
240
34
117
132
175
216
90
88
161
43
160
108
13
95
117
200
4
159
13
43
164
252
146
146
161
246
71
180
27
55
211
110
64
180
213
194
186
110
17
213
179
165
185
194
51
148
87
20
33
64
87
194
230
14
140
206
95
143
202
86
12
241
187
40
23
204
233
100
161
171
137
172
12
28
153
100
68
235
195
35
146
230
120
252
35
64
129
189
156
241
93
50
255
139
228
194
134
11
104
188
55
50
129
134
134
155
103
172
54
125
96
78
28
32
132
170
163
182
136
42
230
58
28
13
76
143
38
228
3
72
144
194
143
6
220
106
24
128
241
108
75
255
109
163
2
31
30
58
200
218
85
218
138
183
171
41
32
191
30
125
192
91
91
62
183
112
202
164
87
199
186
179
120
21
182
170
176
22
182
25
218
185
187
106
103
194
184
10
92
19
184
195
192
151
158
7
32
126
46
39
177
211
225
182
66
102
202
161
114
212
126
255
37
24
117
3
67
180
146
90
19
56
52
70
7
68
68
156
4
19
146
162
11
244
31
230
208
184
186
12
252
211
65
241
26
204
56
115
66
164
160
45
222
241
63
139
13
87
26
80
186
37
58
222
145
201
111
204
152
184
9
83
182
182
182
103
37
225
201
107
193
50
202
186
201
206
55
7
72
83
241
181
74
213
139
196
0
34
74
164
172
193
12
53
242
90
73
53
104
168
18
206
64
204
253
228
102
156
208
249
67
121
232
179
33
133
254
250
219
67
105
154
207
47
154
128
18
138
118
151
199
83
129
172
101
3
95
205
196
144
142
197
241
183
231
41
62
111
142
247
66
66
55
14
80
42
164
85
185
125
70
121
31
83
205
109
55
87
191
242
193
82
207
6
97
131
19
228
12
193
249
188
166
133
109
44
42
0
110
181
202
68
181
181
66
96
156
59
11
24
98
247
20
160
76
185
213
118
113
122
61
247
243
79
138
194
247
244
55
228
46
229
27
152
247
221
59
50
40
3
189
177
222
225
44
93
147
119
61
157
197
176
176
93
96
237
116
167
50
225
178
99
20
116
232
25
5
236
157
181
31
149
29
227
227
165
108
110
236
59
26
196
55
61
147
143
188
139
255
139
98
234
69
124
253
169
224
144
146
47
149
225
253
200
82
84
161
126
118
57
161
200
129
239
147
35
59
76
151
105
97
160
196
6
153
227
229
234
79
129
20
241
13
72
136
199
40
143
230
16
126
207
5
188
158
19
183
207
72
153
46
56
87
255
157
207
97
131
11
98
24
40
5
149
40
250
164
239
67
41
148
199
199
19
165
138
81
73
193
206
164
79
188
219
112
140
175
134
162
43
152
181
9
250
240
50
172
168
110
24
132
20
181
168
166
160
9
105
132
150
219
247
169
114
173
235
206
28
88
14
10
4
59
164
129
55
80
76
184
126
122
81
111
131
122
76
176
33
120
172
162
243
161
93
179
196
194
169
154
87
43
18
34
180
32
16
154
21
189
54
189
129
125
201
200
85
152
199
102
21
111
76
104
218
58
20
22
115
102
190
44
246
193
17
121
164
235
246
131
113
116
169
12
226
21
11
136
128
19
12
224
237
10
247
43
100
237
160
48
54
81
63
211
197
238
245
173
147
177
94
135
255
18
147
111
200
102
199
27
114
150
159
143
234
6
100
47
151
33
188
133
167
116
63
31
248
151
124
143
25
152
25
153
150
178
115
179
106
216
45
179
115
150
24
232
220
147
180
48
109
172
220
129
229
118
243
8
231
121
149
14
1
64
10
32
158
183
41
160
77
113
33
183
58
61
41
55
110
10
188
133
241
122
149
26
201
11
128
187
69
241
238
167
226
241
4
52
206
110
50
199
33
99
18
83
119
54
54
180
1
152
81
131
89
92
26
13
10
211
16
169
144
217
83
46
155
211
195
219
116
106
238
202
43
99
91
197
166
118
212
68
248
183
101
12
32
32
224
167
34
122
34
233
205
144
211
195
58
50
70
205
129
151
149
246
89
108
20
167
203
142
197
163
57
248
191
131
102
223
13
208
9
76
219
52
230
224
197
193
71
233
233
191
245
71
27
249
103
116
19
55
34
23
51
32
160
176
215
35
230
168
230
178
0
137
158
12
100
7
225
102
154
226
50
57
118
1
175
115
55
118
102
247
231
40
128
211
5
192
225
123
195
67
240
232
246
23
182
143
125
65
217
89
206
118
65
164
154
52
35
220
174
23
67
243
124
125
5
62
53
53
180
51
53
119
196
75
208
247
233
31
151
240
70
147
68
46
242
176
180
148
3
36
205
60
74
109
25
253
109
70
232
183
126
107
118
253
41
97
202
45
142
235
189
65
42
102
225
177
241
183
31
13
153
3
124
228
233
0
75
195
84
1
77
77
91
26
97
110
148
111
140
179
140
16
62
150
52
1
220
11
209
16
55
141
137
55
169
88
208
62
156
172
229
144
36
143
235
247
133
155
22
155
120
60
34
138
17
121
111
132
36
108
54
45
218
215
208
51
155
1
186
146
172
141
244
16
194
117
88
210
141
81
162
201
182
26
128
204
51
93
181
160
187
0
69
223
167
224
65
104
188
232
86
86
12
200
179
86
16
51
212
24
2
133
169
220
86
31
104
107
104
65
113
223
121
2
120
87
190
111
151
61
111
71
56
144
29
200
61
86
63
12
31
190
20
36
127
191
193
171
173
22
149
145
151
91
227
131
132
81
102
74
230
63
238
111
158
27
27
105
222
73
240
30
0
23
128
48
222
80
237
30
230
239
5
116
190
7
49
54
0
63
40
110
85
170
143
40
99
8
161
102
210
239
2
51
139
200
7
102
143
226
212
130
106
156
57
30
249
34
138
92
34
17
31
44
108
61
54
34
79
30
166
117
119
130
62
156
84
39
121
33
134
120
175
186
229
5
119
142
141
158
223
163
212
0
86
84
17
155
163
155
166
129
204
92
111
5
110
172
173
237
152
53
177
220
166
96
118
177
40
129
83
60
72
204
4
119
210
33
45
155
81
18
77
90
133
111
158
149
4
174
70
121
51
133
85
77
231
133
45
78
8
210
218
165
159
52
84
197
63
214
49
197
28
118
148
2
63
107
160
117
79
22
237
237
81
205
214
189
166
3
153
31
220
4
60
191
109
164
177
240
204
125
62
176
92
93
126
180
120
221
29
27
208
178
117
100
79
134
183
223
95
189
208
197
237
39
204
156
88
162
225
236
60
115
33
35
15
79
127
65
3
244
156
144
233
129
50
113
104
21
223
118
107
172
153
17
218
65
96
148
131
126
11
197
116
146
116
245
218
36
200
66
69
130
249
234
138
15
226
79
238
51
3
255
165
136
179
0
107
0
60
89
126
83
82
70
3
233
119
157
31
12
161
252
229
30
45
110
48
11
185
51
138
31
72
138
253
187
170
228
47
46
220
46
47
95
67
67
176
73
31
82
141
79
83
141
133
238
217
226
110
226
240
249
185
152
135
75
126
251
34
255
89
237
101
228
59
165
154
60
117
185
97
82
198
119
181
77
80
204
243
239
47
51
204
239
181
138
84
64
8
64
159
82
82
251
80
148
170
179
196
7
253
233
6
1
180
50
43
120
33
0
219
167
250
161
94
96
53
220
245
33
179
68
31
238
161
42
207
176
51
18
248
194
119
223
167
148
93
171
234
68
248
230
119
18
24
198
186
3
31
62
167
4
4
145
178
195
116
9
96
158
156
104
104
247
18
99
104
39
201
144
151
233
175
92
186
180
214
165
193
162
148
112
186
63
102
241
180
17
12
53
67
86
169
192
151
95
196
116
42
156
187
19
205
245
158
249
80
246
214
171
120
155
96
121
246
251
56
166
145
193
55
92
203
21
171
230
193
80
190
139
141
178
130
49
137
88
149
149
253
244
26
40
152
67
36
21
175
168
33
123
158
72
223
13
65
239
223
40
24
189
230
227
220
176
9
204
71
189
90
139
88
159
129
86
200
14
145
91
88
3
41
73
149
134
235
94
211
197
229
137
70
178
38
178
72
43
137
45
133
23
36
20
238
153
139
115
253
240
254
228
198
27
206
14
88
80
246
156
72
198
230
154
115
192
175
91
103
82
12
87
237
204
162
80
146
217
94
171
59
240
41
46
0
7
92
115
49
26
59
141
187
53
120
169
159
123
53
126
70
53
36
81
219
248
162
187
78
31
137
211
120
112
146
121
52
70
84
14
102
120
224
211
31
190
158
120
54
163
138
154
11
49
115
185
225
96
166
32
133
222
216
211
174
106
221
121
91
107
185
149
71
241
216
193
249
14
18
144
211
9
89
133
185
40
9
191
240
154
97
157
121
112
117
71
184
222
177
227
5
89
71
247
246
30
149
111
211
10
97
117
155
126
121
31
8
63
239
145
69
245
233
96
203
95
225
52
200
226
236
191
141
229
216
223
160
170
121
26
70
229
246
135
0
162
114
7
240
145
174
94
26
244
204
79
166
145
236
136
93
143
154
54
93
170
173
130
224
11
35
225
210
10
252
108
166
130
79
234
233
163
186
220
109
184
69
232
99
26
23
136
56
122
244
234
243
167
95
97
146
67
253
186
89
253
55
232
151
149
34
180
94
146
180
195
42
50
21
157
63
164
110
87
98
207
67
226
50
27
106
228
30
110
78
128
90
96
63
91
128
78
93
128
103
158
12
80
149
202
193
24
183
202
12
29
70
169
221
116
188
156
11
169
231
8
136
133
29
153
223
139
192
222
196
207
11
47
61
194
238
25
38
211
181
11
60
4
171
87
223
174
12
70
116
75
157
243
89
205
90
189
74
110
189
85
148
57
161
202
196
61
120
95
105
17
157
235
252
134
150
110
101
9
231
236
64
63
200
33
5
246
234
153
179
9
251
147
114
28
122
20
75
64
58
71
34
79
231
228
185
193
200
90
239
64
132
63
34
17
177
51
223
137
244
90
237
132
175
199
119
48
46
225
230
197
107
251
153
155
199
185
40
176
174
244
140
107
230
137
176
190
206
155
161
181
63
51
128
152
181
33
228
189
92
95
31
221
119
188
144
204
11
157
41
231
195
118
67
152
9
182
207
54
176
145
28
148
165
80
51
151
167
230
216
121
12
38
214
61
47
175
63
167
83
163
253
171
232
7
115
200
170
80
252
27
55
107
84
74
29
168
60
168
41
19
220
96
126
223
69
7
55
254
101
159
164
140
179
160
52
183
189
195
138
117
133
155
156
59
206
125
206
25
74
89
158
19
44
120
179
68
40
154
207
87
207
248
30
203
82
140
94
157
213
1
106
33
38
160
190
111
126
222
82
35
129
237
159
54
74
55
24
39
78
118
142
106
111
34
219
49
143
14
137
253
181
211
114
12
155
230
127
28
9
149
35
225
39
99
50
230
152
34
44
138
214
254
210
111
122
152
195
240
242
172
235
151
48
219
212
172
163
36
4
117
44
246
234
232
120
181
163
74
251
165
193
137
138
225
214
172
87
194
40
146
56
183
204
51
47
209
122
184
86
252
134
184
73
50
255
163
165
72
168
87
146
95
172
127
198
122
56
34
248
127
147
81
226
34
166
72
18
33
208
32
239
199
182
198
74
188
4
168
204
153
56
111
130
220
157
253
227
72
122
239
33
47
24
191
18
237
95
36
141
163
179
24
95
99
47
225
119
174
47
154
242
100
5
177
108
221
19
172
30
215
176
209
64
120
173
197
173
73
5
128
149
119
195
180
191
76
130
24
138
164
101
99
75
39
33
19
92
206
88
88
151
163
134
120
131
81
197
215
138
140
173
174
137
179
43
43
48
227
202
112
122
86
72
231
234
183
172
191
171
191
64
30
172
175
96
3
107
142
213
20
88
215
153
220
31
51
74
145
189
219
213
186
139
12
233
32
226
122
233
45
67
249
176
51
220
94
105
182
210
86
140
120
135
29
12
147
183
230
55
100
140
171
213
199
233
229
86
220
75
165
243
178
86
64
195
132
193
41
230
105
16
88
102
67
46
75
29
52
214
43
95
211
210
22
221
132
110
164
185
222
129
137
23
56
21
82
158
8
165
231
222
160
134
43
140
168
222
18
33
207
171
133
38
111
181
208
84
136
68
181
67
42
17
181
200
176
196
23
180
100
145
40
155
151
64
191
165
164
32
220
26
48
98
249
16
16
74
59
220
162
133
63
67
244
182
215
187
61
35
63
12
139
242
49
32
93
144
231
120
52
150
195
66
229
147
211
173
243
147
188
102
207
68
139
26
176
4
244
241
102
251
213
74
170
129
228
204
100
72
98
97
202
248
47
105
36
199
159
162
180
28
56
91
92
188
234
105
8
150
12
128
18
26
172
244
55
167
34
18
23
170
20
130
42
53
98
20
244
174
174
55
112
147
100
169
242
253
87
197
244
167
143
144
146
213
106
75
242
244
86
68
13
175
45
23
227
143
169
210
68
92
12
148
188
188
163
108
58
189
105
16
182
123
176
219
98
113
143
238
12
95
4
8
161
187
11
113
199
248
220
19
145
221
25
151
174
62
39
157
114
146
179
3
148
209
133
133
105
27
43
92
133
235
29
198
168
63
25
106
209
216
4
162
77
100
19
229
233
202
126
232
83
6
87
176
157
50
67
16
150
50
247
247
91
247
168
22
194
183
79
191
182
178
14
101
68
189
245
3
14
251
187
106
182
103
249
128
209
244
168
146
137
185
101
24
199
20
137
109
27
59
172
122
198
63
54
22
175
176
248
24
39
247
172
92
80
216
121
26
209
58
33
1
192
133
22
116
136
207
228
239
118
117
58
34
222
238
138
215
40
51
146
160
152
245
173
117
81
198
92
85
52
174
195
26
46
14
222
228
206
174
14
173
30
192
37
117
150
196
127
197
8
89
105
94
173
16
49
190
189
239
254
119
196
118
200
85
37
236
7
162
22
104
70
70
49
198
77
117
121
24
1
93
153
116
163
191
16
21
198
231
162
3
150
11
242
217
145
53
178
24
182
214
144
168
194
141
14
143
27
69
198
113
240
213
132
87
243
139
230
114
119
204
237
5
253
148
88
147
144
227
9
19
220
186
253
25
13
122
108
237
162
112
223
222
104
28
181
74
121
141
5
16
239
213
174
217
42
198
105
8
146
37
64
223
67
132
113
215
139
222
221
94
131
87
116
63
187
73
124
132
73
68
46
1
184
121
174
211
8
252
150
70
119
28
33
121
91
17
156
36
204
63
121
226
163
236
222
184
184
31
159
197
226
238
105
238
194
12
113
204
60
252
139
167
67
165
167
5
25
57
250
251
97
163
243
212
63
116
181
68
186
171
59
199
191
207
23
247
160
250
67
207
103
220
96
57
1
235
51
20
104
58
19
25
28
46
143
26
185
16
20
200
245
225
1
109
223
68
44
113
105
18
84
21
113
218
74
68
217
142
236
8
80
20
80
21
6
65
209
72
19
145
234
15
167
253
82
103
206
194
21
88
19
19
179
20
169
60
167
247
174
158
163
216
78
15
127
174
12
198
105
165
78
159
167
104
45
210
66
215
153
84
161
201
62
78
132
18
161
157
13
8
129
148
152
117
128
76
6
33
105
255
252
125
24
35
121
11
172
244
206
6
122
251
117
75
238
119
150
253
201
158
56
197
254
170
118
58
158
163
83
168
63
67
67
251
119
33
252
181
254
54
11
168
36
12
253
202
143
52
104
247
116
215
181
145
197
185
76
152
49
50
80
48
33
154
11
240
58
220
161
250
103
72
18
94
20
46
201
52
237
72
210
51
74
146
33
247
104
168
156
197
187
248
202
152
99
12
139
168
253
140
74
61
71
222
163
37
51
233
96
28
191
63
74
70
134
55
31
72
10
78
24
113
54
243
142
253
223
228
184
144
20
6
255
41
240
198
216
238
68
211
222
85
155
15
67
96
197
139
10
200
12
135
34
85
211
122
200
167
187
122
231
150
55
24
237
213
254
19
247
170
134
0
49
56
124
20
239
178
146
69
62
93
238
55
42
154
254
104
216
244
113
128
221
33
221
67
194
113
51
65
243
39
124
78
221
21
31
121
129
198
20
250
239
53
76
153
251
56
23
181
91
129
184
155
8
156
211
249
44
62
138
183
108
27
2
1
10
135
253
122
76
195
81
124
208
99
19
12
8
81
91
1
102
96
160
166
151
67
67
229
188
23
188
151
174
17
95
67
110
118
173
248
225
171
205
140
190
41
52
210
194
248
214
21
106
166
23
61
190
111
15
222
19
181
6
29
142
73
194
231
236
49
137
104
104
213
7
79
66
126
19
173
111
86
22
180
104
219
156
48
162
162
104
7
19
57
115
73
39
14
17
246
79
236
125
10
57
65
108
79
72
10
187
38
17
239
8
202
23
103
236
135
62
3
74
21
166
172
105
16
49
154
178
100
16
235
192
118
43
214
202
242
76
62
114
106
234
161
181
235
73
127
220
23
153
249
147
106
184
243
41
81
46
188
212
234
233
55
138
149
182
232
65
79
245
143
209
150
73
179
143
10
107
81
191
76
194
205
23
220
8
39
192
190
235
31
212
20
52
36
104
170
107
13
4
111
219
84
113
113
253
38
41
21
54
206
78
155
234
194
11
11
152
227
94
94
60
95
255
111
155
25
84
232
201
124
101
27
219
221
241
202
56
222
131
126
172
44
248
42
58
22
111
239
7
110
32
92
19
42
12
109
97
99
194
239
81
173
143
164
232
21
179
219
112
135
42
164
215
194
113
84
154
156
100
205
68
214
157
177
165
53
94
61
187
187
191
9
189
75
78
80
131
11
61
162
21
249
117
246
162
209
244
103
54
155
100
198
87
7
59
100
164
110
171
127
185
111
227
120
151
92
150
7
249
251
25
249
88
161
245
202
131
175
8
227
12
10
68
215
220
141
247
212
192
37
26
78
199
192
225
198
54
217
115
69
188
110
40
199
23
158
10
8
89
78
3
224
209
175
40
120
198
6
87
195
225
254
100
184
123
123
186
10
176
110
32
176
145
198
36
4
63
219
103
226
181
228
71
234
49
204
139
185
52
3
164
209
249
23
176
212
226
26
73
46
217
44
93
202
162
88
93
25
220
187
115
30
224
58
141
3
195
197
172
183
52
176
166
120
131
60
162
31
28
79
44
131
171
135
245
115
12
75
34
151
23
145
197
201
169
156
7
122
254
53
42
145
209
156
34
156
70
203
178
59
43
55
147
224
142
29
88
88
124
41
49
47
202
14
110
251
183
180
25
29
139
122
134
76
173
36
115
154
180
178
182
142
8
76
166
88
59
176
134
76
26
137
251
63
140
217
53
219
7
26
38
34
57
35
254
54
169
75
11
13
182
54
146
61
49
105
21
215
239
224
205
13
224
89
211
88
32
88
250
18
227
110
32
150
142
188
88
81
108
199
120
1
54
236
166
166
186
149
123
38
199
98
81
47
158
68
203
67
15
169
137
149
46
120
179
57
42
95
41
149
19
109
221
42
88
134
32
78
184
169
79
136
47
50
151
134
106
19
19
101
127
119
145
47
225
208
4
211
142
221
28
141
0
229
253
68
105
116
127
32
144
150
166
28
105
36
97
234
153
120
133
213
141
21
236
166
243
161
122
194
113
8
177
18
105
162
244
236
126
208
18
248
95
138
219
177
242
233
0
102
248
0
90
248
47
0
119
233
54
169
8
69
230
121
25
146
150
59
16
190
133
105
168
96
212
166
34
22
199
224
110
16
173
136
246
195
210
153
171
51
108
251
253
0
66
138
144
17
87
120
136
132
176
188
28
240
150
157
194
87
244
174
0
68
161
192
117
73
129
166
224
132
103
60
135
219
163
75
117
244
221
96
183
10
65
101
138
102
44
109
30
235
23
194
82
114
103
249
94
129
186
197
135
14
31
19
9
249
148
88
190
198
45
178
71
103
181
201
20
243
180
153
103
247
205
226
11
101
197
56
12
228
36
26
204
107
244
127
130
251
57
174
119
141
104
150
82
85
101
135
11
162
76
29
30
68
195
132
65
198
115
85
164
156
148
125
247
174
56
155
175
138
79
99
242
57
93
88
140
250
140
189
12
125
53
77
206
214
28
203
147
138
84
98
28
165
165
159
233
37
66
14
154
237
169
162
27
19
22
1
189
188
123
37
206
101
101
207
18
97
61
254
230
236
254
107
77
237
8
175
229
204
172
139
84
123
37
37
33
204
97
172
118
174
186
230
180
204
153
229
194
215
46
228
251
57
183
247
206
107
79
159
29
60
38
80
158
221
34
153
142
20
49
38
17
63
39
139
204
150
217
4
178
252
211
155
172
116
102
135
62
204
64
208
185
128
162
130
193
214
32
178
211
174
167
158
5
14
84
78
103
130
147
213
133
236
134
134
230
121
22
246
95
220
87
42
225
193
140
145
167
225
38
28
155
213
84
168
151
70
142
241
198
185
175
61
136
71
98
229
151
145
32
225
22
178
141
138
250
171
71
10
165
89
33
31
10
20
20
6
245
239
6
6
143
73
247
75
76
155
133
169
255
208
215
159
168
123
63
151
227
157
61
157
31
34
80
80
74
191
51
100
52
147
6
192
205
45
19
45
45
79
44
58
1
252
190
37
176
206
117
17
41
224
176
206
103
90
31
49
1
178
255
62
4
104
72
83
224
198
87
62
89
166
193
116
135
193
123
6
109
72
92
163
135
122
164
221
37
74
161
199
52
170
60
184
84
171
34
106
98
84
79
173
73
199
4
213
47
245
213
197
58
160
197
84
227
37
80
53
219
79
76
143
32
255
128
136
28
175
216
219
111
169
4
115
95
40
87
105
140
27
228
162
95
46
200
60
253
67
180
95
147
62
159
33
189
102
214
255
154
81
103
150
48
235
140
100
219
178
46
105
6
221
207
76
144
162
113
116
72
178
86
129
9
109
80
154
9
255
152
156
178
188
198
177
63
33
27
43
41
158
228
115
65
13
49
70
239
33
69
240
41
73
220
5
108
66
95
200
10
161
183
173
206
239
45
144
187
229
179
198
91
112
243
194
90
132
54
177
129
158
218
149
120
87
117
79
8
174
178
184
198
149
117
253
255
38
220
172
73
161
38
20
194
176
10
136
81
210
219
90
27
119
63
153
7
90
170
29
88
254
124
125
52
89
94
79
104
227
201
248
55
135
211
49
45
39
41
228
44
201
72
40
14
171
229
226
198
45
169
75
55
213
65
251
180
227
153
122
118
83
212
66
214
61
66
16
127
220
176
38
36
6
86
255
41
175
177
142
35
186
41
95
140
115
55
249
172
249
127
38
142
135
41
33
153
253
34
66
12
198
32
163
37
12
168
224
186
210
82
184
136
132
170
10
255
27
174
130
131
213
187
131
228
198
186
86
218
252
113
90
32
185
29
227
221
20
148
128
218
35
193
250
33
125
90
113
67
244
189
49
142
63
152
89
49
201
245
142
44
41
215
112
176
34
14
81
200
53
107
37
58
187
104
172
224
203
7
143
38
199
149
148
178
205
163
11
91
214
98
27
133
62
105
14
246
158
136
176
91
132
47
88
220
66
141
35
240
147
172
195
12
67
10
158
69
134
130
104
152
50
172
15
255
152
181
62
119
59
19
81
53
23
166
31
215
133
37
98
8
20
89
62
159
240
10
60
35
148
214
245
22
155
104
22
117
31
174
98
18
255
116
166
153
133
76
90
111
6
52
238
150
70
176
145
156
124
103
188
138
234
189
62
31
228
228
164
27
95
70
107
159
201
186
201
244
199
255
118
242
87
122
128
20
5
162
97
250
158
68
235
85
39
56
18
85
153
221
24
68
217
243
191
188
43
98
44
217
118
124
76
142
219
128
125
244
12
33
180
87
192
233
88
129
174
67
88
157
117
116
49
190
113
118
82
70
112
140
147
91
52
76
59
142
155
45
218
115
180
215
57
163
178
205
151
69
151
114
202
202
32
181
36
17
235
221
175
48
234
124
9
54
110
222
155
14
167
188
208
222
197
89
61
5
0
7
138
99
50
2
239
7
3
62
242
201
54
171
6
77
207
79
150
201
11
38
209
11
185
207
88
232
43
33
48
234
10
159
194
205
39
90
167
54
217
6
39
103
184
86
88
149
217
14
171
142
101
100
57
69
101
187
183
18
185
116
82
143
127
48
131
120
239
101
54
236
78
155
82
114
143
172
56
236
251
244
225
126
227
4
102
140
236
65
245
41
43
99
170
55
37
167
137
121
31
33
225
140
189
163
131
14
27
196
179
243
244
245
159
61
235
31
87
98
136
198
89
105
43
205
216
233
245
99
37
94
192
151
75
159
101
246
84
3
222
5
143
154
175
143
72
216
195
207
246
170
142
190
243
154
72
112
168
20
53
161
7
156
86
45
131
150
91
67
5
5
108
114
161
232
248
0
209
1
171
22
89
156
223
225
99
222
235
61
115
83
45
115
97
58
190
126
13
108
60
135
154
99
178
102
254
190
235
11
211
173
120
65
80
252
30
147
160
137
200
76
120
209
68
186
154
30
27
252
65
223
112
209
74
15
238
54
4
36
252
229
94
133
232
147
115
247
146
167
33
18
193
8
3
212
114
208
208
191
58
228
247
59
158
99
188
157
142
159
220
210
205
20
47
30
30
56
100
44
129
85
62
5
114
193
166
50
184
117
22
1
156
237
167
91
137
215
154
243
255
150
246
176
188
197
70
224
48
95
103
172
33
139
171
2
76
140
255
206
73
22
89
237
207
139
228
98
165
80
113
3
234
84
80
129
112
136
201
76
113
13
254
246
194
11
233
155
218
42
147
48
244
236
29
231
108
45
207
109
14
195
110
18
33
119
140
77
251
234
117
209
214
77
190
244
188
149
229
108
33
104
23
185
145
219
42
100
107
194
76
62
230
208
145
32
101
250
138
77
133
76
109
18
236
124
44
14
226
194
252
2
130
76
175
155
216
150
117
216
176
132
167
64
220
170
160
132
84
208
66
132
122
154
180
54
57
180
80
142
126
204
219
136
203
32
10
217
21
115
96
93
24
156
33
182
122
8
191
41
43
89
39
14
64
102
194
143
188
104
216
104
12
61
114
187
201
228
118
178
187
23
214
56
226
215
180
58
251
248
190
117
32
148
221
127
173
72
84
84
153
145
58
132
30
30
39
174
133
197
211
86
253
64
147
192
45
147
36
155
23
26
72
230
218
244
171
6
172
171
225
30
15
37
172
95
149
116
35
80
43
230
68
54
187
114
44
51
29
141
192
155
145
158
85
196
187
164
45
123
85
243
92
6
31
113
154
224
176
121
128
123
93
206
86
179
2
139
87
91
68
183
122
43
121
147
156
74
36
126
66
179
121
10
249
255
91
172
10
241
93
60
65
239
164
95
95
78
53
47
183
43
173
128
92
141
16
108
78
106
97
85
153
254
253
231
182
254
139
53
229
77
241
91
224
208
87
241
67
92
159
145
160
2
181
252
123
37
2
9
11
28
165
106
173
6
111
185
174
91
234
43
108
255
241
9
46
75
92
168
254
44
153
79
37
79
121
185
251
216
181
72
9
181
182
252
221
108
174
162
225
200
140
113
150
192
135
179
75
251
46
169
84
6
135
237
2
169
116
62
33
177
137
98
254
54
63
185
68
113
71
245
67
137
172
248
152
150
87
133
179
177
63
108
169
254
95
76
79
79
171
158
118
104
67
171
10
231
87
189
179
214
97
189
52
98
60
101
40
132
108
29
166
172
146
40
9
148
137
104
209
77
1
254
38
241
225
209
176
105
104
61
155
183
252
6
137
119
229
140
52
249
229
206
96
241
24
56
106
84
21
131
74
22
251
147
137
79
16
138
155
106
40
103
246
62
32
6
3
237
205
47
196
61
78
78
238
101
172
2
17
71
32
112
143
10
224
93
228
20
67
207
0
227
112
208
214
155
205
117
32
32
80
243
248
129
241
229
43
11
114
205
229
28
246
67
138
205
5
145
114
251
103
226
155
19
201
102
181
224
154
173
159
118
33
192
136
154
117
146
188
128
176
112
155
55
89
8
47
180
67
232
163
20
90
9
44
159
193
142
119
12
229
248
180
139
200
229
61
240
174
48
174
132
68
146
202
89
232
240
185
108
56
110
209
44
3
14
192
235
210
140
63
2
0
222
58
229
73
17
126
182
16
39
184
253
136
148
169
196
53
219
0
44
132
72
126
48
5
157
176
25
159
148
96
140
121
248
142
206
33
64
170
113
192
5
120
127
197
110
189
121
100
216
191
167
188
60
72
70
194
2
98
127
65
220
50
38
100
198
62
32
22
44
13
197
100
248
31
39
114
201
240
157
170
72
33
248
114
128
99
144
173
118
19
99
240
151
140
188
244
130
17
53
141
167
239
207
134
105
224
225
29
79
35
222
149
219
144
20
118
192
45
118
39
218
41
58
125
233
111
163
147
156
15
20
7
255
208
165
179
67
248
156
170
0
219
145
175
84
104
20
169
1
92
114
82
65
27
41
66
166
37
20
190
96
184
99
106
63
124
143
190
86
211
178
39
79
50
254
196
158
190
155
45
36
84
132
151
221
40
109
151
43
111
164
135
135
143
97
24
10
162
79
6
26
43
221
63
185
79
96
97
225
43
161
172
27
105
114
135
65
108
26
116
169
44
160
174
146
67
4
201
5
225
154
150
34
52
51
171
143
190
29
59
235
155
241
154
107
56
237
3
186
239
25
157
236
76
63
26
171
25
118
148
21
193
248
146
125
100
160
4
155
49
209
196
213
165
63
142
131
240
139
27
5
27
218
69
10
114
152
146
13
227
136
25
12
12
41
144
51
73
44
248
69
146
151
122
165
161
90
205
70
107
165
88
122
113
220
76
138
193
203
12
7
44
72
91
253
165
113
11
212
220
207
252
240
250
248
207
104
173
167
100
224
21
249
249
70
38
126
171
212
165
250
31
162
182
162
97
199
94
33
31
212
217
115
136
80
177
196
195
31
233
12
251
210
66
31
55
8
63
13
65
37
94
54
109
55
165
136
68
229
61
61
202
239
166
89
65
175
145
182
250
212
161
175
86
172
159
113
168
237
145
150
133
34
251
189
211
186
165
210
179
141
204
11
44
1
226
149
92
218
195
211
246
216
68
180
195
108
207
249
120
114
108
230
48
156
90
171
32
173
162
199
13
141
100
53
115
247
116
30
45
12
255
46
151
11
28
90
74
226
46
35
184
186
114
226
5
122
39
177
182
63
166
152
69
129
218
219
221
254
176
171
134
94
221
154
218
55
120
114
244
11
121
212
68
199
37
253
82
233
175
68
5
136
27
117
254
28
166
90
70
23
212
199
48
7
205
206
31
246
126
225
173
141
70
7
27
244
42
216
82
22
228
130
148
33
122
43
72
59
178
48
28
61
155
60
141
127
111
102
122
204
250
197
233
12
195
190
146
108
245
71
29
193
254
53
246
157
153
53
170
124
178
161
29
147
11
2
9
192
181
26
233
153
139
145
5
148
192
176
22
108
48
52
225
140
220
66
48
122
75
139
185
206
67
225
48
48
26
155
189
66
163
203
228
203
8
83
235
33
116
124
39
194
83
134
25
73
125
218
70
184
70
187
124
37
149
155
99
16
43
215
108
88
40
158
16
235
246
65
44
75
5
157
43
175
2
75
75
99
184
185
94
80
144
123
227
175
85
3
116
162
33
127
173
134
68
219
206
168
136
103
5
219
127
0
167
39
183
52
218
127
86
102
160
247
35
95
128
152
212
54
128
189
160
60
197
136
52
58
44
45
28
31
108
188
9
50
226
102
187
152
170
28
134
39
90
25
232
7
186
159
227
158
95
178
37
223
184
25
158
50
177
60
71
33
226
51
188
45
71
28
163
205
89
103
202
223
82
206
110
76
11
148
183
9
160
183
97
87
55
191
105
82
85
82
91
205
93
248
157
238
216
210
202
187
153
73
103
193
225
148
50
18
158
223
183
38
38
50
172
67
194
150
241
45
193
63
66
34
146
253
164
238
9
76
178
5
70
5
40
253
146
22
124
34
126
215
106
75
253
114
98
189
224
217
175
96
146
148
169
171
204
122
105
53
125
107
148
216
62
183
27
128
108
142
72
194
253
53
122
84
93
149
4
73
134
22
142
96
155
168
21
184
191
204
118
179
206
99
215
176
255
217
20
154
235
232
247
133
217
201
5
12
126
157
37
232
184
110
14
181
63
5
20
93
176
169
145
10
47
225
73
113
102
15
6
191
220
15
60
45
147
167
108
127
60
236
29
221
24
34
169
126
216
195
49
90
49
122
221
96
186
180
60
18
147
59
244
147
9
62
254
103
19
98
108
255
120
61
126
213
42
105
109
213
201
237
228
236
250
237
253
110
134
6
33
45
220
1
222
240
42
22
44
176
245
94
182
126
56
51
141
15
99
23
154
74
153
136
10
161
155
246
27
99
24
239
136
72
214
13
248
202
207
123
46
90
165
56
199
151
28
21
12
167
76
115
147
179
92
159
174
42
178
192
238
214
127
36
95
159
4
4
19
168
226
25
58
112
174
55
172
89
207
227
204
253
233
232
53
198
85
147
72
58
190
85
52
24
11
73
27
142
113
192
58
98
226
127
158
13
98
144
13
192
214
163
179
233
100
225
172
101
10
131
206
53
0
169
13
147
38
251
51
44
136
59
118
253
222
255
47
240
66
202
93
220
171
163
128
136
135
187
105
162
243
55
144
200
52
166
4
28
64
47
225
187
23
213
157
27
151
96
50
28
82
171
66
64
62
42
183
100
149
86
69
73
238
51
14
99
151
246
75
155
0
158
187
110
181
76
151
220
175
231
198
197
122
218
2
3
185
142
1
42
205
198
105
218
15
27
166
105
59
200
200
170
172
19
47
60
130
176
139
32
205
105
60
130
204
36
155
52
67
180
188
40
111
241
30
76
1
82
71
9
42
64
200
60
10
122
174
118
223
84
183
1
232
153
104
241
48
25
215
15
212
205
12
20
68
176
32
142
10
98
221
118
189
6
138
143
248
162
39
170
164
189
186
82
142
27
5
165
37
28
210
107
118
145
189
15
205
139
39
254
188
73
98
109
39
212
83
19
174
24
71
204
147
214
117
65
2
46
28
36
188
176
8
59
90
228
13
182
174
179
88
254
174
49
69
197
214
215
186
204
198
176
247
220
239
253
150
247
11
239
135
124
27
62
88
229
239
62
190
131
65
139
59
138
180
136
230
176
247
5
190
221
222
176
104
25
143
49
112
254
185
14
19
91
16
206
43
254
223
254
39
112
65
155
133
181
83
171
133
176
55
248
88
62
80
230
143
140
47
29
240
49
153
76
156
45
17
194
253
226
29
2
83
238
207
232
42
238
53
174
25
62
47
34
88
181
79
182
73
79
241
117
60
215
125
37
199
197
142
145
92
110
92
186
81
253
70
56
159
5
88
43
174
229
11
28
213
39
96
41
141
86
103
116
138
238
5
76
212
19
183
94
116
135
68
221
218
172
45
67
3
28
234
47
83
197
185
36
255
72
84
239
204
48
187
250
38
3
94
250
219
197
131
220
81
32
39
194
32
92
94
124
59
101
169
150
187
111
147
145
151
56
141
76
81
226
68
113
82
169
241
235
111
121
50
253
228
143
218
253
0
127
161
179
149
23
226
13
148
198
182
164
57
132
179
52
180
179
168
163
189
221
39
71
226
76
78
57
128
8
148
19
171
31
94
234
47
247
150
243
54
0
67
239
130
175
72
242
188
147
208
19
190
88
35
81
221
28
175
102
162
45
111
167
23
43
175
97
139
82
135
37
160
31
195
254
147
19
67
50
183
188
245
177
95
254
102
104
155
108
52
117
168
68
11
203
195
61
147
29
110
130
133
195
7
2
145
188
234
42
221
206
85
121
235
34
84
73
87
55
125
57
159
199
218
228
162
147
7
8
61
34
228
37
217
113
162
74
172
5
116
246
213
177
230
160
160
47
137
181
207
167
254
173
87
190
217
143
12
25
84
162
206
73
177
230
212
129
177
225
98
29
216
40
177
187
76
121
48
133
166
25
221
120
218
136
10
235
191
221
51
25
138
218
236
168
220
217
195
207
233
76
136
107
172
52
34
76
29
142
6
6
9
163
168
143
133
88
4
201
11
210
59
100
97
99
205
21
210
32
41
86
246
202
62
129
143
108
206
101
162
52
155
214
238
211
135
35
17
235
150
12
233
220
216
136
232
166
236
18
125
186
245
126
94
88
166
37
143
125
201
86
58
201
225
220
13
166
139
212
37
115
224
191
95
206
145
133
229
126
248
127
62
226
242
153
177
251
166
135
252
63
134
107
184
142
228
129
229
98
227
192
12
99
108
86
129
77
7
31
232
5
125
182
145
193
72
138
51
90
100
139
48
95
243
20
146
72
117
193
52
151
181
139
181
25
135
99
143
32
233
243
7
236
11
235
74
37
173
172
89
84
174
166
41
92
247
254
61
1
58
162
176
45
11
165
102
195
116
102
201
250
7
125
11
152
1
73
102
249
8
191
219
58
146
40
251
13
70
210
143
214
162
114
74
107
145
84
8
88
85
5
186
62
125
90
32
68
88
204
154
94
13
85
79
115
67
67
249
197
23
105
174
78
44
115
94
121
28
56
198
242
73
57
85
10
1
205
40
67
149
40
251
199
30
233
213
148
174
117
21
252
83
152
210
235
137
121
54
20
169
227
16
46
16
69
10
42
34
224
166
198
255
94
191
196
235
150
140
232
14
103
193
78
233
166
139
88
146
223
141
126
224
139
18
147
161
137
12
26
131
173
77
243
187
69
220
141
138
228
190
40
82
53
242
208
140
209
111
250
231
104
49
113
36
170
169
199
225
134
216
178
169
98
169
59
240
183
76
125
172
181
154
233
21
153
75
222
184
116
119
204
218
230
96
202
184
215
63
243
164
116
39
162
228
156
178
31
107
4
202
115
132
105
223
133
237
158
225
178
64
206
241
195
250
83
142
38
192
159
142
126
74
206
151
181
126
237
9
113
15
40
156
58
67
176
169
11
235
97
81
235
192
80
98
75
126
85
116
141
226
255
28
58
13
226
57
136
204
116
62
22
192
188
14
134
139
115
183
74
178
22
167
243
188
160
194
236
154
206
43
6
35
28
21
204
49
152
55
138
149
71
250
104
236
158
133
103
125
45
248
140
42
206
26
132
84
191
8
175
64
58
202
145
101
238
84
8
135
49
38
84
113
243
29
172
131
157
68
13
243
35
198
37
123
152
29
3
79
129
96
53
250
56
120
52
232
42
156
183
166
146
107
169
196
154
56
26
71
77
182
144
15
157
129
69
151
29
140
157
28
82
250
98
100
100
165
98
169
50
163
19
77
227
10
159
95
125
254
95
107
56
193
162
230
189
252
162
53
181
112
242
252
16
2
13
247
234
226
199
248
41
237
42
49
250
20
55
2
203
26
211
237
30
90
12
37
69
154
246
53
51
180
124
142
51
38
1
250
96
211
4
45
29
2
20
104
43
247
19
8
150
2
106
65
216
20
209
135
249
155
57
160
100
199
166
153
59
191
101
155
188
158
109
201
51
188
192
202
209
183
23
120
14
53
111
233
125
205
15
211
154
125
4
86
164
19
40
209
247
10
39
47
57
168
163
190
241
20
106
244
107
167
36
144
127
239
42
3
74
242
223
74
171
181
108
180
217
171
85
192
161
177
8
93
93
138
4
46
57
201
64
6
94
6
19
100
125
175
177
75
152
79
148
101
143
75
118
129
92
155
157
65
23
8
152
223
177
193
142
65
59
215
193
129
161
96
111
21
5
64
160
252
33
138
212
253
52
197
64
118
74
42
210
140
114
87
11
136
76
209
24
95
123
123
123
177
134
5
41
110
128
240
222
62
18
192
62
228
61
4
50
0
19
249
245
34
200
70
149
168
152
240
150
189
155
108
46
130
102
206
54
134
112
99
247
82
24
201
41
49
158
247
182
186
209
43
153
161
134
182
61
220
2
237
100
0
115
164
246
133
201
100
204
17
234
24
130
181
122
123
26
58
165
177
36
175
88
103
8
122
201
1
88
17
43
222
67
207
155
7
69
219
177
222
121
19
129
125
125
114
174
100
97
122
101
125
255
165
121
206
81
93
74
240
159
62
112
60
112
228
24
41
31
201
210
185
114
216
110
45
50
56
187
64
158
158
30
63
204
161
52
72
202
26
123
177
240
98
61
145
131
89
231
158
105
3
43
186
154
204
21
211
129
150
50
114
76
16
80
39
83
131
250
239
128
167
35
206
111
212
201
178
81
100
210
99
73
105
156
52
30
181
120
103
29
184
83
78
26
3
228
49
106
45
146
242
57
124
127
15
210
138
86
210
116
255
250
103
40
209
15
29
178
34
178
244
173
209
164
146
252
40
112
89
97
118
6
47
166
126
167
121
135
242
137
104
185
86
191
148
212
137
9
226
45
170
80
233
48
5
186
128
133
107
91
121
53
60
82
212
229
80
80
142
90
217
225
199
124
244
249
80
5
91
43
99
209
207
183
21
154
140
124
41
121
78
176
130
38
86
55
85
55
43
209
232
170
80
225
194
233
94
225
72
198
5
80
142
200
214
223
102
242
121
146
135
94
197
126
52
10
53
86
237
246
215
200
2
167
175
66
68
58
210
78
215
129
78
175
221
83
135
176
187
12
184
72
59
246
130
212
59
224
2
121
143
20
218
226
206
89
237
128
129
68
123
42
228
185
7
223
158
19
197
20
235
200
159
181
96
5
122
87
17
103
36
85
187
96
7
95
235
24
71
38
241
241
165
194
107
53
5
199
218
154
175
17
177
9
229
245
56
199
210
197
129
225
3
1
210
98
189
60
131
129
111
3
97
139
120
90
75
36
245
131
219
119
107
204
205
85
170
103
177
19
10
169
42
129
3
251
180
218
89
132
45
37
172
33
252
124
120
131
116
25
180
211
135
209
189
199
25
50
129
10
128
104
120
6
222
192
211
181
142
198
21
115
68
77
228
21
126
55
25
89
87
167
182
177
242
93
231
133
101
19
212
183
31
132
188
190
192
65
55
6
112
44
217
3
207
175
192
23
135
16
240
78
159
71
254
1
135
62
212
151
52
247
1
202
175
46
191
91
159
202
46
153
191
248
175
28
31
99
230
188
234
70
234
27
133
23
68
130
201
23
85
25
78
153
190
80
12
89
141
93
121
39
54
206
214
56
146
43
130
24
154
215
137
34
119
43
190
233
135
51
134
215
215
128
167
228
146
120
117
198
132
242
139
186
208
248
101
168
180
49
167
119
17
194
232
4
83
175
80
175
214
168
247
87
46
135
200
26
124
251
234
105
98
128
104
91
23
106
241
123
0
77
167
214
26
58
121
220
196
192
117
98
5
98
8
89
57
36
70
83
233
241
232
223
219
164
50
11
196
33
119
164
84
114
72
14
31
193
250
45
77
208
250
196
193
28
70
61
119
48
45
194
48
90
26
51
87
35
244
31
40
70
151
209
118
250
241
36
98
240
146
119
109
96
90
251
233
45
194
27
189
35
145
221
141
43
193
15
96
47
191
73
90
184
108
0
123
80
187
220
151
93
120
129
95
96
179
93
219
36
105
158
43
105
232
12
46
148
205
113
105
214
160
141
46
81
144
220
81
131
98
95
187
206
211
8
156
210
149
197
156
99
4
255
189
15
50
21
86
102
250
250
94
111
177
158
20
110
47
13
75
159
222
216
173
197
66
148
184
143
209
92
118
93
47
221
111
184
220
154
138
222
31
9
163
230
93
213
179
56
149
146
162
181
42
65
151
96
191
158
145
182
13
108
123
96
162
57
129
80
16
16
102
16
16
177
23
45
250
223
12
189
31
2
173
122
179
48
31
139
127
245
65
47
165
71
245
235
197
24
99
180
244
43
130
166
68
130
185
176
54
244
247
23
196
245
209
130
66
96
129
107
86
54
238
196
71
218
53
191
191
17
242
234
97
254
104
88
242
91
170
185
29
9
135
63
102
218
12
98
88
10
121
155
21
236
184
95
211
84
138
17
205
21
155
244
223
119
53
238
116
122
205
10
82
63
164
147
103
182
156
206
185
66
63
249
253
5
195
87
156
55
241
244
76
184
163
247
149
138
48
115
97
201
128
60
65
204
132
77
10
79
156
36
141
75
188
67
60
82
181
131
161
250
145
103
0
2
198
117
123
95
184
253
178
236
240
235
157
131
29
96
70
57
123
48
90
2
184
197
160
16
141
111
141
49
0
