364
378
187
428
191
405
108
349
424
193
97
386
294
277
4
281
360
116
488
134
490
174
8
215
129
17
226
461
328
275
218
389
237
66
143
394
367
40
334
192
260
574
486
355
271
571
219
523
227
189
417
163
66
528
57
7
354
497
443
419
225
403
175
32
264
2
285
262
458
120
314
110
40
561
103
488
218
415
461
278
372
149
551
330
309
155
14
533
426
497
556
216
362
520
143
86
3
42
37
251
354
475
356
129
129
378
122
40
573
551
340
318
258
442
506
484
51
492
194
215
258
422
234
540
57
345
433
140
1
534
244
339
209
135
36
374
501
116
484
278
441
205
12
69
151
226
262
468
456
193
251
157
251
342
509
517
136
471
88
266
140
426
447
461
371
7
318
419
567
483
552
30
536
35
386
143
499
321
506
178
546
444
194
62
128
217
193
358
384
338
64
357
266
254
379
179
34
537
247
478
551
86
173
111
195
392
473
194
475
425
119
140
509
173
328
13
413
434
303
165
493
398
293
487
470
209
567
357
306
32
491
74
249
575
514
420
93
528
30
172
438
406
223
146
267
58
122
486
230
6
420
549
227
36
194
306
528
519
188
298
251
474
487
116
547
314
131
521
315
142
256
315
486
308
303
506
188
509
149
334
190
354
84
430
67
398
15
467
194
69
42
56
264
441
128
552
242
574
49
87
190
39
195
206
342
286
474
532
41
72
464
324
89
154
154
54
509
138
236
271
44
27
261
359
403
276
355
267
163
456
229
463
334
479
367
142
512
471
357
37
365
382
313
539
15
412
473
573
315
211
275
142
148
93
227
432
182
196
370
400
206
234
398
57
32
148
150
301
395
143
41
427
441
308
266
22
244
457
536
521
474
128
0
306
386
329
437
422
114
515
337
66
362
311
289
337
536
170
116
394
126
87
352
427
162
563
297
521
142
467
415
539
415
234
245
244
23
77
444
370
76
381
504
240
499
513
459
23
187
498
33
215
379
456
293
417
240
405
526
557
113
471
482
555
488
132
555
461
126
155
206
424
57
509
411
193
170
37
295
469
497
422
502
188
34
317
256
99
506
342
232
323
19
148
538
65
219
449
95
221
271
537
537
118
56
431
183
446
132
184
39
187
398
486
91
408
440
395
128
409
395
268
497
139
138
43
537
174
323
44
39
273
118
326
463
574
114
226
49
61
325
330
306
331
455
484
521
281
517
417
179
501
100
165
96
46
234
183
370
311
462
307
387
21
477
415
148
494
309
196
269
538
254
402
255
247
394
503
162
54
13
60
474
66
485
410
382
567
258
459
312
509
284
258
467
396
389
254
452
538
172
296
275
497
467
273
337
140
472
130
522
168
399
288
151
260
239
418
219
86
239
277
369
40
527
6
538
281
127
575
276
119
537
519
567
497
564
10
441
567
472
19
95
44
280
455
3
304
378
80
79
173
251
9
303
274
237
415
437
503
529
69
544
0
115
101
350
299
448
402
543
68
247
308
496
399
370
2
297
18
190
144
460
63
500
454
441
82
79
88
125
280
237
370
161
217
44
531
337
271
463
54
341
209
188
334
104
99
494
259
567
197
212
562
193
531
62
188
450
68
167
291
247
0
441
204
263
564
90
157
512
146
15
232
285
319
127
515
168
467
537
73
267
325
263
360
10
291
561
288
29
249
396
358
475
121
459
411
111
289
308
62
120
127
553
140
234
563
321
511
463
267
188
39
94
27
338
284
56
352
57
437
355
475
445
120
509
161
371
480
442
447
248
382
223
222
105
385
262
306
281
36
440
35
467
539
408
217
200
316
409
85
208
286
495
26
157
205
469
332
56
480
370
483
366
480
164
354
129
208
432
534
179
362
145
56
321
362
235
181
428
319
563
217
70
191
265
302
70
453
100
81
405
426
180
536
27
8
330
107
507
479
56
496
519
310
276
333
432
482
341
230
334
98
557
201
199
29
471
247
452
349
177
495
482
400
575
451
33
435
119
311
282
103
33
508
431
340
147
47
327
21
292
289
452
189
383
327
1
514
379
184
147
224
245
379
466
278
453
120
120
91
287
246
317
427
182
33
221
85
210
96
8
10
302
482
369
417
410
33
120
349
531
532
15
369
81
279
423
250
173
515
286
45
559
154
64
149
366
571
32
128
5
436
40
424
354
269
208
9
357
385
419
222
250
539
32
253
308
467
140
417
505
406
346
574
29
396
280
467
428
166
297
36
497
515
351
96
305
300
209
8
417
480
460
4
75
559
208
375
128
558
447
351
246
537
370
534
567
171
563
48
217
90
195
385
425
545
120
382
405
131
132
435
461
3
565
189
161
133
416
370
155
402
223
520
176
153
184
161
59
334
341
361
12
208
274
291
433
216
340
370
65
157
450
80
350
225
159
96
169
111
469
176
314
73
475
113
140
65
318
534
216
35
357
57
435
184
154
170
71
251
127
413
153
434
481
566
50
62
379
133
181
127
345
399
17
407
211
429
205
270
395
289
210
10
231
454
288
325
360
485
156
567
446
47
344
353
326
475
257
86
109
68
94
210
393
1
421
261
254
474
288
435
365
389
317
314
89
39
351
318
331
520
250
351
180
521
136
431
412
412
109
294
412
375
488
29
498
258
307
191
50
443
280
45
295
355
343
543
367
107
73
574
17
85
409
216
20
231
96
393
292
537
191
54
302
438
288
159
460
344
290
17
78
427
246
498
408
337
526
141
490
300
32
487
3
76
140
567
487
245
7
109
267
109
323
144
245
67
410
534
493
478
115
379
210
398
48
148
39
45
550
135
458
223
28
312
567
312
440
96
23
441
457
210
88
368
72
459
54
219
164
57
522
258
502
1
220
104
83
313
313
462
171
156
1
490
156
566
452
101
71
523
304
48
326
352
52
48
523
300
304
495
479
33
245
220
100
346
540
144
419
280
540
7
506
452
506
156
143
39
58
500
274
141
495
127
147
440
425
51
254
39
452
191
272
147
236
321
346
77
92
222
567
304
74
58
510
506
159
259
323
357
118
320
145
368
344
389
131
540
14
327
222
474
124
81
144
381
475
531
222
181
210
73
447
428
408
48
302
159
354
474
401
265
103
378
84
235
482
75
294
217
44
352
198
76
357
28
127
258
360
284
275
523
67
363
418
563
301
246
228
557
309
91
250
405
533
573
217
479
292
231
344
39
418
112
63
87
490
415
228
531
486
150
538
5
565
478
382
479
239
543
179
193
399
562
391
82
267
437
22
297
58
485
345
475
307
390
523
23
82
303
510
420
246
370
479
371
53
339
492
173
168
39
172
130
104
407
493
536
548
348
455
382
285
42
327
69
148
476
495
53
246
274
276
533
491
508
120
345
536
572
401
56
440
437
53
572
297
319
291
416
307
557
560
392
139
258
106
150
501
473
508
456
425
373
14
173
117
402
65
47
112
61
86
214
337
57
114
6
334
177
273
557
506
224
565
520
26
491
32
109
169
526
238
245
215
195
238
125
508
197
32
442
560
104
194
102
109
194
340
348
396
311
94
345
558
267
250
444
389
277
252
120
566
240
224
449
550
451
566
342
32
550
559
132
32
27
92
77
132
559
561
268
247
241
229
252
574
561
169
18
61
515
494
69
160
444
312
130
11
67
354
184
11
377
382
63
114
294
549
522
471
333
502
322
306
548
534
449
459
67
141
473
316
448
382
323
135
294
25
22
291
45
300
101
327
348
262
43
107
219
460
333
7
67
431
229
190
563
270
517
439
382
439
123
231
271
165
129
483
446
220
27
390
536
325
143
474
284
399
429
181
356
535
311
422
432
530
229
271
539
363
455
362
354
117
369
297
557
193
216
111
509
5
6
505
217
313
489
526
353
61
344
19
417
61
364
542
566
161
437
286
232
432
69
409
311
235
41
417
260
194
473
270
70
277
255
235
233
94
562
508
242
45
80
263
459
291
446
491
362
285
538
156
32
315
392
549
231
534
460
121
313
543
363
535
313
282
396
354
96
145
65
255
71
65
371
48
397
147
508
26
61
350
350
318
318
58
493
386
117
159
284
114
41
216
413
15
442
520
270
156
217
78
282
332
152
285
496
171
376
198
365
194
159
332
101
391
75
382
438
161
411
218
371
150
543
16
292
558
549
325
157
106
391
474
425
566
91
270
508
350
558
476
387
571
495
560
422
283
513
540
447
257
571
72
244
149
488
525
416
16
271
120
215
260
269
519
569
339
355
19
28
271
397
139
552
301
476
111
4
79
531
348
262
234
505
9
481
244
555
112
546
410
26
185
563
255
542
418
495
441
82
31
301
106
68
156
168
524
278
391
16
192
484
276
487
52
240
412
302
523
532
414
100
60
156
184
373
137
218
558
571
94
46
105
332
262
418
166
496
35
524
45
108
380
30
356
195
535
42
234
278
538
419
164
134
365
152
215
173
48
292
485
538
1
355
434
217
141
461
77
451
461
29
260
82
236
204
437
223
122
515
331
354
498
52
141
281
148
488
497
229
159
32
269
430
80
458
60
546
70
8
282
239
524
311
498
314
294
141
58
174
499
266
23
324
492
255
441
376
25
80
478
415
431
294
405
118
429
419
35
184
422
164
88
353
458
310
38
191
177
239
374
313
70
304
520
290
71
148
77
58
46
211
241
412
89
60
101
345
370
549
137
24
154
571
357
246
511
248
58
377
500
36
249
65
77
410
360
230
269
148
109
247
292
445
374
502
332
158
52
572
142
53
475
321
377
550
565
139
269
159
129
499
533
464
234
234
147
559
432
475
93
311
484
488
502
100
522
376
265
190
121
513
498
48
47
411
488
511
517
489
112
375
512
441
185
165
315
344
112
559
556
48
522
431
48
41
228
285
93
365
217
217
11
65
188
64
500
464
113
206
109
399
491
64
532
445
186
549
117
412
365
467
104
269
480
235
56
346
137
119
18
78
388
510
552
110
340
223
107
369
114
487
167
443
133
173
87
285
24
197
316
0
0
72
12
383
312
302
257
312
505
7
59
285
326
132
397
75
337
186
70
153
264
196
353
473
32
181
403
378
170
253
297
463
531
327
60
135
159
494
506
80
557
29
162
411
194
575
109
5
87
495
353
139
127
225
383
572
67
423
48
49
225
13
546
127
504
279
387
403
167
516
470
168
349
23
44
118
7
359
431
104
146
515
114
19
466
6
174
210
387
326
565
82
68
565
220
484
189
373
146
197
524
392
302
363
419
104
336
449
389
73
206
432
399
465
262
561
92
411
35
444
520
193
495
339
484
177
246
106
524
425
406
466
206
24
326
164
554
193
72
330
287
181
174
559
9
61
136
337
48
444
221
496
559
247
259
399
400
537
327
394
187
135
416
4
473
308
529
57
513
178
66
281
534
296
560
235
107
339
19
530
283
124
47
169
531
94
383
122
107
327
25
376
220
435
570
413
63
121
205
553
140
24
341
467
365
43
520
414
142
450
54
205
498
378
43
529
191
224
562
416
325
564
409
473
134
532
378
310
327
4
31
62
16
50
106
506
46
357
6
552
416
101
244
503
100
132
541
94
537
71
378
225
559
453
419
185
223
501
411
358
124
78
474
358
570
221
542
325
335
442
72
293
155
281
57
313
537
396
319
204
498
18
429
141
109
178
234
217
335
57
246
95
113
275
205
250
572
327
510
134
510
539
503
559
433
249
179
414
3
89
84
235
57
520
9
430
327
568
440
563
49
133
14
543
7
158
344
133
300
338
316
359
104
112
392
23
86
335
217
444
116
260
308
475
453
334
43
529
569
325
115
353
287
415
204
9
177
134
569
238
226
286
227
489
446
372
89
541
152
14
243
321
383
202
525
109
406
144
120
569
246
210
49
159
354
205
33
171
339
505
252
319
139
431
473
243
472
109
532
17
150
92
31
143
367
372
97
423
30
502
465
197
207
376
460
66
494
551
120
164
217
112
69
42
222
499
279
16
364
532
376
18
14
442
155
194
185
435
39
468
409
496
176
354
248
120
209
289
393
158
158
446
36
496
454
50
241
518
200
255
232
373
40
193
227
304
415
505
219
332
372
381
552
545
48
40
525
526
364
115
151
488
49
475
59
453
568
391
348
216
201
272
551
310
286
229
217
43
452
120
32
502
418
28
536
132
574
465
122
342
393
52
251
458
90
67
229
403
98
467
171
178
339
413
347
241
506
330
78
139
528
144
22
426
63
107
98
214
273
440
416
206
34
40
129
207
197
318
102
385
479
142
230
264
479
257
570
255
455
144
229
463
9
129
212
119
538
484
36
515
281
76
536
71
87
235
360
89
156
518
507
484
389
276
28
151
355
553
518
435
551
92
348
357
29
354
507
27
186
461
357
7
411
297
372
65
484
280
365
365
61
337
101
101
385
519
77
575
411
505
127
497
372
554
61
497
185
92
111
22
395
428
55
407
393
203
52
450
49
101
158
77
575
571
542
383
73
199
372
215
457
288
283
272
432
54
542
408
521
338
505
227
308
175
389
375
369
141
84
319
310
87
518
116
464
55
331
302
453
400
236
272
82
59
188
561
359
349
9
366
277
265
291
352
82
551
46
210
349
70
264
313
27
514
322
439
351
269
320
274
426
70
554
102
355
308
251
312
361
523
504
554
426
219
155
318
496
439
330
29
34
187
446
218
321
243
458
453
366
456
205
562
188
221
52
4
550
15
84
46
38
403
188
349
7
551
84
81
125
313
274
438
507
35
454
304
354
418
87
336
155
338
545
93
9
420
525
396
495
503
251
292
259
52
342
237
337
484
153
249
557
272
407
395
61
178
372
365
464
158
276
308
482
529
496
212
132
234
251
477
360
21
75
189
109
495
383
224
224
529
194
259
304
43
138
440
275
10
497
189
515
98
408
299
514
198
88
426
301
83
436
193
274
372
421
322
526
131
428
63
564
96
574
298
545
511
85
389
497
83
90
418
131
484
452
170
373
424
352
398
422
363
551
365
434
333
77
46
120
489
396
236
309
355
33
550
244
9
181
453
117
3
9
500
313
241
365
421
398
145
541
161
491
267
75
421
475
425
238
46
542
384
132
501
324
234
218
176
261
324
102
170
192
561
226
216
245
399
354
140
190
309
321
402
525
105
439
52
59
149
569
314
495
271
291
241
217
315
515
324
476
365
117
324
31
468
113
99
233
284
491
456
430
90
199
517
495
333
384
198
177
53
267
390
441
525
479
552
565
473
249
549
314
433
59
59
345
466
465
287
76
100
368
475
32
321
177
221
379
179
166
276
453
515
438
518
268
552
29
569
89
5
71
511
329
515
96
146
184
409
274
521
299
554
167
501
113
174
52
110
309
0
377
543
249
518
369
42
406
424
303
527
135
226
475
451
310
210
354
401
249
165
353
179
331
15
554
119
321
49
383
346
483
135
121
22
247
202
64
64
210
464
242
369
266
323
242
401
385
92
446
158
543
532
131
43
109
27
306
543
163
166
288
49
166
550
304
403
397
146
406
130
230
474
532
105
438
225
221
441
339
375
476
200
143
63
153
225
372
214
107
217
369
538
155
383
390
221
26
256
349
260
515
449
428
214
30
363
51
524
158
330
521
211
441
456
298
135
75
61
482
521
280
416
174
501
331
392
528
505
546
98
43
33
358
87
558
167
504
109
318
222
26
79
61
69
537
62
462
220
288
447
562
245
45
165
496
166
444
224
403
542
16
452
180
271
264
254
96
286
434
294
323
501
137
419
255
550
481
377
219
128
286
329
292
427
97
517
512
517
93
215
541
142
43
347
216
474
522
137
541
560
49
55
86
225
56
477
236
284
442
146
277
434
426
48
550
474
214
492
302
135
284
508
177
371
51
512
206
449
563
538
366
329
389
538
179
503
353
444
26
570
163
264
504
320
4
575
66
453
63
418
327
109
281
71
534
538
196
379
455
143
237
308
501
353
193
466
177
553
448
457
61
500
395
150
388
39
487
411
159
334
150
48
232
441
429
7
429
405
223
539
167
31
437
222
212
179
501
364
353
509
408
405
461
78
185
392
45
96
508
534
508
570
438
334
284
59
48
353
542
260
382
31
21
264
534
48
94
558
461
541
288
102
340
37
542
211
208
295
75
27
103
110
411
510
518
77
375
318
332
490
224
401
560
470
428
515
144
296
433
438
163
240
530
224
296
418
23
347
500
498
360
445
334
469
314
183
185
51
411
380
254
538
162
362
234
48
130
515
347
386
424
444
569
256
35
341
488
281
175
302
551
18
145
155
318
169
521
567
254
142
236
397
318
122
45
35
192
189
476
431
440
158
433
235
296
94
267
521
43
330
363
466
360
422
497
353
245
83
56
422
41
395
561
155
96
152
514
444
485
363
322
315
172
329
305
243
124
411
35
196
380
223
566
377
562
18
145
351
153
153
385
98
223
381
174
330
130
370
24
438
142
96
538
356
487
485
86
478
288
385
173
147
464
21
65
575
77
485
396
162
400
521
8
393
274
60
236
343
300
349
119
262
4
87
60
407
65
347
175
561
267
235
479
271
359
440
560
388
294
346
501
199
210
263
349
259
564
152
41
567
310
441
368
487
147
417
295
1
487
378
479
45
315
497
478
341
92
387
212
502
118
404
114
532
262
152
316
506
335
422
559
536
380
530
399
419
30
97
172
366
469
21
46
354
419
522
292
480
367
225
272
208
152
121
314
436
186
314
147
235
328
439
490
18
96
327
56
420
372
94
153
245
518
403
63
104
481
399
544
557
156
265
140
3
319
547
338
16
2
443
462
242
400
110
224
196
347
215
366
316
379
557
49
347
433
357
242
194
180
481
422
258
148
238
258
182
406
22
494
270
501
191
115
388
202
224
502
1
447
224
396
501
564
281
301
92
129
564
398
404
354
470
566
201
508
241
200
354
64
210
408
411
493
103
260
44
360
468
559
66
511
444
57
53
518
187
180
94
382
461
477
70
388
356
362
19
471
71
296
238
376
128
420
22
152
565
87
376
165
248
565
76
392
379
364
169
241
455
481
262
403
540
521
535
255
105
261
245
195
89
30
90
223
557
44
325
217
117
400
265
197
293
269
293
83
49
423
372
391
522
109
351
447
400
546
294
176
388
561
386
103
24
319
428
194
90
301
173
317
224
224
271
386
517
520
435
360
118
176
140
567
359
85
377
565
402
86
266
345
557
421
513
97
358
40
264
571
176
318
526
305
112
302
553
61
238
492
371
446
342
465
447
530
94
423
339
43
165
562
468
70
141
264
114
120
362
115
553
494
45
357
536
130
244
536
106
319
473
387
112
17
106
530
140
293
2
34
524
178
139
73
131
76
72
339
306
118
421
561
501
465
400
114
519
271
207
550
70
78
187
321
105
139
439
211
193
422
169
177
182
87
478
94
469
193
70
207
65
255
521
342
78
508
255
317
337
68
109
268
178
351
541
115
115
196
313
2
409
154
199
374
50
8
311
283
109
504
58
508
58
73
405
181
357
268
207
261
270
528
167
480
561
119
165
135
299
135
121
405
405
166
355
399
435
376
434
201
428
196
385
114
4
22
432
558
185
347
84
562
101
271
456
4
224
477
504
487
14
232
281
502
210
508
348
416
484
304
120
214
11
222
223
50
348
435
404
428
489
4
291
43
224
136
398
167
490
409
343
539
470
111
429
357
105
156
23
46
340
447
227
328
14
169
247
117
269
134
504
283
247
328
490
265
290
370
208
431
292
319
264
453
498
139
516
128
357
149
340
355
14
448
78
236
150
431
567
383
500
220
165
165
288
259
334
219
268
517
177
567
287
229
299
60
256
175
93
568
115
334
460
202
461
27
397
461
311
363
247
355
402
567
294
343
206
103
247
2
109
383
116
267
384
74
393
290
348
131
281
170
307
555
376
498
211
320
503
288
121
116
376
19
402
270
223
342
145
289
90
537
46
514
150
492
557
15
250
472
97
200
275
46
370
351
220
48
166
292
12
384
252
341
219
342
419
5
409
409
493
23
198
503
237
570
384
53
337
375
212
363
462
50
272
371
408
204
113
297
164
339
272
534
313
546
97
459
351
119
309
426
166
328
4
461
464
534
175
324
552
60
318
280
461
343
125
386
165
97
43
73
115
423
282
341
460
109
547
557
134
56
323
171
421
45
6
347
313
175
457
165
43
301
61
337
137
511
494
45
381
39
511
204
168
287
103
70
218
371
506
421
420
544
168
107
473
553
554
506
317
234
180
181
112
569
307
572
35
440
511
44
14
2
371
536
203
316
481
177
178
56
440
405
507
204
4
219
323
360
493
294
15
426
114
185
222
439
94
53
331
201
418
164
506
345
407
374
553
545
552
555
473
165
116
9
268
357
227
520
300
5
235
6
131
453
476
453
422
27
527
139
150
345
247
323
202
374
324
343
119
203
555
292
367
444
390
77
300
432
335
5
87
190
227
426
259
396
62
438
347
176
273
506
5
272
472
415
531
564
367
493
231
393
442
179
17
21
23
527
219
268
260
105
444
330
557
125
30
537
316
69
164
384
519
472
188
1
417
132
177
431
62
569
357
305
219
504
66
343
277
429
203
566
121
527
355
46
486
570
339
432
440
375
172
376
319
281
258
493
287
136
324
62
196
188
467
555
397
564
484
130
177
451
172
247
405
563
550
293
315
466
231
315
367
207
505
391
62
319
534
338
333
91
317
262
245
376
544
291
222
391
374
297
441
475
303
433
491
402
371
350
227
116
364
234
170
45
251
111
76
197
434
234
166
565
324
231
252
116
266
374
143
352
85
93
82
296
66
220
407
189
521
330
391
170
180
77
348
32
190
8
343
132
234
566
148
427
111
340
118
161
562
320
489
219
388
375
316
276
380
433
265
119
403
494
3
82
447
260
180
454
207
188
404
21
539
510
206
72
459
505
134
544
384
488
417
135
314
231
550
436
354
295
539
447
454
43
103
350
219
289
32
338
343
449
391
429
544
276
19
427
421
306
239
364
402
474
188
343
208
289
413
139
209
539
260
455
530
229
207
31
532
518
158
331
21
354
130
62
188
209
435
218
544
366
230
356
565
66
394
197
544
324
151
389
513
86
558
196
563
222
319
213
22
369
13
571
140
52
102
207
464
252
251
236
216
435
539
568
460
235
217
109
62
69
272
517
327
242
367
83
505
124
39
124
242
343
571
176
322
473
169
83
280
478
208
23
402
234
38
123
328
200
57
570
485
308
52
554
143
363
471
426
193
218
132
220
287
239
322
471
134
544
286
290
516
186
484
315
158
141
532
277
140
71
74
83
169
386
305
382
483
31
483
440
211
433
167
266
437
200
8
8
194
433
502
200
253
213
433
157
402
306
161
68
132
266
117
172
312
218
455
66
59
116
466
454
130
157
204
374
184
27
489
435
47
74
252
397
100
60
434
93
437
53
402
69
132
87
177
305
165
196
217
371
315
163
162
94
497
236
123
448
497
373
153
526
554
301
66
402
289
535
252
149
88
111
357
297
219
118
47
154
154
503
235
166
466
251
258
344
266
309
76
27
108
534
363
476
270
379
28
536
332
258
456
291
127
327
258
263
485
399
552
363
107
506
71
447
9
258
386
483
12
483
177
323
565
433
455
155
205
250
157
219
521
88
30
274
523
69
237
165
323
8
44
258
327
333
493
274
84
395
108
106
22
534
441
412
112
132
268
263
273
166
407
355
161
358
383
506
224
165
132
46
170
215
399
448
234
418
342
371
312
298
187
381
318
516
425
15
506
573
506
543
535
309
318
219
329
34
334
374
438
164
412
3
306
411
552
248
51
253
125
175
94
200
431
301
125
505
428
0
506
62
408
306
181
540
408
519
183
396
361
85
94
464
554
401
414
532
138
487
14
476
300
493
245
140
519
263
16
236
275
307
215
570
218
287
423
464
187
200
79
442
83
25
43
348
415
229
67
160
124
231
111
127
266
498
117
401
373
322
373
112
442
376
491
244
208
457
318
370
100
26
138
319
406
505
373
483
445
3
321
351
357
285
500
125
322
216
443
171
351
558
176
180
529
195
163
324
214
141
121
219
483
50
403
408
502
340
408
411
162
105
270
376
400
166
218
283
559
93
430
474
185
480
23
283
321
434
215
512
142
543
231
573
361
414
408
145
383
109
544
447
358
127
52
442
292
101
51
39
416
117
545
275
387
417
283
330
575
408
468
15
52
518
273
247
78
35
183
213
363
560
207
452
30
135
163
454
540
65
348
457
573
361
460
180
376
526
434
285
18
566
371
157
497
59
177
107
113
420
440
522
15
510
297
538
536
328
26
540
153
225
84
163
14
211
53
307
551
340
138
79
563
214
326
548
125
347
152
65
287
510
566
295
310
15
242
84
39
525
40
41
195
575
238
427
210
506
175
442
42
28
427
131
138
271
297
486
570
340
328
536
372
388
369
33
155
363
210
562
186
191
473
396
424
82
561
363
318
167
421
435
262
458
117
352
340
509
84
561
242
67
26
46
300
271
175
419
179
149
326
50
174
130
554
137
211
304
125
137
190
409
113
503
304
246
572
322
522
134
289
49
449
343
136
130
269
310
343
74
298
301
138
271
290
215
61
160
282
501
358
117
153
142
214
518
155
405
322
327
103
207
500
530
144
100
343
82
438
111
414
178
276
481
289
27
325
146
168
133
258
264
138
253
233
510
520
168
40
522
422
400
39
296
408
191
117
233
105
288
458
102
552
203
510
233
509
553
490
155
546
0
458
327
25
453
133
318
248
444
198
413
327
509
160
501
93
473
396
399
241
1
151
440
240
521
138
111
179
455
296
184
292
436
179
388
262
369
431
380
423
58
312
96
301
307
529
307
418
426
249
236
533
405
55
350
87
179
142
141
257
227
304
66
12
10
3
533
482
96
340
19
530
430
553
434
49
214
252
206
559
388
360
159
258
173
148
480
79
539
170
504
455
418
98
534
269
493
68
412
370
179
499
253
42
170
505
5
239
526
66
151
370
488
518
429
151
221
78
462
88
175
478
455
148
22
209
292
78
423
22
70
348
301
310
7
416
82
409
33
249
92
518
129
26
55
294
494
288
135
25
43
502
253
523
547
148
92
521
485
429
92
313
332
456
531
0
166
7
28
569
183
501
57
433
436
180
400
393
343
492
448
410
216
106
195
355
381
371
413
189
251
253
68
303
457
291
343
523
135
332
361
107
406
216
248
447
62
86
30
530
501
128
261
564
305
68
435
454
529
484
448
303
538
381
378
392
532
382
327
99
141
315
82
468
56
440
457
286
447
418
22
137
283
255
35
84
528
97
401
210
409
466
192
118
370
42
466
402
156
241
12
101
485
280
82
380
363
190
484
124
214
169
363
501
280
488
130
509
385
27
275
24
175
63
210
427
58
263
269
378
328
480
385
339
237
489
305
502
49
323
284
265
217
199
567
264
135
260
305
6
377
135
492
113
226
377
174
140
231
433
238
359
82
150
19
511
440
52
448
75
378
357
159
2
382
36
550
151
166
503
437
522
523
269
208
360
186
555
49
544
415
208
259
261
230
211
441
419
275
177
85
191
154
253
486
559
481
308
136
337
99
63
9
433
166
472
150
425
319
418
537
173
101
486
552
9
146
468
246
282
211
55
266
120
19
96
68
189
481
145
100
362
383
557
84
465
516
99
401
10
349
227
203
160
142
308
198
108
283
86
61
167
412
41
78
522
120
120
187
355
9
109
538
60
104
487
378
352
30
203
489
437
233
172
195
124
219
142
61
419
426
317
60
503
280
340
86
93
485
519
488
527
555
338
266
239
454
163
151
14
337
11
211
184
333
515
97
437
120
292
7
419
292
174
377
533
318
76
573
87
277
51
484
88
111
55
296
187
427
518
102
100
296
221
164
197
149
567
552
386
522
502
538
211
321
432
313
416
231
537
134
473
252
535
510
25
480
135
571
219
291
235
111
48
266
415
117
128
457
17
158
572
321
543
173
211
488
147
244
230
63
507
216
256
389
552
401
321
37
132
160
71
361
389
348
337
169
173
545
243
223
428
319
376
216
513
518
470
570
568
21
333
255
229
486
570
462
415
76
563
393
484
109
505
214
522
27
282
83
135
51
465
493
342
169
44
102
102
337
290
336
506
280
446
432
473
242
533
575
514
192
353
410
209
216
251
22
496
142
445
215
124
351
200
476
242
548
169
545
447
534
225
379
142
231
476
570
342
165
507
87
60
440
110
120
415
140
63
256
160
433
547
120
130
199
127
372
477
210
545
423
115
204
138
243
1
485
461
192
569
133
79
454
559
72
359
514
344
100
8
305
523
91
342
185
464
453
315
160
453
221
418
168
411
429
506
191
316
57
492
459
358
560
223
251
203
409
262
350
46
357
516
200
142
66
312
12
420
216
376
36
481
544
106
330
476
52
260
161
353
529
432
480
267
45
423
120
168
460
116
516
563
493
69
221
274
450
551
21
359
426
376
44
32
567
434
526
231
149
282
291
233
206
528
161
246
353
519
464
198
186
44
66
158
203
31
92
70
55
53
213
179
86
543
481
438
423
393
236
142
6
344
31
369
550
172
47
214
305
61
403
472
23
485
427
540
519
133
219
436
526
217
200
156
66
317
269
533
391
33
72
319
20
264
557
92
33
320
91
335
267
440
295
262
429
86
420
19
173
359
264
1
53
481
561
222
540
130
56
365
40
262
10
210
206
177
359
171
314
55
93
396
265
430
142
507
241
452
325
221
71
467
312
458
403
475
447
189
195
457
372
316
317
246
355
215
298
463
12
475
363
505
93
388
73
336
382
25
370
36
406
397
521
406
471
574
251
420
168
317
355
571
95
382
396
206
19
29
155
198
471
277
422
347
543
528
458
95
331
413
100
488
333
333
443
483
447
528
186
552
507
342
62
374
416
417
507
326
549
356
18
385
315
388
253
396
376
446
171
286
376
215
9
145
152
315
1
414
158
73
510
470
88
235
120
29
402
219
396
57
539
231
38
114
38
60
120
78
52
575
467
25
546
137
397
488
444
409
14
6
151
542
116
177
438
391
438
116
137
199
256
270
181
249
273
514
155
19
370
15
517
351
156
235
40
325
237
401
470
201
31
534
163
389
400
181
345
310
521
526
56
336
330
295
409
92
180
353
222
251
250
519
572
32
337
336
264
260
68
48
518
402
74
488
100
526
266
393
413
571
76
200
531
201
401
119
180
181
256
383
288
560
155
549
35
329
222
330
199
11
200
501
143
313
563
469
364
201
368
175
24
264
210
69
434
535
178
416
203
23
200
68
283
469
140
82
535
24
518
64
446
354
395
36
95
36
435
525
558
572
135
251
567
434
52
22
254
71
142
575
226
561
104
7
2
46
395
12
169
178
95
558
429
363
51
22
566
472
169
179
213
428
478
76
166
142
156
453
186
469
277
158
266
51
476
444
220
351
18
488
535
444
545
541
48
381
520
553
167
42
345
545
0
567
364
446
387
156
359
371
238
459
532
211
444
213
241
13
33
126
329
84
565
445
324
539
171
295
172
85
256
504
528
186
137
276
234
343
77
428
490
27
463
108
186
178
331
363
171
543
192
368
566
53
168
51
331
417
254
313
566
28
289
547
367
277
553
22
74
248
504
264
477
363
315
565
414
535
507
550
507
359
383
268
440
1
262
447
114
374
263
491
404
551
160
474
132
116
383
74
383
573
390
116
196
519
552
2
102
44
308
271
175
398
300
382
14
468
317
201
113
55
554
140
486
335
13
248
503
376
556
215
390
101
176
530
464
5
116
211
141
412
358
485
566
531
186
130
468
390
531
349
263
112
397
543
514
178
402
61
194
297
463
263
278
394
406
370
352
64
308
568
515
462
563
472
342
390
273
391
38
158
25
36
46
129
422
155
125
373
307
463
326
209
0
555
427
310
270
141
547
270
260
535
178
135
473
207
436
424
201
446
560
538
209
317
269
145
115
217
533
44
484
552
242
121
316
196
49
108
532
575
55
325
368
515
457
405
324
502
159
61
554
344
249
38
303
531
386
77
204
411
281
373
271
342
68
497
212
477
179
119
342
218
218
488
251
562
260
567
293
311
520
378
333
536
284
394
181
254
505
383
267
398
574
358
129
50
171
6
358
323
503
109
141
445
407
473
527
487
533
93
291
516
324
204
93
552
114
491
417
293
156
351
242
424
361
547
470
87
279
123
491
355
529
495
163
330
81
95
156
535
76
10
191
504
269
219
269
464
572
291
499
220
338
545
496
93
0
268
520
104
122
323
437
379
93
417
348
475
109
186
368
379
567
227
570
462
156
41
520
271
335
78
199
10
465
398
470
30
169
284
22
173
32
182
3
271
64
571
401
342
27
288
215
431
300
329
573
401
439
294
288
47
145
447
308
311
534
543
156
417
399
278
120
146
80
37
503
5
311
474
319
22
215
384
181
41
156
103
146
448
273
552
101
295
462
407
170
355
476
482
345
191
42
360
457
266
184
352
10
240
444
511
73
156
274
302
424
473
124
14
281
392
525
313
292
212
495
399
553
510
250
491
52
267
490
230
472
515
250
285
448
270
310
59
342
82
200
538
117
488
148
356
356
280
553
86
109
476
165
500
305
401
50
155
135
493
553
412
196
58
563
202
197
73
106
196
124
520
96
310
3
294
452
122
415
279
242
129
140
48
204
461
413
409
1
243
108
485
365
20
425
477
475
5
239
565
126
204
10
70
52
330
465
534
37
122
259
447
515
174
96
464
544
213
67
121
514
509
10
372
319
415
517
348
424
13
317
534
24
351
301
163
81
563
108
534
511
427
152
15
67
297
317
214
330
1
420
278
89
460
415
25
115
469
413
536
204
283
184
518
292
81
42
480
298
193
477
179
19
387
298
146
42
479
489
278
326
258
144
503
545
348
325
159
88
447
91
106
432
134
97
347
121
363
148
153
344
33
498
126
151
224
287
150
365
81
527
264
0
458
148
421
281
460
78
354
514
135
459
374
274
365
413
201
346
165
184
558
479
100
161
231
425
328
243
568
496
14
208
169
165
335
319
316
462
176
69
122
421
85
20
504
250
26
441
17
372
353
111
59
366
222
339
536
403
17
78
476
52
305
169
141
240
284
410
48
455
50
464
29
200
220
415
552
546
398
262
471
387
78
171
492
118
165
197
431
27
45
19
530
299
492
66
403
238
304
387
153
10
143
160
446
226
284
150
181
143
269
299
116
199
414
74
334
66
151
266
251
302
257
359
132
530
123
425
147
85
305
43
5
28
189
390
287
42
285
484
409
481
359
254
499
275
465
380
398
82
150
485
103
481
295
306
357
77
366
113
127
368
539
57
267
326
111
136
87
387
16
24
344
199
439
91
359
460
22
357
317
67
103
497
498
199
431
259
286
295
363
132
46
374
177
219
512
311
485
451
340
58
485
128
566
320
525
193
159
8
115
184
295
523
546
158
381
179
545
328
288
41
74
538
442
204
514
43
460
13
512
9
269
273
29
325
96
549
496
440
452
396
256
457
334
178
453
150
105
559
567
431
525
8
340
125
133
135
342
451
524
527
569
230
176
13
104
484
523
348
559
285
539
187
310
288
442
210
180
117
398
187
243
159
212
114
476
297
364
342
100
250
292
440
436
267
372
76
58
25
409
244
244
498
52
372
249
378
267
461
479
413
271
348
300
340
67
178
390
5
18
453
249
342
291
483
109
268
365
271
228
450
201
325
490
283
291
108
465
250
17
427
264
474
142
177
488
283
70
379
122
189
424
490
158
445
74
136
510
291
24
215
132
547
371
511
439
439
548
317
480
524
104
204
322
454
439
513
283
371
165
191
18
465
189
10
379
543
68
127
275
9
79
492
25
178
30
286
136
485
270
455
140
24
156
174
78
324
402
398
212
506
436
179
420
208
260
41
365
201
495
497
242
166
177
492
230
363
283
325
509
216
271
558
8
558
483
362
248
529
284
566
499
85
117
238
466
435
165
31
327
565
299
228
483
260
283
215
327
337
423
35
45
306
388
340
121
551
331
212
87
98
554
204
294
201
208
152
281
16
319
77
452
346
143
24
129
272
88
185
357
259
248
71
575
129
294
294
429
566
119
98
229
230
188
350
459
204
436
395
337
3
255
331
346
79
257
304
340
233
480
548
103
513
180
76
269
212
16
405
24
309
108
222
339
12
367
279
76
35
6
200
474
331
402
85
462
198
294
574
469
12
382
556
395
409
231
267
167
435
222
101
93
388
379
249
230
221
230
19
201
498
31
187
152
378
233
123
360
69
26
337
143
516
144
303
274
200
300
475
550
133
210
554
423
306
118
432
521
515
503
235
424
342
404
267
26
57
202
194
360
143
264
520
213
112
326
429
196
466
274
431
276
435
375
375
388
232
98
0
446
478
444
480
127
183
522
211
538
126
198
6
276
266
30
335
496
125
329
112
260
444
223
199
319
162
422
299
330
259
68
503
368
335
328
288
30
539
148
249
368
112
306
129
495
477
328
538
535
557
107
281
394
350
336
184
323
71
132
408
394
557
494
18
220
92
250
101
538
154
76
337
57
289
129
101
223
490
131
398
180
76
280
62
532
238
457
561
105
0
242
487
457
67
503
221
181
10
192
558
459
251
50
354
286
566
432
124
551
534
377
294
60
128
394
206
119
465
277
514
510
283
32
438
160
535
345
316
137
510
32
80
387
93
464
206
394
244
574
244
558
250
262
340
545
4
325
208
95
138
465
409
293
337
133
108
172
217
280
76
516
67
337
213
192
32
494
180
126
147
324
184
384
423
566
495
243
50
417
306
0
50
10
174
480
468
21
166
340
31
143
442
539
34
310
289
472
560
44
480
497
13
24
95
239
293
53
118
225
505
217
446
507
106
501
329
398
561
429
567
178
390
121
85
412
288
524
491
23
47
380
72
175
341
162
19
275
307
223
502
161
61
553
167
430
468
152
340
315
71
319
5
41
485
349
292
376
564
35
513
349
380
261
242
192
208
213
322
192
292
521
294
398
538
328
188
4
538
285
195
38
6
303
329
372
531
246
39
534
340
519
370
388
498
117
238
329
373
174
128
280
313
275
92
393
128
77
385
135
208
292
534
42
164
447
319
519
51
61
124
236
156
478
115
322
388
336
424
76
315
357
82
424
531
369
298
210
45
572
110
73
12
290
536
550
131
378
331
336
464
117
114
535
378
434
108
349
288
380
565
372
408
520
3
565
153
418
528
139
292
449
543
566
280
489
215
50
339
125
262
400
2
425
413
506
346
166
315
49
308
369
465
302
278
45
513
52
422
393
465
206
162
238
212
285
344
75
139
427
206
405
215
262
374
79
536
36
207
230
279
549
389
393
566
79
192
133
73
501
167
495
226
195
305
441
13
297
318
384
222
15
306
57
402
149
549
488
362
381
305
569
535
84
13
293
166
512
19
397
128
295
403
451
336
49
500
376
493
397
293
254
370
112
384
412
275
295
60
137
208
497
33
59
537
505
238
460
402
155
374
238
186
377
153
357
358
45
463
425
75
366
379
391
574
69
215
498
121
536
400
51
276
161
83
6
515
366
329
361
261
424
511
112
320
157
424
239
315
374
574
57
395
73
308
37
320
84
553
20
404
476
293
560
343
532
263
569
300
519
384
142
553
84
424
383
363
200
12
140
497
402
343
79
69
386
230
267
29
559
150
343
492
359
519
222
147
156
20
97
493
178
26
200
169
132
531
489
343
14
113
268
301
158
266
410
473
34
544
94
368
285
281
574
126
330
115
109
99
344
378
318
391
389
217
29
280
31
533
460
356
388
394
506
384
89
447
209
191
339
326
475
127
148
156
234
175
180
251
186
545
231
360
98
564
547
258
276
63
335
59
476
111
333
210
469
569
452
131
434
216
529
444
460
464
122
415
59
248
333
121
402
6
403
225
109
308
516
320
436
175
571
432
531
15
98
550
551
471
122
44
104
216
464
167
145
88
408
294
171
143
264
418
447
200
218
157
59
464
125
441
295
465
447
28
533
122
293
288
42
224
156
67
290
36
164
355
54
224
92
511
49
346
157
10
191
133
546
161
156
145
260
369
125
522
306
142
513
82
405
127
126
465
458
563
268
10
442
327
280
131
302
543
450
483
41
339
353
287
159
96
476
265
220
339
347
250
89
375
423
450
116
133
110
60
415
299
82
285
539
565
288
282
121
427
132
296
284
418
427
34
397
243
46
49
166
462
499
41
272
532
26
359
538
192
476
142
430
212
74
451
258
33
132
361
172
226
392
98
381
262
220
224
363
502
106
451
566
12
145
457
39
156
177
498
89
159
297
29
546
429
574
570
40
151
40
465
245
491
361
341
333
515
457
199
420
284
25
236
176
561
453
178
135
218
94
242
6
368
33
105
490
89
176
290
475
185
209
151
197
345
432
380
139
368
159
239
242
89
74
433
383
529
159
359
43
75
351
368
322
249
339
379
354
225
66
375
203
39
30
561
25
271
543
538
319
273
51
61
172
30
399
104
136
150
83
419
128
519
396
546
497
71
297
475
521
325
166
511
573
550
372
549
318
429
118
428
354
351
268
100
469
194
84
102
453
178
415
433
164
61
317
379
70
9
12
14
67
84
252
384
100
264
116
514
565
440
444
284
521
228
282
78
106
561
214
208
209
528
301
430
107
295
103
508
430
216
155
404
489
409
501
43
485
21
6
401
466
301
123
562
165
529
254
107
565
128
248
495
225
350
527
53
439
122
515
358
84
318
565
492
309
410
71
256
527
547
162
324
168
463
467
508
66
469
407
449
490
103
297
481
492
255
310
283
359
57
121
554
306
55
73
144
335
330
99
290
353
295
426
252
159
22
450
91
479
444
49
384
61
504
53
420
222
368
68
79
175
25
545
478
391
571
54
32
372
185
300
48
4
418
173
265
568
181
135
56
50
359
512
264
536
176
220
356
388
152
326
326
8
234
378
554
407
512
90
402
521
103
168
369
239
479
428
559
226
1
295
105
38
223
351
208
179
204
380
74
482
219
376
200
130
49
287
155
17
356
563
26
179
214
113
309
38
368
550
177
299
378
151
21
365
569
370
233
31
396
542
470
23
268
317
402
32
129
82
122
562
570
138
11
341
495
348
234
357
515
202
421
378
249
500
180
312
269
91
574
151
489
208
500
325
496
506
58
413
436
390
264
442
427
447
200
316
562
193
348
450
140
533
151
446
194
348
94
452
425
456
23
479
290
458
526
55
302
290
132
99
152
93
365
249
506
380
561
361
48
186
110
397
182
72
377
123
195
330
421
397
65
312
86
21
465
192
571
121
285
253
38
425
236
433
192
468
262
545
529
160
148
23
87
348
334
310
407
275
113
163
82
223
252
458
110
457
251
22
0
456
192
82
223
328
456
554
369
491
220
491
369
393
393
235
256
222
444
335
564
284
308
359
258
80
207
34
428
383
244
537
36
385
157
298
523
475
402
331
364
265
314
439
250
555
315
373
194
46
14
318
129
349
222
284
75
139
528
94
46
402
43
519
483
496
391
443
222
497
537
359
125
121
92
82
331
32
99
347
53
327
354
367
539
269
332
148
48
337
184
265
413
251
495
531
361
250
253
545
287
377
200
80
65
117
529
487
388
145
181
81
369
380
227
528
362
499
196
488
99
531
271
529
360
31
444
92
129
549
532
367
472
301
395
123
528
0
249
192
192
234
22
386
435
89
184
380
302
165
130
231
462
439
164
472
235
221
508
325
257
496
87
91
384
61
399
276
250
342
567
86
488
488
205
515
11
39
549
512
435
536
91
201
179
147
192
49
173
255
27
490
567
461
258
17
381
365
318
77
465
404
169
182
545
439
356
20
469
384
19
243
323
216
499
230
138
24
519
429
129
102
355
381
492
291
352
1
148
20
458
253
528
113
98
515
286
169
8
216
49
521
310
37
429
425
65
239
114
369
51
263
495
529
164
97
554
407
226
154
83
177
175
25
49
130
45
186
309
3
126
163
328
270
561
1
158
462
111
310
534
187
509
321
58
141
187
86
276
274
55
223
244
165
360
469
223
51
322
538
327
312
344
392
484
44
329
249
471
307
208
195
294
55
431
430
442
400
397
161
141
182
212
168
527
128
11
355
249
107
360
352
288
118
308
80
129
549
545
28
134
18
97
210
81
414
313
432
70
190
368
547
561
332
51
126
456
237
341
297
107
28
152
187
502
205
430
109
313
544
534
433
191
317
504
346
135
552
169
59
318
89
318
446
509
113
208
551
148
81
316
263
432
492
201
302
373
277
235
469
252
234
105
152
83
254
547
178
386
472
223
219
567
254
85
14
572
476
64
93
394
559
405
39
47
292
432
67
551
201
458
202
89
173
39
179
438
503
212
355
145
64
174
273
535
322
78
153
225
134
169
113
526
433
390
27
12
317
148
507
461
80
472
82
87
200
397
381
545
234
246
157
443
471
70
125
38
61
388
292
359
294
538
407
13
528
299
562
154
52
251
312
222
504
483
184
509
33
167
493
39
288
523
454
17
148
51
217
227
45
110
151
155
492
77
112
274
99
303
33
523
301
284
447
319
130
107
392
380
214
277
564
467
198
57
380
557
155
199
552
218
369
147
222
415
326
404
490
287
13
538
415
252
512
227
359
113
145
305
207
492
449
466
37
564
496
227
449
221
546
310
326
234
273
285
194
369
455
544
348
54
87
235
419
329
221
9
482
170
297
53
567
154
291
382
93
66
359
162
37
209
487
27
438
453
343
443
165
571
107
486
547
47
196
380
119
547
222
374
484
287
169
544
38
198
66
218
304
220
362
138
88
393
487
42
310
251
421
417
53
191
110
489
329
484
528
567
222
162
331
547
183
569
170
66
296
359
466
66
436
348
302
393
511
363
199
396
449
32
487
394
450
299
38
209
119
43
400
70
143
71
262
237
173
419
168
415
499
139
291
26
572
483
567
365
217
520
65
134
134
458
295
566
102
349
240
473
458
135
55
368
248
206
82
481
320
189
308
356
333
203
446
90
351
310
153
174
197
54
528
356
374
567
544
357
161
43
81
275
5
379
478
449
133
80
412
466
33
457
48
465
15
104
538
339
520
521
170
125
132
166
566
526
473
71
334
80
266
519
123
263
295
437
410
80
447
3
126
191
494
88
289
451
451
426
519
567
101
568
96
7
298
420
416
123
200
235
412
216
297
415
410
32
134
300
575
474
451
446
359
217
95
431
51
567
275
220
123
536
558
456
503
461
436
235
366
471
459
323
83
101
558
81
224
295
565
281
503
310
521
394
329
410
236
319
474
142
539
207
144
37
165
461
284
522
444
90
113
8
539
498
447
364
461
568
112
212
386
492
304
536
86
179
322
294
171
287
159
408
445
109
3
431
459
537
112
239
176
61
109
479
141
166
447
520
178
188
40
50
477
465
104
299
359
342
398
128
395
553
110
359
25
300
415
548
43
141
370
432
519
34
230
563
334
118
150
489
230
415
519
371
223
454
86
342
27
456
161
562
143
182
319
552
39
339
315
241
539
479
84
77
358
432
98
144
539
434
529
90
108
107
159
187
446
415
217
494
362
74
293
503
267
74
50
281
311
393
178
179
344
12
27
378
318
489
269
257
31
508
372
521
415
79
208
7
417
495
417
365
390
565
19
439
547
196
122
231
270
451
308
81
101
223
207
27
555
484
65
308
438
234
486
158
104
315
88
360
420
421
245
178
208
214
166
67
149
1
199
364
138
67
27
520
412
525
571
94
406
98
162
322
48
29
252
238
152
38
326
252
385
357
273
0
520
189
521
494
362
78
74
434
212
460
241
417
517
199
89
270
207
208
95
324
258
199
181
342
335
509
88
174
141
38
425
568
358
358
146
198
416
200
533
192
225
381
389
405
146
93
320
389
242
29
530
475
568
239
68
3
25
257
358
555
108
18
483
357
491
466
121
265
23
565
339
104
204
447
9
471
449
234
29
208
9
225
531
278
227
224
362
35
200
87
473
482
400
555
520
91
151
313
287
80
524
420
477
495
106
430
527
204
141
457
489
61
90
69
450
89
448
165
112
92
189
144
528
61
336
100
12
261
328
143
273
212
413
383
292
444
274
123
474
325
83
111
270
13
397
121
433
346
316
575
382
469
416
239
240
60
308
191
416
223
47
441
91
482
461
56
20
528
524
181
280
574
390
367
280
269
20
241
521
561
76
67
505
148
557
315
320
335
28
419
287
350
61
405
40
479
448
274
257
490
210
372
331
461
72
173
36
331
396
501
120
238
318
214
240
145
479
312
270
359
87
327
271
312
229
169
208
145
105
208
304
126
474
44
134
288
119
170
568
384
146
400
435
521
30
117
444
441
305
482
408
476
229
182
160
490
206
27
574
345
418
45
363
365
66
211
422
446
405
389
427
469
344
175
358
538
214
20
237
39
552
390
523
89
55
495
474
430
35
555
23
315
159
2
23
324
487
393
352
160
71
259
257
337
554
31
470
31
302
240
227
160
239
125
427
127
371
519
347
75
127
191
302
148
304
355
204
532
95
512
99
312
63
285
524
287
14
204
505
553
142
133
464
44
510
63
290
352
8
256
186
477
285
161
358
399
254
156
280
374
574
133
36
20
58
404
441
231
420
49
143
14
319
422
169
231
160
125
305
168
425
102
485
480
208
108
118
176
358
72
84
178
543
350
204
179
496
62
33
165
520
294
131
415
484
516
456
390
285
374
401
204
385
102
344
299
332
393
457
528
48
245
568
440
257
516
113
203
69
535
196
165
384
383
288
342
80
349
247
151
349
62
337
572
169
297
466
93
76
34
424
388
418
42
183
543
51
212
68
465
538
403
406
306
51
96
50
101
306
66
488
108
265
144
195
258
36
27
517
16
422
534
190
151
401
458
118
8
426
433
566
85
292
195
104
514
244
567
373
81
6
5
561
74
540
466
451
195
519
10
433
216
126
366
560
258
371
22
5
65
545
195
33
228
359
105
42
427
393
465
305
47
50
216
115
412
414
244
510
480
57
113
552
536
308
518
323
358
414
562
466
245
361
190
196
452
113
20
396
399
8
410
516
92
277
409
263
323
501
557
564
491
160
113
557
428
381
286
184
289
487
62
140
113
189
313
388
560
360
224
52
27
565
131
246
183
124
367
315
392
414
560
123
158
530
393
321
65
515
410
360
357
209
530
170
430
458
439
483
112
266
209
275
542
350
10
433
235
414
486
317
406
541
370
242
392
106
368
218
533
252
78
441
233
200
541
513
60
341
95
491
499
199
477
18
542
277
147
305
258
128
256
323
147
254
368
99
292
251
406
37
487
543
382
440
513
267
483
514
443
472
554
20
492
193
384
272
305
417
99
329
487
436
289
386
293
20
92
532
14
146
270
501
521
479
305
240
393
400
181
200
292
46
333
123
167
534
153
16
507
87
560
2
455
55
237
295
270
237
506
473
207
59
181
286
237
346
365
436
547
258
332
16
344
250
17
459
516
269
417
81
300
91
210
553
17
12
571
72
240
307
205
538
94
288
31
499
390
316
204
573
103
315
224
482
435
350
424
109
227
63
223
184
328
502
182
234
573
387
6
70
384
387
251
270
114
473
222
538
557
568
415
506
216
15
375
78
446
564
563
574
295
157
480
499
141
279
469
300
261
368
455
470
532
551
156
549
113
542
472
231
403
92
104
208
408
429
137
427
287
457
279
135
490
9
116
429
22
442
201
439
56
283
563
197
429
359
509
505
242
182
333
127
1
209
168
223
141
197
437
254
6
10
424
176
15
55
170
562
419
317
470
422
445
306
77
250
535
496
52
557
470
282
407
227
241
78
253
251
42
475
81
351
485
140
195
229
21
549
318
204
486
482
339
381
42
301
563
189
509
330
399
452
484
137
287
63
184
151
38
140
203
439
82
558
333
305
256
121
264
344
381
327
528
407
256
183
385
156
251
504
356
157
223
558
182
3
434
72
426
10
335
269
287
303
562
346
481
472
184
358
392
216
82
282
421
220
325
399
212
291
150
100
218
567
207
209
400
387
360
296
32
133
78
184
519
558
540
380
260
207
280
561
9
388
46
264
291
83
62
334
53
234
291
238
305
233
199
293
181
455
242
185
205
208
415
83
344
84
269
85
68
469
55
41
77
125
451
353
265
366
21
308
343
403
164
219
408
34
557
27
270
235
408
539
498
312
73
552
341
225
167
267
508
210
463
449
161
234
332
311
548
476
483
303
517
161
132
232
545
229
534
371
159
81
362
286
202
432
422
508
135
312
11
469
527
3
140
160
107
225
197
57
197
101
267
508
5
211
211
393
104
6
355
399
223
229
2
160
447
380
568
74
311
551
257
402
161
221
569
552
397
51
167
402
293
373
107
568
152
278
360
215
361
358
203
96
338
167
99
519
27
430
52
237
267
366
87
40
25
185
111
471
381
277
197
34
291
271
440
187
155
252
229
141
552
341
119
391
51
508
321
525
185
66
552
359
426
73
267
201
439
536
74
204
46
13
327
330
112
144
262
44
425
84
187
57
308
182
64
108
430
311
400
519
183
144
497
480
60
530
378
232
561
318
160
385
96
121
23
170
208
116
8
382
131
253
74
23
266
266
346
254
97
159
494
567
111
86
17
91
369
445
88
397
508
462
492
368
199
499
110
148
397
105
255
328
97
531
382
165
362
391
158
449
211
522
105
184
293
135
437
543
115
88
301
40
514
191
494
17
201
156
196
217
165
362
71
348
366
291
281
189
96
497
573
68
477
76
329
410
551
397
468
147
346
150
141
53
84
414
417
422
195
544
216
150
151
562
272
99
216
391
91
161
562
60
199
562
570
532
204
140
30
366
34
412
238
542
470
417
170
45
430
147
240
261
193
289
316
136
446
29
160
487
455
572
279
193
80
315
247
81
541
9
541
395
30
446
501
522
44
364
415
84
301
433
344
418
534
220
514
334
288
313
230
53
467
561
331
307
184
449
46
93
565
459
244
77
338
121
403
162
436
305
8
261
559
150
203
171
235
115
134
290
303
271
435
489
381
336
200
138
473
24
207
88
66
140
0
69
151
481
84
40
69
112
406
296
24
271
232
279
460
297
230
398
120
380
307
74
253
474
370
365
481
47
412
539
318
267
494
198
326
543
230
63
143
151
526
439
40
293
244
492
200
290
24
32
172
2
518
206
566
518
393
319
344
425
3
45
220
492
96
262
382
352
133
340
321
312
236
513
16
22
472
4
60
16
430
529
298
253
46
330
201
569
470
201
307
351
135
60
382
172
220
252
297
10
432
131
292
4
97
193
394
395
501
382
274
234
171
246
289
491
559
64
60
453
171
150
324
53
403
530
9
53
225
66
322
567
163
163
176
163
170
362
194
412
137
360
359
297
346
557
262
195
468
499
74
291
42
535
221
322
480
255
115
17
476
435
379
66
54
89
124
448
476
272
58
162
348
431
42
71
239
170
388
48
183
212
61
44
220
560
62
191
322
313
425
102
148
491
327
30
62
453
562
344
491
355
46
572
163
392
20
559
80
122
476
275
193
215
338
335
174
95
357
175
453
416
527
522
152
457
380
572
278
431
348
303
83
150
516
450
454
68
385
410
350
334
342
267
194
292
537
252
255
228
231
284
158
46
146
571
340
80
116
8
334
2
494
321
532
280
370
537
331
336
278
3
380
8
50
347
472
280
518
275
265
231
556
42
432
362
428
16
231
151
569
307
165
97
365
189
247
365
144
376
228
261
560
139
537
340
63
570
554
482
159
385
262
383
303
144
370
274
305
233
534
507
270
276
56
72
68
96
24
199
557
175
427
407
192
303
179
104
347
554
262
173
49
546
151
154
205
274
388
130
156
474
292
479
79
542
251
46
492
479
355
230
206
19
303
197
155
533
180
353
284
460
426
472
76
394
210
391
102
317
460
406
40
493
412
383
325
215
196
91
246
216
224
388
568
339
460
351
367
384
248
193
53
149
415
71
491
493
554
352
93
269
373
352
339
89
382
558
268
183
499
514
388
129
104
442
310
150
516
195
207
73
384
185
531
486
546
370
453
452
36
42
492
484
444
541
282
316
529
175
516
202
373
168
322
367
131
181
240
198
533
199
143
571
42
467
423
507
521
75
405
47
439
9
532
192
275
207
492
288
264
497
191
91
511
483
188
477
200
221
569
5
10
244
453
207
115
359
198
312
499
532
443
29
78
241
65
259
85
536
349
219
375
305
271
59
349
207
171
67
127
238
180
497
381
541
481
486
19
329
322
277
159
472
284
319
214
442
106
347
287
549
131
238
245
465
451
472
24
114
171
95
47
125
314
207
27
0
60
574
472
322
347
351
167
104
334
360
16
541
223
369
257
238
324
220
545
360
133
154
230
15
104
337
285
495
248
176
202
202
184
466
317
95
454
569
74
96
152
337
323
328
419
479
155
74
487
201
436
112
398
381
34
411
476
171
505
371
71
427
217
180
324
216
121
17
431
568
393
485
333
433
239
339
417
127
213
511
208
19
111
571
35
55
191
263
259
121
120
130
338
184
288
259
362
428
430
497
109
326
394
0
403
182
132
387
172
507
187
242
97
80
64
342
527
108
434
296
65
559
355
88
332
62
403
361
282
528
15
488
160
118
523
381
381
361
382
75
475
238
28
145
178
509
264
314
490
566
99
19
145
401
528
24
153
226
493
220
169
452
113
169
46
361
140
401
385
264
68
171
33
10
512
503
321
447
479
110
321
70
160
511
421
417
387
122
257
498
220
512
33
414
526
568
2
146
6
574
293
528
311
561
319
216
561
180
249
148
571
189
179
298
465
248
160
330
122
228
221
31
18
80
62
49
319
94
253
59
558
6
293
466
428
249
315
241
574
503
72
403
388
444
460
196
463
145
262
557
447
378
264
344
393
52
190
285
139
566
333
288
256
228
172
129
388
399
98
229
211
550
59
55
132
481
106
472
59
196
238
9
372
131
191
131
97
29
67
479
231
159
142
21
314
562
534
156
464
260
409
189
255
271
157
276
77
169
220
450
7
108
379
249
287
124
23
508
232
444
138
174
198
320
370
530
147
413
524
256
233
493
341
95
483
330
68
456
125
100
253
524
16
434
95
464
523
159
564
247
465
483
223
6
98
529
314
177
372
347
222
228
17
171
329
562
561
286
498
211
202
482
388
182
510
497
191
273
223
361
418
142
434
393
248
461
286
87
152
98
27
404
490
425
185
140
553
385
139
430
485
249
532
214
179
202
202
330
518
188
539
389
458
222
402
458
397
257
116
421
329
491
170
425
182
524
296
7
424
268
7
145
99
346
423
451
211
297
444
399
69
550
530
499
154
106
33
568
58
217
330
118
553
554
246
488
347
81
100
530
150
417
292
49
281
435
105
126
29
553
159
475
394
488
557
312
271
243
44
82
131
8
105
344
2
160
464
373
517
98
79
139
193
224
335
4
105
343
423
186
256
78
542
348
465
497
295
216
326
530
74
257
45
368
75
449
320
435
211
39
246
41
270
322
293
448
211
120
484
105
326
303
345
382
366
359
546
216
257
553
168
503
419
262
524
199
456
219
265
39
209
54
182
121
370
386
150
29
257
269
191
245
321
522
317
489
244
362
357
159
25
551
8
533
398
95
130
289
341
92
17
187
350
486
534
483
475
336
458
451
282
216
452
323
130
49
71
74
32
393
37
203
546
572
222
298
246
573
486
122
305
433
208
534
467
438
22
293
279
248
122
385
120
115
190
193
311
395
385
22
67
95
289
68
42
352
439
190
205
321
41
73
98
187
368
429
322
551
378
64
460
272
110
393
156
285
113
130
272
385
319
289
319
222
25
452
193
319
35
21
280
332
37
195
518
386
485
83
465
280
489
29
553
346
459
61
309
317
497
37
191
419
469
117
70
77
243
35
292
68
404
341
550
300
422
570
139
364
451
16
133
108
173
37
367
292
61
309
401
322
55
126
334
240
344
87
404
344
291
192
87
543
359
452
173
56
1
77
159
417
551
15
64
451
494
420
270
526
253
352
312
325
219
402
541
247
263
72
251
309
501
6
4
464
344
53
459
25
270
27
228
267
80
61
419
263
74
244
154
31
455
182
545
388
321
451
470
270
210
371
220
504
8
452
18
283
210
427
123
305
518
427
244
395
558
105
459
343
397
473
382
568
155
395
96
570
540
506
302
325
154
247
505
421
206
463
321
100
372
242
458
180
127
201
65
568
274
78
263
325
466
452
128
139
87
550
282
473
137
466
154
430
7
434
30
350
459
123
175
133
292
53
141
380
245
90
575
233
23
129
247
249
246
12
254
254
145
294
485
141
575
406
560
126
361
299
221
32
247
472
189
520
158
91
26
136
273
314
300
99
195
521
227
172
314
450
70
268
156
341
440
539
367
70
416
393
32
482
139
149
271
156
526
238
268
440
139
548
140
120
567
378
406
478
273
504
231
184
361
214
304
451
530
136
187
373
229
567
82
299
163
22
527
354
263
397
450
410
397
362
371
568
349
396
379
297
415
108
355
4
146
414
250
190
157
503
263
82
277
349
73
97
474
386
89
25
21
232
50
485
235
541
142
434
146
246
83
360
187
243
571
414
63
540
354
296
400
247
242
145
366
205
325
423
410
193
44
450
402
131
68
493
38
472
527
356
173
414
502
403
107
369
363
281
74
527
196
241
494
216
281
26
234
526
299
284
212
313
539
376
418
12
262
382
315
162
465
231
536
200
373
574
473
226
11
450
190
212
133
364
116
494
147
464
462
44
505
128
361
342
157
79
543
551
185
364
485
300
11
201
555
234
415
570
100
259
485
102
165
312
158
517
473
161
381
158
300
225
245
52
131
193
388
268
489
268
251
531
252
32
315
336
211
4
562
283
90
202
158
53
48
368
61
84
574
357
250
37
380
564
56
59
463
214
449
348
352
283
243
113
555
260
203
322
562
107
296
213
417
565
386
242
480
299
93
450
30
502
566
315
48
247
528
278
419
18
410
502
97
453
258
496
167
393
464
437
92
211
485
331
198
167
387
501
547
244
569
317
202
492
66
247
572
570
68
144
194
487
355
339
242
232
17
183
544
500
157
554
136
260
101
320
544
441
522
212
379
484
519
394
85
564
488
3
525
174
9
197
59
420
247
568
386
214
496
414
273
131
372
504
547
214
144
104
181
189
280
116
243
69
165
346
432
177
1
292
8
60
184
488
384
560
210
289
555
560
140
331
263
427
249
138
138
532
309
311
245
249
181
2
472
427
515
406
347
558
186
362
30
404
445
320
31
163
454
570
343
519
30
164
502
206
115
162
265
368
492
381
468
189
372
555
344
258
319
322
78
50
516
339
502
280
69
231
85
92
74
362
547
275
414
311
355
270
545
536
96
284
499
80
501
132
454
282
313
283
351
352
90
533
202
399
441
234
492
213
40
80
467
394
181
256
531
293
253
163
278
355
572
155
192
516
519
515
132
249
384
62
455
182
294
265
323
344
304
118
179
498
435
169
278
473
543
352
424
131
254
526
176
155
122
274
225
132
386
391
417
397
285
349
238
10
445
290
449
495
204
423
18
280
546
316
503
390
539
370
252
319
220
359
38
323
46
252
6
269
282
126
363
196
560
414
350
369
278
532
212
348
511
156
356
292
34
414
467
488
516
41
388
436
450
345
222
335
92
278
16
169
430
571
278
142
552
572
12
142
283
79
40
441
118
18
564
71
376
488
444
210
466
421
16
374
142
367
464
209
558
128
542
240
128
3
388
369
379
210
145
251
518
371
362
85
391
554
201
352
552
431
77
380
158
534
483
95
476
154
118
238
132
490
44
398
154
558
54
454
209
99
330
561
360
19
514
95
436
407
323
370
166
451
509
12
196
496
205
199
454
564
113
184
108
336
16
417
95
39
64
269
64
377
294
142
182
172
31
306
137
223
418
279
334
565
124
398
413
30
495
383
566
416
453
62
292
228
235
261
225
343
224
203
291
243
58
185
423
549
280
458
146
187
220
349
444
98
48
257
282
12
79
558
0
388
409
74
16
233
79
419
468
44
530
416
187
77
541
273
4
134
496
532
170
413
481
225
504
152
496
146
91
490
377
337
74
261
327
307
37
343
259
553
484
326
108
315
134
413
276
423
135
204
546
192
8
356
319
431
267
172
281
283
437
34
459
267
111
538
546
295
454
98
341
267
232
359
381
482
396
248
350
395
147
423
496
331
156
263
316
295
441
164
360
91
42
356
402
148
445
435
147
272
393
509
164
106
424
508
338
89
565
214
298
308
129
26
552
316
62
104
339
74
489
387
78
416
66
81
276
177
310
304
272
86
448
138
98
331
546
401
513
81
546
288
94
213
307
508
541
65
458
189
313
292
440
139
11
135
16
398
226
534
524
379
78
204
426
403
460
476
19
190
474
444
551
537
301
42
176
307
185
457
391
170
318
508
256
400
535
388
530
23
307
397
348
99
197
175
390
396
496
346
353
546
263
176
556
431
226
547
491
368
551
126
377
545
303
227
240
366
17
139
290
142
11
406
142
460
213
356
318
379
508
139
342
307
166
555
189
145
13
552
284
314
112
78
378
106
297
100
188
359
573
458
373
207
447
227
192
430
3
22
572
37
301
133
337
452
121
379
316
395
229
432
350
342
493
292
378
40
233
299
159
241
36
26
329
135
138
471
472
467
118
205
459
195
14
319
327
176
152
539
228
326
437
528
331
120
430
5
534
141
319
163
424
3
214
106
242
86
234
455
275
322
199
43
9
319
410
499
461
305
565
86
410
299
556
26
94
117
527
455
393
350
427
254
511
405
339
573
16
508
225
292
61
234
92
114
147
370
120
474
180
459
375
273
537
264
374
319
274
263
381
87
406
306
406
499
568
214
165
266
410
61
195
275
483
318
12
207
296
548
287
145
56
562
567
356
328
378
193
156
308
281
459
228
362
520
338
514
403
70
548
434
365
72
109
177
42
309
434
500
296
100
96
209
122
529
484
209
124
345
43
260
279
59
121
299
537
48
447
335
157
176
263
546
121
177
152
402
78
364
338
360
273
254
342
518
131
114
345
420
62
311
91
318
401
301
568
482
66
541
362
1
169
474
145
69
331
517
342
214
431
401
531
474
407
267
249
78
184
371
29
93
553
405
242
342
284
322
212
320
489
509
47
258
246
288
72
72
457
277
568
117
55
284
462
76
37
496
420
16
457
49
462
100
446
55
408
358
234
292
136
322
59
435
131
253
93
477
37
46
248
518
498
132
100
186
193
346
289
187
322
554
373
347
19
91
215
446
457
405
119
554
395
266
542
555
64
65
273
447
72
344
563
492
57
44
528
10
529
22
492
504
401
94
91
193
326
247
75
369
80
70
572
340
331
520
345
473
419
65
240
50
0
117
46
311
253
203
253
363
529
121
180
44
505
329
67
399
206
155
506
364
176
522
289
487
446
136
573
93
439
395
426
196
420
34
208
114
267
443
487
226
278
191
341
105
460
568
498
183
242
341
433
104
91
180
315
184
405
395
104
98
66
474
462
147
391
337
10
262
360
228
468
280
484
90
371
323
529
396
1
341
170
446
438
167
438
418
354
201
331
12
343
198
230
328
225
244
121
214
333
104
374
98
147
170
194
140
148
210
341
396
465
522
387
402
488
54
190
55
265
571
268
264
534
360
428
147
276
172
371
427
398
176
175
534
511
545
365
571
52
506
257
429
337
42
89
173
56
116
484
323
197
489
335
338
16
93
522
72
315
560
224
331
203
545
437
101
313
447
98
182
468
513
382
535
385
1
485
178
205
560
138
526
256
567
405
233
58
235
74
571
534
508
558
108
237
422
112
10
410
116
530
511
495
72
336
319
143
279
114
201
142
410
480
398
317
398
42
318
418
117
92
147
38
19
400
234
65
104
281
109
512
316
535
165
191
452
421
471
205
234
560
256
282
440
548
354
257
144
42
175
358
265
51
415
62
543
509
522
214
499
25
59
87
84
522
382
376
471
278
0
36
311
206
221
498
324
461
379
406
246
191
175
505
526
317
35
126
351
199
58
453
53
266
345
436
76
284
561
569
45
466
422
460
480
277
49
175
382
268
339
127
264
485
564
513
530
567
372
16
293
256
362
361
479
316
273
243
164
358
565
10
12
344
379
335
21
522
312
485
19
351
289
147
36
403
242
112
0
99
497
109
10
310
475
232
153
562
217
135
380
488
549
16
363
488
293
530
530
220
170
485
180
306
126
389
565
393
435
546
129
423
269
48
220
30
187
145
61
76
485
354
225
539
509
469
337
24
537
290
380
56
420
307
251
118
33
147
104
4
199
73
399
530
84
439
313
364
389
206
533
269
283
472
421
545
382
351
478
159
436
442
488
331
383
383
211
313
385
241
2
436
368
48
483
283
118
411
518
210
455
46
151
511
79
519
200
88
194
268
92
258
88
290
226
2
428
295
100
96
83
100
234
306
487
341
368
180
410
453
312
282
84
270
523
235
137
535
535
395
522
71
270
421
3
410
509
271
24
235
324
536
501
357
374
22
181
109
141
431
492
11
568
243
253
569
550
231
296
366
66
129
158
251
70
178
444
124
169
198
330
118
410
319
571
511
0
420
504
2
514
343
573
455
275
188
335
81
17
479
103
482
45
453
462
275
48
165
221
168
344
333
349
24
280
454
190
129
30
474
271
555
366
351
415
182
472
528
374
347
509
9
325
431
165
415
380
232
477
397
243
366
227
98
538
402
16
138
384
484
449
213
81
46
187
330
506
206
516
301
237
179
165
71
556
6
63
19
106
489
558
182
276
85
140
477
228
179
276
402
16
399
548
392
81
292
428
475
282
560
432
414
42
220
389
283
150
294
334
300
392
470
571
85
175
525
200
182
248
307
290
193
574
160
98
562
374
108
167
174
340
175
314
217
12
430
563
247
11
261
385
291
52
524
562
172
297
467
288
20
464
477
265
434
496
477
387
306
509
185
217
549
344
118
374
68
477
28
538
326
169
340
291
251
268
247
462
231
451
36
22
275
396
381
238
70
466
229
2
256
331
561
70
366
465
60
398
337
280
502
541
235
54
108
16
6
452
380
431
293
291
515
324
457
337
525
71
36
437
322
52
10
228
423
517
482
392
324
315
289
216
517
482
162
447
110
450
517
497
448
88
342
398
497
350
216
540
342
426
248
258
450
541
193
448
105
79
57
525
429
103
414
416
362
497
122
231
16
345
171
223
493
434
452
322
307
407
549
418
517
361
146
355
36
103
157
353
380
499
162
3
434
474
260
546
193
376
328
170
135
564
191
541
49
189
548
502
456
38
269
512
246
310
319
191
208
33
300
465
38
164
165
126
105
437
375
200
423
141
135
192
389
263
410
80
268
473
19
432
159
137
499
344
103
381
549
9
340
194
331
235
359
553
502
363
74
125
556
147
454
319
541
28
516
137
498
477
300
388
564
93
18
138
146
345
268
546
481
390
454
498
284
110
549
93
135
524
446
339
395
126
434
169
393
548
94
141
148
109
94
285
544
220
122
284
69
424
48
367
524
513
346
449
474
74
36
10
399
559
546
246
454
456
436
436
493
307
563
218
511
502
216
38
482
458
210
201
172
432
168
251
410
331
499
384
506
570
343
292
188
54
117
459
111
415
229
16
246
254
387
254
496
568
483
536
390
338
546
158
230
562
496
524
117
552
567
552
207
485
180
523
222
368
126
491
265
441
311
129
6
387
311
254
422
157
39
408
222
350
346
136
160
202
511
446
56
222
59
461
418
467
445
442
263
363
96
291
0
359
457
243
359
148
226
367
420
246
144
311
426
185
338
63
96
488
549
368
75
426
89
537
442
292
304
282
189
123
283
18
226
336
570
61
166
401
436
93
135
188
528
202
322
265
343
74
575
498
195
21
209
411
421
54
270
303
173
26
85
275
128
2
368
480
210
112
399
355
523
204
548
381
269
44
202
117
75
349
568
237
91
176
387
151
241
516
343
453
29
315
19
349
399
462
202
34
334
95
89
402
117
91
440
159
301
459
217
5
570
353
411
528
12
369
132
198
184
177
94
367
296
366
312
551
393
163
516
475
266
135
51
67
422
127
4
141
211
296
355
104
396
129
123
213
254
449
166
52
271
392
66
263
89
152
297
268
326
9
374
530
13
391
424
225
429
480
98
69
191
146
454
126
485
205
507
387
377
462
141
269
475
353
498
267
556
167
64
500
402
25
528
462
355
564
293
137
432
113
271
48
253
16
109
422
285
21
463
409
94
109
370
220
437
548
9
362
89
555
68
328
363
443
162
422
544
90
90
498
477
23
568
65
71
2
531
355
88
200
547
79
521
40
533
303
567
83
531
470
237
169
46
314
303
102
117
6
556
138
507
367
477
570
204
445
346
205
346
93
398
53
507
107
312
83
352
334
163
210
40
389
376
456
549
124
209
351
52
302
483
12
317
483
140
573
349
24
97
379
4
391
150
507
313
3
29
97
244
381
429
96
258
115
145
313
252
130
498
495
569
413
165
192
103
112
3
138
570
367
422
297
200
485
147
476
454
171
421
16
350
135
324
523
218
447
107
481
324
72
457
22
0
137
158
383
298
385
236
432
264
317
446
457
242
483
185
462
299
218
553
135
553
138
571
409
30
397
98
184
175
216
339
193
421
209
482
193
305
88
0
146
44
170
54
0
2
277
364
376
218
58
45
329
13
265
317
285
433
257
508
21
281
58
35
435
284
257
19
23
200
490
152
93
85
50
449
119
139
269
132
564
339
116
389
389
523
313
43
21
522
428
545
22
137
282
167
466
180
23
107
43
447
553
61
212
90
205
470
317
120
113
85
378
83
564
338
171
435
176
326
221
509
16
96
227
215
75
210
541
463
227
31
212
272
487
57
332
418
244
406
552
421
456
232
530
332
397
334
530
458
374
11
377
329
95
266
463
347
560
377
530
533
167
48
266
341
103
461
394
137
374
160
214
334
446
374
82
406
357
444
208
210
235
433
549
456
84
278
62
396
39
135
299
377
387
372
88
384
259
135
16
364
55
233
280
184
266
564
91
251
463
189
37
162
282
351
98
538
365
542
43
450
70
302
372
411
443
100
400
39
308
1
435
403
548
263
468
348
339
481
340
119
509
355
547
540
349
255
124
399
417
419
132
510
347
461
499
332
424
98
539
243
419
330
64
60
154
357
181
408
559
3
86
238
196
62
468
42
409
94
432
29
164
404
259
39
42
334
241
151
209
174
424
108
80
189
1
214
476
182
282
72
523
70
552
264
76
176
87
559
212
510
27
435
341
517
118
351
79
331
155
537
21
356
204
455
238
135
124
571
328
267
544
264
516
427
128
283
252
212
572
182
179
291
187
370
65
219
449
520
21
392
240
19
319
506
196
385
280
192
260
255
322
499
499
486
0
538
407
192
520
22
312
16
302
308
16
227
38
59
374
398
564
552
428
28
526
359
527
287
260
61
120
148
227
170
325
312
161
345
144
240
426
435
334
225
534
50
365
342
425
272
165
343
569
178
185
426
140
545
148
5
50
457
532
385
574
536
534
239
380
394
481
286
278
23
556
208
208
504
90
40
357
89
140
183
538
46
124
4
445
90
272
382
526
568
215
565
438
564
52
522
466
537
388
357
277
308
466
379
75
374
356
156
393
359
491
289
320
23
128
212
362
230
199
293
487
536
186
321
58
526
515
255
197
362
330
0
48
202
565
402
202
89
50
482
309
99
278
86
454
169
152
259
278
463
564
160
306
430
239
127
294
31
435
223
189
536
77
490
86
197
414
82
308
204
449
503
460
545
171
531
569
572
470
565
339
67
272
159
396
293
415
30
339
195
157
252
46
522
353
391
318
431
555
47
260
418
92
522
517
85
202
96
196
322
568
156
372
185
124
309
300
410
265
80
479
252
410
398
130
330
89
367
309
107
560
118
215
41
290
173
469
258
292
252
70
434
528
85
474
82
546
345
553
300
173
297
82
393
65
235
2
187
416
404
379
17
5
38
195
98
309
515
362
344
157
239
239
529
507
488
188
178
559
209
38
196
437
325
378
200
456
94
527
230
234
315
386
20
40
402
464
87
98
322
209
515
519
116
516
494
314
169
20
163
53
553
215
69
516
341
35
134
572
201
93
213
359
514
64
101
34
431
314
159
267
95
54
347
334
137
166
108
396
122
24
411
135
428
528
95
60
564
558
144
455
557
497
88
144
265
300
257
560
26
432
56
444
159
281
374
161
486
145
443
45
159
283
404
154
225
348
6
216
464
360
464
79
485
516
170
168
130
318
459
391
254
380
543
277
160
337
365
161
229
80
571
154
61
135
167
372
412
230
436
128
543
182
154
303
5
507
506
1
443
352
442
560
554
468
214
152
143
391
400
352
391
264
414
561
372
207
447
571
393
428
428
137
120
396
272
216
395
414
160
17
38
50
384
509
275
212
511
225
56
562
192
37
9
543
140
258
170
412
67
515
214
318
303
66
69
312
277
543
177
400
72
511
200
299
443
162
275
200
427
392
472
244
87
215
375
268
430
452
519
57
541
447
355
45
81
72
468
531
299
57
393
405
340
71
73
217
461
340
454
288
451
103
168
269
124
199
81
168
455
119
27
380
54
348
21
103
464
244
193
18
493
232
450
157
513
435
59
157
272
100
445
186
157
423
27
361
21
270
409
162
118
340
359
82
506
105
397
88
378
123
2
452
19
517
575
328
384
214
289
85
5
413
432
284
16
216
118
214
274
193
98
417
272
404
143
119
196
384
51
147
455
523
236
525
416
40
484
573
49
481
17
155
280
178
530
277
558
64
519
307
305
485
218
492
397
550
446
43
368
277
494
223
404
259
179
2
273
278
526
383
142
232
406
464
178
341
310
573
31
434
575
223
152
515
381
184
322
101
541
95
45
260
454
467
60
431
361
352
49
21
28
369
361
152
141
423
328
82
240
357
540
21
378
338
417
109
320
444
479
328
39
240
284
328
142
497
472
95
273
85
392
290
391
406
331
95
290
45
471
434
91
381
495
93
203
518
386
376
361
410
202
322
423
185
93
494
416
417
158
263
564
323
438
273
178
126
409
30
211
109
369
242
391
375
439
318
99
323
219
377
277
191
156
561
563
445
575
333
561
562
551
202
202
157
504
258
95
375
518
121
31
76
540
204
350
498
513
395
324
290
335
49
211
45
537
551
423
235
322
338
284
299
235
173
327
531
143
295
7
142
306
176
499
297
137
507
468
485
298
438
463
147
455
130
499
461
287
517
166
45
203
130
279
121
58
427
76
137
492
479
540
150
286
176
242
308
277
333
105
422
140
531
538
545
133
17
410
19
99
393
311
217
54
73
279
76
195
515
156
407
438
233
559
366
260
114
571
288
286
121
574
426
364
437
104
335
147
85
30
411
282
489
380
540
385
215
173
309
398
353
322
445
317
354
248
125
99
364
533
346
215
288
215
437
234
516
156
115
234
234
433
382
205
426
334
488
151
546
72
318
464
179
353
542
533
203
91
282
449
327
3
205
97
72
434
103
564
516
97
205
57
477
326
502
318
51
538
43
11
432
48
486
52
52
380
88
47
30
434
27
411
40
516
153
122
248
200
458
295
488
294
93
207
541
328
137
75
376
240
205
38
274
77
182
245
132
390
49
70
528
359
488
495
502
2
121
42
532
217
546
360
54
69
341
513
416
490
574
149
553
36
155
541
361
119
240
196
528
67
119
74
365
135
473
223
207
42
52
354
125
143
513
80
107
78
43
41
408
96
406
117
352
479
477
573
107
403
504
45
13
155
376
446
101
155
54
333
385
563
13
506
112
540
307
458
506
488
516
301
338
138
270
19
163
164
488
187
381
556
258
115
472
486
447
517
30
400
491
205
142
557
394
57
485
447
160
8
58
113
192
360
271
8
138
116
454
294
122
101
486
148
432
62
554
314
44
13
236
539
431
142
181
236
3
19
115
382
178
85
309
210
313
71
47
113
21
504
445
117
69
248
63
282
82
387
446
68
507
483
2
177
279
48
232
532
289
483
223
141
177
45
146
540
347
199
223
458
413
55
72
481
342
554
561
60
126
153
143
417
342
543
33
389
227
247
468
481
33
376
336
354
1
55
189
556
340
163
334
461
287
86
266
27
117
498
515
317
18
554
539
435
398
535
377
70
139
187
165
5
563
456
400
208
414
375
458
520
38
421
113
359
87
236
42
442
567
298
175
563
309
130
496
26
62
103
38
567
236
574
247
274
571
509
558
189
181
52
315
334
332
368
233
449
364
567
31
86
425
51
556
249
115
560
93
358
337
244
482
233
315
373
244
4
456
354
335
444
318
53
195
301
361
198
354
453
332
119
475
128
245
366
369
28
467
383
247
48
33
190
500
196
225
167
104
545
381
521
441
414
223
94
426
479
188
53
129
325
17
189
322
513
510
99
64
449
101
109
553
398
180
266
74
7
38
297
373
348
530
404
554
213
128
414
370
453
339
295
107
87
87
486
229
381
555
527
475
442
482
444
314
518
364
508
175
361
32
564
348
555
406
47
247
85
80
253
12
551
260
187
471
274
473
190
219
119
571
16
269
259
558
391
548
548
197
230
141
435
391
127
143
214
248
167
522
56
500
122
12
142
414
250
518
487
117
149
477
262
548
269
302
477
343
353
376
435
136
352
379
49
108
110
96
68
454
250
377
67
494
508
361
39
104
574
122
266
403
108
462
124
272
555
532
5
250
468
80
347
96
151
312
66
12
256
303
340
527
241
481
449
219
242
64
333
332
278
467
179
361
86
196
300
293
479
474
99
289
309
452
99
513
45
371
94
371
242
433
178
567
234
545
196
127
5
464
76
524
162
536
417
480
467
235
383
343
491
272
404
196
525
272
396
180
208
336
89
51
121
351
309
367
83
538
422
292
18
470
433
335
538
50
45
501
189
404
354
193
304
113
218
173
38
167
381
575
262
137
420
242
556
158
417
279
172
560
465
16
445
437
89
354
434
131
218
283
100
445
154
356
252
563
152
411
125
456
417
94
265
352
364
177
371
266
171
364
450
32
450
234
49
366
373
368
252
548
198
548
104
556
36
76
492
172
391
19
243
162
463
96
379
220
494
83
108
390
434
105
22
506
365
361
371
352
195
93
559
315
283
154
38
303
100
511
389
362
287
445
461
373
107
29
188
517
389
336
3
446
244
28
209
35
50
471
161
257
25
409
180
133
50
493
353
423
257
143
3
530
155
263
244
396
76
259
103
150
381
500
260
243
379
258
370
339
234
433
571
263
95
362
55
449
444
457
256
162
59
563
324
437
482
218
530
154
273
491
557
434
234
15
259
171
110
49
69
25
152
107
186
355
434
336
371
405
57
513
268
239
325
522
322
13
170
498
202
137
71
527
51
313
334
310
15
87
143
231
157
213
390
81
45
202
244
173
200
410
244
336
321
93
512
4
469
372
83
473
2
158
413
373
429
534
157
202
467
476
393
467
143
216
282
298
157
498
204
464
131
116
221
16
283
447
213
328
161
375
455
530
83
272
8
100
45
434
133
249
120
359
393
464
329
256
196
413
337
331
29
265
360
265
129
95
566
20
330
127
287
181
494
177
249
220
230
366
14
222
558
344
197
429
90
24
318
68
375
318
459
213
47
309
416
329
59
477
43
45
187
134
230
56
310
477
121
122
351
235
191
288
286
344
494
96
197
35
402
380
360
35
54
335
76
317
117
466
120
532
544
362
307
221
78
435
351
447
263
179
69
257
387
302
237
250
179
268
493
395
296
344
435
339
45
292
170
95
27
317
278
115
304
53
108
477
292
362
132
11
404
38
74
289
258
546
82
364
400
288
317
361
486
211
309
380
136
81
172
344
89
91
212
464
396
1
459
186
359
232
437
339
312
160
248
509
135
206
277
203
91
364
337
278
486
407
38
371
527
392
396
434
477
361
148
225
54
164
325
556
172
378
373
82
282
429
575
77
318
406
563
25
566
400
452
104
465
293
160
351
63
434
452
363
336
148
96
232
526
179
312
87
436
289
569
345
547
99
460
449
91
385
322
429
91
314
216
449
444
75
145
240
117
572
255
242
115
507
241
314
262
568
396
402
477
234
195
1
24
172
282
351
295
132
331
227
227
464
257
178
57
44
492
89
529
100
339
522
215
314
348
404
185
387
206
273
10
564
75
2
37
141
176
565
251
50
108
363
96
575
251
7
175
57
395
4
37
323
325
551
35
263
444
74
354
369
292
77
204
425
471
143
91
186
555
94
387
472
82
341
246
513
50
11
512
74
347
251
184
442
546
197
61
476
371
3
312
468
453
119
164
458
118
122
286
371
498
300
188
189
336
262
170
554
259
450
385
112
101
286
110
457
421
475
468
542
186
289
360
165
454
516
327
568
514
527
205
529
558
457
266
110
203
486
243
347
240
482
37
30
117
530
544
136
572
4
300
214
459
228
568
214
322
546
507
322
454
527
302
499
555
87
58
571
115
143
322
330
264
94
264
547
3
543
37
372
119
497
333
470
423
319
203
350
191
240
243
8
276
51
368
385
187
265
135
239
529
547
170
297
555
364
239
570
522
139
99
90
461
200
160
129
522
308
22
21
50
119
306
300
225
389
226
387
402
408
326
112
12
159
198
289
390
447
135
481
557
498
154
358
16
80
30
416
429
447
1
192
245
205
547
50
348
338
66
181
358
381
146
39
529
378
193
174
163
290
249
35
222
383
477
539
32
42
517
18
493
123
109
442
80
393
114
561
57
423
383
518
445
221
142
76
227
316
60
270
292
457
458
556
527
426
224
131
528
381
63
204
247
191
537
2
211
2
93
385
114
249
571
513
295
184
224
540
131
359
242
508
189
373
233
16
282
343
57
8
344
185
421
490
288
3
133
495
496
477
400
556
188
503
454
140
90
168
546
174
515
535
442
475
194
135
527
306
358
258
84
218
81
380
510
71
89
396
354
247
25
12
193
366
315
48
389
527
179
123
455
341
128
554
125
288
38
413
12
455
206
276
188
81
446
528
294
368
127
150
49
236
286
487
414
135
513
487
282
301
180
78
429
79
249
461
99
354
66
232
408
535
363
79
377
480
115
66
67
406
474
293
78
181
9
338
30
359
488
439
441
360
61
290
112
413
115
302
215
556
223
137
90
379
177
431
184
233
99
472
267
470
249
239
104
513
238
464
549
70
130
318
313
140
64
485
398
239
379
180
575
243
315
110
274
84
27
125
544
140
137
144
446
212
347
495
267
36
167
419
204
253
278
230
289
471
411
324
241
47
413
518
484
256
167
426
237
110
108
528
192
405
200
291
37
493
267
59
159
377
356
473
160
25
454
502
433
219
427
124
96
439
239
361
88
162
246
127
271
494
468
534
274
367
493
19
557
490
135
313
527
116
306
369
482
151
144
167
536
241
268
487
343
367
299
387
433
147
517
212
496
464
309
123
134
279
249
41
151
306
482
333
123
122
534
198
18
17
575
439
540
30
288
7
353
256
350
179
569
448
340
228
407
33
328
393
248
114
237
471
299
424
451
107
17
412
429
138
562
291
504
541
8
497
318
150
517
376
445
73
541
466
506
527
167
155
573
84
256
340
336
379
524
237
10
160
282
113
270
417
67
387
404
296
532
10
137
324
412
400
24
163
144
58
266
272
195
192
220
452
24
142
179
550
373
463
226
93
407
479
481
497
33
346
404
512
302
501
34
162
212
90
177
193
199
501
424
92
387
86
323
407
489
449
7
509
480
100
124
548
242
254
104
56
369
62
405
427
124
322
496
290
531
305
509
7
47
162
350
432
554
279
406
97
346
45
467
261
329
145
204
475
500
93
213
531
244
204
120
394
449
114
272
227
101
473
167
246
17
124
359
121
409
7
566
302
401
412
62
138
137
9
111
377
40
510
565
559
32
40
97
460
514
339
59
208
60
567
407
559
451
509
553
215
343
310
87
80
563
548
84
478
60
183
239
51
229
149
536
57
34
4
56
260
271
279
526
211
296
352
60
555
1
107
449
502
211
57
316
31
511
20
507
340
283
509
411
302
407
310
392
13
282
302
502
119
37
93
220
60
107
42
77
331
171
167
496
137
418
236
552
427
67
222
310
248
378
300
294
125
63
135
88
254
398
289
451
132
390
472
392
273
314
509
7
206
309
420
422
15
90
30
49
344
88
80
74
314
192
4
348
390
91
164
28
44
553
447
48
572
11
538
120
220
183
327
473
89
247
173
463
348
91
514
43
230
397
211
57
336
498
303
74
80
555
464
435
269
532
261
172
294
360
499
348
104
83
165
504
278
115
244
156
149
163
424
185
379
350
556
518
273
272
104
167
77
542
293
90
239
440
177
26
572
274
317
345
478
269
277
449
359
374
149
354
405
284
544
120
405
496
90
269
26
322
388
505
65
322
565
58
461
308
274
149
285
70
110
312
301
303
519
59
565
514
26
47
459
499
514
307
354
474
104
386
140
7
3
365
108
498
37
174
414
337
100
89
478
230
121
57
194
60
263
557
87
87
410
496
115
345
239
124
375
474
499
292
165
233
522
49
460
467
546
201
288
101
276
398
430
403
206
402
330
377
35
405
262
187
165
458
330
316
337
7
237
355
435
564
518
147
14
168
3
500
344
392
231
117
163
354
408
264
381
369
120
450
38
297
197
149
316
103
459
206
202
476
259
341
267
329
494
115
386
321
402
343
414
249
414
148
186
556
148
34
443
243
154
49
307
375
131
340
136
218
184
518
416
235
258
50
345
430
295
470
434
212
411
131
343
564
71
140
300
147
350
257
395
157
187
413
131
253
369
272
276
295
196
354
86
249
221
564
231
292
73
378
159
38
105
308
5
471
530
510
444
395
204
56
411
6
12
565
233
444
568
115
229
389
458
466
405
343
1
142
409
343
554
277
256
316
123
164
423
485
339
271
469
514
206
531
572
411
490
373
297
217
343
492
377
283
411
98
69
374
419
113
287
46
199
215
113
563
312
210
495
164
503
406
539
210
343
434
487
297
381
124
525
191
379
547
492
404
276
350
487
67
140
149
351
285
136
210
552
160
127
198
78
13
323
569
341
117
442
94
438
342
12
117
67
31
469
61
32
393
67
170
537
259
384
551
245
571
212
253
184
50
301
432
67
309
20
443
278
47
503
265
208
68
345
287
253
69
163
189
526
127
487
493
470
395
144
251
533
444
309
196
201
357
39
412
333
46
546
82
78
567
47
59
261
240
38
433
55
260
136
217
487
311
59
379
490
274
374
469
71
428
70
25
496
281
451
311
53
443
258
273
379
283
95
571
6
188
189
88
230
415
316
483
486
544
146
98
319
158
413
500
162
333
353
418
33
390
286
229
29
93
345
94
286
394
351
247
344
29
285
503
79
94
204
193
250
496
545
48
452
200
98
560
427
319
376
258
402
108
469
503
144
141
79
536
16
258
386
120
317
90
59
127
424
10
367
491
165
543
170
394
440
401
116
164
88
495
396
466
12
276
302
536
224
486
176
495
465
106
378
330
46
82
409
532
493
333
16
129
166
240
196
35
24
503
258
472
233
78
469
69
28
194
333
98
557
571
564
571
86
110
10
534
370
175
3
377
327
173
447
12
572
282
60
341
319
557
279
69
370
336
564
218
43
20
493
84
319
500
560
201
531
112
474
379
72
523
209
502
474
46
515
112
284
533
489
546
136
405
168
220
199
182
540
394
558
395
201
563
376
418
76
194
231
443
98
309
238
11
418
149
257
204
194
465
103
67
479
353
358
204
211
452
84
540
299
325
540
297
555
325
516
444
12
233
92
392
537
402
273
447
204
64
434
45
332
285
44
39
98
420
97
509
138
416
466
184
154
250
540
546
364
108
515
292
289
8
36
496
417
531
138
268
425
299
438
571
249
109
386
441
499
336
4
267
574
523
359
233
66
467
305
554
288
95
235
528
42
356
354
24
355
245
269
262
260
500
551
193
140
287
294
19
74
115
12
567
265
152
429
80
321
266
174
462
190
41
308
461
250
101
546
565
409
314
41
451
145
559
155
185
205
261
550
106
412
523
103
60
174
243
24
552
111
42
111
104
315
507
290
327
234
16
476
333
173
10
476
331
558
301
356
388
354
7
15
532
197
7
264
270
393
493
431
170
462
321
355
74
339
573
269
409
136
137
339
119
456
560
396
202
280
320
5
414
431
39
342
435
427
109
239
466
204
5
301
300
111
554
128
176
27
258
310
51
104
136
69
271
414
376
333
547
455
417
425
10
548
129
441
381
397
465
197
431
549
506
155
468
392
307
476
465
378
463
36
499
128
1
252
524
538
333
467
140
489
540
384
95
55
438
374
23
281
170
434
456
492
146
342
185
446
452
37
433
24
562
33
418
139
141
406
414
433
483
455
301
406
161
39
247
75
222
35
229
34
568
494
185
499
446
429
260
453
343
429
515
336
7
297
239
363
118
240
456
99
203
429
27
126
333
36
357
556
444
256
446
428
12
404
162
377
380
538
186
407
321
264
201
266
396
446
556
24
206
167
312
222
271
483
332
26
367
7
297
266
44
175
457
330
35
465
137
297
150
236
211
20
404
111
533
110
499
57
167
332
116
167
50
24
471
127
506
328
197
181
299
450
334
471
116
63
144
291
41
393
243
534
208
534
226
150
87
330
252
475
332
427
567
533
211
465
330
504
364
552
508
62
482
39
364
80
424
173
261
12
468
20
359
394
417
120
295
534
563
348
460
112
433
160
143
33
165
44
359
181
240
10
247
198
218
404
60
449
343
475
135
547
212
362
547
295
345
10
293
343
240
557
548
55
39
199
457
116
259
117
296
62
274
350
345
368
346
170
328
248
118
197
293
511
65
499
399
5
242
20
95
420
381
494
177
113
20
357
74
217
52
572
295
374
424
277
7
412
325
483
329
188
536
203
465
101
269
147
228
37
405
126
245
343
168
211
483
336
171
272
252
473
377
422
117
297
433
460
74
239
506
27
87
493
217
556
315
3
346
541
205
553
518
357
299
394
242
176
415
65
449
510
506
306
87
152
162
467
366
221
285
150
272
568
478
284
225
137
107
54
530
148
283
54
399
284
571
470
117
14
405
255
281
123
523
254
516
39
3
398
100
105
487
309
198
552
464
76
83
111
274
340
125
514
525
264
297
232
283
541
41
11
217
53
430
528
430
480
400
492
38
530
294
231
135
529
570
283
363
58
173
162
224
88
414
194
391
403
100
491
9
183
100
338
363
274
159
357
361
386
382
83
522
5
561
386
242
111
524
436
260
44
541
326
376
526
42
284
228
231
426
293
217
57
222
268
405
239
110
479
353
457
473
523
14
314
491
480
146
323
232
127
521
519
471
27
470
65
398
515
366
506
467
486
463
425
103
410
342
268
9
102
191
217
490
335
17
158
195
133
63
331
341
0
210
276
323
288
123
263
218
394
443
488
195
62
435
487
527
11
285
89
246
50
25
205
160
107
263
220
132
283
175
542
160
7
421
155
338
5
488
453
376
30
189
159
137
237
521
446
207
469
118
41
278
414
60
548
161
360
547
269
247
160
362
340
517
158
150
317
53
430
241
380
43
253
247
236
87
338
230
36
410
507
218
425
415
126
283
339
450
563
492
193
548
273
390
180
187
248
274
60
375
166
548
129
285
391
571
415
506
409
99
175
479
155
254
372
492
360
534
232
49
110
260
213
364
494
393
231
141
239
331
232
157
460
559
372
443
532
570
208
422
117
347
25
315
72
38
149
539
166
446
381
150
572
163
315
324
504
254
35
30
438
320
54
272
337
487
250
46
546
487
9
46
430
270
559
380
269
99
372
135
328
231
513
169
494
123
33
31
335
340
47
364
428
333
254
476
104
252
111
125
7
194
279
510
11
225
405
55
343
497
33
428
403
151
457
521
249
420
539
28
458
518
501
481
229
438
384
322
64
261
309
149
196
188
63
222
63
487
9
378
209
344
543
100
414
323
27
232
384
45
568
195
56
278
163
478
442
377
87
255
47
116
93
513
252
229
539
122
31
193
53
523
361
391
56
372
259
545
69
81
313
401
163
286
148
543
372
203
67
225
542
247
113
309
150
148
106
164
407
209
272
131
531
268
440
122
256
352
131
512
186
147
210
480
253
71
518
497
160
159
466
91
38
5
91
356
563
501
557
161
95
181
123
322
313
260
210
414
494
228
387
398
382
405
367
322
513
309
187
181
75
94
253
459
104
81
465
495
519
561
136
508
478
148
462
196
241
48
477
358
256
162
101
328
420
443
465
110
293
119
180
315
377
466
477
151
550
160
449
321
144
496
464
384
364
90
442
363
18
276
81
440
344
59
436
246
319
101
279
514
406
49
189
51
401
31
378
261
388
410
35
85
491
427
363
151
44
202
69
108
480
568
191
372
182
229
210
299
398
310
356
567
567
344
101
562
92
367
270
34
569
172
81
172
291
504
562
518
516
209
552
384
213
261
333
499
190
569
59
220
307
214
347
83
443
243
511
560
461
263
477
487
326
24
501
519
106
435
77
406
37
228
170
475
569
344
99
313
428
162
328
502
328
300
450
263
141
142
299
191
361
531
406
474
428
116
407
156
444
476
512
407
11
226
111
438
36
371
8
437
371
519
241
420
487
66
47
79
254
412
407
289
158
45
54
136
205
24
168
231
122
220
462
328
222
99
63
379
58
353
247
0
8
562
478
136
433
217
220
569
52
357
150
560
505
108
513
326
426
46
144
270
448
52
254
563
426
131
33
482
139
265
144
321
173
190
242
329
148
137
410
89
317
33
358
237
297
141
178
214
328
34
135
542
428
558
311
149
433
268
356
484
443
63
377
138
350
530
138
261
218
243
350
461
494
101
38
555
173
135
274
563
427
326
175
148
91
555
329
513
461
218
377
365
157
394
344
353
297
548
516
488
362
202
548
307
497
321
65
391
330
497
422
343
35
74
245
447
346
124
70
165
440
81
374
447
430
87
553
131
317
374
497
83
178
379
92
2
412
326
341
88
144
60
14
542
421
277
376
249
123
23
380
443
390
371
505
69
87
315
143
381
374
487
168
99
53
178
403
135
95
269
401
562
438
325
329
536
92
3
3
564
436
330
110
44
164
202
206
191
405
389
527
376
172
454
305
515
90
299
108
466
75
176
205
396
424
496
346
257
68
365
553
65
158
123
575
575
400
338
303
70
336
265
501
316
19
385
339
81
72
78
446
485
493
152
77
531
96
229
428
141
19
412
564
342
368
521
542
81
134
413
327
372
424
54
522
495
367
89
190
169
217
81
145
165
89
368
541
321
513
283
146
523
246
299
280
310
68
9
465
44
139
95
30
279
407
229
534
387
99
561
22
554
563
478
281
211
107
0
191
53
303
372
291
14
247
539
312
40
205
265
471
103
544
568
537
323
440
514
52
541
133
211
205
64
20
524
418
563
306
364
240
106
57
355
194
46
223
360
387
478
6
301
425
34
366
542
46
219
81
281
100
202
336
6
238
479
379
547
559
227
210
135
98
291
318
243
229
57
562
385
102
141
530
51
562
268
141
411
108
407
377
103
347
394
303
193
118
318
495
107
303
50
560
141
254
537
496
309
197
62
415
465
346
196
364
261
15
86
320
268
68
141
330
119
362
368
164
81
527
71
495
485
497
496
49
150
75
437
528
53
387
296
474
322
452
453
13
267
101
550
34
433
177
46
446
22
77
572
22
341
303
167
276
225
108
320
213
267
540
29
432
536
264
17
562
60
446
242
415
30
478
492
551
473
366
523
93
412
245
273
312
364
339
325
471
110
342
51
199
356
191
362
406
205
178
374
190
301
215
48
312
473
270
475
5
302
318
554
239
224
134
575
412
306
411
351
458
1
173
278
59
519
540
419
113
337
170
179
154
365
79
372
493
315
424
417
2
199
110
11
123
436
523
502
109
294
48
225
548
537
492
387
478
33
322
104
558
132
160
61
214
413
318
392
281
298
547
533
315
134
447
224
513
30
482
169
225
216
277
108
63
52
158
381
559
86
94
472
50
151
204
525
325
458
512
106
344
17
52
568
453
289
530
228
562
351
421
520
52
155
262
210
359
46
80
325
127
56
335
283
552
318
123
241
276
530
39
103
34
391
358
470
247
317
546
374
273
141
180
135
273
256
221
299
416
215
156
93
173
308
416
276
354
36
97
61
308
469
239
34
346
417
328
480
32
239
113
134
491
5
227
569
335
155
557
155
482
571
476
271
332
523
104
56
270
130
208
500
303
560
212
364
58
227
522
374
560
458
44
315
187
3
295
526
53
311
253
396
420
346
448
446
145
130
323
330
150
22
55
108
419
59
332
89
236
329
73
462
320
535
283
56
348
196
61
408
426
211
477
559
472
224
97
533
551
495
196
315
181
421
161
388
39
69
32
248
94
310
311
55
163
512
484
32
428
60
454
439
51
51
490
55
55
357
152
267
407
239
364
244
528
133
568
3
74
246
494
398
157
41
568
94
240
146
309
535
280
243
417
260
453
434
16
299
290
551
144
448
255
327
90
289
32
266
85
417
235
494
16
551
161
472
202
447
235
12
339
4
271
220
362
22
110
448
239
255
311
13
107
344
265
317
170
243
149
41
486
74
94
570
335
256
267
366
103
125
293
395
515
278
4
103
137
287
381
478
22
171
103
56
79
477
158
298
188
448
103
356
205
543
136
510
277
458
86
320
489
302
6
145
499
97
125
188
460
204
191
180
209
244
157
117
166
425
535
507
29
497
226
442
158
525
518
441
60
462
489
285
453
78
152
123
309
35
134
210
311
166
307
281
517
136
572
1
481
441
249
458
266
490
431
265
469
189
433
284
311
292
108
485
540
498
279
567
367
479
379
424
99
469
54
444
242
27
379
127
72
151
506
229
20
66
19
215
224
43
80
73
66
76
136
457
386
551
254
228
82
224
384
117
287
157
381
235
290
233
514
148
450
170
515
303
469
92
446
495
472
472
282
446
127
422
403
344
76
394
338
248
471
232
34
551
202
458
470
356
281
483
380
415
217
59
467
394
557
434
27
497
422
386
534
564
55
57
511
201
535
468
326
481
549
441
324
116
114
270
390
359
403
174
245
330
310
487
487
322
290
175
76
157
284
550
445
60
364
280
114
307
182
393
385
228
348
348
12
514
20
150
292
137
86
322
196
380
401
241
506
155
455
338
202
395
224
282
267
232
60
198
477
41
97
389
542
463
402
222
267
350
30
466
365
257
92
254
288
144
161
475
422
529
164
350
507
328
312
442
232
80
210
41
81
377
222
571
186
455
373
152
164
370
296
333
139
462
534
318
24
56
354
452
557
516
111
41
69
307
421
12
9
197
567
56
508
34
385
534
117
526
145
344
426
46
76
217
377
339
189
568
33
435
141
466
496
441
211
171
421
111
401
471
99
267
238
24
307
561
161
536
247
321
274
102
211
174
179
175
33
178
370
139
368
74
144
573
388
299
456
501
408
382
376
344
172
173
561
518
257
385
206
560
107
493
181
302
56
86
493
22
283
32
388
232
389
509
557
22
42
253
30
475
148
448
301
403
370
222
27
537
512
532
281
550
413
94
527
81
160
342
95
46
420
553
256
237
135
80
150
89
86
455
559
76
83
197
256
250
502
208
75
431
428
25
520
249
368
234
264
148
5
129
286
122
83
442
73
332
496
358
42
269
573
325
455
71
476
505
179
551
79
175
254
83
432
217
509
183
468
550
427
517
0
517
468
286
236
109
35
143
98
102
324
394
336
290
405
178
201
400
520
69
427
478
434
287
485
268
472
202
264
111
249
299
500
68
361
46
151
355
441
544
12
518
391
33
32
348
268
215
445
475
400
405
154
327
12
510
447
547
484
568
61
109
175
465
510
17
527
344
86
273
2
64
27
445
68
519
540
180
397
518
270
102
10
547
496
194
371
243
499
280
271
272
222
553
489
438
466
236
391
565
115
539
344
431
284
220
268
193
66
430
575
233
228
315
407
275
115
18
24
305
0
343
455
297
286
194
266
354
217
104
24
397
397
275
446
153
351
49
249
129
62
160
248
124
66
182
271
512
2
232
265
115
336
216
244
343
574
196
566
574
573
482
554
86
510
44
199
386
143
50
57
46
66
24
68
95
532
473
279
505
168
40
18
305
453
153
297
556
520
539
143
64
254
64
153
188
244
64
439
76
222
340
254
530
204
115
196
563
17
104
261
473
482
99
575
70
533
305
312
573
13
431
295
62
452
266
394
17
422
480
209
168
560
114
104
505
372
574
299
113
501
152
333
528
519
70
243
558
286
397
1
219
550
331
195
369
284
38
261
455
374
15904
