1 0.800217 0.0210724
2 1.27704 0.0235637
3 1 0
4 0.96909 0.0160874
5 0.906592 0.0203799
6 0.93067 0.0484304
7 0.884951 0.0511662
8 0.879959 0.119099
9 0.71116 0.0460953
10 0.656137 0.0502885
11 0.654713 0.0697079
12 0.679102 0.122937
13 0.557972 0.0915909
14 0.641366 0.126473
15 0.702638 0.225887
16 0.554609 0.254311
17 0.380305 0.0988274
18 0.717298 0.525103
19 0.26665 0.0620291
20 0.326864 0.165993
21 0.598474 0.321236
22 0.200796 0.088716
23 0.139588 0.0627548
24 0.0625979 0.0170157
25 0.0722899 0.0315066
26 0.0444534 0.0116223
27 0.0470434 0.024315
28 0.0233103 0.00908785
29 0.0254262 0.0110736
30 0.00757582 0.00212311
31 0.00653902 0.00213145
32 0.0032793 0.000834668
33 0.00315601 0.000882754
34 0.00194788 0.000743211
35 0.00204696 0.000888266
36 0.0455817 0.0447084
37 0.0132799 0.0124675
38 0.0133123 0.0123873
39 0.00112969 0.000827536
