-868.8217953
-4352.573894
-885.3569524
-959.2371108
-4659.127235
-1241.940613
-655.1653533
-258.9660301
-678.3921642
-879.556647
-2081.223035
-653.3607252
-1826.81393
-891.7856588
-430.4474722
-1606.245459
-601.7614619
-1902.844193
-837.2220447
-1168.029269
-933.2300494
-1232.396183
-1330.966161
-378.405118
-1309.884212
-4685.13675
-3325.221918
-522.9662402
-579.1224489
-946.5851558
-289.660855
-367.1604255
-1112.410764
-330.8500554
-1809.99195
-934.7574547
-1615.327053
-259.2401763
-886.9992025
-225.2291092
-1462.370565
-1077.241706
-204.0537393
-542.0324255
-1648.409573
-1750.140288
-3130.640615
-735.6493141
-333.5089547
-2217.328577
-6529.763026
-15606.41907
-3070.308932
-1616.952955
-480.8832099
-664.7839965
-1536.748601
-436.4040951
-4022.19065
-133.7916169
-1804.412746
-4886.452881
-683.5449784
-368.8487078
-1616.884679
-2649.66633
-767.2907124
-564.9477157
-715.4686804
-990.663737
-1875.647207
-1179.459424
-1900.222064
-2866.253978
-3124.839782
-4081.573868
-1581.853413
-1143.696598
-13502.35649
-2075.999163
-1167.444143
-1199.299642
-592.19434
-4073.913568
-3578.492642
-993.5235225
-1063.583895
-545.3594728
-556.2425784
-2248.07378
-2529.536921
-856.3020205
-766.0661696
-2902.633995
-331.8774491
-594.528319
-2539.683619
-6780.45329
-1762.314796
-949.6781984
-1761.378288
-1641.402789
-2116.442299
-466.0294197
-1317.994254
-444.2249225
-4175.125402
-1611.549382
-1805.36304
-2558.96415
-1394.876431
-806.8132191
-616.8535477
-1965.546647
-5624.069254
-6139.281367
-14382.82202
-2225.303205
-589.083431
-2815.191608
-434.5176819
-895.9466824
-11002.25
-422.6506418
-407.8611815
-2472.473249
-12576.48229
-1061.308569
-1084.202594
-4853.132398
-4034.115689
-182.4989499
-2228.585786
-1304.116367
-2865.094375
-5264.600159
-768.3137596
-480.0100108
-4253.992356
-708.8497005
-851.2644484
-4440.901779
-1306.696218
-1511.733058
-389.3281347
-902.06615
-2412.995979
-1836.818009
-2187.784239
-2096.243094
-2379.394794
-807.5797918
-1524.830389
-963.3488066
-706.6147313
-1941.350745
-398.995133
-1278.461815
-510.7798659
-2162.221698
-645.0023152
-2451.977987
-3002.983729
-1587.463362
-473.0785722
-5667.441385
-1706.429674
-3565.92249
-1128.200245
-2451.07326
-3676.622739
-670.0286424
-2493.970228
-585.0340519
-2682.326639
-788.3952101
-283.1703121
-1240.638325
-596.0430296
-714.708908
-497.2504662
-6595.015094
-2150.738306
-1790.296727
-468.3497274
-535.7673575
-3092.660534
-7534.105851
-731.6620837
-2954.797782
-528.6281493
-2732.219029
-1319.186505
-675.8602809
-457.1985624
-2399.645068
-856.6961918
-1033.703652
-3174.140169
-1268.325047
-1132.727831
-1411.125225
-283.1477309
-1897.863069
-989.3152892
-5711.307719
-2253.808299
-753.8285243
-3376.818058
-1696.318837
-1775.193909
-365.4825118
-1834.483675
-1234.209376
-6027.211885
-1869.313351
-1015.113713
-867.027115
-1392.84376
-8178.501284
-2404.242632
-3638.764849
-3200.874686
-1381.250953
-1146.557231
-1166.062098
-313.4637555
-1176.617817
-434.4370079
-1914.966766
-222.8015216
-345.7959831
-1356.678086
-1845.96355
-2036.284707
-1341.980896
-766.8495521
-421.1956086
-1271.125053
-1331.084916
-1401.197155
-1947.223567
-731.1097068
-836.7819854
-451.0878289
-6147.108748
-1081.175167
-719.2235187
-1165.014485
-449.4542766
-2074.816564
-321.9649343
-880.5427632
-2330.886694
-1003.859903
-232.4988865
-672.7774364
-948.8986898
-950.4523346
-3217.083268
-586.8022034
-606.5851437
-1594.387366
-1540.301143
-390.9124098
-2115.932755
-4924.494238
-1797.902814
-1194.894894
-435.3568583
-1637.199082
-2753.442538
-1411.129745
-366.7884804
-1340.531233
-1039.008929
-1708.590494
-607.6770702
-1222.107215
-3293.133971
-558.2714168
-661.5101018
-379.5075177
-3032.183795
-3795.120997
-1970.74121
-1129.118293
-5649.672226
-773.0580706
-929.4945497
-576.0816351
-895.7478404
-438.526836
-1045.583446
-275.4731357
-2135.514541
-4609.022658
-4626.327671
-2224.202671
-2550.361384
-211.7874273
-439.9554305
-425.1158653
-511.3783812
-521.1722114
-1120.696118
-549.1779009
-647.8891035
-318.1411916
-1378.74844
-1768.671971
-2171.763654
-1632.476824
-905.1665643
-626.1958181
-973.1700828
-608.1069757
-692.3121589
-479.1859025
-1020.917464
-248.7815839
-1133.135702
-1000.400936
-1004.177347
-1046.836999
-2808.966785
-1127.130981
-11353.63941
-1797.896108
-1217.416951
-946.2013433
-1035.528701
-1393.376188
-631.7717474
-389.6800621
-1608.966761
-767.926666
-1001.218904
-4407.877834
-722.3986824
-1333.721407
-16466.53478
-1571.987349
-1224.08994
-698.3235787
-1374.52583
-3998.490476
-746.702475
-2061.772201
-1740.374558
-3477.610922
-697.2244092
-2604.725851
-5382.542946
-1748.208997
-800.777283
-680.0214325
-362.9172613
-779.4444727
-763.096081
-2691.183027
-8584.339307
-8167.020419
-400.8174645
-1277.990979
-819.0394628
-234.708658
-2525.672423
-1354.966313
-680.1110981
-11783.73369
-1611.574365
-387.6208732
-1753.034541
-4476.756928
-2999.174662
-3103.098153
-1321.916882
-3957.17833
-704.1115229
-1676.665473
-938.9756534
-939.3970574
-2493.739879
-919.5414587
-674.8787421
-15397.46933
-5672.93925
-2347.942843
-910.0013958
-2480.904028
-2227.402434
-1597.692124
-1612.271931
-1328.039431
-621.4582562
-930.9347625
-1053.2579
-1216.971413
-1181.199164
-1065.07701
-1816.596302
-749.6126312
-4226.418495
-829.4395112
-10433.79775
-379.9218281
-535.3077903
-2821.491613
-1708.577968
-584.4801744
-256.4959049
-229.5780568
-1050.178516
-636.4148063
-4670.771211
-1179.982556
-592.9622569
-1375.043033
-806.7377402
-551.0233365
-6024.295449
-1093.000068
-4873.283877
-3084.313882
-1238.777147
-516.6869371
-1037.745797
-3137.065298
-16071.19602
-1814.780353
-468.4762814
-3438.218835
-679.5694355
-4431.117967
-929.0087757
-941.5934651
-829.8912858
-4712.080679
-1555.945275
-1472.034818
-962.3371324
-1857.232584
-352.6412782
-395.1501246
-4429.253088
-2504.781199
-142.0760865
-2103.42954
-4077.40631
-2906.877866
-650.7043077
-686.970795
-241.2622854
-311.5170909
-5046.807616
-1943.998598
-477.8579749
-2711.909089
-3775.137422
-918.4633595
-1027.095068
-539.0651287
-2349.039509
-532.7254097
-495.6936807
-1819.714031
-781.6814116
-1234.830753
-371.2319904
-163.2066938
-3818.402333
-465.7816011
-1290.5457
-737.4523119
-851.2969064
-1760.397437
-1220.229457
-1217.709373
-1212.534472
-429.5899131
-2621.594276
-1932.487117
-3451.990411
-1410.222805
-381.3019509
-2077.578489
-5156.204513
-1088.691116
-2239.55508
-2295.006884
-3228.243544
-268.2912167
-2570.300744
-5811.262241
-3117.267416
-346.2799635
-731.0217156
-1381.029327
-2709.722142
-523.0546348
-1646.53475
-423.4503891
-756.8288443
-5085.776834
-1675.22491
-3762.103944
-2315.287411
-2295.461956
-1837.550872
-1348.039816
-1171.747073
-3954.18794
-770.6528847
-1833.290138
-291.5249467
-1719.666877
-736.0741455
-1619.452442
-295.1736991
-7017.609188
-2681.035699
-2549.460062
-9524.068166
-978.0813381
-2518.165742
-5177.835967
-714.6648336
-1336.801999
-653.0445922
-2675.306126
-993.9175146
-1688.416162
-1018.218891
-798.2992861
-772.6373257
-2975.169185
-5174.314382
-1938.875465
-813.8470214
-1098.595093
-237.3010472
-1393.81148
-695.7652523
-335.8179063
-995.2049426
-2647.246873
-1263.879243
-3991.880765
-2003.066316
-1933.372615
-2693.437107
-3000.221698
-2228.980297
-1684.056877
-2212.344655
-1918.205807
-1602.382255
-4898.337852
-494.8941748
-1127.9388
-961.7156923
-1217.216074
-3840.614147
-292.643886
-1286.914027
-1556.929735
-2499.32528
-581.8743867
-1561.05407
-1827.96961
-699.9507353
-7282.35697
-1043.121656
-1022.247111
-439.7761887
-788.7880509
-490.7396739
-1023.768425
-2839.83164
-767.0009516
-4208.348135
-434.8068863
-662.5728827
-943.0781235
-806.7737319
-579.9508802
-942.2226528
-1503.846784
-647.6833658
-503.0023602
-2982.545463
-3812.560317
-475.0095207
-706.684574
-6443.66185
-5971.862127
-1039.171421
-557.5266549
-1610.085004
-570.8182178
-211.8602087
-670.2196733
-1249.269185
-1430.0253
-1159.002113
-454.2391274
-433.0815097
-895.2529176
-1351.656792
-2397.457527
-824.1082011
-884.3451206
-998.9942323
-719.2486781
-1060.005975
-827.7254638
-2506.458984
-1508.044101
-1514.838161
-460.7789097
-5747.089186
-514.4651205
-24975.86351
-2339.641534
-962.8037349
-587.54499
-362.906234
-230.4043519
-1534.463709
-459.2512851
-1202.059292
-5154.230602
-324.318897
-2580.593019
-3776.935979
-1148.787739
-1536.216988
-1688.251929
-670.9323573
-217.5307554
-589.3483098
-3011.560312
-2145.060716
-2261.744451
-3533.743955
-1200.596467
-2054.991246
-2093.778244
-637.921089
-523.2786653
-1802.958258
-810.8847388
-1900.908515
-559.9994102
-852.8133305
-947.8878182
-3605.74502
-2263.988508
-3550.887405
-847.8369882
-1366.079775
-4024.339472
-2369.170415
-2546.068383
-2945.733964
-436.7535957
-481.5750278
-1316.759915
-2808.68602
-3327.873146
-668.25083
-365.0799861
-1058.839693
-662.0596946
-567.6914102
-2129.627774
-841.4974519
-2192.981837
-1083.966475
-522.9784718
-1063.658867
-1610.816839
-1584.004473
-263.7593019
-978.3718239
-2833.532996
-929.5725459
-1146.41722
-922.2917487
-1394.802114
-3747.721175
-159.7151113
-482.7642731
-1227.441768
-2148.484905
-733.4358286
-1970.100374
-2187.752216
-798.5714802
-969.3099846
-431.6069968
-646.6817569
-3023.515262
-7002.442932
-836.4935556
-864.8044278
-401.3201573
-978.9826834
-3721.888217
-850.2853242
-575.5580679
-1004.977492
-323.8938363
-208.6414727
-1037.300296
-3531.825031
-1035.121244
-518.7493018
-850.7429279
-446.0124844
-1353.656142
-1916.078247
-1490.83719
-1519.919333
-265.8371475
-871.0587418
-1269.454857
-3597.735878
-819.7844996
-361.1988305
-858.534129
-853.4028289
-403.4363942
-211.6229269
-3339.430908
-773.8549286
-1364.087642
-664.7110777
-812.4407035
-596.2929667
-1405.701994
-3964.33975
-1189.140316
-747.7589007
-2245.439864
-13362.32388
-814.149946
-1282.671814
-4551.633833
-5013.294402
-416.2086293
-364.5741346
-1445.591653
-720.8477997
-175.5977157
-443.1677049
-1758.867936
-2987.652558
-1351.641059
-421.8573914
-1356.401855
-877.2027992
-134.7621176
-2347.344734
-367.4139907
-3026.776135
-1815.596169
-172.1772179
-1576.206222
-473.200199
-1612.617997
-2510.783516
-1232.103751
-1778.301023
-2046.518742
-1150.327484
-1600.595072
-1488.481636
-1982.658984
-629.326446
-429.3452035
-1017.752362
-318.3686589
-2856.139918
-4008.471921
-1113.090466
-3371.724588
-453.5383552
-1386.588286
-2173.191398
-640.8494403
-2803.697777
-3044.574629
-2876.047142
-817.2429227
-679.1079571
-1050.926183
-2679.663684
-202.0388527
-1289.741854
-773.2094601
-3950.475191
-1459.408449
-931.7806164
-1259.833021
-1797.939915
-452.2835359
-3227.937084
-2233.257935
-1176.779804
-995.7720283
-1801.845495
-3412.398401
-1598.875854
-756.6381463
-624.2112088
-3473.981691
-2817.053789
-1379.767521
-3181.791162
-591.3512353
-757.1996537
-5562.306066
-1003.900807
-623.9186451
-1579.647793
-215.4925423
-4821.506813
-2920.715051
-3559.978968
-924.6471352
-2086.796019
-4948.970079
-800.6937168
-3640.737105
-889.8950029
-987.8860902
-2590.764547
-689.0608161
-1501.613781
-999.4861702
-1189.825172
-1348.786649
-1520.547582
-1321.917067
-3779.215514
-555.9220686
-2241.95134
-2797.020016
-1832.922219
-809.3139838
-688.8793655
-1144.961485
-692.1879398
-663.368366
-262.1759125
-432.2661239
-972.9954289
-5319.656023
-1060.968523
-271.0391293
-589.1542394
-1334.199133
-1355.639039
-819.8396325
-1170.6723
-1230.446741
-8649.429267
-244.6271493
-289.0070698
-1714.862324
-1431.149096
-384.2175796
-822.8403925
-1230.72766
-790.3434359
-1357.961077
-6652.319326
-1465.305626
-3189.576276
-3155.161192
-5684.588646
-478.2716687
-1000.218846
-1439.769244
-915.3180146
-2049.984297
-886.460453
-12813.29785
-3963.124614
-4615.838595
-1509.437467
-1192.282867
-737.8859583
-5804.650312
-1846.472818
-755.8375668
-191.0840537
-1837.030542
-704.9472277
-4992.023614
-1054.142385
-454.9526086
-671.3278543
-1258.4927
-2292.878634
-5169.70849
-517.211628
-2431.860166
-2326.233303
-750.6092757
-2873.515339
-3158.493254
-1960.615137
-308.0722139
-221.0458783
-1843.437807
-875.145625
-1910.977381
-482.9417036
-930.5342092
-2092.996143
-1787.906342
-737.021344
-2449.004245
-1669.520467
-441.8290413
-2613.401784
-790.4012152
-865.7442421
-1417.301945
-2701.402943
-1930.801125
-1430.905431
-729.2808204
-791.2256351
-1382.936274
-524.788607
-2136.477192
-1149.104132
-7423.471431
-306.5617783
-363.7072186
-1690.068184
-237.6251649
-965.5540087
-1071.566014
-918.898282
-3279.989385
-1156.867798
-1476.959393
-1639.537314
-311.4612193
-452.6923836
-946.0461934
-977.768199
-1372.29628
-1123.215648
-232.685298
-500.6053047
-1544.479432
-3804.989591
-1042.098517
-1168.038197
-2185.169794
-593.0972898
-5225.57983
-726.5263714
-703.635297
-822.041991
-2848.774064
-553.0567361
-4000.786793
-390.3786618
-19667.81698
-1244.897113
-1477.780095
-11981.81464
-1287.43965
-10303.61088
-2249.902136
-100.5325911
-269.9997854
-1468.638313
-707.5326556
-2438.624567
-797.7296288
-1498.438518
-4023.59204
-6630.939803
-3168.391171
-813.0740839
-2340.21085
-2408.833912
-857.6432987
-4684.965501
-1416.30474
-2056.234706
-3915.274175
-1659.26658
-461.8880091
-658.3780753
-1687.856419
-7363.401867
-1476.507218
-375.6160087
-1043.852128
-2388.138981
-795.589016
-126.9955268
-522.5387467
-2142.051769
-1196.855666
-821.2817319
-1642.308324
-888.3744949
-666.5000589
-6211.905925
-3360.002397
-1505.414579
-11103.10771
-433.8922465
-15562.06251
-1040.665864
-1019.953202
-3460.503106
-432.6971793
-3966.197804
-5172.519488
-2397.414952
-3911.675783
-551.1773507
-633.9774417
-2819.842701
-4690.008297
-478.4857121
-3864.64236
-2059.131607
-1110.550228
-1909.654542
-3451.208075
-778.1970022
-1421.518801
-486.556485
-431.482939
-3274.094053
-653.025645
-3695.013175
-810.8403872
-796.0531227
-134.7563842
-3248.825118
-1374.365219
-626.1881953
-1285.642668
-2458.561668
-1389.142523
-1614.245274
-668.2197952
-552.0964242
-6644.639355
-538.139836
-652.9403305
-2392.018933
-592.9204816
-1725.782456
-1056.167401
-673.9141455
-1453.88358
-1448.031113
-669.6222034
-668.6308277
-1488.057352
-1043.428621
-4059.661135
-1662.430466
-1851.983067
-850.4488513
-164.5022071
-1469.432978
-2846.535605
-1889.266568
-373.3400595
-1023.074048
-1601.591889
-3469.872062
-356.9166634
-6171.766439
-1005.05492
-7499.843064
-1463.737009
-783.7722196
-428.7289184
-1232.480782
-220.4009983
-323.198681
-822.8687254
-2478.763735
-3033.330492
-6598.285993
-570.0934541
-5771.614138
-2847.194607
-2177.237524
-4116.399684
-466.5545249
-440.6672262
-7850.607669
-639.7857217
-2044.482227
-248.6633236
-847.2992205
-556.1023323
-2450.063319
-308.5062545
-1900.398648
-1241.323672
-4704.000294
-1137.654815
-926.5216174
-1442.852792
-1990.945848
-307.5330701
-2919.810162
-902.9366171
-466.5022983
-31849.1977
-5907.862728
-6715.868167
-2152.777843
-5462.630677
-2256.741748
-546.70634
-699.3437444
-673.8496521
-1287.579001
-543.1361519
-931.3615921
-484.0555098
-641.9852437
-947.6138361
-646.1045524
-2691.911013
-800.0762117
-531.7444254
-1721.602557
-1082.296995
-2311.799946
-625.8308649
-1286.236532
-1351.074785
-485.3399835
-904.9842032
-1760.51165
-3353.187156
-5424.186761
-2654.596114
-503.1750637
-1639.701426
-1419.172795
-281.0222156
-694.5644633
-1323.40307
-2197.750269
-1977.676432
-2199.960882
-38069.44246
-1141.909961
-1085.52615
-1982.148314
-2788.118988
-714.5996847
-1231.222312
-632.3576118
-1196.518099
-2141.900455
-5224.269014
-2349.724365
-3701.778905
-285.6235404
-1386.479513
-625.832381
-1478.981437
-6415.333105
-1446.296392
-481.3871702
-2590.736147
-1801.854107
-784.848705
-775.7285574
-569.9521711
-1573.693818
-326.3591604
-1062.090901
-551.9429426
-1541.012478
-162.3185569
-674.9691314
-1747.494872
-282.734875
-983.0335188
-1019.592811
-2136.894176
-1261.919699
-711.7410504
-1053.389868
-2604.843483
-475.9008573
-2762.450839
-1210.740881
-1811.295743
-1018.538186
-703.6311682
-2968.472864
-1173.006831
-1164.125278
-3168.705064
-655.1204767
-3596.768639
-1368.348635
-754.4479254
-388.6485468
-1406.96095
-927.0519095
-1405.406325
-869.209443
-2688.73639
-667.7566159
-2197.13119
-277.153019
-283.9839511
-4511.339493
-383.0466992
-629.0489102
-1690.427781
-1757.521013
-1967.036655
-1076.27191
-1841.526057
-475.9992827
-3462.836102
-616.514938
-435.5399319
-894.6539232
-566.7339635
-5753.837659
-350.4423174
-852.9307169
-2241.762236
-997.0798216
-514.108105
-859.6635027
-9768.422931
-1382.11167
-2494.246745
-596.461873
-1274.232055
-914.9648817
-294.0498795
-1303.703849
-1253.83911
-1563.284067
-1430.744836
-1053.520882
-1305.558831
-1349.049685
-518.0268743
-1180.639505
-911.2701483
-2690.257837
-7038.063425
-4240.214256
-888.8893509
-1271.765658
-928.1686117
-1089.428185
-2352.94455
-2006.404702
-622.4487914
-9367.549012
-736.799464
-369.5313819
-938.0917468
-935.900637
-1288.712829
-1636.855187
-1077.194807
-1834.240268
-620.4433405
-2496.130785
-451.3924203
-180.1194391
-448.4093747
-910.9784394
-1507.873876
-884.9477732
-2620.36311
-608.691479
-1077.862761
-1459.610941
-2450.280576
-399.7876085
-765.4513993
-598.4249536
-2860.27697
-335.9232611
-4675.522204
-1873.188259
-4232.132259
-674.2079499
-575.935265
-724.3008712
-179.332537
-1416.358018
-2076.133625
-1029.676971
-5110.521568
-3117.070645
-374.796985
-345.6139963
-2924.149813
-1693.17833
-4282.204371
-383.2231379
-562.3329493
-1016.538165
-4208.419634
-1629.064811
-722.6710972
-994.9995855
-2588.309156
-1594.998801
-2493.478209
-1235.819936
-239.2940635
-845.2313615
-1141.674224
-1859.127174
-936.6246991
-2144.614309
-3095.50063
-1236.532961
-636.3618543
-643.6030488
-177.5672501
-1131.808317
-714.0453412
-440.7562064
-1270.523385
-304.80266
-686.6537865
-1092.845863
-1335.78255
-1241.977908
-460.291365
-2447.712103
-1253.391738
-437.9615763
-3897.266418
-706.9195497
-680.9813211
-290.0046872
-444.9694547
-1007.601739
-300.5983465
-1029.379262
-854.6169813
-397.663735
-261.3059877
-1155.139576
-1375.987636
