    0.8564192148                1     0.9543379375     0.8737190481       1.24670691     0.9073243573     0.4348945211     0.9504291567     0.4720351523     0.1728576212     0.1659781076    0.06408453566      0.116106371    0.03003858675    0.01534191705    0.03543692091    0.02937690418    0.01661362648      0.028477053     0.1014034508    0.02647957035    0.01439211881    0.01311184795    0.03990861658    0.01966961477   0.005134389175   0.003001995418   0.001201289415   0.002564381043  0.0006468784236   0.009229188385 
     1.259751777                1     0.7831153633      1.165004126      1.251158516     0.7833533282      1.028125377      1.350273429      1.370918278     0.9193781633      2.541001379     0.9752743718      1.604993693       1.37950118     0.4909004063     0.5485594153      1.784617905     0.9314648252     0.5319432816     0.1387926576     0.2233326331    0.09422768224    0.03857853611     0.0357171575   0.003511613261   0.005471637886    0.00110459773  0.0006363716669  0.0006367106712  0.0001985973148  0.0001516859908 
        0.850714                1     0.6838876211      1.151784051      1.107765398     0.4984100537     0.5881022641     0.3374802113     0.3867380416     0.2540899099    0.06601618298     0.1203228695    0.06881687367    0.07042292884     0.2338724759     0.9136473162    0.09505128821     0.1006869868     0.4665765604    0.03149314394    0.01417602311   0.007041618789    0.00414900549    0.01680598824    0.01034769429     0.0167970587    0.01562303175    0.01506547801    0.01727901319    0.04336728554  0.0009449060652 
     0.810056207                1      0.776299668     0.3462586614     0.2426195609     0.1708682093    0.09230659971     0.1365441935     0.0384332859    0.03583997634     0.0200017119    0.02163390921    0.02499333155    0.01961770126    0.01955429137    0.01215433173   0.006367637918   0.006253948543    0.05756047123   0.008240541287    0.02079073152   0.001464299071   0.001120072913   0.002433896175   0.002951202204   0.003194508115   0.003219894383   0.003429470215   0.001836626173  0.0004241371563   0.000256342096 
     1.739556988                1       1.31558193      1.289712545     0.6979536143     0.8039447446     0.9317408131     0.3435227736       0.22988102     0.2172460224      0.201866366    0.06976971583    0.09264134419     0.1125031509     0.1286203209    0.03980955857    0.05195318298    0.06859982582     0.1527855399     0.1011728203    0.04976168266     0.1881332008    0.06890375338    0.03673402112     0.0983052285    0.03927631272    0.00846546142   0.003697009742  0.0008310197239    0.00104582467  0.0005147832991 
     1.488429508                1      1.482905383     0.7533283647      0.981348276      1.583374503     0.5640081854     0.2918376537     0.1831245422     0.1283859553    0.09483801455    0.07358779485    0.08801158701    0.09623633383    0.03008068618    0.03504799893    0.02454613265    0.02640778257    0.09470185065     0.1629513712    0.07162139771    0.09085504215    0.06663542742    0.02228603395    0.02313803916    0.02443526135    0.01102949957   0.002327919346  0.0007471589087  0.0008646973577   0.004734385603 
     1.165137695                1     0.8292078672      1.165317267      3.023922859       1.42729213     0.5844497094     0.7133068905     0.2299422623    0.07875972393    0.07045016687     0.1449949086     0.1103910527    0.08323452996    0.03503685668    0.04462645911    0.04239652916     0.1193083638     0.0622172286    0.03353858226    0.03747174919    0.03637347913    0.01479659488     0.0146201952    0.02490472756    0.07597887293     0.1891227385     0.2352338269    0.04459242929    0.05627000595     0.1095402591 
     1.404145516                1     0.4539956758     0.4940205782     0.5264722219     0.4336252515     0.3321650589     0.2111417315     0.3493483371     0.3857798443     0.4395342913     0.4800069801      1.200736039     0.6159628949      1.042187597     0.2384587532     0.1864462165     0.1558198242    0.02628797803     0.1154410801    0.03777916866    0.02471662861    0.00861918594   0.003291817893   0.007571330081    0.01136934293    0.00807417792   0.009755240638   0.002494190315   0.001268572746   0.002260503824 
     1.307041094                1     0.8215006797     0.8088205714      1.021226827      1.222880093     0.9414682455     0.8680998707     0.3098762551     0.6246517942      0.351044329     0.4118128624     0.7927835635     0.7424267149     0.4136367533     0.2648048415     0.8011461662     0.3471862795     0.7902246732     0.3782459927     0.7757527232    0.04059716508   0.008744348801    0.01507192963   0.008198701363    0.02280921887    0.00701601178   0.005187621837   0.000583560955    0.00236557079   0.002460737235 
    0.7596540391                1     0.4852654023     0.5264497349      0.216926868     0.2217448165     0.1308104978     0.2379288464     0.1435995285     0.2864635675     0.2616308948      0.122267103    0.09620088373    0.03552150913    0.02840669491    0.01927132603    0.01339556564    0.01463622503    0.04636296156    0.04778882777    0.05133443393    0.03779653219    0.02613421211    0.01551451921   0.002555872743   0.001809915876   0.001362302776   0.002161394598  0.0008188423885   0.004483458209    0.00521404298 
     1.193426711                1     0.6945000508      1.187624386     0.8706998889     0.4468021188     0.1756120911     0.1183527006    0.07287740378    0.08271231865    0.09789502417    0.07583998606     0.0756321518    0.08534345847    0.06703345881    0.01701115136    0.03482208385   0.005692372622    0.02337782084   0.004822679351   0.005792871884   0.002080204792   0.005263581568    0.00215945481   0.001543900171  0.0008605911656   0.004871140501     0.0046517455   0.004220850662    0.01376500404    0.00644172234 
    0.8634494453                1     0.4155096602     0.3675040403     0.2184001684     0.1469233838     0.1985441895     0.2028938858     0.2674529512     0.1887412481     0.1656688231     0.1182251536    0.03771067085    0.03773359828     0.0112755113    0.01823435856    0.01538531562    0.01648624208    0.06292070365    0.01437165307     0.0160512969    0.05172865815    0.01465257543     0.0268685453    0.05025063876   0.008778241516   0.001576547694   0.004603826573   0.001252652025   0.002257391197   0.007016799819 
     1.663352172                1     0.9172622266     0.4109872651     0.3044311229     0.1729714218     0.2313950091      1.076661926     0.4781549636      0.211355752    0.07577622239    0.06189947766    0.02470328228     0.0181482378    0.01881614019   0.006694205516   0.006102351541   0.004555474028   0.003665770649   0.006032486976   0.003896385491   0.003342480856   0.001436785322   0.001736083535   0.003002945368   0.001481220798   0.006157197585   0.008971496141   0.002326813544   0.002767590421  0.0002694646284 
    0.8022738086                1      1.126957328     0.7870609514     0.8797580562      0.859470156     0.3704906076     0.1382282676    0.08927657263    0.07948756044    0.06902576066    0.03956214591    0.04886936115    0.03777247005    0.03982735719    0.03818329988    0.06111866752    0.05708580685    0.01192265543   0.007936086881   0.006111983045   0.008687458152    0.00327081407   0.002361401975    0.00146596351   0.001138931013   0.003471886125   0.003090808137   0.001052029951   0.001972823178  0.0006011189043 
     1.391122867                1      2.543482223     0.8363852921     0.8745402161     0.3888683695        0.3053856     0.1176637986    0.05610103815    0.02895618833    0.03582597448    0.02100562672     0.0147609761   0.008938651156    0.01373254941     0.0252808925   0.004102163621   0.008477919076   0.001780337524  0.0005314782972  0.0006417438653  0.0004341385991  0.0002358621912  0.0005744442964  0.0004101013618  0.0008869300102    0.00325533742  0.0006496494393   0.001468473957   0.001640680826  0.0004988380684 
     1.003025922                1     0.6842406133     0.4148778284     0.2976914095     0.3299004873     0.3120273657     0.3280074626     0.4035922941     0.1361447951     0.3883402291     0.6381807187      1.106446421      1.045523175      1.001830913     0.1293956342     0.1733438983    0.06361098403     0.1905483324    0.08936971949     0.0317741014     0.1178028806     0.1956021301    0.03524130077    0.03628648478   0.008865989779    0.01252761028    0.01285445661   0.003114570517    0.00399836575   0.005020540787 
    0.6712449531                1     0.8598488594     0.5609813799     0.3911835962     0.2043129597    0.09541135875    0.09542256429    0.06249723118    0.04094260191    0.05080151496    0.05825853575    0.03465477575    0.04373658659    0.06949773983    0.06251706901    0.02351372647    0.00541502135   0.009991192529   0.008945914303   0.006392986723   0.008522514945   0.004565415037   0.005383226418    0.00123733323  0.0004091719833  0.0003991432708  0.0002451645569  0.0004303661569  0.0002565892226  0.0001499297056 
        1.377991                1     0.7354269297     0.4987829958     0.2504140954     0.3556951464      0.204553102     0.2190485624     0.1138123952     0.1128957008    0.09655778933     0.1544680281      0.224951316    0.01417112319    0.01747847879    0.01184260148   0.007072583445    0.00247772614   0.003045895637    0.01168761514   0.008371134625   0.001931401698   0.002623093321   0.003449854369   0.001204646651  0.0009595968238  0.0008839160961   0.000193752411  0.0004415366866   0.000175325732  0.0003144376557 
     1.116920711                1     0.9457744492       1.38336582      0.629433148       1.47944805      1.444063811      1.093253197     0.9304684702      1.809997533      1.791856215       1.77850051      1.054929363     0.4000189454     0.9432888126     0.8513722773     0.6839406681       1.91660359      1.055914068     0.2556517658      1.009016915      2.621659362      1.978485479      5.497884443     0.4962014434     0.3110307247      0.135136579     0.3107894264     0.3409392394     0.2123399605     0.1776196485 
     1.062020242                1     0.8461670313      1.019059853       1.15594824      1.152547408      1.134186194      1.383341786      1.568792474     0.2913775062      0.602377864     0.2848308374     0.1824413741     0.6681186986     0.4971881742     0.1327256145    0.07794094034     0.0598344726    0.04476910478    0.02089586192    0.03440310861   0.006812122115   0.006942850862   0.002745998562    0.00229048118   0.001455028602   0.000868978458  0.0008559567181  0.0005881629556  0.0006955308623  0.0003346291074 
     1.273846996                1     0.6532709219      0.663471373     0.9557110414     0.5583277795     0.7480002981     0.9665153821     0.7402666873     0.7488558236     0.1498930556    0.05794180764    0.02167987765    0.08327293113    0.03781352458    0.01017954302    0.01268495247   0.009861541787   0.008963126472     0.0103150208   0.003074725686   0.009485502692   0.001623363334   0.003636644208  0.0006887998806   0.001929859345   0.002774076791  0.0004709712873  0.0004913314793  0.0001383257981    0.00013715392 
     1.130690266                1     0.5363653516      0.379618137     0.2199980719     0.3320106183     0.2781097227     0.3908020223      3.831396654       14.2391774      3.583819242     0.4981320606     0.2968382822     0.7648495324     0.6196462034    0.04747984799     0.1700702942    0.01683838468    0.01234270281   0.004556669617  0.0006511879434  0.0002400340471  0.0002464260096  0.0002776159884  0.0001487574739  7.914980983e-05   5.64876167e-05   3.56793281e-05  2.097920593e-05  7.479840404e-06  3.735697443e-05 
     1.580464164                1      1.001489254      1.172410271     0.9753630905     0.5688279981     0.5453377644     0.4896756068      0.307744417     0.1882166814    0.07763920635     0.1125552675     0.1571078554    0.05223128402    0.03276773522    0.02897076394    0.03504363984    0.03904328728    0.08231961669    0.08775447162    0.08979470632    0.08461520713    0.03451938282    0.05860122344    0.07596403486    0.05516849954     0.1503612702     0.0496784669    0.01846689099    0.02276893105   0.002591230262 
     1.404001656                1     0.8744960898     0.5012871675     0.2861503825     0.1365224569     0.1088076192       0.11513724     0.1408863415    0.04263832356      0.188625291     0.0276101193    0.02383492456    0.01889283613   0.007069108093    0.02427353921    0.01076203136   0.008206840763   0.004870019864    0.01964408935   0.001663193951     0.0018174727  0.0006883143273  0.0008694387484   0.001125200373  0.0009311477918  0.0004905155403  0.0008880633175  0.0002230804838  6.461836537e-05  4.749748195e-05 
    0.8707427383                1     0.7642273047     0.4153404048     0.2922270013     0.2408555946     0.1359309395     0.2142604596    0.08334533413    0.08064931587     0.0736285568    0.02675827118    0.02221899065    0.02884516868    0.02723713304    0.01382573669   0.004130066304   0.007899411439   0.003310631823   0.004275178104   0.003680623954   0.003592402723   0.002445322641  0.0006225462777  0.0004471033263  0.0001378050344   9.17090388e-05  6.161594556e-05  3.701909177e-05  8.724818565e-05  8.215328073e-05 
    0.7074495156                1     0.7810722109       0.91573698     0.8220679738     0.9858187761     0.7119765201     0.7969708355     0.4199140831     0.3044116201     0.3962718769     0.3374367607     0.1936073341      0.197738284     0.1516502187    0.03482588028    0.03912481895    0.01741373205    0.01200020826   0.007040093927   0.006073152222   0.007803429783   0.003615601189   0.001524613494   0.001692069252  0.0008752458299  0.0003722637246  0.0001554629409  0.0001483283987  0.0003997082126  0.0001591155042 
     0.718764168                1     0.6257447383      0.294964971     0.5166798661     0.2274181182     0.2346654427     0.2801532428     0.2432749493     0.2689934292      1.484826562       4.43428163      11.16330316      25.89473081      11.13809183      24.68110308      14.19292627      3.745708726       1.74978388      0.704675611     0.4908851428       1.31293996     0.1110663275    0.02541266398    0.03919471216     0.3866687749      0.147126503     0.2009073868     0.1047302493     0.1025174025     0.0240999931 
     1.750203227                1     0.6928702305     0.5603308992     0.5822837224      1.005610984     0.3792489855      0.833392731     0.8871232432     0.4145855782     0.3196285935     0.1298959388    0.05086381823     0.2191009402    0.07934729903     0.3216942646     0.3066272505      0.453087821     0.2495378928     0.2697303854     0.2709642998     0.1483010451     0.1686049586      0.302582748     0.3613424534     0.1081013785    0.09515038224      0.360166036    0.02951898209    0.01393070076    0.01518372207 
    0.6415556758                1     0.5950544922      0.392136647     0.3636770287     0.1787749671     0.1357737845     0.1351631977     0.1139081957     0.1399174851    0.04376313732    0.02618687294    0.04680816561    0.01852447709    0.01167159642   0.001717298516     0.0055582974   0.003731388586  0.0005008304194  0.0003335448843  0.0006337132359   0.001003684002  0.0009484825447   0.001689108665   0.005859348084   0.003896649701  0.0006457844541  0.0005485067886   0.000666164568  0.0001769989114  0.0002276740494 
     1.138877875                1         0.674149     0.5560613154      0.751180568     0.6774006845      0.580929036     0.1221452892      0.346388595     0.1317488281     0.1007805235    0.04922820606    0.02809091623    0.02152125006    0.01446450262    0.01298900509    0.01253103255    0.02669983126   0.006609895357      0.010794962     0.0106397128   0.009407573156   0.002921074574    0.00130021024   0.002474830355  0.0005403311053  0.0006304339435   0.000349146143  0.0001528061531  0.0004918959598  4.114778261e-05 
     1.428199059                1     0.4143100938     0.2586590723     0.2479986429     0.2095257843     0.2301711688     0.1459767589     0.1041835673     0.1859611917     0.1762943249    0.04329015574    0.05559801085    0.06310915336    0.05127396091    0.02319932171   0.004254284739   0.005676131999    0.02083667225   0.003373809526  0.0009658683297   0.001388603951  0.0004121960591  3.969170217e-05  0.0001240308431  1.983585386e-05  1.620408555e-05  1.008086039e-05  9.359524079e-06   3.10487606e-05  1.947100712e-05 
     0.863721625                1     0.6556475547     0.5802798225     0.4223703156     0.2936409535     0.5973591455     0.9479181558      1.507389144      1.877333153     0.1781268988    0.09623687224    0.04659910671    0.02512247832    0.03581030705    0.04352109853    0.02023528844    0.01531960973   0.005326067741   0.009900389638   0.003893496148   0.003401154457   0.004734298101   0.002756063633   0.001774575708   0.001321829853  0.0004147586203  0.0004241010941  0.0003066791426  0.0006624076587  0.0001744354346 
    0.9700778594                1     0.4438975117     0.5318606875     0.2937598186     0.5156220366     0.4172053378     0.5492926817     0.1755258213     0.1692281504     0.1733421493      0.173234539     0.3527467808    0.08987416309     0.5600570706     0.5484872373     0.1712988167     0.2143206019    0.04635587281     0.2015896902     0.3162675389      1.629464413      0.420546134     0.4308982733     0.5004734686      1.678401879      1.966796927     0.1235650878     0.1245502021   0.009929370607     0.1104287617 
     1.181003922                1     0.3903053359       0.37724505     0.2947412242     0.1820301166    0.09916323271    0.07987419442     0.1511732541    0.08941104687    0.03112586604    0.02343142973    0.01836519313    0.01790809643    0.01447253335    0.01820063187   0.003177036014   0.004560603939   0.001546249448   0.001984010463    0.00245140988     0.0058224809    0.01290803869   0.009216018735    0.01987316118   0.009891827135   0.001741189929   0.007557569741   0.003068124121    0.01362685714   0.003533703193 
     1.796352461                1      1.270483727      1.718131219      4.154974598      1.420479719      2.238055563       1.13750425      1.326323066      1.661331796      2.894270211     0.9868022474      4.452630005      9.065761088      6.911607014      13.81554267      4.369503914      8.670872134      10.87548932      1.663647089      2.850674666     0.9724626356      2.533352728      11.49895141       5.46704185       40.6542294      23.63206675      52.39720719      12.77328659      2.169672004     0.6656580281 
    0.8640453672                1      1.164917547     0.5641513539     0.7267524957     0.5316971037     0.3711460565     0.4962390272     0.6757878718     0.3220467313     0.6296676844     0.4070795842    0.09259182044    0.08200077834     0.1443936716     0.1819937465     0.1337765263     0.1032599218    0.06735731997     0.1708606756     0.1386288629    0.09365766363    0.08828169663     0.6071373396    0.07973708379     0.3115679321     0.2106146909     0.3807229209     0.1699146535     0.2058581769    0.08868275134 
     1.441103629                1      1.063620027     0.7504193088      0.652546525     0.5958040836      0.856221358     0.6711623226     0.4925908155     0.2261935825     0.2667622415     0.2534032693     0.1173972041     0.1124554958    0.03351524273    0.04450912171    0.02922496619    0.05259551214    0.06415145848    0.08069218554     0.2508397381     0.3033716928     0.2907547676    0.02695417435     0.7633998559     0.2032754952     0.0566260321    0.01648904554    0.09242692986     0.2308556835      0.127554183 
     1.591311344                1      0.382317707     0.4767020063     0.2477719229     0.2623311478     0.3537129304     0.4422978982     0.4011337136     0.2459458908     0.1472236412     0.1971536536    0.06344617164     0.0475011557     0.1318142183    0.04736830715    0.05658600297    0.05369457186    0.02878851225     0.1244692879    0.03419617767    0.09104377971     0.1119451558     0.1147980533    0.03691388238    0.02633246857      0.042120293    0.03815507233   0.004011872071   0.006798380882   0.002772328737 
    0.6528235586                1     0.4942684258     0.6570206421     0.2989558354     0.6977922187     0.8361519316     0.2854433931     0.4139991599     0.2364938815     0.3915633767     0.1264918448    0.09568977639    0.06567568522    0.06660503055    0.03949814684    0.01760284444    0.01170829108    0.02008597017     0.0249996787    0.05416035926    0.06923658468      0.166908541    0.07817294575    0.01244553538   0.002041694272   0.001915207511   0.003592350519   0.001801622466   0.001114202648   0.001364798098 
    0.8952825859                1      1.127449234      1.095191501     0.8363783579     0.7994136618     0.4756486094      0.551494698     0.6559614385     0.4997534472     0.4271209727     0.6771534055     0.7556893238     0.6926867859      1.231771753      1.446622621      1.888878259      1.544570266      3.001465604      2.262178853      1.102388817     0.3058129802     0.7580699351     0.6494304824     0.5474982817     0.1131211177     0.1023297338    0.05823167226      0.140938387    0.04762121487    0.02021870659 
     1.193732547                1     0.6364857578     0.9033266758      1.263738772      1.139604726      2.830465694       1.13718962     0.3119054506     0.6219391339      1.346036763     0.6947322326     0.1177979111     0.1595992779     0.1258457564    0.04295219195    0.08048024826    0.08577204784    0.04682343662     0.1270427923     0.7755980727     0.5839230522     0.1432236047    0.02798742116    0.04071058493   0.008440322592    0.01318608165   0.004370241065   0.002630524666    0.00408181032    0.00451376804 
      1.85444077                1     0.7847343906      1.080007092     0.6734432918     0.8696125207      4.544809566       1.69570546       0.55483963     0.2584086335     0.2177445213    0.04334660279    0.01966014959    0.01570393617    0.01137360033    0.01624095067    0.01709098741   0.002451599322   0.002836909863   0.002059402256   0.002350105621   0.001359007234  0.0005902122452  0.0009441550836   0.001417110674  0.0003326382552   0.000420851389  0.0005761723204  0.0001775055239  0.0002644900318   0.000541435525 
    0.6813944453                1         0.561403     0.2622226138     0.2365693347    0.06607121532     0.2795364877     0.2082200208    0.08108257803     0.1273611117     0.1436054729    0.09157481934    0.02444901561   0.007093777216   0.005578455639   0.003969645714   0.003584532732    0.00229935739   0.004332711276     0.0014656514   0.002834460144  0.0006695329682  0.0002743536002   0.001730805052  0.0002958385409  9.180404491e-05  0.0002327176683  3.857926052e-05  9.471937411e-06  8.436085956e-06  2.469809397e-05 
     1.311812512                1     0.6813930273     0.6774649197     0.4128294509     0.4272451321     0.3296616193     0.4346052858     0.3702817718     0.9660874095      1.217194842      2.120289042      9.537008485     0.3385381987     0.2473066557     0.3666101814     0.3869582866    0.04713664629     0.1143728275    0.07544188284    0.01952937654   0.008832102033   0.006499610443   0.006671944172    0.01376884292    0.01379307077   0.008495703262   0.002833957581   0.003180232003   0.002401597476   0.002314251643 
     1.303589758                1      1.068238938     0.4309492678     0.4239260875     0.2038113579     0.1773148288    0.08842853451    0.06564326989    0.08902991111     0.1392122786    0.07857222359     0.1510059176    0.03107044853    0.01451170433    0.01316079806   0.007393050443   0.007489102903   0.006136953823     0.0080589555    0.01097973768   0.005386038199   0.001831890357   0.001730135253  0.0009811529438   0.003091336084    0.01090255497   0.004868492847   0.003764603689   0.002077115367   0.001065935337 
     1.362605184                1     0.7909526992     0.9113275146     0.5392860341     0.4962281817     0.1832955686     0.3006752981     0.8242668762     0.4995868794     0.8289039162       2.27275612     0.2506760408     0.3055389884     0.6456653141     0.0969075674      1.080582627    0.08596899368    0.01791134836    0.01358128091   0.002096902945   0.002639314489   0.007051076824   0.006036868509   0.003927469519   0.001927924251   0.002635155417   0.009096478419    0.02793823084    0.00693641576    0.02134449127 
     1.270317895                1      1.791267156      1.103244788       1.99431627      2.963021088     0.9411698653      2.149645867      1.378981513     0.7722166949      2.811205168      2.016410092      4.590509139         2.444624      1.239652524     0.9553104388     0.2644840782     0.1671373355     0.4079417214    0.06132470411    0.06253920065    0.04753474936    0.02800643843    0.01747721315    0.01242921572    0.08331984099    0.06056634721    0.04597901979    0.02904457974   0.002854237993   0.004054959243 
     2.095497203                1     0.7681679219     0.6199291379     0.3750577047     0.2682145933     0.1642348803     0.1068164984     0.1341155087     0.1672188858     0.1438686629    0.08875064509    0.06737986156     0.1249410454     0.1015234442     0.1204701113      1.839148878      1.446421156      3.478280517      1.695478904      7.629186085      1.396575798     0.9859179556      1.858897726     0.7254141231     0.1752347067     0.3395945873    0.03887177508    0.04257136587     0.1684668255     0.5055941313 
     1.326712914                1     0.7384230391      0.732106498     0.3438029724     0.4058823459     0.3224067088     0.4253326853     0.1952093575    0.06799460992     0.1258032993     0.1085447485     0.0558654315    0.02701353594    0.05565801382    0.04954271215    0.05882683183    0.03054015038    0.01603799484   0.008461463404   0.004972189125   0.005927831754    0.00571322106   0.001920883139   0.001082357168  0.0009756176994  0.0002846421074  0.0004341285947  0.0007182593589   0.004173707032   0.001222164945 
    0.4985809727                1     0.5880410312      1.052805669     0.6239336712     0.7404433965      1.455464409     0.5589104675     0.3835748869      1.235572036     0.6815658731      0.796824641     0.1942894057    0.09887118662     0.0187675314   0.005176847306   0.003698805032    0.02598492977   0.004773109876   0.005888108948   0.001543930658   0.002044579118   0.000957096554   0.000687565101   0.001601906476  0.0008967393517   0.003656744345   0.003179273861    0.01033691969   0.009276568406   0.002482885589 
    0.9063045508                1     0.5991262422     0.4736150942     0.2577177617     0.7280775763     0.1342662048     0.1605131519     0.2897674754     0.2057868686     0.1826631321     0.1100358508    0.05083785788    0.01824109535    0.07134289505     0.3111014635    0.02971042589    0.07866033602     0.2452710369    0.09410110111    0.06157421741    0.07443342026     0.0281329695   0.001381824714   0.002534138255   0.001316677224    0.01517551786    0.02069826327    0.01144007165    0.00187231072   0.003076537216 
     1.302802984                1      1.510699316      1.188386267      1.357532246      0.672278685      0.510663574       0.40932816      0.407288907     0.2679034399     0.2422508687     0.2297306876     0.1319169151     0.1072541575      0.193254907      0.186108549    0.05874906054    0.01955953311    0.03119498075    0.03698464977    0.06549378695     0.1019784809    0.07381937757      0.144724615    0.00942305285   0.006090594131   0.007858500678   0.006223365471   0.001476853342   0.001391386863    0.02776189977 
      1.50238048                1     0.8134279375     0.5919025022     0.4030847991      1.360354054      1.329006166     0.4521230771     0.3250062261     0.1980450893     0.2015757533     0.1790468439     0.1083911777    0.06942135709    0.02253012516    0.01419673559    0.03320188551    0.02116045425   0.008407719496    0.00628951171   0.007162083299    0.00227219594    0.00870293187   0.002787750289    0.01556150583    0.03615900661   0.006022551051   0.006011038167   0.002573228039    0.00239211553    0.00191767223 
     1.523876992                1      0.866070625     0.6097096352     0.3196678733     0.6277061305     0.7696417501     0.2910116245     0.3391047194     0.1474685429     0.5003390634     0.2878605586     0.3485864432     0.2095329884     0.2713283929      0.274794885     0.7226737149     0.2447179367    0.08751661039    0.07792907159     0.2673629283   0.007028821272    0.02222201205   0.004797609323   0.001650123507    0.00034389417  0.0002895001752   0.000101332031  6.500450032e-05   0.000280902753  0.0002818061144 
     1.004680785                1      1.243211195     0.6856558662      1.198423975     0.2950128976      0.255702549     0.5452828025     0.3863390034    0.07373799407     0.1049230154     0.1286099945     0.1152035037      0.375278093    0.08341519657    0.05883452806     0.1861897028     0.3808181121      0.489957613     0.6372815058    0.07134464894    0.05016079934    0.02694718903    0.01506752995   0.005394144698   0.004523909233   0.004139597174  0.0009660253813  0.0004152057849  0.0001920297759  0.0003470267438 
    0.5915550742                1      1.189130699     0.8972776896     0.8216545827     0.3456540072     0.3962533162     0.1945145978     0.2712764246     0.3371509094     0.1148441137     0.2959404412     0.1154606669    0.03681419346    0.02277189671    0.01238735206    0.02331422156    0.01931461941    0.01458487619    0.05566981797    0.03027711563    0.01739582841   0.008660850555    0.01071913193   0.007014656938   0.004836116756   0.004740932986   0.001562051526  0.0006123607841  0.0006232793404  0.0008135357393 
    0.7763043672                1      0.598285375     0.5760193787      0.502318879     0.4238935738     0.5909710826      0.259493221     0.2775318982     0.3113698113      0.269602912     0.1975718685     0.1737242472     0.3320599473     0.1923669171     0.5867927484      0.358744688      2.245511562     0.2369798348      4.525139253      2.591763478      16.49797892      1.487480401     0.7209674651     0.9359164842      5.344245866      7.112984941      39.78478895      44.97827982      1.994904653       2.02318173 
    0.7114852656                1      1.379530621      1.226207406     0.8096969188      1.474106044      2.657827827     0.8034695937      1.308204594      1.090806181      0.892527365     0.6186531272     0.2069947695      0.317398544     0.2604009795     0.1698420007    0.07491261799    0.06864740133     0.1632058964    0.01593677285   0.007432355474   0.004650436963    0.00906464659   0.008594376396   0.002478477016   0.002427961442     0.0013666358   0.000471555468  0.0001734118594  0.0001639076033    0.00026216247 
    0.7626600859                1     0.4516616406     0.3402901738     0.3969759218     0.3529510212     0.2137238825      0.200196942     0.2637659418     0.2458809624     0.5210909013     0.8973433702     0.6146583597     0.7032375441      2.966502502      2.159885655      12.04812889     0.8550845383     0.9424011766     0.5710741656     0.2071484856    0.04407859202    0.01453754103    0.00338737496    0.02519076521    0.02180883593     0.0113616411   0.002349780845  0.0008278222219   0.000243161969  0.0004415486312 
     1.711912949                1       1.26839902     0.5836389487     0.5031023764      0.401522882     0.1421820499     0.1632962904     0.3273927782     0.1183491066     0.1018724954     0.1250040759     0.1194747033     0.1088180912     0.1381923174      0.029917334    0.03299154429     0.0125352234   0.005328147354   0.005426190155   0.002340341792   0.001693151171  0.0008082199565   0.001657116977  0.0003247618286  8.378936829e-05  6.719264356e-05  5.582537097e-05  9.545922916e-05  6.552760267e-05  4.542099735e-05 
    0.7707553516                1     0.4610144336     0.5441537727     0.2746142902      0.666260067     0.2880606973     0.2239610668     0.0950992661     0.1368888027    0.07970166434     0.1365575359     0.1163886156    0.09817945743    0.03502635775    0.03086493156     0.0509910002    0.01647430209    0.06087908364    0.01358545568     0.0109706692   0.001936485868  0.0005478282851   0.001232080479  0.0001318745238  0.0001026206803   3.52438288e-05  1.287250849e-05  1.273326647e-05  1.345231474e-05  5.281390207e-06 
    0.3552838398                1       0.61767325      1.228624342      1.425118876     0.5222825943      1.119546528      2.875104348     0.3581640734     0.1543560882     0.2942208109     0.3649766855    0.05642286083    0.07405856197    0.01406470625    0.01521550105    0.01257127173    0.01828010025    0.01684486082    0.01559870602   0.009776929766   0.007469513613   0.002541794266   0.001833420182   0.001764745222   0.001585593642   0.001887540292    0.00173304584   0.001655108012   0.001612645368  0.0008805641376 
    0.4364413633                1     0.6028522422     0.5262211427     0.5010593625     0.2741339557     0.2264770949     0.6957363736     0.1575660532     0.1531512667     0.1124246762    0.02592360998    0.01168061997    0.02521015395    0.01817731067    0.01740400197   0.006704414731   0.003257616447   0.005409000956   0.003387006255   0.006726628557   0.001380978094   0.004902333089   0.001360045565   0.001316434266  0.0004123243554  0.0004723835718  0.0001552594118  9.436596205e-05  0.0004861296085  9.532248305e-05 
     1.161516238                1     0.9372636836      0.746838321     0.3835605356     0.5129826959     0.4615188397     0.5580796627     0.1459295593     0.1296535293     0.2543571882    0.07216957477    0.05729216248     0.2025734717    0.08124295101    0.02369228915   0.007773929504   0.002908859467   0.001891055605   0.000757209244   0.000292004255  0.0002254261694   9.32048566e-05  4.698270107e-05  3.048437747e-05  1.534227185e-05   5.36850942e-06  4.162348503e-06  3.092316716e-06  8.861291576e-06  1.326740416e-05 
     1.494506629                1     0.6689675664     0.4204402845      0.684286747     0.4270368534     0.3884961564     0.2157480432     0.1871698211    0.06792380016    0.06569445188    0.08835420647    0.05515231074    0.03243521361    0.02561939838     0.2349008001     0.1111772417    0.05917480102    0.01421948684   0.007330943686   0.002414526249   0.001815330026   0.001157763688  0.0008047615784  0.0007523771266    0.00076919703   0.000636783696  0.0003040908617  0.0001802149667  0.0002090112332  0.0005802121934 
    0.8185345937                1     0.8013615156     0.7474213862     0.5653218112     0.2069882119     0.2260059466      0.130465844    0.07929321788     0.1062818217     0.1261139505     0.1416462341     0.1263421998    0.05942873591    0.03405267003    0.03508751992    0.02151440573    0.06182410894    0.04602871283    0.04282327943    0.04613353076    0.02633514116    0.04245571583    0.03068452472    0.05424694983    0.03180477568    0.02475807869    0.02494524208    0.04485522649    0.07479400114    0.07714926806 
     1.064886238                1     0.3141447461     0.6625956462     0.2877358649      1.321969049      0.651190758     0.9055395021      1.882017306      8.516254341      9.647816165      7.138416345     0.7164969745     0.4137177555     0.5193464081     0.3981622468     0.1473166303     0.1227747364      0.134273879      0.159051813    0.04602820114     0.2337422631    0.05170688493     0.1386589717     0.1135475695    0.01125076387    0.04621312631     0.0195628158    0.02734942324    0.07946224625     0.0456491308 
     1.856123793                1     0.3038738359     0.2900360844     0.4086163249     0.3446451054     0.1080711666    0.09657028147    0.04681843411    0.05806224047    0.06700313718     0.1077579747     0.3193354754     0.1072181502      0.762607401    0.09152510901    0.03744879589    0.02550132617    0.01406155472   0.007005400558   0.009838438105    0.01631373609   0.007951448237  0.0006821679348  0.0006457591148  0.0006682638678  0.0003809741276  0.0003172790476  0.0001871791988  8.297319803e-05  3.886375237e-05 
     1.039895008                1     0.7813888516     0.5653836924     0.2351615547     0.3338362176     0.3535914996     0.1526784375     0.1821875165     0.2228708636     0.5328064717      1.202870643     0.8623431732     0.1940495117     0.3403567762    0.04639004853    0.01828536593    0.02947299578    0.01305130885   0.008704682304    0.06349041595    0.03825531098    0.02230049323    0.01014401287    0.01014743238   0.007415280205    0.00232094578    0.03676324145    0.02663706605   0.009499544378   0.007395979409 
    0.6467046484                1     0.5608238359     0.4059092427     0.2346658771     0.1907136696     0.1447290835     0.2263438407      0.101908102     0.1275576519    0.04627635135    0.02922932324   0.006685865993   0.005174277106    0.01920030407    0.01186718651    0.01804236384   0.002074984513   0.001185739073  0.0006985271286  0.0004961814954   0.001043920088   0.001593858639  0.0003192216432  0.0002152164795  0.0005257319304  0.0002326948809  0.0002733663047  4.356396308e-05  2.235994883e-05   1.32840706e-05 
     1.825084234                1     0.7429287109     0.7221274609     0.7323150261      1.197278191      1.203995053      4.921118242      3.481732727     0.5129447004     0.4976803673     0.1577991612     0.5075425716     0.5253574177     0.1451035256     0.1029937704    0.01501102086   0.002961420758   0.001309487505  0.0004957255198  0.0006098591219   8.30248763e-05  6.364567774e-05  2.388086309e-05  1.375067804e-05  2.039934953e-05  1.187438184e-05  1.945419924e-06  1.593349578e-06  2.445583602e-06  1.227037625e-05 
    0.8376726836                1     0.5875090938     0.6250215592     0.4663552989     0.3474568258     0.4379021871      1.521589932      0.979644233     0.9349827159     0.7642398336     0.3450196193     0.4875178403     0.1812665333     0.3129537397     0.3262965667    0.09876658449     0.0708495787    0.01625413187    0.01248784607    0.01591225989    0.02155749418    0.04820074932    0.04038568253    0.01760550377   0.002882089128    0.00378300287   0.001798028622  0.0005728776276  0.0004084375121  0.0003252767324 
    0.7774202734                1     0.6267712305     0.4179619119     0.3977752889     0.4548430551     0.5795503433     0.2983801216     0.2666573084       0.22511586     0.1900243405     0.3175836264     0.2622277069     0.3326743478     0.1788980198    0.07883676823    0.01837292746    0.01174882883    0.01543914736   0.008268458497   0.003685525757   0.001850442263   0.002051725299    0.00160763384   0.004468706131   0.003277618615    0.03798619379   0.003333014476    0.01450766977   0.005539740752   0.003207551992 
     1.981223043                1     0.6892231445     0.5465938296      0.412519414     0.2342827733     0.1485255013     0.1803482813     0.2362051278     0.1127946659     0.2288258327      0.134248533      1.060003826      0.851890348     0.1988691327     0.2208068288     0.3887538606    0.06314659265    0.07133235916    0.03433421842     0.1889444051    0.03833091956    0.05978759925    0.06724890582   0.007648864206     0.0129522801   0.007626627467    0.00412930989   0.004530140922   0.003740533255   0.001764349997 
     1.130562848                1     0.6546968359     0.2854936742     0.3020477293     0.2409202431      0.173342665     0.1661583428     0.2651455227     0.1813515527    0.06729142544     0.0440641218    0.03147669554    0.02025565652    0.04292406304    0.09192174602     0.1087373683    0.07841831207    0.02394608367   0.009818248039    0.01470603379   0.008152649142   0.007584561929   0.005294852119   0.005214170097   0.004432131256   0.006033446462   0.001034486864    0.01203485441  0.0009188288156  0.0009544549399 
     0.915428207                1      0.684506418     0.6025293694     0.7265767296     0.7502905991     0.9739640966     0.7152981263     0.5359788739       0.38928891     0.2464822294    0.09723770852    0.04946874577    0.03208582275    0.01348269064    0.01375483565   0.006743209223    0.01615154482   0.005844025181   0.005258177735   0.002414905351   0.001928030757  0.0001891573974  0.0003791681826   0.000116850156   0.000168104525  0.0001056683535   3.95196134e-05  2.670422502e-05   2.70954516e-05   1.54642329e-05 
     1.135374121                1     0.7330481172      1.152149878      1.346011451     0.5505052923      0.287686017     0.7521702575     0.5102898757     0.5928117174      1.788492737      1.598393201     0.7925314228     0.4557332989     0.1981414003     0.0421629253    0.05926510306     0.0479466441    0.02701809045    0.07042040157    0.02289935094    0.05364488111   0.007581826859   0.004687936655   0.004517297002   0.003814106134   0.001310541502   0.002023214652   0.001071621156  0.0002850565182  0.0004492122963 
    0.9148033281                1      1.058955578      1.170786856     0.8199337099      0.383513749     0.3928094817     0.1796023699     0.1903849253     0.2020915701     0.2109667921     0.1437724973     0.1041662152    0.05196975541    0.02451906483    0.03622037729    0.02485631831    0.07637887434    0.02375883408     0.0240890269    0.02811238304    0.03056633541    0.01746263853    0.01020022942    0.02352885512   0.005650232253     0.0137574433   0.009208547902    0.01962758636   0.002925334307   0.006368124765 
      1.51003477                1     0.6721946055     0.6126019229     0.5414614719     0.5910076668      2.180692839     0.5149846617      1.059276029      0.552132117     0.1549038475     0.1001534284    0.08072202655     0.0354573277   0.006740195563    0.01425699305    0.01473457257    0.03495579636      0.020425069    0.01954503325   0.002918231607   0.003016137264   0.001488164181   0.000885612768    0.00120175832  0.0008764068489   0.001110821033   0.000751005073  0.0002510816317  0.0002375235845  0.0001003559425 
     1.125359852                1     0.5393100156     0.5900012485      0.373703738     0.3325891036     0.2090493166     0.1302694868     0.1048761329     0.1146689635     0.2353304605    0.08246463514    0.04755982165    0.05760043947    0.01887120181    0.04869419741     0.0169497244    0.09451921483    0.06171835952     0.0261300689    0.02015826605     0.1103406876     0.2063642792     0.2137293259      1.255831632     0.1385063755     0.1105167588    0.05432232507     0.4960971409     0.4857759688     0.5321123401 
     1.240984598                1     0.6606929102      0.676425532      0.445356923     0.2690371448     0.3009489077     0.6452149538     0.1508732025      0.277034342      0.511043447     0.2485822827    0.08978944585    0.08212970626    0.01699418547    0.03740220286     0.0159307099    0.01388681592   0.009688042048     0.0168247856    0.02595709197    0.03143568735   0.006870763269    0.00429164278   0.001168364525  0.0007494763272   0.001029891466  0.0007936565728  0.0002977428683   0.003040704482  0.0001744756925 
    0.9750466797                1     0.6586644531     0.5191603885     0.5014134425     0.2379717379     0.2220085926     0.1626435398     0.1376251298      0.151313498    0.03810760264     0.1030158511    0.08468621423       0.14892156    0.08569921946    0.06487643948    0.02930166371    0.03194238613    0.01476169322    0.02103140956   0.007639095528   0.004374255252   0.001728089431   0.002175199522   0.002971706095  0.0002761624361  0.0001518393612  0.0001311874319  0.0001894637624  0.0002251444229  0.0002365642599 
     2.409176336                1     0.9704378594     0.7184351805     0.9202907613     0.4472583572     0.3552143348     0.2957220767     0.2751834006     0.1572430342     0.1341375182     0.2411771076     0.1708320645    0.09864371671      0.204071921     0.1307129043    0.03353334972    0.01356261594    0.02489903282    0.01573154558   0.009808756301   0.004463378804   0.003599402381  0.0006289900781   0.000259261744  0.0004868130266   0.001362293446   0.001594829054   0.006208382503    0.08183736586    0.02385173556 
      1.46624766                1      1.562763965      1.546081644      1.258586005     0.5504191839     0.9988175638        1.2366737      1.333188793     0.6980955827     0.5881588761     0.5092198443     0.2928156445      2.646234902     0.9858901904     0.2829085941     0.3707924937     0.9393058905     0.3116297078      0.912565816     0.3119918928     0.3593953867    0.05466378174    0.02075892988     0.0237410518    0.01108120565     0.0046413022   0.001073869996   0.002571721991   0.001319270114   0.002097094257 
    0.7705410625                1     0.7495848203     0.8701280844     0.9202065773     0.7031169823      1.562929259     0.9214285814      1.446911793     0.7149342582      1.000801245      0.312036114     0.7486540599     0.3341301212     0.1342469856    0.03574363193      0.255474566    0.09037001132    0.06340464149    0.06395348621    0.07161458481    0.03002722845     0.1222363218    0.05575001884    0.01120075955    0.01021821955    0.01548963911    0.00461946423     0.0296105701    0.01020994948    0.01086815742 
     1.138696703                1      1.575796234     0.9333821078     0.8223654983     0.4684187653     0.3081043139     0.2842248966     0.2217970159     0.4117959001     0.1197333771     0.1044924065    0.02697659305    0.02815098036    0.01285231388   0.005768745256   0.006045489438   0.004499352123   0.003370393409   0.001167369529   0.002206058768  0.0002199172798  0.0005197621277  0.0001339175604  0.0001868236776  0.0001805937282  0.0001716839366   0.000107532175  7.793140797e-05  6.674636986e-05  5.032026597e-05 
     1.146605125                1     0.5507477031      0.453964265      0.461736028     0.5001195185     0.2038094443     0.2579485512     0.1477611758     0.1898994872     0.1026112389     0.2954354703     0.2552699733     0.2867448117     0.1559349109     0.5154626826     0.1926486971       1.38365037      1.200576885     0.2203376148     0.1162038515    0.06987241248    0.04147926477     0.1194262893    0.02088938798     0.0511547197      0.253199268      5.603097053      1.212234756     0.1147165062    0.01892414348 
    0.5053729844                1     0.6195946445     0.4142954497      0.402888907     0.2765061246      0.183551522     0.2098121609     0.3095621417     0.4014114479     0.6257741236     0.1773651928    0.08208342844     0.0379933851     0.0213003084    0.02924775784    0.05057029609    0.04600136411   0.009354192383   0.006738931467   0.004111109199   0.002561133296  0.0009490107519   0.002965721703   0.001024941494   0.000521609036  0.0004818390653  0.0002353634243  0.0007042853508  0.0003739813373  0.0007626543828 
     1.063338988                1     0.7544907578      1.129444825     0.8548178812      1.253012882     0.9835486778     0.8508568622     0.3900911625     0.5667761519     0.2202836792     0.1558838456     0.2944000244     0.5503306922     0.4547963713     0.4215759109     0.3346033466     0.2404242257      0.274369991      0.197329236      0.156115293    0.06562463517    0.04968278003    0.03733758532    0.01464745454    0.01638286688     0.0383228733    0.04093960054    0.04792881544     0.0218604886     0.0316905555 
     1.045548391                1      0.885750543     0.9407909973     0.4731384199     0.7734669112     0.2241071383     0.3066781692       0.19503601     0.2812717577        0.1236867    0.03885754228    0.01468127809    0.01561047941    0.01745445656   0.009644398777   0.009242889057    0.00836701798   0.006920841827   0.007046686745   0.001911053503  0.0008569140444  0.0004997621819  0.0005803797307  0.0003544979144  0.0001763350932  0.0003020724213  0.0004822620293  0.0001793055758  0.0002702763393  4.566827293e-05 
    0.8867361719                1     0.5435464727     0.6801118303     0.6769364285     0.2518123003      1.004209795      0.688368178      0.224344531     0.3009922403     0.3088974172     0.7446633176     0.0925502361    0.05003259116    0.01614438748    0.01337343716   0.004722232377   0.006472626911   0.007587973091   0.002764371445   0.004186417042     0.0026158471  0.0008863012201  0.0003701237705  0.0002300587848  0.0001620160816  0.0003302443441  8.632515213e-05  9.851987593e-05  7.051306923e-05  9.521520081e-05 
     1.053150309                1      1.450998273      1.009670856      1.848830131      1.159550266      1.314947428      1.679513942      2.077974083      2.683094252     0.8565297171     0.4645998146     0.7642436271     0.5154253284     0.2764196084     0.3301386843     0.1846836099     0.1069870329    0.08743170882    0.06515792039     0.1127004611    0.03495108926   0.009961941894   0.002906343137   0.001410931824   0.001878420441  0.0006444030995  0.0003832152971   0.000263551721  0.0002542106854  0.0001557281285 
    0.9606709961                1     0.8721834766     0.3636665133       0.79200322     0.3668354466     0.1855484054      0.183851679     0.1036689192     0.2559621374    0.07411679108    0.07561226381    0.04065999713    0.02990208116    0.02772809432     0.0162243367    0.02818288367    0.02111077164    0.07120352158    0.01739984044   0.005416893226   0.001781894115   0.003363403099    0.00181288607   0.001741569826    0.00242147894    0.00124442209   0.001092312044   0.001264044574    0.00155242059   0.000339706734 
     2.169629078                1     0.8318279687     0.3900534172     0.4331139597      0.354905539     0.7819821952     0.5868376149     0.5455345623     0.5445375379     0.2242487747     0.6640719918      2.693594277     0.5561891975     0.3075557099     0.2284584157     0.1592411637    0.05416033253    0.04388675058    0.04435507686     0.1479851022    0.03519703159    0.05685796538   0.006069124818   0.002890047686  0.0006639786237  0.0003832868301  5.057279223e-05  0.0001566939286  5.116107673e-05  0.0001363011283 
    0.5580922305                1     0.8377753867     0.7523087786     0.2933008611      0.214765665     0.2656249875     0.3264954534    0.07447304188    0.09201966081     0.1313420384     0.1245163279     0.1194871876    0.05879465117    0.06501298864    0.03965194442   0.009638867018    0.02902625674    0.01206832682     0.0122351131   0.007038493359   0.003307638564   0.008325858521   0.001524116353   0.005986844923   0.001209955045  0.0008463912481  0.0005892268763  0.0007333147149   0.000465475751  0.0004712995311 
     1.295755902                1     0.4992392031     0.4644329709     0.3189288957     0.2642384971     0.1861803695     0.1301170214    0.06879296204    0.05385626061    0.03878850379    0.07214786869     0.0249018504    0.01697773853    0.04934693651    0.02152066373    0.02243684083    0.01274013886     0.0144961918   0.006194079304    0.01887656088     0.0146644204   0.007330609124   0.004009303037   0.003897760616   0.004546530314   0.009981763309   0.005763356802   0.002932105976  0.0002950327097    0.00389786651 
    0.8818985312                1     0.9056835508     0.4390706545      0.359628072     0.2098776472    0.09034054633    0.06131558701      0.090337182     0.1130419826     0.9775221753      1.287485307     0.7111848568      0.374663604     0.8459175946     0.2657692042    0.07002902785     0.2380625691    0.01735789102    0.05148976862    0.01329892073    0.01035208491   0.006125699318   0.003705177806   0.001249416299   0.000890888119   0.001343366763   0.001595596561   0.003626742094   0.001002144459    0.00376753415 
     1.236996484                1     0.5825767539     0.2981296738     0.3076892506     0.1950913871     0.1216758347    0.08726731008     0.1056019657    0.06537015358    0.06820815487    0.02273836984    0.01973875896   0.007097843805   0.006322036267   0.004664494761   0.002559845881   0.001495286335    0.00125686211  0.0008673332981  0.0002747131746  0.0001853427042  8.288087965e-05  7.465663389e-05  5.642294054e-05  7.517999529e-05  0.0001698422111  0.0004142789381   0.000123962178  0.0001941576382  0.0002477375839 
     1.217802824                1      1.169510863     0.8996425524     0.7805889306     0.2902964687     0.5353504362     0.8441071566     0.2907356423     0.7341919531     0.3738040722     0.2232514844     0.2361689109    0.04167512273    0.01915397973    0.01227721033    0.02301318997    0.01724183196    0.01323283905   0.004387312538   0.004035969932     0.0014296143   0.001381923472  0.0008079442891   0.001007446185  0.0005288703512  0.0005698712692   0.002404234929  0.0003249610871    0.00577366657   0.001836175367 
     1.617890535                1      1.129267621     0.9502192854     0.9517994429     0.4582570062      0.404027371      0.464298791     0.1501798571     0.1112056966    0.07077169628     0.1035816264    0.04761277062    0.02902609294    0.03585275438    0.00883601468    0.01975932566    0.03821921452    0.03207397089   0.002651851505   0.007415695335   0.002557720816   0.003341276622   0.001250032328  0.0006406311437   0.001185522321  0.0007195038637  0.0009558227102  0.0007542040722  0.0006359248201   9.78274085e-05 
    0.7621025313                1     0.6649731133     0.3532215876     0.2809971019     0.2057029089     0.2613779711     0.1283274139     0.5009221699     0.3955477481     0.2162768201     0.1292833351       0.19891386     0.1145314867     0.1730816181     0.1538246262     0.1648840156    0.04930309005    0.02901134162    0.03700691704    0.08273278786      0.101518964    0.03249492897   0.004020829348   0.002837644654   0.007040794005   0.005849779387   0.001442891503  0.0009387161143  0.0002065957331  0.0001175317541 
    0.8885754648                1     0.7613049063     0.8130407852     0.8467965357     0.9854268393      1.509151824      8.751269203      2.833273303      1.427452803     0.7519847552     0.8904278347     0.4366008355     0.2909679188     0.3900152379     0.3022099084     0.1344363569    0.07420661121    0.08400788302    0.07620865976    0.03069302755    0.06110862374    0.04953354534    0.02694717329     0.0105625503    0.01065101556   0.004153275127    0.01475621956     0.0115166088   0.006006939837   0.006745659697 
    0.7570275039                1      1.352735348      1.185046899       1.95510697       1.00761426      0.886278997     0.4065174055     0.3072759956      1.066596784    0.09950520332     0.1377842145     0.2407671647    0.02171227405    0.01188347945    0.08175341848     0.3091813808     0.1073810278    0.02412191943   0.006581618171    0.00168196804  0.0009114797611  0.0007676105529  0.0004650936626  0.0002820742219  0.0005103706597  0.0005499734602  0.0005158229765  4.481715277e-05  0.0001025271842   0.000130641648 
    0.6968575469                1      1.000350602      1.228124468      1.397148008     0.3607119289      1.005291053      0.113091361     0.2846749955    0.07954607317    0.07671174747    0.05025467178    0.04000085687    0.01634656823    0.01060231745    0.05051711257    0.02164148963   0.006636949118   0.005361329754   0.001265747057  0.0003540476641  0.0002910874516  0.0002583503997  7.554398496e-05  0.0001305606533  0.0003158839722  2.997528958e-05  9.931702673e-06  7.228536025e-06  0.0001101382359  2.915774936e-05 
     1.377709715                1      1.079590738     0.8378277263      1.254529887      1.017456183     0.8943759844     0.6662952644     0.5773319771     0.4532076583     0.9464734542     0.8703015279     0.6935108076     0.3124827884     0.2338728758     0.1431355533    0.06997919918    0.09399299908     0.1191325618    0.09835841793    0.02121484792    0.02248979582    0.01741691828    0.04091503278    0.01514409305    0.01523034323    0.01559643898     0.0216817349   0.005327025785   0.004947071717   0.006125749792 
    0.9771964844                1      1.415735641     0.7558386521     0.3222697475      0.407983853     0.1908653237     0.2149283708     0.3168902818     0.1673590617     0.1155910623     0.1245481018     0.1148277678    0.08163339772       0.03525236    0.04154466793    0.07286399259    0.06677824419    0.01422501333    0.02757804712    0.08517381941    0.02189162643    0.01861422127     0.1315289897     0.1790755464     0.4997881195     0.1674202854     0.1246217207    0.01535597506    0.03980791704    0.01490427945 
    0.9581273125                1     0.4983029805      0.251816896     0.1464212779     0.1264145816     0.1084621331     0.1465755348    0.08180663391     0.1055647698    0.03584438413    0.05248672026     0.0307691187    0.03272144749    0.06097932195    0.04665481147    0.02138340321    0.01624356098   0.008428118069    0.01347001027   0.005329287038   0.005311568209   0.008758461794   0.003471277374   0.008491639018   0.002727611409   0.002020148508   0.001604418052   0.001135105156  0.0005665434338  0.0005692351753 
    0.9316295078                1       1.37825002      1.075297869      2.429543913      2.507025403      2.298608646      2.058082573     0.7397689718     0.8130061676     0.4421058679     0.2551548501     0.1591281926      0.130144489     0.1590732009    0.03774130374    0.06501274661    0.05085546858    0.00808166165   0.008681173931   0.009202823943   0.006484893331   0.004017851855    0.00188786295   0.001883928487   0.003598066259   0.001542770458    0.00094583712  0.0004913744581  0.0004752358783  0.0006948169554 
    0.8432858125                1      0.487557707     0.4875581058     0.3194791731     0.3762029091     0.7243423954     0.4772573831     0.1498521061     0.1020271561    0.05164251609    0.03282464648    0.01856395552    0.02757465747    0.01725309692   0.009876910593   0.005904814962    0.01386574605    0.02135174777    0.01346192068    0.01948910932    0.01945427777     0.0117105267    0.02706343643     0.2793678933      0.035534659    0.02432979111    0.01062209281   0.004184086221   0.001372920921   0.008163991485 
     1.233246074                1     0.6621336719     0.6925646778     0.6030643182     0.3496507624     0.2768227675     0.1742725779     0.5216246166     0.6629688101       2.10650135     0.7995457674     0.2381821196     0.2224848804     0.1009696907    0.05544349509    0.05898801888    0.05972428787    0.03817716013    0.01337690468   0.007828951138    0.03803303253      0.116502041     0.4276117562    0.09613729304    0.02866316957    0.03495934928     0.0329362294    0.03848431408     0.1049060563    0.00759800634 
     2.148241164                1     0.9937641719      1.120394635     0.7297023135      1.184698965     0.9196139584     0.3444671595     0.2408449782     0.1546420343      0.108527109     0.1117982345     0.8284358474     0.1502347144     0.5004096047     0.1270454719     0.1469857711     0.0542703083    0.03974218223    0.04922097155    0.07729051777    0.02139384419    0.01174077765    0.01222508782   0.003848306954   0.002344592903    0.00194671539   0.001343337135   0.003355000526     0.0010454825  0.0002212350189 
    0.9881994883                1      1.070515117      0.436709817     0.2752827662     0.6066052694     0.3304610382      2.828627505      2.719543487      4.225269685      1.803123821     0.9772455859     0.6996246047     0.3928638418       0.16872967     0.2420191948     0.1336538679     0.2039392418     0.1432594816    0.03905675442     0.0708748352    0.09707466236    0.01508031549    0.04631884488    0.04088568336    0.06472406593    0.02529544867    0.03029079168    0.02229588825    0.08599132026     0.1425258068 
     1.467245535                1      1.973042816       2.34991779      0.822148554      1.450096387     0.4807231908      0.346127041     0.3919835343     0.8002781623     0.6147758768     0.5011081896     0.4980059756     0.1351374263    0.08604771373    0.04909962223    0.08218752367    0.02132154557    0.02687434105    0.05464805255    0.03772653799    0.06504951808    0.01334853956   0.008962243615    0.01055391174   0.005065209747   0.003384174984   0.001912844418   0.005406545634   0.003508573367    0.00693291872 
    0.8184960742                1      0.907042375     0.5908580173     0.4505987851       0.52442368     0.3814196958     0.1778667856     0.1847748106     0.1270826678     0.1291751814     0.1040684429    0.09379602343    0.05133328909    0.02859004618    0.02345808215     0.0228952217     0.0213492404    0.02804155036    0.02757936709    0.01171683722    0.00458421883   0.004581803612     0.0159413801   0.006913777591    0.00897206252   0.003079427117   0.002799266374   0.002977000667   0.000357133397  0.0002964781914 
      1.12249123                1     0.6957212266     0.5437895413     0.4219107431     0.3549834964      0.195698471     0.2019921785     0.2741080449     0.1946437466     0.2097708594     0.1718720226     0.2970944339     0.1371047038     0.1196470888     0.1181735647    0.03192559532    0.01411084382    0.02779698534   0.006856474085   0.002194183108   0.002924279333   0.005015347311    0.00403099882   0.004015613044   0.003344921858   0.007697749731   0.002603444576   0.002369569293  0.0009116303425   0.001397209036 
     1.082387687                1         0.833824      1.021400788     0.5648953573      1.071973629     0.5823168172     0.3206809828     0.3573860161     0.2525778539     0.2654742313      0.168191016     0.1042782625    0.06686594792    0.08103456447    0.05048724611     0.0505222607    0.03092074427     0.0714560669   0.002864647592   0.001548659716   0.002765255207  0.0008202267597  0.0005395977955  0.0006865403404   0.001014910519  0.0005790938809   0.000137791657  9.515459694e-05  0.0002047914213  0.0001570555579 
     1.382389375                1      1.661659281      1.200314107     0.6231846741     0.4897345206     0.5704384238     0.5566296625     0.1452781121     0.1713162155    0.09138820028     0.1207175252    0.01855459822    0.07967026587    0.02499728456   0.003621542198    0.01323113741     0.0051706587    0.00243140574   0.002940982514   0.001462113527  0.0006742542225   0.001566580374  0.0009085622881   0.001530044012  0.0005330876502    0.00133025262   0.003135872349   0.003611972252   0.004510070286   0.001599986471 
    0.6119721602                1     0.6152307109     0.7650960006     0.9772945322     0.6378889112     0.5893055524     0.3926113066     0.4335787683     0.6270004364     0.1650263799      0.147068051    0.04525760371     0.1259159592    0.06863839972    0.05661933092    0.04866820319    0.01841746778    0.03418247464     0.0160274325   0.005061168856   0.002829776277   0.002925167838   0.004593343951    0.00284018426   0.008626775303    0.00478102207   0.002165239832   0.001719084592  0.0002321634803   0.000306407297 
     2.867472051                1      0.727349957     0.9265663193     0.5185787897     0.4430939741     0.2931027042     0.2306275919     0.1037870805    0.04184358373    0.02709563798    0.02268102027   0.007440548348    0.02734368924    0.02374911535    0.01592784277    0.01346757807    0.02023689777    0.01281405277    0.01243824611   0.008530743991   0.001650468985    0.00600301885   0.001688152755   0.003849436128  0.0001902217041  0.0003073564232  0.0002018669419    0.00030769766  0.0001224429603  0.0001551979312 
     1.352639512                1      1.051872438      0.896343636     0.8128785689     0.6688251729     0.4939464595     0.2826047108     0.1409846296     0.1582568096      1.326072625      4.230316239      6.780987889      14.80729225       3.09726922      15.14671532      4.156529215      8.792926471      9.245421067     0.5444002831       1.24379729      1.506826314     0.8162087301      3.239522288      15.62227788      29.11221878      19.48239853      5.248575973      2.781485889     0.5126683869     0.1443507084 
     1.506238094                1      1.277280262      1.223639863     0.6897435552     0.2919599807     0.4459718757     0.2108906801     0.6229673678     0.4174931381     0.2245715547     0.2017275662     0.1129615868     0.0651121581    0.03756748647    0.02534830544    0.01146038009    0.00700596058    0.01157700625   0.004339583803    0.01196093987   0.003842294908   0.004950687873   0.008322134883   0.003827685916   0.001508222431  0.0007806915661  0.0006481246066  0.0004794514052  0.0006123923224   0.001263460057 
     1.288490887                1      1.157953562      0.839007644     0.9852801906     0.5624543006      1.004919656      0.613031052     0.2641408958      0.345813492     0.4490373009     0.4786003281     0.2666177642     0.2270165321      0.149148892    0.09481724152     0.3372906125      0.142827363    0.04341725212    0.03319861177    0.03103086547    0.01761124024   0.005273026224    0.00248527127   0.001587267133   0.001119232863    0.00346854849    0.01041545284   0.001040144063  0.0009934422141  0.0008005700923 
     1.393495668                1     0.4811319531     0.3990556943     0.3352447779     0.2230678603     0.6533676638     0.5376454173     0.2193026858     0.1334577715    0.06993556416    0.02494643369    0.04770998173    0.03582604035    0.01826895868    0.01865064949    0.01299703906    0.01010826878   0.005233567158   0.002745944316   0.002458415424   0.002381025845    0.00261501628   0.001055819428   0.001447641023  0.0005420279108   0.002849076791   0.001131768614  0.0004123449783  0.0007856159368  0.0006498288015 
    0.8929166992                1     0.8996011094     0.8186792302      1.128226141      1.627901771      1.615111778      1.400581071      1.836275311      1.372143319      1.106766543      0.289139766     0.2326308136     0.1914832201    0.08784296838     0.1688070466     0.1320244122       0.16254653     0.2410095525     0.2175302683     0.1042337951    0.05150031071    0.02915316505     0.1148258923    0.05736414104    0.08929523726    0.03206867239    0.05364686941     0.0175982498    0.07649409436     0.3407868395 
      1.93829684                1      1.786800438      1.724305089      1.023755785     0.6115173272     0.3457489857     0.4984694023      0.554257461     0.3354617569    0.06946248619     0.1323200491     0.0707348919     0.1032830146    0.02015726919     0.0044181929   0.004037221018   0.002816406439   0.007709435687   0.003228395571   0.002748696723   0.001942982403   0.001671834949  0.0004015842049  0.0005425650665  0.0003584149079  0.0001210476953  8.620428945e-05  0.0001182831863  0.0001357086857  2.521407876e-05 
    0.8700295586                1     0.5359229805     0.3823432649     0.3556996333     0.3734961868     0.3671178807     0.2219108757    0.06512689331    0.04540366516    0.03152394978    0.01573270981   0.009583262039    0.01186836889   0.008870605348   0.004904805928   0.003078677436   0.002882902898   0.001871499001   0.002165999276   0.004662833452   0.001301924986  0.0006941736712    0.00238028532   0.001343765989  0.0003002640618  0.0002462370124  0.0001311294152  0.0002955749047  9.771848701e-05  0.0001445500016 
     1.305487621                1     0.5884550195     0.3448069824     0.5544334633      1.800027561      1.024583352     0.3744185897     0.8953018039     0.5206289757     0.5060636136     0.4404782001     0.4137791798    0.04826339286    0.03893099754    0.03380404779    0.07609484724    0.01937202028    0.02135095887    0.02756238802   0.007003948668   0.007616395019   0.002291868619    0.00405054785  0.0009796996826   0.002156577853  0.0006757353822  0.0004716766997  0.0002647694311  0.0004951054073   0.001498748703 
     2.202981578                1       1.18559807      1.257343657     0.7270918876     0.7103498349     0.6546135859     0.4715360349      1.160500843     0.4748016584     0.3799848905     0.4626650485      0.213566842     0.4532774141     0.5425493957     0.1693693549      0.451583084     0.1812181739    0.05122759631    0.01835156225    0.02678171991   0.003682027138   0.003239795922   0.003458896069   0.001458176455  0.0003793348521  0.0005607391128  0.0001912132261  0.0001887260165    0.00039928005  0.0003793361314 
     2.310456906                1      1.228628664     0.5561995125     0.6020799524     0.3830049621     0.3495575955     0.2366878881     0.1263763089    0.07237269313     0.1114574334     0.1471371624    0.06946671374    0.03696522849    0.03037148033    0.03410213937    0.01422004983    0.01626199983     0.0246299964   0.007023766822   0.002269118314   0.003369832135   0.001276373883   0.001001699447  0.0006066656231  0.0004444888194  0.0003239522943  0.0002678948036  0.0007209030743  0.0009027578303  0.0003700157363 
     0.990956582                1      0.440912582     0.5848419817     0.6742902598     0.2838732407     0.3185779684      0.368037296     0.3504546495     0.2814535955     0.1374151536     0.2522936598    0.09514566296     0.2763473543     0.0512813313     0.0238101933   0.008429374774   0.009553888218   0.003686567466    0.00310245697   0.009112146036     0.0143126031     0.1327841497    0.01341119724   0.002390115637   0.002664498764   0.003182168422  0.0004783049238  0.0009325752852  0.0006147676097   0.000449114118 
     3.049397898                1     0.4862154648     0.7745813542     0.7023735245     0.6020550269     0.3284548967     0.1481232186      0.204437858     0.1662196221    0.09864583321     0.2929801505     0.2395324967    0.03344422579    0.02334448237    0.06775310576     0.1826020366    0.04610050145   0.008265821005    0.02223247478    0.02708108011   0.008431969013    0.01974647961    0.01340429933    0.01338976757    0.02416427328    0.04072767293    0.01769095129   0.007049959894    0.00558836677    0.00116528133 
    0.6872580742                1      0.821456582      0.727720895     0.3256662305     0.4735919292     0.1734633873     0.1345643951      0.241938056    0.08613213017     0.1433030186     0.1090006788    0.04399761027    0.06942511057    0.06058969584    0.02439697153    0.01257700219    0.03271850194    0.02365550283   0.005247504327   0.003830329808   0.009014982144   0.004879381553   0.007768420217    0.01275486853   0.003539314851   0.001451545573  0.0008300042207  0.0008119968746  0.0007685213693  0.0006951873238 
     1.180038883                1      1.090188262       1.43898197      1.537759149      1.397984593      1.598258079      4.307410234      2.582120781     0.5761522994     0.9510699638     0.4857964417     0.3612104075     0.1331241246     0.1952865968     0.2937632085     0.1248344854      0.112729579    0.06702280197     0.2290090057      0.169185645     0.1120516275    0.09482131018    0.04803838663     0.1228307736    0.01781492844   0.009755959472   0.002069610033   0.004179053751   0.000648717996   0.001873092162 
    0.9189664492                1     0.7225709687     0.5827480586     0.7158522447     0.5065329243     0.4492661354     0.4323960419     0.3965516046     0.3034603273     0.1789617006     0.0900048097     0.1106890528    0.02641234342   0.009709060259   0.003676164457    0.00344275969   0.002668089731   0.001310125522    0.01316174931   0.005012229847   0.003359485269   0.005644627686    0.01358042374   0.001827568883   0.002117719071   0.001857420767   0.001051216202   0.000645034717  0.0005301443138   0.000553926086 
     1.332195426                1       0.60864175     0.7050458548     0.4368645692      0.456432026     0.3218508534     0.3691144535     0.3103346841     0.1816485159     0.4357449445     0.2740319806     0.1855682081     0.1135010372    0.07395147015    0.08591673442     0.3216823147     0.3677377438     0.5028227874    0.09104881167    0.01130343091   0.004373084855   0.005394765252    0.00184454524  0.0003424786541  0.0005341879957  0.0001259443702  0.0003063494193  0.0001475568348  7.608479519e-05  0.0001142246838 
     1.640197293                1     0.7180280781      1.137195467     0.3602043487     0.3420237046     0.3002664574      0.113708067     0.1284749103    0.07002246608    0.04092268024    0.03049789782       0.03486413    0.01943156299    0.01793442531   0.004556857772   0.003550830868   0.003103686083   0.001747898915   0.003712341325   0.002704685897   0.002318264991    0.00169415661   0.003344445513  0.0003857293318   0.001111319046   0.000311956872   0.001619377635  0.0009625020726   0.008505577106  0.0006521520272 
    0.9766503672                1      1.315025055      1.262739048      1.685045951      10.62044746      0.651207195     0.3536585119     0.8071564437     0.4656396506     0.4588728972      1.884324259     0.6190127791     0.8046194721     0.7071326929     0.3671396621      0.546480604     0.1373689019     0.7039278096     0.8368535679     0.5749846042      1.315721643    0.05770564071    0.08508290343    0.03242356358    0.06348455181    0.09226861065     0.2232915682      4.711459349      1.292092035     0.7710550014 
     1.411760723                1     0.4427121133     0.8778631559     0.3943344583     0.5062328809     0.5156215238     0.1957812948     0.1544589415    0.08105909058    0.07690783543     0.5915651679     0.3910771257      1.401473595      2.373979062     0.4361845567    0.06130400228    0.05560480446    0.07998325172    0.04899006892    0.02944675038   0.004815049923   0.007563993896   0.006068848075    0.00157566437   0.007268451008   0.007890949056   0.006909806936  0.0007960577277   0.001182832994   0.002617806186 
      1.20403184                1     0.8659020039     0.7629961782      1.802370572      1.184253825     0.2885058583      0.253704912     0.3480508927      0.375488336     0.2484992212    0.05572107815     0.1049382178    0.02177493464    0.04606174944    0.02399918083    0.01991095626    0.01088851724   0.007613119313   0.007051867948    0.01082832324    0.01592632755     0.0140791348    0.03050331963     0.1146200034     0.2264940953      1.056929782     0.5103884647     0.7979978886     0.1978521394     0.2473033148 
    0.7060893203                1      0.919006668      1.273284648     0.6557766722      1.291000763     0.7217084438     0.3263479382     0.5100707283     0.3641781852     0.1194809539     0.1309676998    0.09974842893    0.06186227278    0.04112982966     0.2298995402    0.02713082878    0.01919323279    0.01678728686    0.01133207437    0.01349740688    0.01575025169   0.005513426711   0.005959459917    0.00509382425    0.02741673847   0.003887357692   0.002813312214   0.002111500765  0.0008180292784  0.0007012789068 
    0.8253133984                1     0.6969738086     0.5020162411     0.5494722612     0.3853122238     0.2955142746     0.2438575789     0.2504247563     0.1119358726    0.03944338226    0.05331083011    0.03494873715    0.03698027301    0.02008225898     0.0203513194    0.09191503974    0.05557352093    0.02691283646    0.01073274159   0.009603530614    0.01011688379   0.002599251394  0.0005479312134  0.0009941833222  0.0002304236666     0.0001461759  0.0002410022953   0.000285131996  0.0001572477874  0.0001246743792 
    0.9268233437                1     0.7687187383       1.05697707     0.9101117464     0.5602842735      1.252051748       0.75929025     0.2240571847     0.1843137317     0.2185458404     0.1649334115     0.1439041411      0.294053638    0.06242515723    0.09470894465    0.04072966031    0.02569682051    0.01552115313   0.006266388499   0.005921532925   0.001953468775   0.003304873272   0.009070622584   0.005081008789    0.02110034172    0.01390259286  0.0002985407103    0.00017569549   0.000111628643  9.080615467e-05 
     1.660689602                1     0.7892010039     0.4469397944     0.2152502727     0.3675536764     0.2027786849     0.1236943403    0.09788125859    0.05608826626     0.2031641334    0.03798688532    0.05036499942    0.04585324883    0.02590851814    0.03488010153    0.05267602679    0.08764551684     0.1843918297     0.1221343042     0.1280285676    0.03529502636     0.2116530162    0.02048197452    0.01896717639   0.003500442617   0.002206188647  0.0002774613355  0.0002039558257   0.000123411094  0.0001466343557 
      1.39984675                1      1.073272457     0.7819770845     0.3392688909     0.2739411412     0.1485036875     0.1126725986     0.2079349453      0.110606642    0.04126145446    0.03756099073    0.05462645924    0.06485007825    0.02299741334    0.04110979514    0.02825198804    0.01037546801   0.009974111171   0.003534809679    0.00301265879   0.001108893182   0.001697954085   0.002022094628   0.001415383035  0.0004350284234  0.0007638221059  0.0002084361752  0.0002000585072  0.0005523980873  0.0005565790058 
     1.018621727                1      1.251680652     0.6424545603      1.242358837      1.141143607      1.419567699      0.414807617     0.3836837074     0.3084499228     0.2533819041     0.2075720397     0.2379218913     0.1933908081      1.355238507     0.1764354909      1.428643442      0.195348707       0.99633186     0.1181234005    0.05532407768     0.0596815088    0.01224720397   0.007635607327   0.003284186928  0.0009072032557   0.003748201161   0.001066412516  0.0004873487567  0.0001395884356  0.0001546397648 
    0.5269691523                1     0.5750981289     0.2575924397     0.6116915247     0.3235572315     0.1814746828     0.1889133274      0.261406027     0.1478946712     0.2300477956      0.135627968      0.101581292    0.06854014116    0.07431537877     0.0456141555    0.09015208416     0.3868726211     0.1195670782     0.1255212692     0.1789942534    0.09831512641    0.04271529568    0.02378553904   0.007228865044    0.01465658724    0.01018894395   0.005114131223   0.005892704134    0.00405347694    0.01091880099 
    0.7544982227                1     0.9524226367     0.7675774192      0.894866144     0.6962978561     0.8874813086      1.182433164     0.8374399812      1.483619978     0.2475035488     0.4277623317      0.250446046     0.2804334736     0.1248652414     0.2068050451     0.2246579016     0.8442663448     0.7834380633    0.02094217879    0.02666095165    0.01831641852   0.005520039372   0.004346679511   0.003970703572   0.001991855248  0.0003070051389  0.0003791690181  0.0007865820588   0.002023929565   0.001728916043 
    0.9531728945                1     0.9054591016     0.5681519585     0.4839799868     0.5647057891      1.212374557     0.3879099397     0.3820125543     0.1082236487     0.2116712416     0.1232840816     0.2175330424    0.05180663709    0.04121192357     0.3049586817     0.1081810778    0.06533771752    0.04182470196    0.02417278567    0.02835417117    0.01618983199    0.01562326413    0.05727667961    0.07705294008    0.03082311614    0.08753941947    0.01964750967     0.1835344069    0.06640788163     0.1741236956 
    0.8775366016                1      0.858995207     0.4205243821     0.7830918579     0.7967778323     0.5744682861     0.4143123091     0.6406497108     0.6758402167      1.434886582      2.426479747     0.2860524871     0.1308159646    0.08918048786    0.04932385942    0.03934031836    0.02549351966   0.009585635563    0.01756203951    0.01283367029    0.01462491506   0.006234132869   0.004889741501   0.009770454311   0.006261607244   0.005021036044   0.001602414084   0.001251445361   0.001238604947  0.0009885211739 
    0.6121861211                1     0.2866615586      0.373455655     0.2335986492     0.6117481637     0.3427335874     0.3314093973     0.1287068164     0.1908126947     0.6393999793     0.5404240531     0.2736425945     0.3055883946      0.213258608    0.08321071584    0.04348995472    0.02432328148   0.004756766506   0.003917558933   0.004967191796   0.005389792558   0.006278261841   0.007093603666   0.001671097447   0.001178637814   0.001811586905  0.0004040421563  0.0004368753177  9.882218504e-05   0.000122181362 
     1.084806484                1     0.6674357266     0.4940729107     0.1160803599     0.1297283599    0.09870369132    0.09021286656     0.1427086552    0.07455953523     0.1665696684     0.1057041369    0.07443972454     0.1479639444     0.1109906458    0.06835781225    0.05842728969     0.9311715737    0.06689918713     0.5350107786     0.0574578559     0.1738704331     0.7601614532      1.675267442      0.202428374     0.1423530842    0.03078271847    0.01464889603    0.01292242686    0.01837141905    0.01320973251 
     1.096730359                1     0.7720346758     0.6830834512     0.6596390937      0.451502107     0.2228691611     0.2223295453     0.1218978935      0.106324454    0.04106482686    0.04911582125    0.03371469441    0.02156380994    0.04364009404     0.1083638936     0.1658451939     0.1307439592     0.2140884596     0.2060786554    0.05338883871    0.02772001314    0.01237355011   0.003587774848   0.003113270727   0.007182622035   0.004797478768   0.002695760029    0.02065653672    0.00376466573   0.003435711433 
     1.315491262                1     0.5372492266     0.4910609684     0.6465560675     0.5027785982     0.8929592519     0.6981463525      1.052757793     0.9663885647     0.4769234477     0.2040107963     0.1674387064     0.3364800249     0.1250235361     0.1149891377    0.07179591668     0.1462025352     0.0280757534    0.02127922375   0.008348112193   0.007331595887    0.01420998135    0.01054858779    0.01293834968    0.01887273638    0.01016174419   0.009743361044   0.009180496559   0.009717705485    0.01244222503 
    0.9548193555                1     0.6850172969     0.6579031218     0.5649706872      1.006516174     0.7713886635     0.9155825712     0.6184332883     0.3568198312     0.3259564008    0.07803134645    0.03252953393    0.02828769044     0.0385072186    0.06984912669    0.02957107562    0.01778669395    0.02599116236    0.00365346754   0.006597675485   0.002120295868   0.001778022882   0.001187766878   0.002739278108   0.001561962583   0.001743806676   0.002914053757   0.002890133233   0.002515597504   0.001382051204 
     1.375802102                1     0.7466552734      1.056340666     0.5630075466     0.6262422899     0.3791096422     0.3636366651     0.2677262959     0.1633754177     0.1267307527     0.1678080357     0.2709360245    0.05410134672    0.02961861762     0.1309385589    0.04384773932    0.06457461456     0.1151962341     0.1848364821     0.1014062781    0.04018625386      0.065357559    0.09888213288     0.1392826096     0.2544934776    0.04288220381     0.1530257361       0.10941579      0.144794925     0.1272973431 
     1.599393695                1      1.095133234      1.839161357      1.057018377      1.776795015      1.383257885     0.5502315786     0.8174373655      0.337932237     0.5529380247      0.782754752      0.605623717     0.3355352734     0.1428406489    0.09397058484    0.08108092873    0.06458302936    0.04261926052    0.03237075954    0.01811430442    0.02039338891    0.01080736347    0.02279029795   0.003664480014   0.001533409362   0.001345004736    0.00137846478  0.0008070004907    0.00075805845   0.002294972522 
     1.205564195                1     0.5425150937     0.6054039106     0.5606996213      0.572267492     0.1882564887    0.08381951897    0.08667308461    0.04065882638     0.0805909433     0.0235493102    0.01291185666    0.01350060376    0.00711278239    0.06223895264      0.040129603     0.4605202719     0.2345636465     0.1564497341    0.06186305195     0.3055005068     0.1365936935    0.02556798645    0.04047739046    0.04985324426     0.1890520919    0.04726417992    0.02406494045    0.03726521233    0.02707186019 
     1.881142984                1     0.7825102539     0.6354432666     0.3043725024      0.400930621     0.2722356432     0.4449117436     0.4632496411     0.4752275707     0.1974181037    0.07644667179     0.1474427897    0.05982418827    0.04883492963     0.1008464642   0.006928536634     0.0459412458    0.02921338592   0.002927574878   0.004110506978   0.001059777652  0.0006522915876  0.0002837169408  0.0002615082475  9.659840324e-05  3.683211572e-05  2.123895702e-05  3.546697104e-05  1.417203791e-05  2.813399155e-05 
     1.112967004                1     0.6086868906     0.5260863547       0.92786088     0.3939544299     0.5947932076     0.1581990114      0.195960359     0.2146770414     0.2080300323     0.2083957882      0.137289716     0.2122991138     0.1947791914     0.1991069181    0.09380389859    0.04618748761     0.0188343237    0.00984361895   0.005811145648   0.001670051039   0.001348775597  0.0007436455796  0.0005274093446  0.0002708619087  0.0002087567208  0.0001936704277  0.0003628655676  0.0002490483428  8.313236763e-05 
    0.9482736836                1     0.8198359375     0.7671710063      0.402679397     0.2908639389     0.4509686933     0.4009867782     0.4663936839     0.2207887251     0.2826749718     0.2311066482     0.1940211539    0.09043297872    0.02285381107    0.03748165047    0.03679064928    0.05405356448    0.04413733298   0.005086818825   0.004484947382   0.007220333811   0.005885256543   0.004208535604   0.002230896998   0.002149531841   0.001716996678   0.003844590183  0.0001849726332  0.0002370716085   8.60478181e-05 
     0.592377625                1     0.9118025898     0.8586811504     0.5399530087      0.620718582     0.4573847449      0.806603097     0.8273329734     0.6101434933     0.2248345085    0.08173850303    0.07314364784    0.07244210604    0.02025311279    0.01053341687    0.01847124077    0.01094351692   0.004755672071   0.008264559221   0.008899504833   0.002882413984   0.001864018103  0.0006397742753  0.0001988472469  0.0002827401922     0.0001772094  0.0001447503019  9.813019234e-05  3.126109678e-05  5.706828971e-05 
     1.316675488                1      1.062566336     0.7699212983     0.5455998055     0.3147860649     0.2699109439     0.2450858573     0.1690735892      0.120494827    0.08609169265    0.09535315381    0.04334917573    0.04631371361     0.1049268909    0.02382558041    0.01292400967    0.01098676045   0.008367950132   0.003794953105   0.001580541998    0.00192187311   0.001244427756   0.000343265593  0.0008769188718  0.0009117434633   0.000136171761  0.0003396309462  0.0001271860693  6.967314338e-05  6.200067255e-05 
     1.333699996                1     0.8521196406     0.4889689122     0.9191621994     0.7159738692     0.6825741875     0.4318253824      0.338556904     0.5026742341     0.5254169178     0.3233087681     0.1859497708    0.05910407168     0.2924705486     0.1142250876    0.04248150558    0.05302323937    0.01731466218   0.008993642491   0.006948773885   0.004040207365   0.004426132006    0.00828404554    0.01040320248   0.007355060109    0.00220917454   0.004105816764   0.006806840419   0.003881263331   0.002995982996 
     1.002342297                1       1.25831432     0.8823716802      0.798646222     0.8497619712     0.7191074524     0.7827159655     0.4042393881     0.1984931775     0.1450342699     0.1003627861     0.0740967712      0.173803916     0.1992803905     0.1944842797    0.05453764506    0.02021504684     0.1395775106    0.02874614589    0.02217781862   0.003582197555   0.001734528817   0.002377564362   0.001385511825   0.000843677795   0.004904253548   0.006772632292   0.004041645533    0.00154500542   0.002706735928 
