358
500
298
302
38
213
348
23
234
298
250
501
364
346
546
190
416
473
136
300
0
362
428
394
195
147
214
441
206
380
557
488
90
20
353
559
63
102
248
472
410
51
350
124
491
68
397
450
132
520
109
528
504
361
389
104
466
350
334
279
194
198
563
298
78
332
199
554
335
410
96
322
490
438
477
58
7
312
90
105
240
283
459
225
20
68
12
284
18
167
395
232
208
85
259
534
408
530
479
198
262
542
132
206
564
16
57
187
478
397
186
43
572
153
181
70
312
20
358
427
440
553
427
40
476
259
325
547
540
552
356
75
177
14
72
122
459
280
144
232
348
512
306
122
136
179
503
233
524
3
144
451
282
445
71
336
470
314
329
515
180
224
235
220
430
74
240
255
420
287
490
90
12
327
100
292
78
208
64
115
526
567
204
241
123
397
369
422
378
464
529
350
146
574
293
115
336
330
296
416
360
520
386
480
109
559
173
40
78
294
182
514
194
357
287
182
494
71
559
387
129
13
224
278
358
289
513
347
7
531
231
4
455
364
296
89
364
461
406
182
551
478
350
112
378
186
397
384
283
72
531
57
379
372
181
348
520
505
166
242
121
518
117
563
415
281
99
185
524
456
20
79
216
479
445
172
352
354
321
64
307
574
329
235
400
316
147
198
551
409
347
510
258
332
89
565
57
315
514
413
398
378
310
370
412
537
265
509
383
567
378
156
76
540
423
390
362
244
533
7
57
86
64
166
308
152
406
129
26
532
10
230
508
267
36
407
98
279
275
141
459
508
264
96
335
556
243
550
533
37
418
232
572
279
185
372
384
348
80
46
497
445
37
125
33
272
202
14
533
370
47
400
289
112
457
302
186
253
138
214
194
574
483
565
172
47
160
380
528
201
225
269
539
253
368
4
30
195
252
174
335
144
438
558
310
302
382
4
432
201
110
5
249
372
298
295
370
278
161
464
368
455
393
122
45
346
249
279
456
15
488
260
339
285
99
277
154
143
201
139
377
151
1
49
269
232
33
61
41
130
188
486
332
175
530
428
278
271
232
456
126
20
197
315
128
71
51
309
363
49
130
256
42
439
158
68
340
375
61
306
24
143
383
165
361
532
119
306
230
304
250
479
538
428
166
539
128
465
366
55
164
81
495
386
268
293
100
234
455
380
438
502
119
475
61
285
536
499
475
135
375
254
27
466
8
528
121
495
71
181
113
37
259
166
452
482
249
173
10
202
362
224
52
570
256
341
81
71
306
168
414
339
458
474
51
261
400
87
149
240
189
570
478
76
558
240
491
271
361
312
312
379
53
566
151
45
2
335
370
371
161
347
306
360
566
540
509
18
533
36
537
431
420
423
446
59
551
169
302
63
169
353
236
54
566
508
416
269
105
374
455
252
239
242
558
92
2
34
541
556
131
251
365
339
386
44
144
163
574
401
169
177
128
419
425
196
127
494
383
106
82
507
417
430
120
416
111
361
90
19
61
313
193
288
145
248
441
275
18
184
303
506
191
4
67
365
281
173
154
489
12
186
257
367
573
51
25
27
145
561
25
379
2
403
6
297
379
321
3
481
312
483
251
129
429
82
463
437
387
564
421
126
387
295
242
435
435
155
559
438
56
69
31
380
106
557
348
423
8
288
38
282
242
174
247
382
210
277
261
371
299
8
365
56
365
262
336
35
252
183
58
10
451
98
327
320
169
82
100
107
477
37
464
373
466
528
387
375
61
574
435
254
424
500
260
567
410
465
59
232
403
277
408
257
334
143
169
452
134
64
409
562
496
323
315
30
239
112
34
101
559
208
171
154
387
296
114
6
183
283
382
127
343
530
41
518
315
299
450
5
152
504
343
517
161
339
199
390
24
51
10
387
291
402
358
569
269
6
308
405
6
414
120
291
389
372
51
113
357
101
443
567
559
276
278
220
325
4
375
156
244
566
504
24
476
98
568
69
408
433
361
89
354
283
335
53
265
140
110
343
101
392
417
191
310
300
66
307
260
209
142
520
128
410
287
328
2
92
300
378
90
380
33
119
387
371
201
313
21
500
398
521
161
72
251
385
201
544
203
246
304
106
224
206
11
178
485
61
459
567
459
573
128
524
312
421
307
449
475
528
65
453
558
476
329
84
470
110
359
515
522
32
350
247
97
350
109
458
164
465
221
386
367
365
532
48
402
277
569
177
421
62
224
448
247
379
440
372
135
283
89
533
422
419
428
344
339
318
366
551
282
41
144
206
297
359
372
148
392
463
49
298
563
155
514
348
29
300
160
183
498
463
507
535
103
520
426
70
269
334
366
540
388
81
328
29
89
75
406
558
546
73
157
470
197
160
157
374
291
429
115
348
115
253
522
441
12
510
88
288
351
289
187
531
162
321
265
270
140
338
214
110
236
62
262
101
408
422
358
140
563
73
191
571
431
491
363
75
477
571
390
532
536
72
365
161
531
393
416
252
360
57
269
174
9
218
491
291
297
542
198
418
273
544
545
107
544
252
504
87
333
241
300
300
19
427
537
432
480
182
421
149
278
69
362
537
417
427
352
330
152
424
476
448
76
503
195
449
389
386
47
249
477
407
51
430
445
495
275
444
21
364
542
106
197
515
11
160
482
327
50
297
360
531
231
42
424
303
187
12
510
482
418
206
121
56
264
137
353
225
556
338
412
47
178
246
427
291
268
71
228
293
264
339
481
515
25
552
104
510
448
272
429
467
458
443
222
511
181
443
297
374
481
43
454
160
520
247
498
421
422
279
27
370
31
401
171
412
447
210
531
141
416
367
548
92
485
136
480
396
524
361
473
297
111
41
552
189
38
199
7
308
447
111
40
197
458
109
312
415
437
414
532
207
65
213
213
128
160
277
64
135
481
333
463
56
215
544
402
540
42
548
275
140
309
370
9
107
437
232
387
112
567
250
349
173
549
526
38
65
472
77
226
121
515
488
15
516
28
81
542
390
374
455
170
91
28
397
94
312
526
19
263
92
376
212
7
552
181
344
98
305
28
319
371
238
262
490
178
167
394
128
448
313
533
157
43
228
68
471
541
472
72
142
485
547
533
370
521
102
38
141
254
376
327
8
442
145
454
321
441
55
226
339
485
334
458
490
531
141
374
532
336
291
354
432
552
339
532
40
312
296
485
208
319
436
320
546
15
136
8
173
253
306
236
330
483
157
338
316
182
385
289
130
559
572
56
117
438
289
38
171
357
205
91
430
387
437
415
300
171
127
310
160
426
276
358
562
139
455
317
561
57
545
68
221
469
168
120
528
275
101
502
229
254
304
26
74
354
21
218
431
548
29
453
426
83
219
64
485
226
63
537
379
308
546
305
61
141
397
212
559
395
572
86
238
295
407
322
46
573
380
253
517
572
32
180
502
236
44
25
158
305
93
135
246
275
182
401
515
229
146
253
88
76
311
216
71
406
389
335
188
371
195
320
354
229
444
327
47
5
32
545
107
342
413
526
77
287
2
250
485
269
222
211
253
437
254
232
538
16
423
8
318
570
26
466
342
244
70
7
516
104
269
261
6
547
195
169
395
287
339
318
526
427
460
23
21
503
342
321
289
72
548
45
502
2
35
187
423
184
200
560
139
341
51
558
430
224
77
250
384
540
233
261
315
105
308
423
379
79
8
146
383
303
458
463
182
327
279
55
262
238
107
538
530
458
308
406
119
82
482
109
499
105
36
573
540
248
51
550
51
407
5
388
260
326
493
229
446
293
237
42
573
529
419
82
105
341
142
116
557
381
41
122
354
463
157
572
341
272
220
453
473
530
507
260
446
490
105
508
199
533
95
248
124
298
288
265
521
539
269
323
517
529
559
385
556
101
323
349
481
120
244
403
372
571
385
473
230
260
242
415
145
412
333
253
107
530
516
407
347
69
489
289
251
204
220
414
365
133
175
289
79
166
200
516
379
179
499
42
550
520
417
522
336
390
407
143
145
155
50
15
525
378
458
349
321
504
463
384
515
82
277
16
347
89
417
385
363
490
171
231
111
414
124
574
264
448
298
102
557
356
249
563
288
161
163
434
196
506
378
29
560
197
64
450
47
403
492
196
390
147
393
444
194
374
156
231
435
139
16
326
444
394
256
521
121
226
390
249
239
413
47
213
471
239
252
573
336
463
361
265
29
339
81
16
225
556
298
230
504
407
174
155
466
234
359
562
142
325
82
356
448
337
495
179
103
405
325
17
414
279
472
559
329
409
537
221
26
12
50
295
266
331
364
369
522
342
18
200
130
476
58
52
489
279
375
279
147
350
504
442
368
521
52
527
41
78
22
109
403
536
36
469
488
141
401
173
382
187
493
82
460
388
399
569
442
62
132
186
208
348
486
539
150
471
142
397
442
528
130
149
397
243
248
183
183
237
10
186
435
452
178
486
75
515
416
128
530
295
169
412
390
436
386
317
467
343
148
562
460
403
514
339
1
190
327
1
225
418
119
204
150
110
486
18
13
61
267
535
469
485
432
136
231
261
106
440
105
41
430
563
456
544
37
342
38
345
132
183
182
166
571
514
445
278
515
158
566
459
501
78
208
212
65
328
449
488
277
488
101
7
100
425
214
556
401
518
124
152
404
43
198
256
559
322
215
265
416
501
36
202
198
121
48
444
317
222
281
388
364
64
318
122
517
298
177
394
218
535
46
14
128
99
298
466
536
144
115
38
546
145
351
296
327
504
178
340
51
208
164
281
330
427
352
517
540
44
504
525
571
215
215
342
369
256
204
366
110
101
434
376
318
440
238
209
3
155
278
302
358
275
430
518
219
226
186
122
507
52
408
501
469
294
237
337
36
227
484
218
244
124
202
227
550
209
431
505
364
522
333
504
406
359
140
134
406
265
112
342
307
122
415
449
516
467
68
179
424
420
455
279
417
442
219
310
313
335
444
188
149
481
366
102
115
330
78
349
350
428
21
20
65
368
265
128
154
214
339
500
541
119
162
10
218
540
43
66
151
28
280
361
276
509
467
311
32
459
345
139
201
515
503
68
392
460
189
562
567
462
51
355
494
45
544
435
115
27
403
192
176
515
516
230
114
12
529
180
245
80
49
295
404
313
116
462
397
227
181
237
312
437
132
544
467
277
540
311
571
328
405
527
485
134
202
303
366
492
358
45
149
10
310
179
190
229
273
284
1
560
221
498
364
61
238
499
317
272
383
188
48
408
323
285
358
489
280
116
520
186
118
233
256
284
477
121
161
116
101
335
430
107
359
237
435
8
197
461
45
110
263
300
286
93
54
398
342
78
82
232
312
385
118
459
387
445
186
566
121
303
56
383
496
297
537
215
366
66
259
101
43
469
25
485
251
548
36
126
119
549
74
142
269
475
407
142
351
339
351
43
550
195
228
265
124
362
202
80
416
213
361
57
284
570
255
339
207
575
80
436
38
219
64
101
41
144
335
57
255
119
443
45
416
99
172
238
7
446
394
119
498
23
310
130
198
423
23
574
423
490
273
438
548
343
183
423
6
523
174
139
368
238
346
416
38
545
453
212
446
503
348
574
494
363
452
496
78
126
536
449
283
420
126
277
55
292
529
34
233
48
544
551
109
378
186
61
174
556
460
446
181
250
492
174
135
546
47
541
368
387
496
324
447
207
548
34
273
564
197
532
236
156
347
98
51
47
321
306
537
328
441
92
316
369
382
251
323
88
170
354
295
495
343
58
319
370
162
440
238
96
103
112
353
539
67
289
420
58
520
248
569
362
29
539
277
29
46
562
349
325
16
163
308
538
562
375
226
353
79
147
242
255
67
325
275
67
292
275
432
518
49
370
11
549
344
188
80
198
325
391
568
431
417
523
370
532
261
485
362
199
448
275
380
38
299
482
182
471
70
483
188
426
395
160
199
58
9
347
227
116
269
345
228
370
556
119
137
428
30
307
249
263
487
231
262
230
281
377
11
57
145
277
76
113
347
68
46
223
289
163
561
568
130
65
190
412
355
145
474
102
206
321
211
171
575
226
477
31
219
293
463
316
541
82
67
221
336
37
246
256
152
514
44
341
549
453
473
267
126
215
549
147
318
194
495
180
443
73
162
162
320
380
401
350
24
574
179
115
378
410
9
273
444
124
419
558
433
122
532
130
217
317
265
404
432
128
559
23
558
0
48
523
512
261
43
339
495
500
384
123
340
455
335
1
191
244
1
49
312
297
242
183
276
429
327
421
293
467
237
375
200
219
115
133
239
65
266
188
14
312
176
247
124
240
300
518
173
9
355
175
249
221
78
59
404
41
428
362
55
85
543
312
68
575
46
362
574
100
266
412
575
187
64
130
451
357
206
383
184
504
482
239
434
20
392
455
476
232
383
124
273
534
317
237
268
326
467
333
558
178
126
203
324
486
115
23
284
390
544
174
231
61
315
152
217
200
561
254
244
258
494
16
265
308
452
430
381
215
251
176
14
347
90
9
355
130
470
447
131
20
170
324
396
21
471
204
363
20
381
376
254
192
41
462
7
138
480
203
523
360
311
319
28
341
21
389
258
248
200
316
212
341
433
264
379
563
484
7
18
219
540
91
25
344
381
273
265
216
59
237
471
176
96
337
137
497
572
347
99
429
33
230
147
492
396
553
529
9
219
40
444
52
215
553
233
235
269
395
22
89
49
89
274
293
248
195
385
351
207
158
506
82
21
357
46
358
204
38
358
204
59
72
134
38
232
246
430
360
54
467
302
418
415
100
489
259
99
375
246
453
377
195
516
134
260
555
35
415
378
264
385
127
165
143
26
210
242
316
365
82
544
152
25
421
140
254
256
222
404
522
466
256
436
454
339
144
195
174
153
107
546
303
494
547
358
36
444
213
295
444
564
559
404
366
396
301
354
84
471
459
365
404
348
429
397
415
392
330
509
282
1
152
501
575
88
172
546
139
506
265
303
206
402
246
304
263
427
313
418
232
372
341
575
298
347
357
321
454
489
112
245
523
441
330
5
379
331
203
261
113
158
440
334
262
264
372
428
209
265
217
215
381
455
307
215
32
328
348
259
73
366
169
374
64
263
334
139
81
564
126
146
104
228
425
227
232
190
125
60
395
497
207
330
527
309
60
339
73
363
343
61
141
76
104
385
375
210
424
254
271
102
449
185
427
544
137
167
373
550
334
124
333
558
166
361
35
292
374
185
393
14
402
313
311
161
90
22
84
42
460
519
573
166
259
133
499
333
154
58
190
424
232
333
298
227
148
467
122
273
316
326
262
217
40
522
491
364
193
137
233
420
131
191
549
177
335
37
462
525
418
366
18
245
169
397
217
203
379
106
254
368
467
323
332
379
499
437
12
488
5
535
270
561
62
184
73
340
76
513
102
8
245
486
444
201
473
203
557
461
165
431
38
365
63
262
320
357
216
87
195
147
501
391
383
442
431
489
139
244
41
36
288
16
545
79
351
214
487
156
441
151
87
183
112
204
388
104
259
411
84
144
306
354
243
479
100
326
497
327
339
413
467
96
412
165
193
351
95
132
29
95
14
14
206
559
544
299
543
356
482
563
209
483
449
367
497
147
412
444
122
254
125
367
122
479
298
256
460
536
408
438
118
238
555
24
315
145
305
178
309
89
237
57
198
259
451
338
419
223
454
467
473
12
37
145
366
512
406
169
501
349
438
306
154
51
270
158
200
162
529
439
229
473
189
36
7
563
66
310
288
1
287
540
130
229
486
149
24
335
535
230
188
138
555
483
273
147
482
154
485
58
214
35
424
549
68
310
268
168
426
522
492
456
261
95
412
346
245
108
84
414
7
75
236
441
505
385
46
442
449
284
177
453
138
552
425
461
547
35
499
306
298
63
371
354
325
129
187
287
36
116
234
193
574
400
270
513
146
184
102
5
284
483
354
303
488
31
280
338
569
50
320
306
241
283
568
24
53
378
387
444
199
121
53
297
553
178
324
245
561
392
198
488
481
414
325
434
354
8
483
539
334
531
258
376
203
4
119
283
487
27
110
125
238
362
332
185
153
309
531
162
460
365
476
415
104
18
527
288
316
494
266
541
158
128
456
80
406
395
312
93
511
322
89
397
368
365
572
320
290
354
119
27
316
497
198
107
82
313
314
438
315
178
261
327
119
300
146
431
104
127
120
143
23
176
423
112
378
464
569
527
198
382
286
397
209
324
36
36
201
20
214
113
521
111
291
89
45
545
175
82
566
474
145
51
149
467
357
534
157
385
48
520
84
380
556
202
446
153
211
276
41
399
428
261
58
156
355
289
139
198
101
354
4
36
147
32
33
529
269
571
545
84
230
75
154
266
575
488
199
146
106
575
365
251
20
212
448
504
247
273
317
377
508
422
432
185
27
410
144
531
130
457
314
270
218
520
66
96
567
113
230
183
198
276
274
261
561
391
545
195
297
193
428
559
384
52
370
247
137
563
295
473
326
515
488
294
575
531
443
39
228
330
492
228
499
120
178
333
401
335
78
492
391
509
442
172
191
470
158
213
323
29
491
27
327
432
430
380
84
473
65
530
382
561
517
563
481
300
250
213
19
353
397
26
317
8
137
559
55
70
16
67
39
574
149
391
298
260
156
401
304
444
79
308
42
104
397
569
327
310
27
71
484
44
65
100
241
491
265
365
331
214
43
358
572
574
101
191
98
556
397
263
17
401
541
84
319
459
490
304
80
33
98
399
359
346
481
122
121
119
195
106
539
263
59
321
468
224
491
98
67
71
192
224
478
510
51
335
308
404
339
139
267
327
332
323
383
468
256
31
203
408
405
482
148
520
518
223
191
82
331
241
138
562
477
418
449
339
575
125
543
105
553
548
277
145
72
202
339
17
250
117
19
263
158
214
211
33
481
185
386
182
541
490
351
485
428
144
295
364
7
406
274
212
45
105
162
374
138
308
496
245
395
401
263
264
454
557
42
200
149
433
308
83
144
103
418
353
458
383
54
85
192
359
458
183
537
482
186
496
86
546
191
92
207
463
347
263
212
339
541
119
8
151
30
144
333
481
163
364
32
128
376
399
211
342
556
226
565
113
463
109
233
315
317
445
278
364
203
459
383
398
51
452
93
421
420
524
151
246
259
182
158
36
187
131
94
321
498
363
365
510
214
202
338
39
393
256
575
106
464
568
2
167
32
238
403
135
540
289
294
149
525
222
415
421
518
246
385
528
9
17
486
471
262
160
566
450
451
160
318
231
178
497
232
368
441
14
455
149
497
79
221
199
512
484
255
167
94
262
561
346
111
513
191
313
331
385
248
517
448
60
390
414
33
357
3
222
250
346
315
154
261
427
284
538
299
357
202
493
3
157
189
321
346
250
505
397
259
96
511
237
26
321
393
24
284
352
192
298
61
321
500
1
66
282
521
169
190
507
549
452
62
23
149
232
93
457
315
57
305
26
131
239
128
330
68
189
153
406
302
456
208
23
200
467
79
215
377
176
513
508
71
402
282
190
569
117
170
268
311
360
211
341
270
377
471
558
488
457
242
5
58
306
404
474
125
93
423
161
391
97
4
36
170
180
331
274
413
229
102
388
351
223
212
248
102
33
21
467
308
458
560
26
363
113
211
150
259
260
296
184
423
347
279
497
94
566
101
223
211
105
259
334
317
368
18
117
349
497
367
1
199
123
442
321
242
407
35
148
58
442
274
32
531
258
181
151
377
55
10
308
221
80
21
515
397
125
423
36
127
154
348
476
570
11
407
82
534
285
215
242
284
305
397
175
122
327
497
462
38
34
156
111
56
409
496
496
9
296
528
501
425
26
216
501
61
9
117
279
420
345
417
496
397
38
536
477
179
422
172
53
280
352
258
69
459
459
39
302
63
101
337
39
395
358
332
156
284
224
516
101
331
520
430
571
59
359
71
321
318
26
292
63
207
92
2
330
233
395
348
97
51
496
273
25
68
505
370
160
83
526
281
567
162
112
449
335
280
322
503
249
497
228
427
263
262
318
70
520
468
55
245
281
210
318
419
236
67
466
67
58
33
346
3
22
40
500
536
273
60
264
129
249
36
120
395
459
543
438
183
112
548
454
1
71
574
23
419
9
259
241
59
542
241
233
213
567
520
355
42
436
474
486
233
135
543
183
468
243
51
557
224
139
533
552
339
273
104
67
192
485
83
209
353
245
51
232
227
30
130
491
368
184
507
25
417
494
310
39
11
9
236
30
422
223
425
242
282
213
297
53
540
288
205
527
542
345
510
55
472
301
345
93
337
427
240
62
492
268
312
425
422
551
195
465
482
347
179
514
82
575
417
355
521
487
416
510
426
62
574
547
38
402
472
61
22
564
515
50
542
51
241
108
340
511
385
375
193
16
287
215
448
94
517
497
332
421
162
387
543
411
497
103
356
545
112
574
344
286
396
483
282
493
226
235
356
340
99
158
358
197
178
367
387
468
396
208
172
267
480
428
447
297
375
321
30
114
85
215
483
311
542
406
362
138
346
70
190
257
518
204
94
497
68
179
481
288
185
324
406
10
563
557
32
324
50
23
83
542
70
450
411
200
164
359
137
300
567
400
325
198
1
356
337
137
537
472
258
116
184
447
15
535
10
411
475
231
59
314
165
409
385
42
32
147
518
1
165
449
274
559
98
437
386
478
228
291
132
262
194
122
424
284
194
56
292
296
382
292
506
413
265
257
190
63
7
36
204
149
22
235
185
532
172
352
200
398
479
567
143
226
516
71
529
217
139
30
152
90
456
521
30
90
143
517
435
521
77
364
495
455
36
343
325
45
244
210
278
59
450
282
69
465
168
375
22
322
166
202
467
55
361
20
521
69
354
303
266
47
209
367
445
86
105
308
230
286
95
364
146
51
138
489
42
363
489
98
396
131
227
123
549
499
229
436
395
528
257
360
164
550
281
274
169
379
278
224
313
209
221
344
35
315
475
477
251
364
73
381
240
173
93
193
324
187
460
290
394
439
26
309
77
232
232
563
138
263
479
422
401
247
8
449
26
487
16
285
2
110
293
451
358
291
381
550
311
358
461
274
423
217
195
352
392
195
309
409
258
81
426
367
411
151
339
503
571
31
351
164
353
298
15
527
195
245
110
182
331
532
434
112
165
235
324
444
456
217
35
477
539
208
254
17
488
363
529
238
376
528
521
143
552
156
41
92
351
286
15
52
377
301
510
52
177
115
269
325
489
379
405
423
376
574
472
34
362
556
150
556
121
99
506
191
430
497
209
389
321
165
451
544
287
195
364
459
131
178
328
233
510
41
282
72
451
460
232
143
85
492
235
402
554
408
95
372
278
75
301
218
422
361
199
333
293
548
92
130
412
54
224
364
119
484
428
214
209
44
194
462
567
11
539
289
481
436
54
17
503
544
93
119
254
260
214
280
461
237
351
423
437
365
350
499
441
278
186
27
48
416
372
39
17
396
555
47
159
444
306
492
465
530
275
331
406
180
382
513
104
172
151
416
327
520
176
221
89
423
540
304
531
159
520
211
433
354
264
117
83
160
260
226
21
273
299
2
575
298
250
96
553
77
225
298
248
64
357
91
333
109
97
10
332
120
139
552
389
215
6
502
179
33
475
92
250
224
42
191
78
296
421
428
74
532
139
498
189
194
303
54
260
104
97
561
492
341
36
123
430
61
298
184
503
367
280
169
380
296
544
147
196
342
380
405
64
48
2
83
294
51
115
306
113
165
337
441
469
336
230
68
208
169
214
373
153
395
327
477
358
307
260
240
340
383
247
211
433
326
67
316
143
556
385
179
53
184
6
306
184
346
533
253
116
180
358
281
512
385
14
205
197
298
111
473
232
309
360
344
190
476
388
122
449
511
225
394
553
244
107
480
474
574
485
360
462
244
224
308
542
306
261
313
308
35
95
480
510
24
101
42
63
43
373
108
299
10
389
545
256
522
288
24
461
504
418
186
247
14
540
51
213
552
104
67
267
159
431
244
568
499
28
489
165
404
380
340
28
473
477
506
125
368
436
504
534
104
1
484
134
241
435
133
75
575
73
220
3
236
60
428
33
300
278
290
517
39
49
430
129
200
525
462
492
321
121
525
428
395
425
350
476
544
288
112
330
449
381
314
507
234
352
123
78
301
210
59
81
301
139
253
139
331
466
212
30
129
549
164
216
200
331
264
553
534
510
103
529
31
67
85
51
379
88
482
541
378
69
449
41
200
231
210
504
127
20
306
97
170
415
480
507
360
332
129
245
566
257
168
106
574
170
300
266
557
153
460
271
90
366
484
424
522
569
557
238
461
26
169
28
281
69
20
228
467
85
522
241
420
276
241
476
566
231
385
334
63
69
259
117
46
478
574
352
374
82
545
114
381
116
149
566
4
168
504
333
188
178
510
504
483
169
107
272
207
17
271
355
57
270
366
354
570
242
365
553
57
76
500
112
183
480
560
473
530
71
95
462
186
260
76
514
521
271
233
462
188
278
399
43
570
34
397
34
308
137
192
289
394
415
152
82
271
194
281
217
266
435
316
67
311
149
288
462
277
233
165
536
149
435
244
538
570
394
326
349
275
164
101
293
500
466
575
259
19
183
100
394
215
379
374
499
562
492
320
481
562
526
448
461
37
255
179
242
549
534
192
489
549
465
81
328
53
311
108
453
368
405
317
209
483
410
273
42
142
84
101
27
138
211
110
177
446
228
125
391
6
501
142
242
239
521
12
463
193
355
171
384
550
173
11
396
517
325
172
153
183
426
24
426
476
299
491
329
570
207
470
359
349
278
129
427
160
213
212
343
438
3
492
249
484
122
360
332
36
373
186
110
153
394
349
106
351
465
232
443
401
2
549
183
275
81
121
58
71
276
318
569
67
260
96
204
357
313
171
265
513
413
113
450
402
467
77
331
438
140
74
24
346
396
486
69
368
511
200
217
349
367
415
380
11
211
56
291
142
349
295
191
570
450
85
122
347
483
432
147
134
514
113
91
137
185
193
73
464
4
573
468
472
215
527
453
438
235
117
573
83
137
226
493
446
241
286
106
520
58
318
383
252
441
322
503
396
193
477
360
523
177
340
531
151
210
331
459
360
353
565
565
441
85
351
231
482
461
186
460
220
269
356
447
137
370
371
232
470
351
518
538
132
31
110
81
325
369
30
455
20
439
277
402
197
279
273
244
443
439
518
140
459
271
318
550
327
224
107
147
448
507
570
325
460
210
293
151
562
441
531
367
27
498
278
295
264
343
507
73
146
493
119
508
521
221
478
71
243
438
490
196
113
182
380
476
168
504
505
352
563
395
350
575
12
117
139
113
106
85
477
427
373
136
89
183
273
168
292
18
59
389
357
490
95
24
502
33
448
561
482
53
141
359
565
106
448
36
124
308
414
223
64
374
339
31
240
128
91
12
374
74
160
160
175
250
261
408
534
311
192
393
141
48
258
311
387
521
139
154
153
301
106
372
104
233
102
557
82
453
438
452
380
416
60
490
460
112
457
457
102
210
188
236
337
372
482
262
152
532
232
266
139
35
233
255
308
11
567
115
231
183
450
575
46
342
7
332
561
96
255
129
443
74
414
90
552
205
423
48
514
128
30
70
114
2
302
347
569
91
536
104
124
459
279
501
145
74
30
429
271
462
322
563
479
453
223
520
155
390
203
275
501
514
36
91
360
532
374
450
423
498
101
572
183
334
334
268
462
425
257
433
137
372
99
38
523
190
415
266
464
112
45
310
513
391
104
469
501
327
463
6
257
559
566
151
511
308
292
276
36
531
373
502
480
35
326
385
46
559
201
292
154
4
381
437
108
317
378
400
302
271
532
0
249
479
100
413
273
247
323
455
481
143
381
398
531
549
70
153
459
208
188
305
447
65
521
65
203
559
529
57
178
228
413
355
405
336
79
181
575
379
509
190
567
522
153
437
472
556
447
17
365
303
516
90
162
258
320
400
51
553
285
349
68
194
119
163
413
79
565
304
47
408
287
323
243
8
398
294
8
12
304
205
204
428
189
510
233
189
436
426
292
137
271
475
139
469
554
74
37
392
76
267
440
378
473
375
471
247
371
380
85
31
532
225
432
73
543
284
54
204
516
171
413
198
329
304
572
26
203
514
559
17
307
351
110
532
232
491
9
435
67
226
203
148
121
37
273
41
106
40
379
512
8
285
474
371
34
163
284
353
233
497
502
273
333
305
83
279
124
390
48
170
362
89
439
344
313
331
387
359
355
459
309
466
196
558
400
339
60
61
197
206
182
166
43
148
277
491
28
338
100
421
178
121
246
550
82
209
5
297
81
491
87
289
115
132
489
44
326
512
121
487
84
549
98
148
128
194
56
326
127
268
250
280
348
206
197
5
439
503
30
25
288
484
212
156
488
57
105
268
460
210
228
254
247
573
369
28
474
439
65
263
208
230
22
45
484
258
138
253
190
79
431
318
530
203
114
38
330
155
132
142
65
336
1
206
500
70
308
358
190
266
231
222
482
205
472
186
361
447
550
2
63
105
515
504
211
232
421
355
550
362
498
210
132
44
209
111
75
281
194
510
396
181
455
158
381
403
545
55
508
25
94
428
281
81
36
512
43
276
235
411
440
465
409
245
334
460
505
105
348
324
510
454
333
1
255
258
285
512
342
337
159
38
59
568
401
93
568
539
89
337
198
459
484
116
99
253
362
436
248
281
568
243
116
335
99
533
61
310
489
214
413
335
94
210
308
27
275
318
389
563
105
364
135
23
323
28
385
450
321
299
341
327
104
180
358
57
458
1
554
52
239
356
558
311
115
79
75
524
106
130
271
520
210
23
253
241
376
308
211
9
259
405
130
57
491
246
92
439
130
242
338
364
454
395
148
492
363
77
135
448
40
238
536
83
483
288
376
355
360
238
563
324
452
159
171
453
515
450
564
517
529
25
147
118
573
329
276
479
259
471
197
232
229
563
567
236
185
448
471
410
487
256
479
41
290
479
171
55
87
541
118
531
321
80
362
429
285
211
528
288
279
93
344
195
141
279
89
150
25
265
266
280
517
413
327
436
539
147
314
23
39
244
292
558
91
188
503
197
82
125
118
497
493
363
135
390
433
390
171
456
150
183
413
457
358
467
141
86
41
80
320
423
320
111
559
259
74
303
384
535
116
501
6
227
158
155
299
127
461
377
490
121
512
203
60
433
326
78
550
241
74
558
384
437
505
285
405
548
71
541
187
187
151
242
138
431
569
214
504
549
333
165
182
51
34
373
354
44
103
86
3
388
275
214
486
340
104
297
290
58
433
424
268
503
570
447
218
516
516
275
426
459
319
292
547
84
218
32
190
305
0
563
183
168
116
423
548
218
414
15
484
39
526
49
148
384
509
126
186
288
152
547
250
458
367
494
522
52
141
339
335
60
290
479
382
141
1
451
332
383
418
236
539
247
351
41
25
362
216
69
105
480
528
63
93
346
116
18
569
306
495
463
231
428
214
508
236
147
278
131
209
413
177
115
557
374
165
545
2
547
78
451
304
545
567
22
372
400
271
313
78
572
189
424
388
41
190
86
149
146
392
420
91
435
378
114
466
372
138
170
492
6
119
190
195
547
12
380
555
536
350
141
524
563
140
159
270
271
0
504
511
195
478
259
307
440
425
544
168
30
481
42
299
571
468
416
374
277
227
258
95
242
477
126
221
220
356
567
477
29
439
358
314
378
504
16
467
269
99
281
373
540
388
56
181
96
207
289
307
479
88
449
304
56
244
368
439
33
260
447
149
265
258
55
247
362
283
52
4
263
251
473
78
52
169
416
307
518
526
314
289
274
331
548
352
281
411
163
321
311
320
95
299
352
48
156
559
213
328
83
507
565
21
565
491
35
182
246
237
332
165
528
17
352
190
23
72
562
252
539
205
492
310
14
267
160
111
562
416
65
346
147
426
206
452
423
58
56
53
238
507
65
84
205
335
50
7
264
216
71
528
509
312
193
450
259
291
16
421
335
279
157
544
216
6
136
41
288
113
180
81
539
373
79
477
391
128
449
2
58
124
53
378
498
483
217
449
287
388
506
59
71
162
447
287
440
313
413
575
269
458
544
382
573
253
286
531
5
562
484
483
419
544
366
448
110
260
346
29
402
128
213
60
497
288
132
359
194
383
373
279
565
482
306
79
208
521
118
549
4
326
278
224
528
350
4
181
304
95
382
483
180
273
224
541
572
56
406
335
201
71
141
296
206
91
136
369
114
221
448
90
520
335
116
430
575
350
281
353
452
110
88
441
63
71
119
219
180
131
96
219
534
205
428
111
189
184
9
441
206
383
187
79
96
426
544
510
346
525
264
410
275
290
429
392
356
112
95
277
306
363
403
55
30
575
535
397
86
168
525
251
32
11
74
385
388
141
173
244
199
235
388
48
107
39
563
142
46
377
278
405
133
276
149
203
410
558
295
317
214
341
199
246
131
533
509
7
397
373
80
331
48
82
525
225
138
122
330
224
398
35
237
391
59
369
188
389
230
219
345
219
522
406
219
468
339
27
71
415
371
430
554
544
134
224
96
185
33
47
240
29
235
288
455
452
182
566
15
1
82
171
219
7
506
89
131
162
302
270
471
252
22
53
154
299
373
159
425
11
574
383
57
247
174
310
328
110
243
336
455
534
472
567
22
399
255
514
157
378
86
391
534
373
87
151
480
181
432
375
81
164
339
222
446
33
526
427
471
27
430
140
462
197
413
233
230
290
224
526
225
371
504
308
93
204
185
371
78
105
33
199
342
385
502
226
257
463
230
543
412
241
559
473
481
89
292
432
448
549
44
309
248
412
311
472
502
568
391
344
77
358
299
224
196
110
269
379
225
2
549
292
508
79
219
503
321
186
179
415
160
559
198
437
273
275
9
564
275
483
402
366
142
344
395
368
131
75
231
554
279
343
375
368
311
151
142
287
506
31
568
110
489
313
159
522
393
150
21
49
354
285
162
13
332
209
70
540
13
182
452
171
55
122
97
470
314
130
26
133
356
545
465
230
330
78
508
179
394
218
567
382
371
218
232
553
244
208
385
273
254
77
446
263
245
343
549
300
386
140
368
8
60
325
300
539
356
540
395
223
114
575
464
489
280
60
358
491
309
567
540
560
172
345
433
413
227
154
362
266
549
352
85
442
77
378
544
80
59
100
468
300
497
565
293
137
478
195
518
195
172
429
418
458
481
311
234
359
90
254
464
468
230
127
390
442
92
227
316
460
444
146
172
540
55
510
264
106
414
472
365
314
228
569
55
84
471
21
92
447
67
426
418
527
525
131
49
194
12
378
187
200
30
351
338
383
187
227
210
152
290
464
37
540
468
356
519
419
263
186
23
127
247
297
273
30
68
441
421
13
68
100
296
438
346
295
124
244
506
423
162
520
421
161
226
510
568
453
26
425
222
455
402
73
441
391
40
422
276
518
117
175
226
253
6
390
365
378
370
73
568
370
330
31
194
56
138
417
237
14
507
295
373
176
118
561
536
259
6
542
325
229
218
420
108
272
152
352
570
534
527
196
197
200
557
371
477
425
75
20
371
161
43
438
490
231
124
65
36
188
549
79
114
290
535
573
544
286
295
456
356
572
471
447
350
48
34
157
385
331
363
101
245
548
283
23
36
74
485
127
76
68
349
389
132
512
275
275
474
152
530
542
155
310
402
302
66
425
270
145
213
31
456
296
41
108
298
160
34
430
389
306
528
77
327
86
378
154
573
492
427
394
446
396
451
394
566
321
177
336
512
279
561
538
245
365
519
342
433
110
79
452
387
321
408
560
314
438
195
20
99
128
253
344
118
160
64
64
196
7
444
434
52
396
546
378
363
527
542
399
66
183
347
376
226
409
127
356
125
133
570
325
557
74
226
375
385
305
215
23
210
447
431
229
49
546
298
374
226
276
471
385
458
92
222
381
86
557
159
100
279
238
456
77
105
195
239
206
437
549
56
126
561
433
1
352
413
256
168
53
161
235
284
384
60
221
129
296
221
378
161
444
276
489
206
128
473
33
348
282
323
331
30
101
433
125
330
110
42
332
26
231
400
564
126
259
568
154
467
71
504
384
315
427
161
122
42
254
40
6
379
29
148
30
406
54
38
138
367
126
207
222
12
37
363
367
89
400
496
568
563
521
6
216
357
379
112
382
271
464
387
484
417
233
156
23
506
444
21
275
25
336
27
486
17
42
139
86
117
83
117
247
50
194
302
562
308
330
86
316
573
430
496
102
243
427
36
394
442
92
202
569
444
542
101
379
30
248
118
128
61
160
537
333
537
288
305
510
382
486
14
214
69
527
316
401
519
488
195
286
175
368
66
205
346
341
33
65
255
325
91
173
332
346
243
265
205
43
231
153
399
514
423
50
245
42
151
271
527
192
24
445
124
170
569
153
533
157
465
57
537
311
436
222
185
332
128
316
218
496
61
147
379
114
18
503
312
547
178
222
239
468
74
47
189
293
573
145
272
556
461
74
30
346
408
44
491
291
143
178
564
356
76
521
236
325
467
133
431
465
323
370
500
103
390
294
81
198
79
545
196
517
151
517
475
533
207
419
329
290
276
194
501
297
475
65
179
250
495
453
182
542
89
213
382
9
34
370
173
146
114
542
276
226
292
302
427
385
161
316
257
556
237
410
184
146
313
351
401
556
61
376
157
303
475
520
68
539
562
425
298
184
244
502
264
229
550
226
176
213
3
405
24
526
40
487
86
575
61
204
107
58
491
167
120
361
398
390
73
317
139
213
387
572
408
463
11
404
382
464
492
279
492
243
264
275
502
268
97
403
96
345
458
515
358
181
556
279
534
133
71
506
135
464
530
557
300
84
300
38
223
182
133
6
329
435
414
40
288
79
77
521
408
177
281
135
364
77
23
232
543
362
349
527
565
16
401
293
131
6
409
574
173
100
171
98
463
228
303
312
397
246
568
212
294
417
502
291
339
291
20
44
117
287
491
133
23
385
510
238
14
249
258
56
160
510
291
393
198
391
340
72
269
35
251
303
489
13
92
549
147
447
108
32
384
519
446
343
572
81
560
495
560
268
550
203
453
67
54
474
297
84
148
567
465
41
463
402
393
271
495
282
200
516
349
48
325
306
152
191
6
508
439
310
226
181
353
297
571
570
130
387
468
190
539
512
57
394
400
489
65
271
515
309
465
502
133
181
441
15
523
557
518
437
520
62
349
213
291
165
511
452
57
412
374
514
82
19
432
527
312
301
182
150
213
122
406
84
475
536
62
248
285
241
183
184
378
454
344
75
82
475
513
347
289
497
185
549
442
95
298
337
33
492
370
378
558
180
309
18
180
367
347
40
367
432
524
163
313
315
152
317
535
103
306
286
412
326
127
443
150
9
279
382
276
207
65
187
122
426
513
416
306
301
542
339
29
146
79
174
294
572
256
405
416
396
59
22
57
139
142
246
391
416
39
367
403
261
493
3
274
347
313
450
161
489
513
214
268
221
462
169
430
155
70
111
150
557
268
283
467
117
16
367
182
23
436
198
292
528
299
496
123
462
385
343
476
455
425
112
346
462
522
204
135
255
187
192
478
116
274
221
150
348
477
330
31
493
365
122
95
447
239
502
202
422
267
253
32
235
199
162
283
340
372
174
355
324
552
571
370
15
155
489
225
406
154
531
44
362
16
110
56
413
467
276
112
78
307
47
527
228
367
156
5
62
575
565
110
440
307
447
18
295
173
246
489
394
44
574
184
431
244
503
226
175
455
287
400
80
187
122
572
506
203
407
307
388
221
204
334
254
522
92
231
123
113
117
449
469
382
534
440
573
574
298
95
185
266
28
60
377
334
52
374
426
225
81
16
556
575
342
145
374
554
114
126
367
387
68
575
449
467
552
208
346
374
220
228
56
372
342
298
98
368
434
134
366
349
569
32
238
187
529
391
232
531
144
115
107
376
215
174
563
169
353
268
447
384
110
393
137
339
553
36
253
14
86
36
524
57
499
83
418
322
396
559
324
99
383
68
436
259
103
202
297
368
169
99
464
211
152
476
494
392
489
368
566
183
564
17
403
543
123
384
159
171
440
469
43
9
232
276
537
201
568
47
512
270
350
486
274
48
354
450
546
333
380
564
224
183
116
304
472
110
330
543
499
87
112
509
538
215
197
557
431
519
533
501
170
324
223
381
366
144
567
571
346
514
299
391
5
154
216
86
455
251
543
115
450
530
75
474
398
273
548
88
301
47
52
36
315
13
549
54
126
126
517
7
258
513
9
398
575
146
180
313
513
363
398
479
150
34
239
139
21
316
177
62
257
42
514
187
296
559
206
486
288
309
117
80
41
242
156
206
138
307
198
341
15
313
126
402
290
55
159
108
249
436
203
408
76
280
230
232
10
175
87
509
223
246
13
121
473
177
517
145
349
483
199
121
223
410
288
93
56
355
280
320
461
115
319
7
234
7
268
112
349
460
175
28
521
363
165
50
170
131
424
206
144
324
303
456
525
463
568
241
479
165
406
109
449
156
411
83
401
57
221
568
456
95
523
396
521
371
567
437
131
447
64
514
457
319
161
498
45
498
81
355
273
262
465
41
144
81
107
301
296
224
36
290
187
349
462
558
11
56
149
353
331
216
115
182
42
545
461
150
459
412
509
191
521
506
344
306
112
553
498
43
344
25
472
242
248
346
11
561
10
390
224
510
74
12
192
404
85
168
210
78
262
488
473
36
431
50
296
211
497
305
430
499
99
177
462
281
379
271
180
72
161
504
240
452
223
1
85
380
261
262
371
254
462
266
54
565
181
68
465
533
167
221
265
442
452
463
169
442
166
314
27
481
535
90
70
338
557
326
276
502
481
14
117
190
223
15
54
79
301
189
190
530
265
380
221
93
301
425
258
111
434
526
42
530
76
494
338
338
188
454
34
538
461
377
422
526
416
171
338
209
356
465
139
167
34
164
425
148
514
499
312
535
324
473
105
114
524
502
416
45
62
25
547
306
182
534
92
79
306
430
67
109
373
474
92
352
148
103
131
530
457
407
140
362
280
276
148
69
377
298
32
393
104
122
152
332
34
49
253
363
225
473
62
250
533
102
114
222
104
235
42
186
502
21
314
226
66
455
125
571
547
23
482
155
360
482
160
271
27
23
180
473
504
129
17
555
306
490
404
226
570
8
68
537
120
453
23
526
564
8
197
131
501
526
144
23
93
279
555
265
457
331
538
183
182
240
207
162
15
542
444
227
215
149
443
486
380
247
472
456
162
178
465
446
250
163
4
25
21
280
222
546
247
54
313
202
532
446
303
421
2
6
444
1
229
357
237
524
42
303
191
555
490
159
385
394
420
74
357
467
157
362
279
563
99
284
534
380
448
363
147
254
99
548
77
343
97
170
243
385
416
117
124
513
368
364
491
26
226
147
538
137
168
392
294
379
230
521
192
168
143
202
401
262
10
98
284
366
6
397
474
318
237
196
80
334
474
435
85
447
79
310
52
229
552
195
297
133
8
105
353
85
63
445
510
402
350
295
254
268
235
160
514
1
36
520
395
297
281
115
52
163
391
238
183
24
124
113
420
27
416
219
143
383
177
23
146
141
180
367
563
513
392
221
170
339
484
343
504
331
451
552
24
261
457
519
61
257
295
260
17
279
264
297
206
394
420
107
357
207
236
498
254
98
215
392
139
377
535
101
196
46
19
170
233
75
107
440
494
22
88
454
383
75
245
494
464
285
310
414
254
569
377
10
281
190
231
307
551
212
297
407
143
383
339
339
170
562
252
350
183
420
548
198
401
568
102
388
233
465
195
133
474
180
112
412
350
213
24
79
246
326
211
36
338
438
490
474
44
146
393
139
150
361
387
139
125
357
291
443
378
146
447
22
536
262
428
263
448
233
458
436
519
567
87
302
105
245
476
476
333
120
137
498
8
254
341
197
465
433
155
189
451
527
189
3
553
245
492
232
129
95
101
139
520
286
376
481
23
390
567
357
488
257
351
30
3
439
37
271
440
186
362
120
129
400
8
359
460
213
77
156
349
398
214
368
546
229
256
95
114
346
236
156
537
338
263
280
559
10
479
129
338
236
387
379
512
563
211
263
189
563
8
337
256
81
572
59
342
295
349
96
237
218
324
232
377
185
301
534
210
213
258
97
298
408
61
331
129
65
222
539
244
279
256
58
477
181
298
535
431
254
61
236
377
53
279
410
287
4
519
304
250
132
396
7
65
527
425
318
361
464
537
178
149
451
478
230
520
227
489
364
304
19
246
436
431
436
443
448
252
424
250
254
111
554
181
520
8
146
512
349
372
218
337
235
408
30
496
372
146
222
334
88
279
491
446
387
496
3
424
78
503
563
164
572
431
556
54
500
58
118
335
56
192
80
193
464
138
369
49
539
103
189
108
202
74
462
510
533
425
564
161
154
551
442
267
77
504
406
455
458
500
182
89
285
419
444
443
121
27
241
78
555
178
18
148
421
175
190
257
440
350
268
343
564
111
246
493
33
433
161
514
211
171
170
555
87
119
294
493
359
47
138
278
452
280
225
500
192
88
377
572
345
225
243
300
161
255
255
413
171
373
198
149
403
460
73
351
294
254
273
571
467
560
132
71
486
286
388
246
77
48
130
137
296
343
35
519
268
76
532
447
523
136
484
230
153
179
19
292
225
255
383
336
287
370
462
167
260
84
247
329
383
7
408
384
372
295
11
392
244
182
510
435
424
84
508
237
77
322
480
452
571
218
324
364
532
30
552
43
440
212
278
242
111
208
554
367
268
404
247
465
100
190
559
324
167
393
112
500
465
11
564
383
167
117
570
256
148
474
247
370
77
34
414
517
119
510
300
428
478
56
554
24
383
311
131
59
235
302
452
94
460
141
391
140
272
238
62
362
533
547
230
431
167
441
287
287
387
73
348
518
23
239
48
349
212
236
124
59
538
459
207
443
162
405
273
412
146
235
494
236
490
160
81
43
88
394
76
18
527
126
354
549
389
203
303
287
316
403
323
535
526
272
560
546
11
159
433
133
135
550
554
167
90
124
490
390
136
204
309
311
302
394
459
401
157
328
357
92
266
535
569
33
290
466
390
397
183
76
433
5
44
360
217
207
550
566
27
438
245
44
81
550
89
287
77
466
287
312
538
459
291
140
147
402
355
419
309
203
422
399
132
305
266
189
501
110
2
166
539
256
303
551
447
238
459
252
5
398
529
397
533
95
299
466
159
270
546
260
134
565
279
364
348
11
555
555
317
64
287
415
323
367
371
58
63
89
274
95
447
442
496
31
237
75
223
43
344
299
532
79
480
242
328
113
394
204
497
454
255
337
466
449
113
58
269
394
9
230
300
315
566
117
404
151
514
21
411
483
63
371
394
179
70
174
286
399
571
290
145
418
299
491
561
256
575
138
517
501
156
70
263
418
287
400
433
237
566
321
177
562
498
325
282
392
1
504
119
415
52
558
39
333
114
363
453
415
517
323
262
415
531
67
243
156
332
482
494
317
371
391
102
377
193
486
462
258
52
534
122
430
196
217
523
298
104
119
318
189
163
164
491
49
43
465
360
565
511
552
369
402
391
102
18
208
8
34
471
165
282
109
196
16
184
384
532
504
383
381
77
222
530
127
42
374
165
210
205
472
482
410
140
57
98
148
204
122
529
238
427
427
32
188
306
378
206
261
75
184
498
190
447
509
148
334
157
475
321
387
168
308
209
384
375
534
317
519
305
341
452
168
496
53
302
100
279
60
168
31
199
368
60
339
29
373
472
325
427
18
170
134
107
202
472
378
384
510
75
190
491
16
120
27
120
185
111
483
240
525
30
124
363
572
139
353
533
92
303
63
270
384
239
30
438
57
356
416
334
277
242
263
296
445
241
273
390
119
533
1
206
323
525
571
121
487
506
173
526
537
234
315
303
354
56
226
136
412
500
517
62
16
484
541
482
240
477
258
160
94
106
519
175
372
323
382
30
195
15
243
372
155
456
226
353
575
195
361
452
463
296
196
358
511
240
561
25
46
143
571
152
21
567
412
417
404
290
130
194
471
110
282
454
53
390
510
354
382
204
200
142
436
409
520
285
69
471
148
294
310
80
147
354
355
331
35
97
396
395
226
336
400
199
19
291
559
258
225
129
35
355
524
509
209
169
233
159
368
142
253
36
320
299
175
532
76
81
425
340
137
337
484
570
38
5
371
97
384
148
214
267
123
152
374
290
21
121
44
174
334
189
81
471
556
570
175
468
447
196
463
109
255
138
367
552
33
496
321
139
172
400
440
431
147
399
127
218
535
540
17
546
171
282
139
362
15
366
367
338
47
556
339
491
314
216
277
434
295
228
310
181
360
472
461
259
515
2
573
187
463
46
200
300
114
162
545
357
6
126
425
356
143
287
538
451
169
367
218
214
329
410
76
549
462
215
388
334
200
367
308
35
183
38
46
217
357
342
255
480
7
410
456
566
336
148
348
201
404
100
470
545
231
440
11
209
38
561
244
79
401
137
264
372
259
318
301
249
498
227
487
528
293
13
519
117
259
4
295
226
429
457
310
95
343
333
254
359
370
17
11
137
344
547
258
147
53
324
550
404
250
67
276
249
23
539
436
240
284
103
237
284
537
557
528
90
203
466
371
102
358
342
406
483
249
306
367
372
40
361
440
283
408
69
165
99
556
169
471
188
175
566
429
521
338
173
276
325
263
196
349
357
22
204
561
263
196
148
30
130
165
391
466
566
232
120
147
167
1
251
400
165
288
501
440
159
162
316
412
236
436
203
177
63
356
319
241
388
259
338
157
303
513
206
397
444
142
388
338
378
121
146
479
133
455
393
550
126
384
384
219
319
527
69
401
372
161
140
466
114
542
136
319
188
240
183
76
0
362
352
162
71
395
230
278
67
278
292
382
489
331
298
385
479
317
196
234
130
410
160
243
231
488
513
384
444
551
93
559
449
430
61
471
570
224
57
395
542
550
122
139
125
289
298
183
187
59
473
331
139
232
371
163
559
525
514
106
200
254
148
391
209
324
317
438
67
165
70
109
107
332
332
384
395
161
186
4
298
100
562
252
106
202
63
183
252
323
139
533
84
478
85
275
130
541
162
17
540
91
430
24
496
309
243
574
302
340
328
372
572
496
448
50
378
85
573
522
332
308
64
53
513
219
501
445
405
173
216
190
101
143
139
391
455
8
502
242
438
101
477
64
115
119
99
157
479
315
516
393
377
504
46
341
355
309
160
118
67
275
194
279
429
425
104
55
189
533
303
52
548
82
448
91
542
572
200
524
275
154
2
117
165
332
267
449
234
533
82
110
82
330
145
531
398
154
95
254
21
321
313
294
137
120
186
340
291
241
231
213
251
201
181
353
339
91
415
296
248
63
302
413
52
457
575
361
315
0
14
1
408
40
488
328
321
278
76
476
340
137
198
496
467
288
28
123
379
543
513
553
179
273
364
529
359
344
183
193
448
324
0
261
483
69
279
236
206
6
467
48
257
377
153
271
430
177
152
23
23
326
69
14
36
179
27
530
61
176
100
98
377
27
232
399
292
166
273
266
91
367
32
69
128
67
298
79
67
371
343
527
217
279
148
496
288
298
130
21
98
568
299
194
444
419
114
74
450
48
448
130
421
309
236
518
450
71
151
71
410
573
476
483
7
518
249
36
362
512
296
262
297
87
445
451
340
397
421
128
9
175
455
179
127
549
410
173
139
373
163
378
542
540
349
563
22
450
67
378
463
397
222
191
120
302
377
25
394
379
245
129
318
65
353
384
358
210
72
135
114
289
76
343
458
399
426
182
14
72
216
415
173
85
365
454
87
292
187
484
568
387
165
186
334
321
74
110
209
132
130
41
270
337
231
141
74
264
406
438
413
444
140
277
459
47
335
326
339
240
257
108
140
397
235
313
269
178
462
332
544
106
87
20
454
547
168
323
56
285
308
347
55
563
148
157
344
104
202
573
223
426
554
428
39
182
568
229
424
381
454
232
346
564
466
168
173
504
190
455
530
127
204
296
140
276
337
362
276
129
17
555
124
217
430
478
42
128
328
281
537
233
326
501
140
129
391
63
145
349
462
4
496
32
490
373
257
347
57
444
167
441
492
379
397
526
510
150
446
56
167
430
127
320
379
485
404
347
399
559
217
94
361
483
342
229
246
176
544
59
297
241
153
381
299
247
4
478
500
215
540
373
101
339
440
511
470
391
146
571
92
88
478
212
124
140
320
399
167
376
152
249
548
156
217
427
240
378
50
539
157
376
342
460
282
524
400
73
294
139
502
58
53
33
31
20
229
254
52
422
528
422
313
50
229
383
4
58
89
191
325
94
346
574
529
94
537
297
4
329
481
465
482
451
528
429
384
50
528
428
456
304
41
20
489
190
58
12
503
168
457
216
539
248
344
529
494
97
54
132
79
476
2
336
294
561
155
113
38
428
423
139
121
418
240
105
419
387
152
336
54
478
246
362
120
349
561
79
466
425
139
79
548
72
246
136
416
350
272
213
447
392
509
71
240
335
568
56
70
196
163
535
413
150
187
357
259
365
415
297
350
221
300
575
528
147
124
421
4
514
416
177
325
575
37
314
536
188
152
51
420
350
131
383
386
276
380
91
247
27
336
105
54
35
14
24
557
293
259
42
396
94
277
556
19
158
552
135
235
110
50
140
433
430
463
213
547
151
140
153
79
450
103
121
510
66
145
500
272
106
54
313
145
475
296
405
331
335
74
510
57
54
515
213
405
217
264
5
148
246
103
575
198
355
276
521
300
481
546
257
110
391
197
245
214
538
257
376
131
50
89
45
204
27
316
419
24
18
150
198
23
382
178
86
515
465
209
285
564
327
188
494
300
338
415
539
39
417
350
114
555
528
126
97
387
427
220
6
385
198
234
383
140
209
293
306
331
86
559
256
437
281
86
231
357
141
564
241
41
507
461
395
548
37
68
355
549
266
510
478
397
129
466
34
51
180
61
95
370
83
469
37
519
534
113
21
512
197
497
368
163
163
108
205
429
543
443
511
361
267
372
256
33
273
306
324
324
509
450
23
292
242
163
310
175
165
527
123
8
200
299
191
39
210
546
33
160
198
244
22
390
498
369
365
155
519
392
91
310
569
266
454
8
543
280
29
92
504
316
221
294
445
81
96
498
396
457
188
259
255
472
42
146
322
491
218
105
539
133
527
34
441
521
402
466
203
332
453
342
208
232
375
452
390
163
76
343
42
402
51
98
92
124
396
98
213
408
405
457
156
357
459
440
427
200
427
121
237
112
200
430
188
371
518
193
313
357
62
554
333
552
432
437
251
565
34
175
530
389
199
559
335
377
500
121
168
154
327
539
152
181
442
538
181
139
86
95
15
232
103
538
518
127
155
340
366
224
298
434
247
30
549
538
496
276
505
179
304
235
408
124
21
38
357
45
528
430
219
118
208
244
70
421
491
272
343
354
452
394
459
400
281
143
130
155
350
54
491
67
173
30
354
120
372
20
521
471
41
220
434
211
369
470
530
370
490
302
388
228
72
317
504
22
20
518
379
423
415
174
341
561
522
64
179
344
260
563
12
139
341
385
85
406
542
439
110
280
522
9
217
457
206
512
302
32
510
39
410
10
260
249
344
2
562
125
74
443
392
427
302
80
87
86
392
102
285
372
399
25
344
273
159
542
10
311
266
27
311
474
209
143
147
17
400
220
130
109
478
218
481
45
511
377
100
351
155
559
26
102
412
249
427
6
92
107
381
220
565
239
134
440
136
69
276
324
377
52
38
380
40
51
309
360
26
467
152
568
458
328
189
185
48
139
151
323
514
172
275
338
203
468
457
154
202
49
443
168
377
49
188
398
410
156
67
221
237
542
481
51
218
218
217
522
217
376
286
476
181
542
491
140
203
499
511
109
123
458
139
419
349
52
567
343
170
352
474
362
103
291
447
318
574
212
255
260
48
149
139
98
202
188
244
390
171
44
146
328
113
424
307
380
283
134
84
490
244
342
46
439
155
248
398
232
536
332
498
455
114
84
156
490
435
497
432
289
44
406
565
292
227
19
254
479
260
480
18
498
212
459
527
122
490
98
216
275
104
186
42
150
69
375
219
427
539
536
118
326
82
499
264
405
45
234
116
540
451
570
530
140
454
25
56
192
124
57
120
408
412
216
22
55
431
322
38
427
272
269
425
264
88
137
116
208
327
33
306
295
306
299
572
361
220
497
64
62
31
181
81
18
288
182
333
456
78
538
12
520
453
33
205
57
235
530
371
367
518
362
431
164
231
301
184
141
493
183
548
137
328
335
4
386
116
144
279
97
232
417
498
467
193
192
557
128
183
116
126
208
246
418
457
454
425
449
16
227
214
537
368
375
231
193
522
498
386
37
70
347
225
509
454
185
267
171
415
134
365
420
146
482
57
136
168
308
458
22
131
302
564
292
301
522
323
433
574
118
530
12
400
133
72
423
499
52
237
474
301
332
489
563
205
455
430
116
383
504
489
389
176
473
570
133
298
10
19
403
171
551
530
546
467
153
229
21
171
78
499
467
9
282
430
339
326
8
19
201
384
345
164
351
467
557
408
59
252
410
281
490
146
407
61
417
554
459
399
417
4
499
445
107
176
175
61
543
371
435
250
213
283
118
3
368
24
185
195
140
251
529
542
492
234
33
43
308
146
194
147
434
219
355
283
490
364
457
282
337
328
548
154
383
24
373
383
394
114
234
549
426
425
22
24
95
158
173
519
129
460
85
149
219
119
66
417
367
401
512
134
483
12
78
12
311
242
217
60
119
215
360
97
183
460
490
138
503
326
230
390
222
279
317
548
208
325
482
497
464
212
371
564
128
22
162
531
278
483
303
445
238
525
479
569
492
324
379
519
357
108
51
204
95
413
461
508
211
128
548
342
204
229
51
176
309
545
181
126
307
170
377
413
316
143
393
521
250
20
308
160
558
51
410
475
288
410
356
197
316
183
144
131
335
552
336
359
363
569
228
295
219
428
507
196
57
278
426
11
218
110
540
540
229
232
82
454
429
434
143
99
436
88
215
496
150
216
179
460
170
291
324
433
570
123
334
284
155
386
338
474
218
310
176
443
197
555
518
117
429
271
417
484
108
176
243
84
438
511
470
422
88
334
450
81
102
297
516
70
570
571
293
19
52
243
300
570
357
420
176
335
441
350
58
496
96
8
353
176
450
433
389
251
424
325
464
270
495
193
340
550
110
24
497
211
280
9
34
434
347
231
310
319
374
407
206
441
141
473
106
20
507
390
310
497
555
218
415
470
139
122
518
498
462
459
39
551
196
344
436
482
161
462
186
348
77
197
481
557
482
139
153
494
107
16
390
389
18
447
260
421
163
368
409
490
75
237
382
519
193
204
297
394
460
94
18
461
141
238
466
310
17
454
317
424
106
102
345
271
70
126
477
446
550
25
480
534
113
108
242
132
30
271
519
387
319
296
446
34
381
218
85
143
485
22
147
511
2
90
69
30
443
41
511
444
391
482
267
553
369
204
5
516
531
436
259
44
182
238
448
286
391
388
30
251
574
455
460
526
208
137
336
457
457
90
266
249
321
336
239
359
460
64
215
574
342
287
288
497
122
262
68
358
220
218
326
167
521
336
237
545
62
219
256
535
204
34
358
518
372
219
326
122
369
5
86
145
106
132
424
499
510
143
96
570
114
184
218
366
346
50
151
528
197
168
508
5
400
358
338
117
229
116
127
331
5
63
153
298
556
146
95
458
205
570
455
37
90
394
90
497
445
461
47
453
5
112
60
390
366
172
78
494
117
77
437
495
474
412
509
102
4
135
406
338
409
49
168
367
122
499
166
348
380
496
466
167
572
478
118
89
348
249
472
429
378
562
380
431
108
252
323
543
519
309
539
218
104
78
416
373
483
521
195
455
116
545
321
348
386
268
224
112
271
102
19
299
104
378
97
78
455
570
100
316
38
541
240
152
130
542
421
70
283
170
517
225
239
348
424
70
290
262
437
298
510
419
279
242
190
447
345
510
76
260
166
494
434
493
431
43
5
400
237
396
140
125
431
407
93
556
261
242
452
489
541
98
348
199
74
166
524
89
438
424
246
342
73
513
95
556
384
408
239
43
570
186
489
227
564
293
457
237
115
122
241
477
112
326
517
242
146
113
315
538
438
239
570
229
302
350
172
346
160
522
31
198
192
148
38
196
490
277
189
531
148
467
31
7
536
417
86
538
373
397
467
418
26
196
125
60
390
514
15
250
5
70
255
235
201
333
175
499
118
479
120
430
307
108
445
106
39
60
451
101
466
457
289
404
2
81
202
251
520
564
36
241
372
215
282
95
194
524
286
61
536
215
229
371
77
329
520
261
286
127
362
25
274
49
293
87
36
120
524
387
132
91
510
155
387
150
459
510
42
74
555
326
289
293
258
118
47
76
497
520
129
172
223
227
129
362
140
418
147
553
52
110
525
103
553
350
105
458
132
323
385
279
323
227
460
303
459
66
197
367
87
554
53
134
450
283
251
569
169
389
521
264
569
19
263
274
149
231
22
43
46
567
539
573
370
575
541
411
158
467
170
536
414
373
314
370
246
228
298
288
175
239
61
466
162
223
271
177
22
330
402
142
569
158
128
422
1
114
369
21
359
270
116
445
113
386
87
524
319
0
373
159
357
412
408
449
53
471
546
398
312
157
298
157
32
220
41
151
55
237
61
275
439
432
89
375
391
459
77
94
388
299
233
485
339
322
312
499
489
520
294
412
166
156
361
375
182
334
327
565
364
135
418
304
484
43
238
342
256
112
310
326
60
412
205
161
148
270
440
450
389
105
124
283
124
554
404
297
147
330
44
128
226
205
19
151
564
569
204
374
554
304
485
161
474
242
121
41
552
526
373
33
318
123
567
443
141
261
205
184
337
498
93
159
241
141
544
170
6
68
33
372
381
265
456
36
207
561
76
472
85
521
334
476
411
195
417
202
506
52
483
568
525
70
184
545
195
529
242
418
428
543
143
259
189
201
242
378
32
161
484
310
148
230
345
73
290
205
432
505
305
83
529
113
134
207
16
510
543
129
314
552
110
290
376
334
320
85
252
350
32
196
293
304
60
49
404
119
260
93
231
500
107
129
433
289
334
330
484
303
149
13
234
332
536
500
326
137
404
262
69
18
234
220
568
445
296
312
465
390
201
332
330
526
162
40
418
134
168
262
329
110
271
125
335
254
528
9
377
49
53
38
367
110
297
169
309
241
417
255
488
196
564
369
386
60
9
554
63
392
449
333
320
149
526
495
60
188
84
565
568
366
146
146
259
360
359
56
97
352
358
68
101
148
145
398
560
552
80
309
372
252
415
453
453
82
271
275
520
303
183
567
10
246
320
73
157
342
352
449
259
358
425
360
465
22
545
285
42
282
30
443
510
406
302
340
416
371
505
466
562
191
481
535
546
277
145
129
460
146
205
100
329
106
4
572
563
506
64
222
64
280
273
564
156
510
115
474
51
562
117
474
405
268
233
171
288
147
488
404
102
424
568
245
567
252
177
560
186
481
411
359
97
388
176
407
415
297
449
252
277
560
156
392
479
219
30
352
166
166
475
117
103
232
281
200
479
220
575
204
465
49
200
184
248
44
15
5
391
43
483
222
385
129
348
324
472
63
425
183
53
567
65
565
63
380
293
310
81
552
565
196
486
471
17
284
291
404
388
479
142
435
514
170
566
289
425
237
570
289
356
323
205
542
569
425
191
193
142
307
67
100
536
45
375
261
275
196
292
380
565
528
106
358
125
463
275
161
153
84
319
159
471
123
8
363
150
471
151
0
161
510
186
533
82
79
325
364
335
493
265
10
61
380
140
201
435
69
228
287
407
319
75
36
361
2
112
340
273
503
464
126
528
122
271
16
220
83
436
232
91
21
334
293
32
257
42
328
380
471
482
459
84
24
436
429
382
234
297
275
248
96
344
193
399
121
349
367
321
298
52
320
328
408
30
236
352
416
94
118
121
163
211
296
219
320
407
515
307
37
180
43
218
101
132
15
59
288
296
545
439
339
152
290
440
111
224
213
42
170
312
75
40
427
219
423
166
23
298
490
571
104
312
118
312
185
198
110
18
325
232
200
251
529
542
310
293
362
292
93
211
19
523
186
478
387
372
445
27
397
144
358
463
311
15
52
27
189
128
16
518
136
371
37
25
135
104
385
556
206
348
295
294
48
423
444
214
120
23
34
159
393
176
517
213
48
189
273
425
213
177
59
30
421
195
36
202
476
113
243
380
298
134
362
283
265
177
501
242
215
146
96
277
210
130
399
192
537
239
371
86
556
87
258
414
112
500
276
243
214
515
225
176
25
389
328
514
117
573
236
530
494
282
397
249
505
378
119
162
362
246
376
526
52
84
117
341
375
538
524
314
282
140
400
531
108
367
549
277
109
132
126
192
348
127
323
467
83
344
507
130
416
357
99
111
533
130
78
295
108
85
239
431
426
354
509
228
425
347
541
33
498
553
75
320
103
49
213
409
443
481
56
517
40
154
324
133
201
321
473
228
573
426
138
165
176
188
498
124
67
7
133
306
354
241
559
206
452
521
47
550
391
97
550
292
362
112
108
300
364
532
52
135
318
176
258
271
98
360
100
290
203
188
311
411
402
53
144
206
226
441
105
479
399
57
33
166
46
200
501
412
50
404
98
268
280
315
428
348
162
120
44
126
535
78
509
377
543
563
543
507
309
311
325
70
158
239
69
81
75
200
213
300
37
74
134
531
483
463
150
50
402
120
74
463
142
240
156
443
104
561
20
524
348
194
502
270
248
348
354
240
502
98
477
410
524
374
341
522
445
38
247
371
190
472
155
263
286
228
340
70
207
548
141
535
51
225
256
73
92
448
97
561
171
84
425
339
481
10
68
200
509
264
38
34
392
530
387
262
412
215
299
136
159
87
247
220
227
259
482
543
60
266
22
370
524
426
475
502
114
210
282
92
173
37
172
524
131
461
44
117
274
88
285
3
174
144
187
65
390
411
296
385
342
33
472
172
524
331
298
360
237
90
245
120
105
455
491
308
140
367
258
208
233
534
522
216
237
92
381
392
482
367
45
573
2
566
66
404
147
518
555
555
534
461
95
324
218
565
319
502
156
518
230
41
371
164
178
137
506
17
373
19
189
431
298
464
422
403
57
572
49
284
406
457
522
293
6
388
473
315
539
508
229
452
461
282
348
259
342
461
394
552
133
518
266
314
74
548
57
369
54
491
384
321
237
259
299
430
450
141
573
329
398
473
220
362
160
285
380
95
517
447
229
454
274
282
384
348
555
477
415
295
477
62
285
489
503
44
183
406
393
99
60
443
128
198
225
10
47
354
147
214
575
237
72
185
447
548
447
215
512
189
178
302
301
387
274
481
562
336
362
524
360
7
246
79
465
323
214
508
183
197
439
55
442
121
440
375
369
551
384
245
450
257
182
53
307
454
20
293
43
385
366
295
539
280
530
454
228
23
293
39
398
360
339
3
389
298
124
190
294
364
189
189
513
323
281
308
413
129
519
59
100
544
464
237
14
432
194
219
366
113
544
352
207
572
134
14
77
360
316
452
457
562
85
21
555
514
260
68
561
73
327
547
190
423
464
559
22
100
22
400
386
344
36
519
3
256
163
463
233
257
158
282
86
197
255
260
15
354
383
212
410
210
297
66
185
366
244
329
473
104
58
207
389
168
263
322
277
179
42
396
155
143
303
362
17
360
539
153
397
168
258
360
44
110
316
572
108
445
343
106
327
362
170
38
345
2
185
102
417
333
368
445
368
377
163
220
80
36
260
158
333
233
7
321
336
441
106
112
192
114
554
191
267
206
324
572
467
571
419
182
101
424
173
192
533
206
521
109
367
182
536
560
513
574
238
86
332
173
571
125
206
237
482
431
101
483
200
140
56
164
459
567
332
480
28
276
65
28
464
31
483
318
262
150
497
220
380
137
573
192
268
424
360
177
503
417
36
185
7
114
127
253
167
95
540
193
324
565
267
191
356
458
356
90
474
127
258
238
167
49
67
444
142
483
0
529
344
557
548
387
257
555
183
317
442
67
307
1
494
498
114
146
294
120
256
518
92
534
141
506
358
13
317
360
433
441
51
73
134
458
183
369
155
183
407
554
328
441
183
356
173
524
165
464
203
90
165
451
483
279
501
496
152
40
267
154
132
320
96
206
456
188
282
50
46
238
448
171
429
85
521
36
124
435
161
367
543
407
365
543
387
166
453
52
476
337
214
311
114
474
551
292
518
477
361
357
200
415
173
305
533
125
187
297
84
201
56
305
521
533
190
305
338
46
436
67
541
217
13
279
329
517
398
407
387
396
485
488
425
360
125
375
214
157
321
409
83
448
197
479
47
574
243
487
515
571
451
82
301
144
556
467
499
480
334
159
173
162
201
134
161
420
10
214
129
245
182
437
261
367
164
171
561
413
33
51
301
45
414
228
150
465
556
209
216
202
57
436
436
130
282
352
141
487
240
517
301
231
276
69
258
390
501
73
67
146
47
81
451
431
34
437
386
3
127
416
360
261
91
239
419
567
360
503
431
74
518
111
547
160
573
517
321
526
75
214
488
9
567
217
51
9
56
509
258
124
212
93
438
344
215
244
252
551
551
448
252
470
152
386
230
129
569
360
262
79
533
115
413
296
458
65
192
243
159
34
135
41
181
241
30
344
194
170
372
423
135
500
460
575
316
574
215
464
25
320
86
342
35
518
471
359
31
306
423
244
150
287
188
265
548
346
165
348
265
301
243
108
324
98
326
131
416
350
366
424
158
181
347
147
530
10
241
10
81
565
241
200
348
342
293
432
102
198
381
434
177
287
222
455
450
494
141
297
315
523
390
222
155
98
157
155
297
119
113
235
554
245
337
168
329
501
502
377
51
343
500
306
45
36
487
50
492
539
106
294
210
425
512
286
553
119
476
292
472
456
382
160
571
5
449
499
453
100
371
15
516
263
20
346
558
313
134
7
459
200
389
392
207
339
201
352
171
395
173
63
150
558
430
264
518
487
290
172
119
218
350
262
39
339
148
10
217
106
71
135
49
138
102
97
271
296
186
341
161
287
441
63
333
549
228
468
193
52
344
157
81
243
60
520
226
521
201
565
426
302
392
468
484
283
271
407
168
280
89
396
306
72
359
451
352
479
429
390
374
10
549
372
325
313
357
399
351
291
25
161
264
10
100
154
350
178
60
385
304
66
270
426
153
219
482
567
217
10
403
394
491
425
418
284
44
499
467
354
0
20
60
173
252
385
215
213
83
204
58
234
153
305
477
431
332
413
181
512
144
160
401
133
238
259
32
478
456
305
276
487
355
484
308
495
460
33
361
180
332
517
39
321
541
216
554
14
280
378
238
564
194
55
23
186
48
468
215
461
399
403
56
131
288
567
493
15
131
35
559
387
320
269
96
103
272
94
214
127
255
1
3
461
25
459
16
237
90
221
276
96
225
51
237
121
426
423
387
139
549
338
569
1
72
313
143
4
257
498
150
233
494
90
95
566
493
219
356
242
58
503
506
262
394
350
78
294
103
305
558
306
161
364
416
85
548
487
441
219
113
61
294
206
394
280
422
187
454
198
21
244
391
498
265
249
197
31
384
432
407
16
224
369
325
351
217
344
561
186
456
308
266
96
203
41
224
134
139
202
113
519
486
283
294
6
26
265
273
32
54
237
305
380
459
109
238
191
175
401
435
413
158
465
6
435
54
559
122
61
494
474
27
373
276
224
338
399
116
262
461
107
84
413
456
198
176
393
127
561
37
414
364
41
501
275
507
328
271
42
167
549
401
147
93
133
511
0
272
4
49
402
8
380
92
561
365
385
104
394
501
108
574
38
138
405
351
9
55
310
510
78
297
315
363
166
70
479
487
574
19
137
451
285
63
20
0
68
536
333
355
91
413
244
307
131
363
13
473
519
357
384
77
199
445
510
19
324
227
474
269
385
216
218
319
264
385
178
568
480
271
363
513
452
368
262
86
121
288
524
35
179
7
417
324
290
458
568
489
417
241
325
203
508
355
536
451
426
451
336
81
210
65
118
379
558
140
236
139
203
76
439
202
340
292
315
112
79
154
389
408
12
328
139
114
303
8
65
509
418
357
137
489
463
530
112
563
558
245
249
4
512
520
462
312
339
562
85
339
127
164
95
520
32
40
260
465
127
435
421
289
507
15
128
79
59
524
222
228
148
341
118
485
81
42
405
510
4
236
527
312
66
389
473
340
509
396
283
387
228
515
61
280
213
314
220
34
405
553
236
206
357
191
400
343
180
32
182
271
119
44
169
7
38
473
439
213
528
327
87
29
463
98
79
406
71
149
365
201
404
13
31
273
525
15
540
194
434
439
19
317
314
496
88
217
326
278
485
118
18
546
266
122
409
400
352
476
431
508
540
349
456
543
440
539
187
249
115
188
478
53
299
443
324
390
174
292
526
379
346
170
365
164
84
199
174
459
550
120
416
552
552
121
233
375
501
365
436
542
354
537
541
422
573
542
272
251
91
552
61
232
441
180
238
2
334
436
364
311
152
422
215
166
220
279
106
326
417
250
220
437
104
508
207
403
186
171
476
314
279
268
167
76
92
501
206
422
92
472
355
40
368
512
168
39
216
104
62
223
150
143
58
552
19
272
68
289
170
85
121
330
446
265
390
382
546
231
530
238
62
548
241
318
117
172
495
111
12
289
44
197
366
390
522
264
179
524
141
498
12
305
35
168
346
266
409
388
504
325
274
274
186
569
329
90
329
417
69
95
484
267
462
253
260
52
520
131
2
487
280
16
362
252
260
383
385
569
211
133
305
411
405
284
89
37
209
293
316
523
34
411
439
59
227
84
445
358
101
86
299
275
297
318
132
537
412
288
148
445
53
476
31
429
495
515
445
471
221
310
95
84
535
251
520
406
572
34
227
265
3
180
70
3
62
461
131
25
267
325
187
426
403
3
77
408
194
548
350
140
112
500
205
112
243
117
479
309
171
253
294
211
346
477
160
44
141
46
405
499
527
106
157
18
575
544
29
122
357
124
562
465
369
160
398
465
20
555
149
385
432
385
514
392
352
360
348
378
103
472
557
473
275
39
118
285
414
489
29
279
24
360
420
395
395
485
356
359
90
385
30
101
373
203
427
477
93
358
113
227
342
502
68
445
157
348
135
265
512
422
532
496
439
422
532
397
294
549
429
402
303
467
99
502
548
90
372
79
205
112
63
442
346
477
99
282
514
210
439
425
232
316
90
68
446
485
34
65
346
93
131
308
89
541
380
234
409
316
110
136
252
115
311
541
118
290
476
360
190
491
575
461
181
441
465
283
75
425
70
452
177
128
43
86
408
99
387
112
136
562
152
6
176
543
547
409
103
552
256
446
226
431
462
20
210
440
99
548
339
191
501
64
260
189
345
18
393
191
168
67
131
260
381
189
28
55
38
339
134
272
335
318
432
259
397
223
515
502
221
150
304
14
543
132
459
213
351
39
25
170
558
395
86
80
130
91
490
265
222
547
278
422
343
81
64
457
304
344
296
10
557
499
190
221
277
244
477
472
547
207
368
156
11
11
74
30
552
102
477
20
548
7
264
327
198
410
244
330
239
98
317
387
221
139
199
290
408
407
152
483
391
189
385
490
60
415
354
222
97
535
562
474
427
12
407
168
115
397
407
303
93
429
122
301
354
431
204
321
462
22
466
546
110
399
1
134
514
301
43
554
175
348
397
547
462
499
274
337
457
477
54
548
490
27
483
409
313
192
459
399
306
321
50
501
133
264
543
434
328
344
159
181
422
72
33
509
132
91
265
387
481
244
45
228
399
124
181
204
155
228
326
321
1
502
70
183
275
519
501
198
535
111
7
297
361
64
251
405
294
477
103
60
84
400
265
298
183
109
530
570
297
134
422
537
124
128
410
10
413
421
423
215
518
234
199
308
112
449
556
16
112
145
102
472
504
70
391
548
449
145
155
429
390
341
406
120
154
301
111
323
56
429
464
128
228
184
432
274
368
239
573
343
294
40
184
99
323
478
247
276
413
460
300
91
238
303
104
251
228
348
406
94
208
291
347
6
76
30
53
382
460
536
323
515
384
200
305
570
397
547
530
270
504
303
111
437
437
188
553
199
285
124
431
402
201
184
490
104
91
270
50
222
392
334
306
43
519
259
109
269
329
18
303
361
457
67
237
47
160
8
344
326
157
406
487
1
209
458
77
138
168
366
67
104
364
475
498
29
498
285
169
397
45
188
224
537
235
402
45
28
298
457
431
400
282
7
406
560
317
398
558
65
74
125
232
71
542
451
334
65
353
174
70
418
114
366
160
468
539
205
418
103
106
389
182
255
385
97
387
418
9
372
347
154
101
213
391
75
45
385
109
549
275
256
406
423
493
41
34
189
525
333
181
371
525
401
529
294
488
230
451
170
330
380
389
320
382
274
349
370
538
431
148
5
51
157
540
507
231
470
311
21
234
370
292
413
470
409
349
21
254
169
376
194
466
525
53
541
33
413
14
269
559
249
539
489
459
84
21
223
546
128
343
350
224
154
417
392
14
32
509
279
376
184
415
82
541
4
454
87
292
208
262
7
308
332
512
311
521
207
263
86
375
493
430
102
433
367
291
89
411
361
460
360
353
219
441
86
134
193
279
487
470
120
36
563
153
397
425
458
170
78
67
27
251
371
263
561
102
508
29
487
155
261
321
191
559
330
251
523
495
275
459
266
497
534
541
274
341
40
366
479
105
208
46
187
523
428
160
390
149
277
194
183
544
287
7
189
487
32
98
466
156
472
25
277
372
175
109
421
143
371
177
1
115
427
215
364
211
476
159
473
419
371
183
482
5
163
273
397
240
174
89
495
19
540
111
72
434
565
344
52
333
146
308
217
459
479
384
514
206
341
51
135
514
262
280
80
93
444
415
557
82
34
69
51
348
487
325
372
384
149
40
494
95
81
322
466
206
495
201
96
434
374
441
27
60
190
279
196
358
118
330
329
538
90
108
452
267
405
223
322
217
158
77
268
48
495
371
445
239
390
357
208
334
411
390
179
322
524
60
243
289
403
26
89
170
207
159
61
97
411
49
185
217
400
63
457
419
432
557
49
465
147
571
341
39
457
156
558
408
226
526
364
65
330
432
1
319
93
390
325
114
367
293
538
10
365
283
350
216
341
466
365
568
464
532
43
487
123
199
167
558
219
438
63
362
341
369
78
334
372
111
255
352
392
392
374
556
543
75
141
310
191
246
553
86
103
246
347
108
113
267
539
334
384
360
331
284
372
508
362
51
267
82
122
61
498
73
532
162
283
112
167
99
356
430
37
96
102
467
350
211
524
458
347
170
237
344
299
309
543
233
527
531
435
28
27
545
162
152
266
29
243
323
96
39
141
114
479
171
276
394
296
235
445
412
363
479
404
356
65
213
66
87
266
282
204
170
238
143
271
221
142
531
406
333
257
261
350
173
100
412
71
181
30
181
530
553
21
565
222
499
34
169
202
566
365
154
315
409
6
365
90
268
441
412
428
171
153
270
0
112
176
259
323
213
97
162
434
131
28
359
46
76
171
526
463
430
303
155
413
258
95
55
39
7
180
416
105
25
266
567
284
213
169
434
359
407
509
208
430
106
111
70
9
169
333
506
261
432
70
329
363
565
353
432
45
112
203
402
172
79
117
492
186
520
473
117
308
155
317
519
49
223
573
428
402
80
433
111
227
556
567
318
353
112
186
435
285
45
432
129
38
427
329
538
123
490
304
377
547
339
152
310
73
256
476
398
459
126
168
309
256
338
311
500
276
567
18
125
65
19
101
276
445
49
426
507
53
92
384
209
412
521
363
197
485
297
377
489
217
562
529
187
215
106
529
423
531
202
305
223
415
567
417
126
424
80
432
492
440
239
194
170
241
316
63
297
525
67
361
305
32
55
160
448
329
241
427
431
173
338
122
190
432
172
513
293
303
527
304
267
293
99
132
197
363
474
207
156
565
418
574
40
107
89
318
565
456
128
22
45
197
12
404
119
364
241
24
226
425
285
362
285
495
456
64
371
357
87
24
255
176
164
234
287
183
189
162
293
81
250
332
570
256
315
263
363
329
500
569
80
0
214
304
189
25
213
423
202
429
122
265
212
333
66
195
441
212
87
29
377
151
4
64
547
188
295
69
255
269
64
522
190
337
70
45
206
484
331
492
458
483
454
220
109
167
70
271
426
517
423
150
34
426
414
108
349
543
93
457
373
54
258
8
292
159
463
293
194
168
441
187
227
556
231
86
547
32
119
483
218
444
379
372
496
518
80
101
159
421
383
41
307
299
267
174
134
257
537
444
100
466
513
425
360
31
505
276
563
192
543
246
534
220
333
326
1
159
275
315
444
425
182
426
393
80
366
242
162
280
441
373
518
560
319
176
449
306
210
87
271
92
5
162
340
14
91
187
134
184
349
213
174
268
492
448
552
135
47
94
39
222
332
429
10
552
72
385
326
181
556
241
192
255
3
406
317
555
377
15
3
535
534
106
80
99
261
575
389
353
39
359
457
289
206
535
321
47
3
394
234
503
38
250
340
292
574
412
86
426
477
544
440
491
383
145
420
557
310
306
125
64
513
420
341
215
574
525
48
145
19
293
66
513
86
209
17
460
297
488
187
380
264
485
264
184
95
8
158
497
159
62
158
189
260
208
278
192
425
46
322
481
163
195
23
189
326
102
162
142
32
423
217
57
267
384
194
459
199
145
149
99
176
120
310
263
126
379
185
84
563
154
426
158
547
102
177
90
333
459
203
8
368
345
323
242
149
254
514
67
255
477
76
149
394
143
89
240
388
257
60
197
264
78
472
290
104
178
57
251
538
488
343
185
303
190
525
252
187
180
3
27
373
392
428
89
329
240
553
185
182
23
451
23
541
276
438
364
432
310
482
240
243
469
345
157
244
552
460
419
420
208
68
407
98
100
557
389
89
228
531
558
275
73
368
402
383
362
345
473
514
306
239
109
443
345
229
382
23
528
440
297
536
163
509
17
279
313
519
115
209
12
544
544
554
81
428
64
139
130
3
175
554
177
303
345
345
371
542
365
371
180
574
574
540
139
352
556
82
534
307
142
158
304
31
130
266
292
473
142
120
305
103
558
115
30
389
77
2
239
478
429
539
227
11
486
468
339
423
63
294
534
435
366
488
416
252
528
38
320
152
402
468
365
328
127
563
539
25
63
415
251
310
476
552
211
523
366
550
23
177
124
554
143
469
485
318
373
290
380
522
458
183
426
274
270
550
34
529
377
200
100
48
441
58
284
300
343
519
469
137
324
23
37
315
8
118
175
429
376
131
464
522
23
266
145
109
115
33
281
564
187
568
522
4
516
493
307
69
221
188
54
494
4
228
18
575
240
180
218
75
250
219
20
433
567
302
332
56
75
540
228
68
178
63
363
85
150
307
332
352
248
413
51
1
197
25
373
565
50
47
50
133
170
230
80
493
565
19
563
58
382
21
358
305
410
332
154
366
221
68
567
468
71
532
354
280
55
95
95
532
379
239
119
358
200
11
190
306
88
529
492
121
294
350
539
383
492
339
394
80
67
188
336
459
223
463
239
526
323
548
526
79
273
23
136
464
72
96
360
95
439
476
201
513
179
259
483
451
52
250
59
178
284
544
190
330
107
238
180
198
420
8
105
355
56
486
99
6
194
543
247
380
324
109
276
22
357
37
186
333
245
447
72
543
476
509
292
142
277
414
279
87
516
230
323
194
563
248
121
221
171
558
402
516
203
402
291
112
333
74
24
509
376
13
191
165
411
309
152
432
505
467
327
27
575
238
431
241
77
188
336
191
429
220
215
571
551
256
571
357
532
279
548
509
191
287
37
369
162
60
135
464
339
335
85
511
361
405
151
483
285
281
443
85
350
56
56
547
352
389
43
131
464
150
456
233
120
245
238
521
24
476
546
469
466
225
186
479
245
43
222
4
308
250
515
330
311
297
302
222
205
266
278
483
489
298
571
523
119
113
39
115
22
467
120
253
532
234
128
536
218
289
526
215
486
176
1
29
290
444
278
319
108
322
206
349
359
137
427
415
107
441
575
119
549
82
234
486
174
292
357
503
410
82
529
44
548
411
466
290
269
219
313
282
549
336
456
15
196
275
178
153
314
513
357
394
558
93
167
284
298
250
193
418
138
13
176
465
44
557
516
33
16
82
444
147
148
299
522
73
444
523
389
204
340
168
349
31
287
338
187
391
451
524
28
186
120
466
558
53
184
542
555
173
189
75
281
184
80
457
41
392
66
4
63
540
485
179
94
544
257
100
465
54
100
400
234
158
557
73
176
184
18
48
314
255
221
174
545
83
459
564
90
410
542
238
486
457
423
17
81
250
71
257
196
359
290
347
373
86
379
63
299
225
282
323
394
128
555
343
263
467
459
542
143
308
475
193
14
40
9
358
241
571
485
183
397
87
464
377
57
264
555
112
389
391
552
536
100
226
239
363
335
513
407
460
537
404
303
278
163
167
407
108
238
249
490
407
20
519
550
332
404
154
227
380
334
230
464
201
135
32
292
214
29
123
312
444
209
497
70
536
248
114
0
143
242
561
214
497
169
147
318
478
60
355
436
458
518
559
281
137
408
313
206
60
484
475
107
361
274
270
63
191
467
459
504
356
516
155
150
58
485
179
31
216
492
561
332
346
318
505
121
210
466
157
29
282
400
452
459
553
540
348
37
233
51
38
417
241
497
407
383
139
209
359
168
28
473
26
223
17
101
447
112
558
195
42
367
357
169
173
233
290
166
4
524
447
318
236
51
38
497
415
226
290
192
237
484
288
366
73
208
68
60
281
447
121
519
547
4
226
511
169
558
121
447
536
52
25
61
346
258
301
184
90
571
147
365
325
461
162
115
361
123
238
444
357
233
25
270
75
74
130
521
523
475
459
537
488
128
319
157
397
154
524
107
286
524
534
119
526
142
346
386
244
104
327
162
334
334
130
16
554
58
550
85
111
111
201
38
399
365
350
443
122
327
430
429
405
120
227
557
337
173
355
419
7
74
300
238
425
81
153
512
221
16
499
157
465
157
563
344
515
145
227
383
294
407
176
510
397
449
534
94
104
201
539
367
390
314
86
380
322
39
206
501
483
554
122
499
420
303
167
117
468
364
188
287
288
71
499
269
251
419
147
168
375
554
10
361
370
283
210
566
379
455
344
458
381
170
574
556
496
534
235
0
486
411
110
108
348
468
496
75
190
336
138
95
237
28
71
389
374
222
81
487
405
490
562
546
255
391
458
411
364
562
383
350
258
131
528
49
265
548
469
119
120
306
532
336
139
65
192
461
230
156
286
151
416
41
497
259
413
403
99
234
268
410
107
399
130
257
510
219
431
84
350
88
534
8
0
56
370
71
456
453
288
89
467
356
276
508
103
170
78
139
134
268
334
414
312
56
207
117
446
449
466
214
477
504
391
127
16
240
162
373
192
494
312
263
80
81
383
437
41
336
504
39
214
290
35
224
318
151
162
539
387
393
194
28
284
58
106
554
85
562
167
39
66
462
83
160
318
489
8
537
453
191
499
11
386
469
437
470
285
98
206
188
136
442
100
214
347
56
206
430
314
380
130
373
170
20
128
65
487
460
11
349
409
170
282
464
314
19
501
543
334
342
86
407
321
468
539
516
21
191
442
491
185
460
107
6
147
24
264
209
430
15
467
508
288
88
220
492
476
433
194
292
463
198
276
254
126
93
300
28
512
214
123
123
98
270
463
398
413
198
407
369
156
60
247
446
193
462
27
31
556
348
127
147
524
189
382
220
202
237
305
228
381
126
446
276
336
384
355
229
527
249
463
316
312
164
130
552
133
424
468
312
70
556
100
235
369
295
277
527
58
394
480
553
179
347
207
236
258
334
487
15
0
485
193
543
56
478
420
172
299
193
540
255
93
432
70
456
164
500
305
467
288
409
405
41
225
91
233
64
402
116
421
54
421
185
133
476
241
73
166
208
140
481
58
441
269
336
124
73
51
396
410
112
367
175
410
282
305
287
541
330
73
118
45
96
289
286
78
170
186
391
442
6
485
93
139
374
157
294
342
100
156
330
334
452
124
108
151
229
555
176
440
116
129
275
352
445
235
228
206
276
94
34
444
318
21
77
0
208
484
334
101
15
222
285
555
525
562
508
464
534
261
148
154
312
232
0
514
260
422
260
459
348
286
447
301
125
194
353
415
545
545
44
160
51
534
252
260
131
397
216
185
65
381
45
250
350
39
45
386
312
209
131
405
499
107
5
351
375
551
28
465
325
405
441
509
366
477
225
547
185
45
526
253
151
445
139
493
378
466
166
262
394
573
140
325
174
58
494
168
520
332
17
271
426
11
319
146
13
292
509
462
501
151
429
453
78
53
21
104
153
397
110
380
216
278
88
467
294
506
104
211
396
420
253
33
155
82
420
184
193
551
237
88
351
313
445
216
209
457
489
334
21
237
480
420
30
389
307
213
130
345
176
235
259
270
92
543
550
104
325
205
113
481
242
89
386
156
268
444
558
500
247
352
372
447
40
117
73
114
179
391
530
213
447
501
497
407
61
148
303
99
364
285
364
500
447
381
213
417
490
117
483
27
250
420
168
439
214
166
98
515
43
161
310
148
46
22
250
437
28
312
442
240
176
397
309
569
568
402
150
443
66
559
117
71
485
251
392
403
151
349
380
540
360
38
161
78
72
330
496
568
348
256
396
237
444
397
135
227
129
444
566
416
98
220
471
506
573
83
101
74
343
224
547
67
97
6
32
494
359
218
459
509
336
562
193
400
556
117
343
501
512
254
434
288
245
199
288
362
534
518
276
2
314
151
553
417
179
151
5
280
112
92
32
2
13
320
330
420
566
45
26
469
72
459
241
268
451
38
123
284
292
476
218
116
208
466
384
117
160
137
446
279
11
378
446
49
28
463
531
412
182
244
220
26
220
472
41
462
574
408
282
355
352
331
414
397
26
560
329
153
325
485
553
283
65
243
468
103
85
350
418
331
355
443
120
395
550
419
357
492
218
4
506
137
565
85
377
367
157
367
261
48
435
481
188
424
134
399
370
496
268
231
565
1
441
381
463
390
487
66
188
411
272
473
176
350
97
370
497
68
486
574
527
303
372
34
370
72
387
110
200
448
554
531
322
401
160
93
356
216
488
137
123
177
136
501
419
124
144
241
68
418
444
437
325
143
89
42
88
479
436
431
142
100
385
331
260
3
297
448
399
118
363
10
448
443
254
155
234
21
265
112
545
480
364
256
4
183
439
357
460
292
427
75
310
235
57
316
463
390
255
459
347
252
476
243
473
109
52
397
118
250
445
198
154
137
82
302
218
403
28
49
470
330
194
197
104
550
94
94
4
258
499
500
269
447
447
509
320
487
0
462
209
56
232
403
398
545
418
15
233
128
314
5
393
80
205
192
201
383
156
193
160
378
447
507
176
187
243
81
34
197
16
378
376
322
110
472
9
75
322
527
473
498
209
240
276
338
183
515
77
123
8
136
481
341
23
301
435
315
285
183
5
51
511
375
545
208
63
379
40
142
113
285
34
451
310
232
303
307
298
447
352
161
102
335
105
235
471
385
42
444
14
208
288
397
255
529
90
213
101
41
222
458
403
436
13
339
5
19
127
123
385
371
255
223
259
369
218
169
242
565
463
459
301
499
541
307
54
305
203
259
19
257
411
437
122
118
176
297
116
263
199
63
109
499
249
28
122
249
517
369
111
228
93
286
366
472
424
509
541
215
323
350
517
53
458
348
270
460
115
325
96
53
0
206
34
278
390
548
428
93
413
500
428
67
161
83
217
55
196
332
530
158
438
472
59
129
318
467
413
232
241
401
443
242
541
337
541
506
437
297
32
115
381
571
275
215
63
91
7
134
497
470
105
229
56
357
460
44
28
233
15
258
284
28
63
545
131
302
542
562
241
356
287
441
341
12
222
421
58
557
18
487
405
65
455
512
559
132
388
29
129
137
408
525
283
507
54
557
305
81
272
294
134
430
540
301
433
260
388
106
315
150
529
345
256
575
536
36
175
227
154
376
408
458
536
412
179
461
124
406
519
76
272
514
67
458
28
505
561
126
200
210
348
526
536
531
282
258
217
549
345
558
357
309
38
436
212
509
71
319
496
319
106
309
150
25
272
389
283
259
549
419
537
425
429
63
297
312
189
366
123
340
512
232
342
185
453
337
486
342
522
526
321
273
210
369
471
158
21
429
411
277
537
427
348
539
461
271
408
273
490
2
116
25
175
86
279
405
466
343
500
405
121
254
239
532
452
187
344
340
33
471
139
481
431
55
189
303
146
342
226
243
55
104
509
529
81
306
144
24
36
31
211
159
33
34
213
428
24
480
220
160
213
63
46
416
533
362
321
427
18
5
163
158
421
49
252
361
476
453
476
221
567
186
153
74
461
319
54
350
280
483
32
369
524
534
216
258
338
405
532
324
566
490
379
519
192
290
461
490
573
98
5
163
534
1
52
305
242
396
62
504
168
210
297
446
526
85
350
463
128
309
338
220
295
68
496
310
468
124
278
145
153
489
90
162
304
192
193
525
204
243
128
379
244
16
397
342
304
453
53
260
507
27
476
331
226
542
84
204
562
385
336
435
126
477
210
304
558
562
318
226
237
318
70
272
389
472
541
411
567
16
58
516
558
345
24
1
503
23
572
138
371
190
14
33
363
95
564
469
385
123
575
238
92
35
320
190
213
193
107
457
551
342
90
192
503
172
408
110
304
280
98
458
299
224
54
451
411
541
200
191
169
400
481
410
106
221
51
89
54
295
16
509
509
161
392
229
276
117
364
291
369
35
212
427
547
70
128
211
322
231
165
295
304
349
559
300
564
102
458
321
14
235
239
400
231
56
10
5
158
530
92
305
371
53
394
50
452
127
184
376
412
133
452
331
102
414
455
558
156
37
294
349
460
453
316
291
156
85
457
358
177
441
221
350
50
279
482
82
322
70
404
345
238
423
537
82
113
127
148
468
516
394
412
148
8
93
309
258
252
338
50
2
433
15
519
460
138
498
163
145
200
26
363
498
419
517
518
3
394
429
219
407
369
81
508
224
412
366
389
467
50
70
346
257
332
371
518
531
553
212
549
292
229
393
266
219
548
226
352
261
406
145
188
355
485
111
195
294
119
447
472
235
249
374
409
82
272
468
390
338
158
10
416
500
384
73
305
12
109
512
549
338
534
88
528
171
8
259
173
14
394
163
399
500
75
325
119
419
259
146
568
437
345
460
258
103
103
250
546
416
211
70
287
460
189
255
300
9
196
177
286
78
95
528
229
455
401
43
67
34
334
383
87
268
31
36
467
437
289
32
399
102
402
30
197
175
123
312
234
118
102
74
104
383
312
43
516
212
338
318
124
259
337
326
295
33
39
196
69
241
118
312
4
409
473
437
498
26
134
509
276
508
284
448
552
88
166
279
164
8
145
336
399
567
145
46
52
107
186
446
392
74
21
383
14
101
568
101
507
243
176
439
144
284
247
565
88
206
350
439
309
233
336
102
572
455
405
258
99
173
32
567
189
372
437
565
142
512
250
260
144
147
510
495
137
40
169
310
2
134
10
90
224
319
337
447
575
210
94
67
296
93
430
229
52
31
27
49
474
331
503
62
346
58
314
383
216
107
144
531
198
26
467
258
252
571
301
409
125
191
331
503
224
432
349
290
281
27
526
217
282
402
421
104
325
247
474
334
548
531
394
571
454
130
86
149
483
525
492
175
217
553
346
222
228
558
125
1
125
250
202
291
281
188
103
308
410
6
265
538
421
110
477
118
36
441
1
282
402
229
470
259
409
93
97
346
495
168
13
141
136
462
340
511
1
191
554
457
221
355
167
184
346
136
259
280
405
405
54
230
34
56
150
90
357
208
103
528
48
292
369
570
266
68
275
279
151
138
56
83
207
316
488
172
350
76
412
369
15
233
90
239
111
258
350
74
343
127
237
405
103
155
259
3
300
77
131
292
421
76
398
257
80
2
175
259
236
486
252
89
54
193
488
145
7
263
189
530
60
368
89
491
537
58
318
78
89
422
337
572
430
564
19
139
375
370
411
113
143
532
312
411
299
338
78
522
170
519
542
479
238
490
569
470
530
483
396
564
573
87
396
87
390
82
374
448
5
175
449
193
61
532
391
46
455
39
466
516
177
55
543
35
101
150
334
146
68
321
76
17
481
448
445
18
22
532
203
292
552
206
339
162
444
299
221
24
87
226
108
454
146
547
360
370
81
292
112
188
408
166
401
10
435
340
32
72
71
532
467
210
490
212
209
445
198
504
469
332
56
111
456
214
360
542
22
240
258
398
526
298
171
216
38
1
86
545
276
59
203
233
85
122
505
42
44
456
275
288
505
431
438
455
132
81
334
203
215
41
467
350
214
308
439
348
236
405
126
8
574
398
237
350
275
139
464
23
268
221
212
310
87
299
430
513
460
312
455
439
223
464
302
359
131
480
444
41
341
210
45
213
510
72
16
194
16
147
128
64
261
460
486
519
293
294
141
192
429
405
482
204
8
422
66
107
46
470
229
168
264
260
494
343
310
531
88
181
245
171
166
293
337
439
385
193
353
180
80
388
171
100
237
189
213
572
454
503
459
276
312
38
519
111
5
250
467
445
3
151
168
125
378
23
180
113
269
74
501
314
48
559
172
418
422
12
459
398
309
196
202
263
538
259
343
342
415
469
400
466
293
562
385
125
200
91
405
139
110
564
449
225
525
348
467
244
297
178
33
513
550
431
467
216
20
109
8
451
325
502
71
116
107
33
522
100
188
174
238
464
77
46
389
183
371
251
439
284
226
459
318
167
333
571
125
328
115
524
504
141
296
35
468
43
402
479
289
373
508
429
345
343
551
282
321
142
401
423
370
498
246
252
97
441
384
29
252
169
253
18
153
467
207
416
369
91
530
97
444
46
64
542
312
333
413
332
439
433
162
190
430
476
248
416
332
462
399
176
235
100
117
194
53
340
415
20
95
372
428
0
428
241
445
339
71
234
375
209
466
80
305
443
236
128
342
311
518
226
166
332
154
66
55
466
129
393
154
170
187
334
430
248
77
61
85
549
372
155
41
308
274
165
77
513
7
56
165
308
494
53
347
194
192
196
91
555
107
46
120
342
315
40
356
55
76
550
322
56
233
66
187
561
451
83
139
227
365
69
548
239
445
99
550
343
530
448
396
485
187
104
385
175
38
243
500
571
13
425
337
440
530
384
18
322
117
456
362
85
185
152
88
310
523
56
196
245
419
545
276
163
517
230
405
350
461
451
196
280
341
6
460
59
228
197
378
311
341
252
54
29
80
220
483
135
34
54
319
524
113
419
15
555
316
549
325
87
32
425
322
189
178
549
301
59
316
30
222
573
224
419
242
526
543
334
94
511
415
450
76
16
477
553
88
245
423
152
151
308
95
59
21
158
174
231
129
560
350
95
195
498
241
188
451
160
419
343
232
235
21
1
527
139
32
221
174
499
89
541
430
58
404
499
306
210
257
411
38
506
178
507
430
496
573
492
563
200
234
347
208
285
127
137
566
234
406
351
519
515
116
306
169
334
216
159
331
397
58
202
461
438
350
574
406
357
282
374
568
41
104
147
287
13
282
91
102
334
90
161
90
92
491
41
147
404
358
329
150
564
302
333
562
92
572
37
314
26
253
563
457
353
191
276
522
169
242
77
308
389
230
216
357
147
239
160
181
188
554
51
170
506
252
252
355
135
56
266
329
270
538
482
175
454
72
171
506
161
343
170
465
411
413
61
287
556
339
34
531
328
281
117
406
498
240
453
568
276
312
103
493
507
436
253
225
438
480
500
559
274
159
563
387
337
270
13
539
117
549
79
547
171
166
485
302
71
465
279
243
11
233
170
380
19
358
226
568
187
233
16
427
318
547
143
376
278
535
406
442
246
19
370
559
316
40
411
112
1
240
259
362
572
229
464
421
510
351
277
53
337
387
55
179
383
256
482
448
117
555
70
38
159
129
421
315
299
493
502
329
6
360
562
88
263
202
87
223
214
458
271
143
198
26
151
256
318
302
475
454
561
270
389
97
210
396
298
68
239
63
94
509
238
404
443
536
187
480
317
166
550
543
452
472
80
80
179
528
13
317
375
506
242
236
522
450
29
512
503
90
185
521
142
394
440
106
361
16
350
175
217
309
55
360
378
122
449
117
86
150
559
232
507
38
320
51
467
121
142
234
568
61
300
547
219
454
452
408
4
498
459
77
495
252
574
490
438
2
5
380
365
456
28
485
484
15
510
527
228
352
84
395
550
290
418
174
450
438
287
95
294
439
519
215
485
513
123
94
7
203
341
194
513
228
49
521
400
43
27
257
376
449
45
365
358
236
236
561
30
510
108
192
200
88
419
132
325
293
455
174
246
138
415
407
51
66
251
124
559
384
38
492
32
444
495
106
531
34
396
430
211
361
9
523
343
285
531
451
471
203
216
110
347
266
202
62
452
92
538
318
450
392
392
472
350
270
194
564
539
270
329
278
554
193
214
246
490
475
424
8
139
482
11
93
419
73
367
279
543
271
144
232
325
34
19
214
123
297
301
370
96
115
474
128
243
247
476
204
428
244
244
297
269
493
279
207
222
55
513
514
414
144
23
569
194
266
455
533
98
48
230
127
348
337
41
228
300
251
506
397
162
564
450
100
363
35
316
48
325
7
523
436
313
65
237
307
20
494
440
541
110
29
131
474
533
143
355
22
202
34
569
398
459
302
390
121
231
130
503
534
116
300
558
15
40
98
251
246
251
545
319
319
29
35
389
491
94
371
202
519
431
181
306
51
436
160
234
517
541
251
35
520
29
169
304
156
265
41
422
456
295
418
219
45
507
211
257
22
515
275
300
212
325
201
315
288
219
263
297
183
501
241
13
424
288
217
205
77
149
0
309
411
203
53
550
18
282
22
305
452
306
10
325
62
428
90
422
431
129
366
280
408
343
476
374
43
476
302
13
170
317
54
491
100
381
25
484
331
566
556
474
366
231
501
282
333
100
14
70
55
20
248
10
385
58
532
116
102
530
315
37
515
84
574
154
154
213
355
515
141
280
90
77
232
555
211
371
47
45
301
201
575
84
248
265
41
73
380
252
17
411
448
568
348
106
515
407
180
70
517
235
471
568
132
435
33
63
348
269
407
70
186
57
259
242
347
302
173
472
411
42
100
369
10
420
143
269
36
413
422
232
422
473
399
276
573
235
424
131
240
523
417
264
573
164
503
434
534
136
12
211
290
175
313
561
370
542
27
113
75
305
100
114
121
539
16
27
4
466
248
242
33
553
118
258
352
461
292
169
478
130
513
258
249
4
433
361
230
298
26
298
491
571
281
265
11
176
170
120
61
249
4
67
402
10
252
240
426
382
92
92
508
115
461
558
268
53
206
565
236
169
230
286
392
575
574
327
240
316
83
388
245
418
542
180
435
67
343
399
217
169
473
423
246
448
404
533
574
517
92
311
107
356
529
278
390
100
524
91
443
457
402
8
126
259
460
122
181
417
469
22
83
170
276
56
21
45
180
76
294
353
202
315
462
567
450
265
466
262
337
413
14
193
283
54
295
395
138
109
471
250
512
452
468
256
298
355
519
140
305
53
331
508
45
439
430
435
363
115
122
391
494
64
459
331
456
123
452
178
61
100
322
396
464
301
514
154
470
528
345
564
179
573
26
375
91
155
147
119
180
21
232
334
429
444
411
391
566
318
331
406
54
252
553
218
168
500
92
375
112
568
96
287
99
215
315
301
324
230
554
140
412
366
202
236
553
401
103
435
485
1
142
8
255
314
461
54
41
23
313
386
27
59
67
337
239
63
559
110
401
230
310
107
254
226
545
560
300
366
326
177
398
25
230
78
32
377
296
368
448
28
339
249
429
533
194
269
518
484
393
262
475
458
37
16
451
310
196
563
54
134
130
2
93
258
366
230
25
335
48
166
280
5
96
196
535
2
12
182
501
5
101
104
214
166
257
43
503
308
487
64
342
168
221
441
245
215
528
118
210
175
458
78
475
218
353
523
271
475
450
469
56
321
302
103
563
560
45
368
358
545
138
428
420
273
129
166
229
112
319
410
438
72
23
107
428
72
380
19
59
274
328
64
348
348
65
47
410
492
186
184
98
351
532
563
307
546
26
556
239
145
296
127
137
486
33
377
277
278
32
121
271
507
75
371
381
512
494
392
105
173
452
81
412
403
568
423
542
313
433
51
382
212
112
353
559
354
298
108
320
139
186
38
403
541
282
15875
