204
45
97
112
45
215
30
203
0
222
14
8
186
204
31
243
50
85
168
174
99
152
67
149
195
0
201
225
193
63
245
253
153
238
135
109
27
168
46
76
66
74
20
4
80
176
80
222
38
188
250
253
250
180
132
225
92
240
82
77
246
160
83
221
0
192
30
82
222
137
22
121
110
41
170
146
140
113
66
6
17
249
108
27
255
159
131
187
48
44
120
87
111
85
48
111
30
159
232
238
138
214
206
30
103
243
126
153
238
233
44
103
27
141
44
202
240
100
5
135
142
80
57
158
3
204
105
166
222
120
103
110
10
153
140
193
249
145
243
161
68
195
119
135
15
74
136
128
2
236
118
135
25
246
179
118
236
80
232
43
153
235
138
130
5
255
29
180
70
135
79
69
100
25
255
215
242
226
121
64
7
37
222
56
159
114
55
102
79
199
216
217
80
105
0
110
212
145
194
225
222
114
191
186
171
43
146
122
218
12
102
149
157
60
55
162
181
241
161
53
141
39
149
108
133
22
255
220
131
104
241
190
95
230
222
110
142
158
2
1
124
25
230
209
77
159
124
69
128
102
146
76
243
128
193
186
175
221
230
216
171
196
25
230
56
59
158
148
46
42
215
131
76
226
230
158
56
108
140
80
183
183
113
207
109
195
113
51
35
32
186
201
163
145
39
173
1
252
185
133
253
81
1
163
208
219
238
120
241
115
219
239
195
241
227
104
137
190
178
30
65
196
123
112
79
219
51
130
61
30
208
104
232
218
185
60
216
39
233
31
145
240
123
198
70
152
164
70
20
203
42
124
79
34
4
189
211
11
8
30
54
56
24
106
9
147
230
67
7
168
80
209
142
14
77
224
106
14
91
250
130
227
198
124
252
91
87
43
8
65
227
122
6
77
56
161
44
171
219
234
189
75
28
255
146
103
189
8
140
65
51
198
203
183
130
56
65
247
188
24
219
16
71
157
255
155
51
58
0
132
113
41
126
36
67
49
138
49
58
201
160
222
209
138
75
252
29
14
95
171
43
251
26
121
62
217
58
64
1
113
3
62
91
184
245
177
177
169
49
58
85
245
193
243
163
172
101
176
77
77
107
33
224
40
212
131
33
139
179
186
30
249
224
83
2
59
86
107
106
250
22
77
187
51
217
224
176
161
205
91
215
49
124
142
115
91
158
146
169
51
229
3
94
200
173
175
126
46
57
224
175
11
201
146
164
156
208
69
170
57
151
187
122
225
12
202
205
151
52
175
129
134
40
63
57
187
94
53
9
151
195
91
35
170
249
203
231
74
64
38
36
86
127
48
181
112
98
181
88
125
229
133
171
173
224
237
150
70
62
17
137
78
77
136
202
126
229
136
85
91
26
165
137
203
95
124
203
176
5
7
68
243
170
83
92
243
158
198
174
25
146
10
60
36
59
57
187
161
148
46
4
153
10
161
59
165
98
181
48
219
86
42
233
124
224
36
34
225
11
175
136
126
235
251
228
130
236
52
163
95
186
185
11
212
177
70
209
198
91
160
94
190
139
19
25
21
83
63
206
82
156
31
150
102
80
93
134
173
158
203
90
48
54
53
123
212
152
71
103
89
235
170
222
140
94
77
48
70
253
4
126
103
251
173
236
80
40
40
0
142
158
46
39
53
149
77
16
143
210
43
138
33
116
190
126
98
97
186
132
20
31
46
6
248
164
114
162
39
98
183
4
123
73
87
151
202
46
44
134
162
222
214
203
176
8
179
99
249
219
182
143
254
47
71
250
222
166
250
123
34
171
27
158
66
49
176
12
71
39
186
178
178
182
35
237
1
209
130
192
202
83
40
209
57
4
226
28
227
149
55
120
26
33
28
243
103
78
165
236
160
136
180
109
202
124
253
69
195
239
235
110
238
123
51
156
56
68
149
143
245
5
190
99
168
66
54
243
193
184
52
132
158
178
97
254
56
99
123
134
63
130
228
3
136
114
156
65
153
35
22
141
42
102
39
171
42
165
155
113
1
255
57
24
172
226
153
243
201
59
74
34
204
213
130
108
181
124
201
73
21
2
20
193
66
239
132
130
234
174
3
10
55
134
181
34
18
118
39
204
180
223
254
233
237
239
231
41
88
155
234
1
182
3
106
38
228
247
180
29
131
183
66
222
59
239
105
34
93
229
219
251
86
134
174
164
190
229
65
105
30
51
65
166
189
165
55
29
64
134
168
168
20
1
238
18
132
202
31
142
202
213
206
144
71
132
213
186
64
96
65
25
115
39
219
253
2
167
113
97
214
183
206
94
35
206
70
6
20
165
69
90
97
114
255
65
105
66
76
200
204
74
169
165
224
162
203
224
216
77
53
43
66
250
158
205
50
9
67
1
224
160
49
245
229
211
135
232
244
16
15
165
155
6
19
148
79
161
219
235
59
58
10
166
90
19
79
246
3
155
146
22
207
144
124
252
6
243
211
208
65
145
134
164
31
23
189
7
5
29
140
76
121
100
25
145
146
98
127
167
7
189
82
125
27
166
47
156
94
49
211
26
216
145
171
161
100
58
104
132
136
24
220
183
141
135
20
245
12
103
249
54
68
219
161
70
121
233
248
39
168
77
233
220
214
56
129
1
118
165
207
90
148
46
128
103
117
98
39
51
24
23
82
152
223
184
75
70
156
99
149
223
115
122
118
96
209
208
186
157
141
226
21
154
194
31
194
243
18
30
9
67
6
157
66
246
228
116
245
195
91
227
2
97
13
72
234
15
138
13
204
94
136
222
10
139
177
170
88
32
53
102
99
254
19
110
14
163
59
19
121
103
154
89
166
17
17
36
48
43
219
13
19
110
49
246
19
234
177
63
196
123
123
182
172
107
143
195
105
111
56
172
234
228
236
111
246
244
189
219
135
215
51
67
60
89
255
244
253
203
105
185
74
236
199
33
45
86
40
112
62
62
19
48
158
24
199
128
240
94
252
4
81
107
74
17
203
43
61
158
64
25
160
188
163
53
21
44
251
51
172
85
139
17
197
209
240
231
165
80
61
145
163
94
25
91
46
248
38
94
243
234
182
190
80
185
241
248
142
124
136
190
107
8
74
166
56
97
207
34
129
91
9
3
248
119
173
204
31
27
82
10
83
12
255
73
201
242
29
85
168
169
164
155
134
2
173
249
62
134
60
232
120
2
136
11
201
134
246
249
230
27
4
195
30
60
115
135
241
79
201
58
45
215
41
106
62
54
214
38
159
42
155
249
232
113
26
121
247
198
163
54
218
238
36
179
13
238
131
96
4
14
7
164
46
131
5
224
234
172
155
162
148
120
136
82
117
50
187
62
82
106
93
1
38
211
172
62
245
128
207
28
63
58
91
213
71
45
17
179
152
149
131
158
19
1
245
50
154
165
129
90
14
17
179
99
157
147
80
118
104
182
166
36
179
235
132
221
119
31
36
130
118
115
192
127
147
128
158
198
33
151
220
91
126
70
93
168
108
43
3
213
60
170
138
45
184
250
58
199
43
62
70
202
21
17
46
43
120
24
143
166
157
108
8
170
179
108
3
128
103
125
16
191
113
175
144
41
4
35
106
90
52
226
242
9
166
160
125
128
213
11
23
184
173
109
100
31
251
207
36
141
164
208
185
1
90
117
172
229
170
163
16
109
155
121
64
24
241
83
165
69
157
80
137
8
121
157
190
207
246
223
85
244
3
121
30
93
244
162
190
113
80
198
187
183
228
14
232
8
71
101
62
174
93
97
177
198
193
79
112
148
58
77
114
79
106
48
156
84
47
182
6
12
221
192
120
12
140
121
1
103
222
63
103
111
155
187
172
190
101
129
72
64
142
99
3
52
182
209
182
253
140
73
51
79
176
72
199
101
11
232
111
87
192
157
132
63
132
253
60
59
166
18
213
210
78
163
10
92
80
181
213
39
216
60
67
223
101
102
157
96
150
177
1
128
51
75
5
172
30
80
3
166
55
221
221
95
15
188
182
142
82
194
189
215
138
187
20
12
159
189
142
176
33
215
25
188
57
140
13
206
102
182
187
92
9
219
173
106
30
250
112
206
122
111
177
88
156
62
2
40
28
39
128
75
47
4
30
194
34
56
227
184
159
124
135
115
195
193
14
222
33
195
11
74
184
214
83
148
184
224
59
214
116
184
6
62
20
61
77
130
227
112
82
193
222
188
116
44
28
218
75
227
39
31
13
147
163
4
165
7
184
107
125
234
107
193
8
140
245
69
160
220
179
35
20
130
57
128
136
1
69
150
238
13
195
232
165
47
131
69
67
147
9
132
148
131
106
152
138
207
150
39
4
27
211
199
229
14
37
42
228
90
238
53
234
248
235
212
122
4
139
16
158
73
234
187
254
189
155
116
112
82
132
109
125
211
148
109
90
122
119
183
115
160
179
136
250
185
158
225
39
230
171
85
66
106
193
84
82
156
124
20
253
124
33
244
4
177
148
253
135
0
208
208
2
35
158
46
89
177
59
168
217
60
108
189
235
34
0
70
210
146
224
42
19
48
48
196
202
42
50
216
191
123
141
66
196
232
152
72
5
246
132
39
181
9
177
126
215
219
159
227
46
113
9
48
15
158
55
201
118
15
2
9
12
124
214
137
6
82
31
255
59
45
132
255
155
239
219
153
245
90
239
218
247
57
48
237
55
125
211
249
109
251
87
181
72
39
252
36
225
234
223
232
30
251
50
82
8
93
75
196
250
144
86
19
219
145
26
198
225
52
132
253
226
171
149
30
17
62
251
229
82
113
245
149
8
197
221
56
196
220
81
253
56
70
199
184
117
245
27
190
11
84
253
156
103
125
75
108
132
160
174
186
169
136
251
222
150
58
87
174
171
140
149
118
11
82
1
31
216
92
87
101
59
140
12
171
220
193
186
138
207
5
60
151
54
178
102
188
1
213
98
57
162
84
252
235
85
134
207
166
57
134
145
180
144
225
111
109
90
93
170
35
102
201
109
193
78
148
64
107
65
120
236
248
200
172
43
102
67
59
85
253
118
142
64
109
20
150
93
44
60
200
167
219
142
150
16
24
170
176
111
112
142
161
11
161
219
244
244
78
145
142
150
148
226
14
70
221
20
37
193
43
254
132
185
87
138
254
35
220
55
94
172
210
174
20
233
220
87
48
67
132
116
62
195
8
187
44
189
66
91
107
151
232
202
83
234
34
143
24
23
241
15
20
242
197
23
204
139
143
135
32
56
198
124
26
110
149
158
39
244
251
86
188
146
244
241
220
95
26
213
91
41
226
200
48
108
112
203
23
220
16
194
1
56
162
23
182
137
194
112
25
203
209
49
92
30
52
152
108
181
209
78
14
113
67
23
232
125
64
108
125
38
195
218
25
63
28
161
115
137
179
151
117
9
45
50
188
25
195
8
180
66
252
67
234
45
252
200
175
107
229
169
171
252
219
182
151
132
118
203
61
183
30
171
9
16
34
132
213
152
55
93
186
209
255
63
133
20
166
208
149
161
181
161
32
80
129
95
48
147
133
117
162
129
31
190
208
87
119
171
166
166
175
137
152
238
43
246
52
131
73
164
146
114
51
90
202
103
169
38
174
71
96
173
38
202
33
51
83
220
180
54
173
154
11
11
203
190
170
194
185
3
3
136
62
96
136
80
235
241
253
1
162
194
162
217
4
203
75
220
129
130
83
205
216
159
241
164
172
229
130
122
144
144
215
131
223
117
101
72
56
99
218
86
43
145
14
67
114
135
238
212
110
51
184
79
180
22
172
2
16
151
187
81
133
84
175
23
228
228
140
97
194
99
27
0
39
107
37
83
162
175
0
148
131
215
207
159
205
238
83
60
192
228
161
233
238
50
232
22
140
62
122
165
2
57
180
146
89
24
240
124
163
186
72
240
93
62
14
86
78
233
33
31
81
189
56
135
125
125
45
214
243
104
103
18
3
248
41
45
245
81
87
121
24
177
73
53
110
254
72
188
135
113
246
202
251
34
178
58
152
118
236
214
37
211
81
140
144
84
131
42
157
238
185
181
77
86
234
178
152
63
95
86
226
166
229
37
37
187
149
104
150
236
186
139
12
55
44
145
5
38
3
137
110
212
49
80
10
239
100
63
63
91
198
142
121
187
107
24
202
16
73
17
159
55
112
183
254
236
142
217
119
23
1
164
27
131
225
164
37
14
20
164
84
129
75
233
10
40
187
187
37
121
83
51
23
49
189
94
191
39
187
151
246
4
197
208
239
171
196
10
3
177
220
226
125
140
237
49
40
61
98
110
27
236
18
108
246
213
129
146
154
151
187
143
223
65
208
98
59
144
115
161
181
144
15
159
136
177
201
172
6
135
168
230
204
79
122
252
166
42
191
63
13
213
191
244
45
15
211
84
32
246
173
200
248
154
16
216
236
87
35
19
49
20
80
58
210
25
131
109
97
47
168
241
82
222
10
198
185
109
64
227
94
185
234
219
20
173
210
93
45
241
213
223
46
210
161
109
75
95
159
3
74
70
46
24
130
35
43
217
12
66
89
84
120
48
242
249
46
45
183
23
68
115
98
88
87
254
39
238
55
12
218
159
150
161
138
193
82
134
220
102
154
174
139
183
61
38
53
21
40
47
174
183
154
236
102
54
241
162
13
194
88
170
17
204
236
58
193
28
99
50
158
172
45
169
52
133
198
254
102
155
54
230
74
50
139
205
163
145
119
32
116
225
48
137
3
135
101
214
171
174
191
104
110
141
242
225
189
31
180
201
152
145
191
37
187
210
26
41
67
75
82
31
44
191
240
75
191
145
185
161
169
243
139
2
44
11
84
135
38
112
222
189
125
149
142
172
229
11
16
93
201
160
89
228
70
234
254
234
170
214
142
185
12
51
230
37
243
145
46
81
156
67
182
61
96
66
4
116
166
19
212
11
135
50
197
172
140
81
3
194
74
68
35
31
24
145
197
235
66
120
182
243
97
119
43
114
1
233
176
82
82
84
197
97
138
6
121
236
188
103
164
251
33
91
67
39
121
76
115
41
14
164
52
219
192
179
223
46
41
43
254
130
237
46
29
152
114
195
213
186
117
83
177
139
184
218
188
38
129
196
5
64
156
106
188
190
186
212
14
241
36
182
135
40
35
52
54
105
138
187
1
15
14
57
49
248
55
27
144
29
203
83
104
108
50
185
144
166
75
138
138
239
182
19
101
180
94
251
214
177
81
238
196
229
124
150
182
196
75
223
224
180
100
199
83
92
185
128
209
98
166
152
73
109
241
236
107
48
241
10
144
76
143
212
231
105
146
99
129
224
2
132
79
125
34
172
14
239
182
235
73
88
137
167
124
136
231
61
229
136
206
215
225
46
215
27
69
94
239
46
175
100
104
42
151
169
155
141
255
74
233
224
218
14
141
46
24
64
3
123
138
189
215
188
7
38
166
135
7
186
181
215
215
79
180
226
94
134
147
191
21
248
76
66
183
134
94
184
17
233
215
44
233
12
74
74
46
137
187
144
109
158
137
171
48
87
212
141
118
12
127
214
21
158
186
40
104
193
93
240
51
127
178
233
36
182
54
61
24
71
144
23
16
215
1
231
111
140
189
11
59
79
198
58
77
155
153
30
34
143
29
226
182
14
76
234
58
41
130
111
11
240
53
117
224
22
59
159
132
232
103
12
210
191
20
206
78
49
92
31
62
99
225
189
88
130
104
100
128
215
146
150
171
111
178
188
189
111
6
145
222
121
88
171
100
62
81
162
212
62
37
244
16
126
188
46
59
198
182
75
167
51
234
146
53
109
177
107
16
196
17
39
217
143
97
95
168
186
29
188
100
41
81
202
176
100
154
124
121
52
143
120
12
240
124
36
148
130
136
117
157
136
12
38
22
17
53
141
8
147
137
100
50
55
108
250
54
154
7
12
222
133
16
58
183
127
36
107
89
232
58
88
225
27
59
12
141
209
44
123
25
176
162
73
57
112
113
204
187
176
136
75
31
203
120
70
210
172
133
20
106
64
40
22
20
159
211
153
146
30
199
120
232
29
25
33
140
211
130
128
47
104
145
109
235
174
145
225
187
34
250
15
238
121
81
159
163
145
44
212
25
145
201
161
170
52
43
239
145
6
145
245
154
245
246
64
38
229
237
227
29
176
237
199
247
73
166
252
38
238
142
91
189
194
174
54
50
163
198
128
199
121
137
135
11
236
74
110
97
124
112
247
124
6
244
159
93
37
44
91
124
54
238
186
32
7
37
60
21
152
102
111
113
204
91
49
74
185
152
216
18
126
177
45
4
118
1
122
200
70
141
149
114
172
85
112
247
215
125
190
200
185
241
122
0
4
47
214
88
44
15
161
149
150
97
184
135
170
216
186
92
25
70
41
31
113
16
21
145
78
183
39
207
168
242
239
115
66
78
133
184
164
112
166
186
250
4
217
75
239
65
74
142
19
153
185
213
88
167
135
2
216
150
171
184
121
235
43
250
64
235
42
167
10
197
2
242
17
65
42
25
95
84
144
168
188
39
125
141
82
183
254
167
212
64
232
68
68
13
198
232
121
194
147
117
134
0
61
115
140
179
255
46
27
98
149
141
122
200
251
28
122
174
228
93
202
161
9
195
115
178
163
60
43
172
108
48
242
97
27
31
202
211
26
120
118
95
75
213
227
9
86
39
42
22
229
236
221
162
90
123
202
183
32
139
116
93
83
236
121
83
202
43
151
72
208
75
21
85
137
74
106
193
151
249
238
54
54
163
10
203
233
65
17
143
246
87
156
54
95
218
59
160
187
233
6
130
39
207
170
119
227
69
15
246
17
173
179
0
119
216
194
170
208
137
1
79
227
3
52
28
128
69
215
13
166
176
60
69
235
99
53
98
8
219
249
213
149
49
28
169
183
225
246
157
27
0
47
130
201
153
169
200
65
111
118
161
105
12
214
183
116
13
19
149
111
198
33
65
33
36
235
50
184
124
196
201
211
71
6
206
178
219
18
200
235
254
176
46
85
186
138
124
18
6
71
44
75
76
206
178
16
90
36
191
75
14
44
242
151
66
2
230
120
145
214
91
191
83
56
85
30
154
61
50
201
209
150
98
113
135
213
161
113
27
165
250
216
151
29
61
59
168
45
135
250
50
229
162
98
40
215
30
122
199
232
63
83
85
120
39
66
54
130
205
215
62
191
85
196
228
246
124
62
85
187
203
113
143
29
187
107
3
200
75
43
238
186
31
137
152
43
43
85
230
186
169
10
100
229
203
196
91
13
16
137
207
13
172
247
51
86
32
74
188
88
137
29
61
191
70
86
176
250
156
58
152
35
129
251
69
97
188
51
49
235
250
150
222
145
52
4
158
225
150
47
216
130
39
216
70
48
230
171
93
197
248
234
229
76
183
251
50
130
203
240
181
91
221
162
171
147
91
250
111
198
148
162
134
204
243
146
129
191
196
132
55
131
133
98
25
117
19
18
163
254
29
23
254
95
146
8
18
228
90
8
30
11
39
61
253
59
192
4
154
162
213
252
6
102
55
243
208
91
11
8
162
48
242
216
41
3
229
205
200
22
216
243
217
18
30
37
255
40
55
255
185
240
208
142
246
20
177
214
158
171
217
230
93
139
6
58
197
188
35
128
39
55
237
175
3
34
135
190
64
76
27
136
171
201
118
77
142
65
161
37
216
237
98
244
255
227
179
167
180
198
176
239
245
180
240
30
153
210
185
161
112
14
68
168
117
150
31
159
8
194
152
194
169
24
107
22
82
18
173
228
85
7
32
254
169
163
106
65
78
195
77
194
17
59
152
8
42
237
66
150
225
168
226
31
179
117
90
97
139
237
93
2
233
94
116
1
132
17
88
20
120
242
95
137
67
78
182
128
40
209
113
201
217
198
93
112
168
231
4
66
131
248
248
182
228
4
141
229
111
198
136
20
77
142
118
83
228
103
29
8
146
86
123
157
153
214
32
77
85
133
30
136
32
139
79
140
161
161
254
103
63
88
32
240
208
177
247
242
28
176
131
222
18
117
88
137
49
8
140
147
0
145
223
97
221
49
185
59
90
231
223
210
171
49
40
47
254
98
130
128
216
25
66
235
183
254
165
123
171
254
228
137
51
29
111
140
109
21
181
10
149
237
167
61
162
133
66
9
239
61
187
25
125
187
201
235
118
234
220
194
154
182
74
134
188
141
162
158
31
110
161
46
4
125
192
190
120
12
171
233
154
15
161
112
119
155
176
40
56
43
144
187
254
182
215
242
214
248
243
146
232
152
216
11
153
162
117
121
74
132
61
219
222
176
142
99
148
163
103
206
44
16
23
59
52
209
232
207
237
219
141
213
8
204
97
24
221
18
156
15
163
243
244
73
98
29
251
97
208
218
21
215
126
246
143
145
119
191
111
105
57
84
133
227
16
26
16
234
210
79
187
78
103
139
112
100
84
139
219
150
9
241
157
54
59
126
17
190
57
140
49
179
67
175
66
224
8
52
201
3
235
0
64
144
219
116
42
36
48
162
151
54
88
162
161
157
83
129
220
90
84
59
17
127
255
169
179
89
184
2
81
183
58
248
3
200
53
81
237
81
54
2
198
196
171
105
210
155
211
195
19
155
28
3
6
179
56
213
62
110
83
143
240
79
190
90
83
10
48
229
249
197
1
155
136
79
166
6
224
84
51
158
35
153
38
27
40
214
62
160
1
30
235
82
185
31
40
10
25
64
244
96
248
228
190
56
160
49
16
188
174
189
114
93
42
138
9
88
72
144
208
69
30
248
102
189
63
68
166
182
219
156
34
220
159
23
69
60
159
197
111
56
114
24
88
66
193
212
114
94
73
181
227
47
205
101
27
106
79
215
187
88
47
77
51
193
22
122
6
20
112
99
219
38
3
214
140
170
200
55
86
4
151
87
248
125
80
95
104
158
96
186
106
78
53
194
125
204
245
170
138
7
117
67
67
83
37
86
167
3
123
135
118
9
154
123
237
102
238
41
48
34
189
238
251
67
204
137
220
212
57
191
142
134
185
254
201
41
188
194
213
67
252
131
243
174
112
212
203
109
112
162
80
174
252
93
46
64
199
211
174
187
148
174
159
53
104
50
170
205
223
255
220
52
152
233
86
67
123
139
241
29
12
155
99
55
80
229
128
147
158
119
159
63
155
133
112
72
109
45
243
162
161
114
57
213
29
157
100
243
98
17
218
104
16
63
107
191
146
52
92
216
179
40
3
0
91
236
39
30
124
55
159
227
207
83
42
80
55
180
150
16
130
111
139
146
103
181
150
93
79
152
90
48
80
26
161
167
93
42
30
125
241
126
110
63
110
116
199
213
1
146
104
45
255
78
192
5
62
146
46
178
97
140
186
146
48
186
99
182
192
151
78
143
113
182
134
227
254
3
235
76
120
56
234
106
169
175
13
142
175
236
212
211
13
119
233
255
248
137
56
104
49
250
49
184
106
232
83
248
217
179
147
108
117
99
51
146
203
167
188
137
241
183
84
14
220
203
6
242
17
123
195
223
101
1
86
32
217
204
241
15
14
218
212
106
184
236
21
32
130
251
192
123
208
205
232
145
117
214
145
86
127
202
81
93
246
33
112
95
120
61
192
1
151
64
217
24
182
29
229
46
183
49
101
38
169
139
139
64
171
237
66
171
132
101
3
49
100
208
6
130
172
76
13
243
227
28
77
217
179
143
20
249
159
175
179
227
96
221
159
61
209
33
170
77
136
170
228
88
251
159
250
238
0
112
223
29
172
68
238
206
22
218
73
158
241
221
207
50
20
131
30
164
71
154
136
33
228
154
94
124
76
26
92
229
157
68
150
227
137
130
134
44
170
226
40
72
39
19
78
219
42
20
215
195
251
160
111
195
81
234
227
222
171
195
235
214
221
36
41
206
96
152
214
120
248
167
188
77
120
226
105
188
167
163
45
253
170
236
212
233
232
93
33
11
146
226
253
187
95
215
62
29
214
24
133
19
80
200
29
80
174
50
205
5
142
185
135
197
169
255
31
185
170
139
183
142
91
96
212
153
193
125
71
37
0
116
36
249
253
107
76
166
179
240
108
145
108
215
68
68
211
22
137
68
252
30
45
135
178
182
184
45
231
15
112
80
134
33
197
126
227
35
180
59
241
192
89
213
254
22
241
88
162
231
156
166
241
23
253
203
73
147
233
223
16
11
192
237
177
43
203
126
99
237
215
56
211
78
84
79
144
100
208
26
166
182
220
76
194
153
229
61
30
6
220
178
222
114
255
78
170
180
255
33
229
29
21
96
241
95
88
120
23
12
40
149
5
183
210
251
41
132
8
233
202
233
240
37
178
69
222
254
84
232
13
96
10
69
81
222
174
159
93
58
178
95
176
206
141
140
134
25
222
155
244
76
38
198
30
46
153
34
215
202
27
82
81
101
250
46
200
206
96
201
106
95
201
176
84
97
79
233
245
225
42
117
97
200
233
11
82
235
184
133
147
128
20
96
228
156
96
6
179
45
182
19
45
212
204
248
115
182
11
101
175
231
216
172
196
219
196
80
57
215
17
24
191
240
86
196
43
34
136
102
94
128
105
182
147
217
51
43
193
178
140
11
199
202
74
68
12
87
109
71
138
39
146
46
61
201
220
114
16
66
37
60
40
39
26
103
55
200
86
113
164
208
134
57
134
84
250
24
249
196
95
241
140
250
38
189
237
55
37
43
120
116
60
208
152
182
171
70
44
85
240
69
85
212
127
147
48
38
118
187
96
19
156
222
226
13
195
144
87
182
116
158
214
164
218
52
115
218
169
185
0
162
48
85
81
64
123
142
189
239
12
42
224
200
101
112
248
112
41
194
185
33
68
216
134
235
69
24
48
20
23
139
137
33
189
114
134
124
164
69
225
178
63
21
255
13
193
144
68
242
33
100
175
189
75
61
132
68
160
146
192
132
187
18
3
11
156
91
182
42
134
223
7
140
210
249
148
131
101
185
185
187
3
91
47
52
252
88
45
254
50
185
7
145
70
150
164
211
47
134
104
218
67
52
134
145
71
174
71
75
136
165
172
93
91
11
213
182
167
210
64
21
216
90
223
134
50
48
79
163
136
142
48
172
30
188
70
241
58
211
81
71
163
234
165
139
131
131
205
150
75
66
23
73
22
52
38
104
181
52
205
84
90
62
185
49
75
131
231
34
218
132
157
48
3
136
31
96
226
146
102
242
241
154
10
244
0
172
146
254
235
96
4
230
141
225
27
104
90
194
15
37
38
81
232
216
162
111
106
208
46
144
149
69
8
57
143
157
183
149
62
42
3
180
225
200
190
132
104
125
255
197
233
221
105
230
101
247
247
183
195
7
170
74
120
221
160
243
106
191
57
68
193
48
166
253
148
164
85
187
80
13
84
203
176
4
224
172
235
168
243
4
216
44
72
252
178
167
168
47
4
124
144
144
182
55
178
253
8
157
0
68
30
16
15
38
96
178
28
144
3
30
2
218
109
28
12
157
127
157
4
225
214
51
136
64
136
170
225
190
57
131
187
85
236
134
139
216
187
49
14
210
99
60
125
5
131
163
157
24
116
122
150
10
62
157
182
120
12
228
252
19
190
17
85
15
186
173
147
28
83
160
173
136
236
188
38
10
83
172
67
160
14
147
225
81
182
223
50
185
251
157
145
32
77
126
130
210
170
20
250
17
103
180
44
106
250
97
5
118
241
209
153
223
53
202
175
17
48
223
84
223
239
196
21
234
29
174
172
231
47
106
11
5
209
138
124
165
95
195
14
84
187
124
161
168
250
66
153
41
88
138
197
26
23
98
217
223
97
174
108
87
91
78
188
198
21
234
49
233
155
192
254
241
104
165
233
209
68
89
243
20
13
10
103
104
164
235
105
87
20
101
90
23
76
253
15
239
136
67
155
67
188
61
124
34
184
159
32
27
56
223
50
90
184
185
217
70
7
21
195
52
14
58
205
34
151
28
139
124
233
250
223
150
52
187
37
94
138
11
79
140
211
21
73
207
48
121
155
75
217
152
91
188
27
44
163
117
201
6
138
176
71
37
79
220
65
92
121
122
161
54
232
220
170
16
242
140
132
107
13
65
71
218
34
11
170
87
186
252
1
152
89
132
24
9
186
107
52
101
49
218
229
255
62
181
54
107
225
29
95
193
215
126
49
128
252
105
8
97
178
79
254
142
68
153
68
56
145
96
210
66
104
254
153
111
228
32
201
235
35
67
16
68
132
22
228
195
135
148
205
74
76
84
51
166
247
178
229
136
195
18
221
177
94
175
213
138
36
12
65
8
203
81
83
144
22
33
143
47
47
36
255
213
25
225
106
144
251
190
192
3
179
130
13
60
84
130
197
25
130
211
79
82
110
249
52
36
213
199
164
140
166
210
216
51
230
192
13
73
113
70
183
54
177
119
73
144
45
87
213
17
216
60
61
206
3
167
32
184
24
167
215
204
92
139
174
8
178
61
30
104
215
57
174
38
235
239
136
28
254
39
136
190
104
25
235
96
206
60
104
28
162
222
184
20
235
195
102
173
40
253
29
102
181
80
218
230
11
112
254
1
99
221
95
12
11
195
121
26
244
33
157
5
234
109
54
3
7
229
212
88
229
44
59
219
44
148
152
33
17
230
38
143
195
95
184
232
181
165
167
106
137
104
255
28
194
106
234
118
196
160
214
112
124
212
65
52
21
118
120
177
214
71
224
93
210
78
233
166
248
237
166
157
95
137
94
7
104
105
218
121
64
237
105
255
232
132
125
93
23
170
66
62
143
125
1
110
193
73
1
187
135
218
129
52
199
38
23
209
227
126
147
233
129
60
73
158
24
203
84
79
233
134
54
133
109
227
41
123
196
56
99
123
51
235
169
243
58
96
48
221
81
181
239
162
122
52
248
15
11
147
78
38
203
249
113
198
65
193
21
217
25
218
198
96
147
50
60
149
124
192
181
62
235
59
41
204
38
176
44
113
53
107
57
121
144
252
203
182
104
130
41
63
73
206
212
92
82
12
118
192
172
2
216
62
39
82
219
59
100
122
218
26
196
103
74
238
97
203
81
2
174
186
108
97
200
74
248
28
30
222
136
62
238
58
249
170
142
7
222
211
166
19
60
23
75
208
91
109
21
166
162
186
64
221
163
64
139
12
52
50
118
253
225
216
137
169
139
216
218
204
65
205
62
207
162
27
132
175
189
19
145
220
120
9
232
116
89
249
62
25
144
48
124
218
149
75
63
254
176
240
243
255
50
12
207
57
162
217
255
79
40
217
48
129
15
143
54
76
162
25
143
19
38
190
44
156
216
20
199
225
222
219
146
134
20
195
61
109
10
235
130
80
64
219
40
214
24
182
233
60
228
144
71
137
144
115
114
82
202
238
72
13
54
178
201
148
219
31
89
249
18
6
12
173
21
82
26
171
32
245
40
15
232
41
165
20
143
53
211
164
255
141
108
196
15
108
54
101
157
128
113
25
200
240
219
42
22
199
240
96
180
73
216
63
137
213
139
74
4
155
144
32
42
123
172
224
129
86
14
44
137
253
32
159
86
107
50
43
210
196
100
148
158
175
81
50
198
38
85
224
197
43
38
214
69
8
157
15
80
235
188
61
25
116
201
24
79
154
124
72
150
203
64
179
99
230
225
68
22
121
182
45
55
58
144
235
200
237
2
121
213
189
222
224
198
129
123
16
186
254
237
11
118
180
100
150
36
200
118
140
218
175
108
75
2
162
8
210
22
225
137
163
80
230
8
174
139
230
121
245
18
248
63
132
128
55
0
58
73
172
219
121
93
132
216
235
31
172
180
98
209
97
229
149
20
180
74
50
96
200
124
149
230
150
133
68
13
18
138
196
52
1
81
129
96
30
15
170
180
182
55
92
106
154
81
3
204
246
101
213
83
138
79
227
135
69
157
3
80
6
185
135
133
205
170
114
79
186
213
66
68
173
233
33
214
238
208
61
46
150
255
157
48
30
95
192
175
249
36
73
165
233
52
41
229
220
249
23
34
165
212
9
105
207
24
175
76
255
12
176
31
129
205
227
56
2
11
151
115
227
52
202
72
4
42
34
117
184
179
197
161
149
95
152
115
197
154
89
251
246
62
58
183
252
96
193
85
117
247
0
9
41
192
14
55
152
197
108
170
181
148
177
207
96
166
229
172
98
255
83
69
211
75
95
109
54
235
162
203
3
176
9
202
202
246
135
206
117
64
223
105
69
124
105
97
193
96
203
128
251
159
147
146
15
93
16
252
79
18
8
172
253
93
172
91
199
8
205
166
211
114
19
22
235
164
109
238
209
191
98
163
200
152
208
239
175
182
199
167
208
178
238
171
13
90
200
99
187
132
87
200
117
196
116
62
253
214
200
115
102
183
90
211
42
136
94
173
149
159
137
240
175
171
13
117
158
211
199
217
91
72
93
119
166
193
41
114
16
7
250
73
210
28
173
231
87
37
53
7
143
159
6
108
65
154
217
62
77
235
24
212
144
173
78
63
66
77
38
26
9
153
222
230
3
145
121
170
92
189
93
230
92
42
183
95
203
71
73
208
226
228
233
211
76
153
119
79
162
32
201
174
179
73
132
252
9
252
78
67
139
108
107
40
151
198
47
68
142
133
65
79
10
135
234
23
118
56
153
148
185
180
36
119
65
225
199
133
57
233
61
200
158
237
145
163
239
159
130
220
94
123
221
219
6
40
207
33
168
54
111
2
205
136
23
103
114
37
253
185
178
59
53
54
26
163
80
227
75
204
112
85
37
65
115
60
40
219
103
37
163
64
241
88
109
135
62
106
205
29
109
64
111
152
35
18
196
182
234
98
223
200
158
112
114
111
21
21
170
58
153
144
193
215
80
56
58
130
77
211
218
97
10
62
39
170
170
132
8
206
255
81
252
112
118
93
88
75
247
197
177
243
106
210
20
35
166
93
252
229
62
238
37
170
94
218
10
77
157
91
20
135
80
80
247
238
2
144
62
167
113
195
222
41
229
210
150
51
123
121
8
185
57
15
50
249
157
250
197
197
193
210
65
148
242
164
228
150
207
178
61
122
160
147
203
166
190
47
129
249
227
47
48
9
200
113
21
122
49
217
149
65
94
132
107
134
158
231
249
141
46
170
4
43
39
58
91
43
183
35
236
169
236
252
22
164
115
13
104
94
93
161
133
91
249
113
114
19
118
24
28
117
38
43
36
28
175
89
203
116
200
38
218
203
231
88
134
106
241
171
56
178
239
43
131
187
151
139
56
132
213
2
216
139
129
15
195
102
27
201
0
110
134
121
3
102
164
172
46
72
190
3
179
147
21
218
28
123
25
30
40
131
116
50
133
133
168
11
245
100
208
28
179
139
253
5
46
209
148
44
206
58
204
103
58
127
170
233
27
141
170
9
101
189
141
19
0
102
233
162
75
44
90
176
141
183
211
210
172
160
187
46
209
147
35
112
76
107
103
44
29
214
109
17
22
25
233
244
215
45
94
0
20
38
29
116
214
49
88
247
130
187
10
232
74
239
30
104
135
210
12
20
77
37
122
185
174
211
161
79
234
22
92
217
30
252
167
222
143
124
246
119
127
187
222
193
95
94
176
92
201
178
92
40
49
88
94
64
83
95
72
246
132
232
131
9
111
144
88
234
103
75
99
96
240
153
55
232
150
204
198
121
173
173
137
141
175
51
12
31
223
153
14
154
73
165
37
240
223
159
48
68
90
165
53
220
205
91
65
237
96
51
246
85
245
194
249
135
59
142
22
190
206
53
233
218
130
197
167
14
50
139
188
197
255
108
138
238
17
254
97
34
111
17
117
233
78
212
103
143
63
246
60
68
209
134
104
187
92
154
165
164
222
240
101
117
60
149
182
90
240
184
228
77
42
212
39
95
211
5
50
145
205
58
42
6
195
14
176
104
31
211
11
150
75
203
248
86
78
245
138
124
45
148
223
147
84
39
240
249
53
168
164
22
39
166
67
212
9
141
248
14
22
96
125
172
72
33
177
204
121
203
121
50
9
128
126
69
31
174
31
140
243
246
193
72
221
171
117
192
144
85
156
77
2
195
154
46
226
50
70
161
131
1
201
194
190
70
214
9
232
191
46
192
249
87
87
174
14
101
115
64
181
75
67
53
50
1
120
24
160
174
52
150
77
192
125
20
247
1
180
199
132
189
111
217
191
209
212
3
36
188
78
78
6
235
9
246
90
75
170
27
193
119
86
143
168
13
177
174
216
137
139
236
141
37
85
150
240
5
127
177
169
144
208
146
55
19
72
227
31
233
30
222
200
86
141
30
85
107
133
160
117
138
7
54
33
145
154
94
4
135
166
24
5
169
247
86
51
167
228
102
213
180
21
10
110
108
110
165
150
1
138
253
176
124
154
46
195
207
231
23
1
5
153
13
65
30
26
139
150
232
206
237
118
33
15
130
229
118
21
130
3
23
75
122
196
205
3
140
136
1
205
19
151
109
246
184
9
103
53
247
199
66
46
28
210
61
235
2
29
109
191
1
66
197
194
230
190
208
62
90
228
222
254
230
222
192
205
14
143
169
200
163
173
137
65
212
8
157
11
53
212
173
2
7
185
174
152
174
209
112
219
255
201
111
62
211
170
126
255
10
132
35
90
232
27
133
41
117
142
96
54
203
14
147
31
254
188
230
166
187
172
210
180
221
226
21
178
221
94
235
91
46
188
98
58
72
178
139
37
80
21
27
157
179
143
35
142
67
67
159
47
232
232
58
180
35
141
232
151
163
185
167
195
74
246
52
48
1
163
1
229
89
50
173
94
236
98
80
205
48
4
18
246
244
58
8
20
170
159
134
82
231
155
87
20
174
127
41
125
72
231
164
157
198
210
238
113
206
58
141
207
20
56
231
117
103
61
244
182
194
255
119
59
112
193
38
76
133
183
108
186
230
100
41
69
52
33
194
111
68
148
37
110
252
92
234
203
175
230
63
89
195
181
231
33
51
235
188
68
132
73
247
74
65
117
73
194
110
146
86
224
131
216
17
247
157
12
30
145
68
131
97
54
184
68
3
194
216
229
87
226
189
153
159
103
230
73
52
73
188
21
4
51
162
76
163
19
193
55
158
121
169
194
235
74
175
247
122
92
174
92
135
148
124
15
169
4
165
79
87
23
147
163
138
145
23
145
109
204
222
200
14
2
70
110
45
120
42
138
42
252
113
76
57
42
112
98
210
212
183
33
121
214
42
146
135
201
250
92
101
42
116
18
117
79
26
174
70
92
211
26
122
102
234
60
77
78
122
72
110
73
73
8
194
60
179
194
207
139
42
103
54
28
20
145
226
54
160
51
167
1
214
212
234
3
216
64
107
182
43
238
182
250
208
159
178
210
167
49
217
75
50
92
53
75
91
87
101
21
26
164
19
144
60
1
122
245
119
194
253
122
211
195
1
117
75
61
170
218
118
237
227
23
124
51
42
249
148
249
147
210
234
39
229
253
206
251
63
250
47
150
214
157
179
63
47
5
66
132
253
83
187
6
201
110
20
170
66
164
78
133
64
194
122
159
104
104
112
16
120
159
86
42
46
147
101
206
117
147
171
226
112
67
86
22
58
250
91
159
175
165
201
213
130
79
9
62
52
147
134
81
154
230
87
81
89
13
143
141
143
103
18
227
91
59
80
50
130
141
180
31
56
6
34
182
4
212
62
250
244
77
93
244
228
184
64
78
27
180
156
78
1
214
18
181
118
227
25
24
30
196
151
169
214
134
180
154
32
10
123
238
85
158
180
177
88
201
235
148
40
229
158
148
226
143
85
205
204
42
101
64
178
111
181
233
36
243
196
253
26
103
221
161
176
15
243
114
88
245
146
137
136
209
39
162
108
243
108
172
221
13
19
190
0
81
235
228
122
58
96
0
147
60
147
30
162
237
235
95
222
122
65
55
38
13
143
20
96
240
254
67
107
107
89
236
245
8
184
164
42
253
69
178
25
9
67
99
174
174
9
70
225
178
12
225
194
29
150
152
136
194
150
68
24
53
203
190
148
53
131
119
66
39
18
124
17
67
88
61
42
145
66
156
25
110
170
17
121
29
11
206
143
168
11
236
221
12
52
132
3
131
110
237
2
237
61
25
215
233
43
20
73
148
253
88
31
14
231
111
179
140
191
72
98
44
28
185
180
72
13
194
213
246
176
171
19
131
55
28
81
215
93
75
236
192
188
174
25
141
174
139
43
111
145
78
237
18
51
251
19
154
129
171
73
189
137
190
145
176
248
142
180
44
111
19
232
24
52
205
184
227
244
137
232
48
163
10
202
20
93
44
70
71
13
202
188
102
34
16
196
82
111
176
127
151
124
119
154
163
149
120
127
13
110
174
149
111
16
126
165
178
82
1
244
4
108
26
196
208
134
191
1
102
196
30
12
216
149
26
53
114
92
98
175
149
5
18
72
194
51
88
31
158
168
23
82
240
18
234
7
153
118
107
16
29
96
144
227
33
87
218
154
199
39
128
7
241
80
21
96
101
132
231
166
134
28
168
177
123
144
87
113
107
22
5
63
128
111
156
127
109
30
177
245
144
250
53
134
3
211
125
239
112
3
244
40
34
39
28
106
44
210
202
164
164
190
21
47
171
156
165
2
236
140
98
154
124
11
160
101
225
84
207
82
237
87
92
192
143
124
157
225
130
105
49
128
198
88
89
225
80
215
46
218
249
215
251
61
74
1
25
59
160
120
87
132
208
228
69
132
112
96
21
217
243
148
203
61
217
160
40
177
126
201
200
79
158
9
200
7
150
229
242
12
12
116
119
231
248
46
217
26
224
147
86
45
60
241
152
243
181
2
8
100
30
234
145
162
177
59
221
250
22
99
145
24
100
207
207
13
189
223
38
18
10
16
28
82
213
224
43
24
239
160
85
96
114
64
150
27
143
234
201
7
239
84
13
9
60
122
185
12
225
8
215
225
251
224
129
220
14
2
201
110
234
228
2
36
40
152
4
203
82
7
32
40
64
40
118
62
98
74
50
200
132
236
72
182
109
213
134
212
168
120
136
121
222
225
134
84
4
144
174
215
107
89
46
187
133
187
122
103
1
224
72
142
84
85
197
160
133
109
66
140
212
136
221
245
55
40
10
149
145
122
168
163
252
100
212
10
169
57
67
9
240
31
251
254
130
37
85
207
195
106
47
224
66
149
163
70
138
140
29
7
64
156
69
94
206
248
189
222
191
232
55
226
2
82
61
10
14
68
231
185
83
93
211
178
237
2
103
40
61
82
118
171
55
120
64
207
100
214
222
115
243
10
12
103
201
11
213
169
171
183
224
118
100
206
18
22
233
94
221
56
144
29
133
232
139
145
181
51
6
165
59
139
215
30
46
17
45
84
101
90
91
170
51
197
64
33
227
9
11
8
85
27
227
118
103
178
102
118
55
86
113
27
236
255
156
131
170
180
102
151
127
95
178
132
174
180
130
227
41
127
169
112
233
151
22
203
187
107
15
146
228
118
245
107
236
223
192
39
1
63
142
245
187
171
238
220
118
194
184
20
87
144
99
115
178
182
19
118
51
157
132
100
227
211
194
62
71
105
134
6
232
129
176
72
158
41
223
174
247
229
100
84
65
67
239
12
165
100
210
167
156
141
223
200
155
229
104
12
210
89
208
54
74
107
51
181
11
147
94
56
247
229
11
215
170
152
200
14
230
130
141
62
126
109
59
189
56
112
140
198
171
160
15
109
124
228
31
90
120
65
151
227
25
126
236
227
97
148
59
65
65
35
248
17
8
146
59
99
73
202
142
17
48
230
72
221
111
169
217
41
17
246
104
217
172
198
228
167
105
25
99
138
184
195
45
238
16
41
6
203
182
167
6
169
120
48
87
235
53
211
29
255
55
158
84
193
6
218
199
181
233
45
160
199
6
237
78
129
88
171
137
70
222
68
21
116
19
228
11
239
97
143
171
222
226
137
231
32
189
53
211
44
143
98
104
189
27
36
196
137
191
148
115
211
105
79
129
66
18
211
43
43
63
139
8
43
144
66
1
255
28
145
1
17
159
214
121
237
179
58
149
96
97
160
255
91
184
145
53
167
106
240
214
127
102
8
61
56
29
51
39
66
228
91
49
196
214
61
19
29
64
69
37
119
44
35
93
119
135
64
21
220
222
72
139
88
47
153
141
231
93
116
121
168
90
108
183
145
110
132
145
151
221
160
149
165
255
24
37
97
70
120
74
64
241
9
109
87
28
181
20
122
140
135
213
231
208
199
127
210
102
57
210
184
121
43
2
112
156
111
104
162
157
139
212
109
14
84
39
239
252
136
181
68
162
118
12
197
85
66
35
56
147
33
118
182
21
184
169
35
41
169
172
20
201
192
14
22
115
146
176
117
135
198
112
106
5
177
250
181
145
74
28
40
114
47
252
116
149
139
154
162
46
46
89
38
78
94
129
145
44
65
25
224
239
162
245
60
169
179
164
231
75
144
142
173
175
17
197
60
171
236
6
27
250
2
200
78
197
46
75
174
91
219
186
77
163
135
11
205
21
89
36
146
86
50
114
244
236
127
39
141
64
8
232
182
164
65
23
182
42
77
208
18
124
127
235
151
219
135
115
91
198
86
252
134
210
171
210
126
159
141
159
122
139
119
223
96
164
216
134
25
92
69
208
133
173
179
44
189
175
243
221
231
158
244
172
95
69
48
169
21
50
135
81
183
6
204
48
152
90
91
152
34
117
140
173
133
33
140
19
140
192
219
195
57
144
16
86
39
85
46
4
218
105
195
103
183
85
8
43
27
15
41
53
111
45
140
227
181
13
124
44
169
184
210
245
121
227
121
147
153
88
19
153
248
117
244
142
66
175
2
210
161
186
88
41
194
111
191
152
62
73
177
189
88
198
184
141
36
132
171
84
166
117
19
133
249
17
133
124
196
119
32
11
41
190
186
135
39
41
28
29
1
197
232
73
190
104
33
148
243
127
70
208
13
1
186
240
215
92
15
60
119
115
217
146
104
4
19
27
120
161
172
194
188
143
14
82
66
146
144
87
164
159
51
164
151
194
130
34
64
16
47
196
123
31
181
232
133
238
91
63
71
50
209
24
172
69
109
230
235
199
20
157
190
76
142
100
177
128
243
182
77
117
71
239
14
103
44
66
249
249
199
239
241
77
36
131
117
68
71
119
207
15
132
15
13
172
146
182
63
102
16
170
190
65
168
2
48
220
248
37
130
219
107
103
208
164
174
108
8
134
6848
