-721.4404461
-681.2767475
-729.9400951
-605.350737
-572.1128383
-850.7797702
-688.2721665
-788.0018546
-798.3611546
-481.2007741
-761.8996624
-551.5257238
-554.5797498
-781.9504175
-964.8100472
-534.3087545
-728.5603466
-551.4055283
-761.9751872
-677.6206125
-669.1309441
-924.0589907
-344.6881181
-646.2678897
-888.3285545
-476.7744176
-791.8839303
-492.9449945
-1107.17127
-442.4574405
-652.0213428
-1120.861632
-301.1945799
-683.9610388
-723.1196254
-696.0080317
-758.3334011
-657.220743
-358.7053709
-564.979137
-1027.372822
-834.8728867
-745.8418598
-648.8283296
-729.0974085
-456.4403078
-613.8304551
-673.0650393
-863.863182
-518.0824937
-584.8006475
-414.4611315
-857.4341369
-466.8397178
-843.0451843
-324.6099683
-664.2606463
-698.7503858
-683.6725049
-652.5674755
-480.0716567
-717.0300676
-801.0611075
-993.1651142
-458.7271533
-475.6951884
-781.0890382
-891.8182202
-446.5000679
-596.326714
-870.1777153
-637.0002448
-513.655511
-800.8600152
-650.5334995
-666.0291022
-577.6032326
-507.2901457
-666.0781634
-1147.841697
-995.7519245
-582.8388776
-857.2303746
-515.5601358
-1001.099655
-533.1348699
-537.848639
-655.011061
-546.8323142
-471.7419727
-648.7840323
-824.227828
-737.3959411
-550.4987972
-871.1688715
-717.0550122
-457.1821973
-350.9384499
-1204.36018
-1224.579327
-673.8405529
-822.1272396
-804.2685386
-600.7088508
-676.8434499
-490.8210839
-586.6144618
-629.7147572
-868.2796467
-329.7048511
-801.8144202
-559.8506837
-463.6011137
-957.6239846
-757.0361134
-504.1366151
-581.493078
-504.8062423
-573.5476186
-932.5612723
-572.258523
-650.5545608
-912.0227266
-679.5131289
-483.0181433
-532.9724068
-685.5044751
-998.1546536
-490.3265771
-715.437687
-890.249451
-333.5813946
-452.7574186
-847.9350614
-644.0168474
-533.2281598
-461.6459213
-487.7908922
-727.5297954
-816.0490022
-790.395626
-493.9690401
-1247.73893
-860.4046111
-388.6864501
-786.9073539
-568.3919287
-997.1210099
-663.1754889
-625.3199707
-730.4649879
-542.7639592
-627.3446067
-669.2132584
-511.0230632
-742.832433
-500.9491786
-504.7268889
-781.1330965
-633.5419597
-743.879875
-483.7661178
-499.7842461
-782.4161308
-832.4919759
-1061.272494
-868.1036306
-460.0636555
-610.6542196
-496.6789957
-971.6596457
-813.625772
-572.6323115
-427.2541486
-1189.421239
-526.222486
-645.6840081
-445.7011948
-643.574121
-560.2968189
-659.9843894
-626.6896745
-797.9124733
-434.4728179
-599.3227168
-613.781817
-542.0055581
-572.3031419
-535.1470678
-545.1537286
-714.8978453
-675.8244191
-610.4848552
-752.5449014
-701.7182491
-718.4106589
-597.702532
-696.3638413
-449.8262941
-835.1232621
-623.2325011
-675.2565534
-539.6722986
-559.8466942
-622.4846525
-617.8405215
-530.0127818
-590.1570596
-1175.401567
-437.9912917
-707.121808
-824.7116558
-464.494232
-561.5837336
-518.9920654
-875.7007286
-949.6111749
-829.7128247
-707.8059147
-436.1370037
-451.6250514
-629.3399818
-509.1070634
-621.096276
-611.806954
-711.4304808
-627.0065684
-591.3407302
-635.8052164
-672.712427
-507.9673335
-506.2031455
-692.8867363
-682.30732
-810.4080319
-600.720602
-795.5756346
-724.2880049
-584.1163776
-641.4479474
-533.8521394
-877.0732517
-695.389846
-482.1019943
-580.8870902
-628.5373334
-539.8761692
-614.330349
-696.1541821
-445.7273922
-565.3761075
-629.5804294
-616.9642777
-970.6696107
-668.6403107
-379.0093146
-1047.986492
-536.05628
-480.6406982
-662.7061272
-591.3490019
-520.2422536
-721.5388468
-465.8485026
-1255.610235
-731.2458094
-476.267665
-562.4565594
-426.5147263
-339.023805
-549.822989
-979.9728895
-419.1000298
-625.560346
-572.1039969
-423.7216843
-494.905489
-1094.7169
-656.9789111
-756.0701423
-511.5480282
-987.9322425
-658.176476
-722.9941539
-532.0702597
-462.7314594
-495.0208983
-620.613729
-597.0584286
-662.2718131
-689.3743337
-546.6851243
-680.2958539
-474.9699652
-729.163572
-901.9185731
-1151.156715
-1264.717177
-436.7689259
-556.8340351
-541.8616023
-1186.356402
-336.4949078
-569.1064628
-779.427348
-803.9228141
-728.8479673
-621.9381748
-497.9396811
-482.2863119
-1027.66766
-821.6119297
-651.0458215
-665.256526
-561.37378
-677.9452467
-772.7057618
-757.0606139
-459.0266695
-537.0545965
-571.8562622
-579.0525058
-484.1318187
-902.5862859
-385.0705724
-762.664994
-422.7429954
-744.2367686
-673.7605759
-450.0575656
-301.322375
-472.5391415
-545.7752137
-916.871034
-702.5117267
-656.9333513
-797.9553117
-774.7021882
-534.1093406
-856.3381831
-703.680023
-568.1098801
-714.2786419
-598.7805008
-676.2794625
-812.964523
-673.3814952
-577.7157849
-514.457585
-455.8260017
-489.5997415
-501.6930644
-569.4538016
-561.5731616
-556.5492768
-714.4380293
-657.745531
-466.8974398
-623.8186261
-729.5101581
-686.9160879
-890.3264301
-531.4736277
-674.5856205
-751.8737948
-1189.30916
-529.6540259
-614.0739744
-538.7728943
-626.4106218
-710.8883375
-440.2581253
-706.7023282
-475.0880497
-832.8194577
-846.1885503
-579.9110249
-672.4036121
-556.8696756
-452.8124194
-366.3696202
-553.6067792
-302.7803815
-707.2149678
-435.6048577
-987.8299547
-842.1817316
-695.4239708
-806.9560488
-910.2092687
-509.9132547
-576.092263
-900.7624462
-522.8787495
-694.9625242
-879.9754214
-548.5892737
-491.340427
-716.7028618
-653.9587359
-503.2266245
-846.0000248
-1225.885966
-1126.248107
-434.2828262
-1057.794441
-726.8055274
-501.6851268
-532.1646742
-505.3089503
-426.6597271
-496.4160831
-650.5692041
-726.8714723
-551.0862041
-782.8115297
-593.6130131
-832.7763649
-689.0983689
-586.8335148
-660.4113171
-1041.929782
-516.8797342
-538.6375639
-726.3534166
-341.711079
-677.0845319
-492.5672765
-879.8970669
-688.8950955
-544.550804
-556.8639103
-877.0827772
-727.493163
-812.6391076
-983.2411755
-1087.636845
-698.4116396
-797.8641239
-1042.585512
-752.5747678
-776.8183141
-843.8467519
-588.4999242
-954.4554679
-518.4761611
-492.2755576
-651.6344675
-422.215081
-442.6315109
-834.73382
-803.6722705
-608.2628141
-623.0644138
-449.0545355
-619.5865978
-558.4453416
-790.1106497
-989.0669626
-911.9931503
-575.3705757
-328.2383491
-863.315767
-794.252166
-874.9380955
-790.6041673
-849.415371
-326.2623126
-479.8750006
-396.2352672
-585.0368102
-447.9731831
-824.3730733
-829.0078989
-717.6245797
-770.0213004
-766.5828165
-888.3855501
-1219.027701
-598.5028952
-898.9776238
-480.3962079
-466.2839233
-878.3489013
-576.0977779
-722.0137158
-430.2022637
-830.5901811
-577.9350297
-621.4745234
-402.4775856
-644.4473909
-1153.247411
-1021.7374
-414.2495151
-870.6369514
-839.1772378
-458.2915163
-542.8162387
-794.0658024
-998.0566027
-1013.338781
-672.7753358
-788.2424434
-793.2878466
-621.6562119
-547.655341
-655.4400497
-1429.863976
-516.3492544
-653.0727045
-491.7025317
-798.0723937
-1141.202273
-1089.256059
-794.6401216
-829.7883794
-965.2094466
-687.5339817
-534.7991152
-1133.554847
-621.7859972
-611.0863389
-434.4845334
-871.6907243
-647.3041954
-709.1044655
-906.8040263
-807.8012983
-358.2498101
-580.1605186
-469.8675843
-542.9080367
-275.3246864
-487.918867
-755.3393945
-756.4692796
-567.1969316
-877.0738482
-618.4275234
-763.4692535
-463.3039782
-767.6913006
-842.8558202
-755.5600918
-420.7610746
-897.3047526
-609.1982293
-774.7088386
-600.6777919
-572.8050667
-415.2382863
-520.751629
-1021.880638
-971.876014
-938.5655553
-509.9221126
-522.9311395
-668.874292
-364.6209336
-987.0567063
-601.8587329
-400.8706604
-481.5957996
-628.8583665
-472.9110756
-547.356446
-580.6906725
-529.321804
-578.1447582
-542.5758516
-584.1205099
-515.7918896
-508.3074992
-511.7154718
-781.1329985
-535.8327608
-402.6598395
-518.7337597
-598.5227295
-780.5116337
-843.5820508
-740.1354611
-745.3278697
-704.2377128
-879.4643243
-825.055144
-899.3296431
-581.4634073
-493.9011841
-549.4169325
-1027.388014
-817.310034
-760.5528624
-442.3905985
-484.6052016
-523.5212758
-583.0938362
-638.1588226
-1013.799428
-521.1262493
-654.0302013
-522.4111406
-632.8700971
-483.8366058
-424.3363948
-532.0234058
-579.3004387
-618.847655
-620.8609847
-895.7727869
-758.0219644
-489.2825214
-648.1066052
-728.0582484
-679.8865394
-546.1380512
-750.2500459
-862.4037718
-832.5890748
-400.1854087
-400.3774937
-841.6615243
-508.4772175
-758.8329435
-820.6004797
-732.4131512
-696.3919172
-509.0476122
-428.9521056
-707.9002489
-659.0497835
-452.0176388
-655.4685138
-517.5108696
-517.0089439
-518.0961231
-982.04316
-416.18568
-408.3634639
-325.6959844
-526.0926249
-572.1160451
-929.709312
-552.2537644
-666.7373672
-416.661979
-492.4024783
-604.6970856
-467.2017453
-778.1221173
-1057.704599
-782.9947438
-851.031766
-469.3425458
-1225.971968
-466.4303221
-981.4730561
-602.133514
-499.7799452
-342.692562
-924.7736618
-411.0708728
-665.665905
-652.2896768
-1253.025631
-861.7632462
-505.5031313
-1314.690099
-605.5460235
-636.1275426
-568.5761665
-681.4755453
-835.0729275
-428.1385168
-423.6492749
-889.4949187
-533.2530834
-637.7034085
-1308.899471
-683.8987129
-670.6767847
-473.8936261
-658.3046349
-688.1552993
-595.2462231
-658.5595985
-464.9293806
-385.9549679
-481.7128408
-436.3566201
-701.3673685
-439.7582536
-723.7474854
-779.715497
-442.1936748
-1155.639856
-739.6006945
-1935.29867
-503.3587278
-612.2715588
-432.8776258
-780.7419234
-771.8906162
-489.5841355
-537.9400955
-729.1017409
-624.4862623
-937.4571159
-694.6539628
-587.3462515
-391.7882708
-679.4879114
-496.6151085
-764.3288315
-820.9893469
-886.9296182
-835.1099675
-944.2783272
-657.7208428
-761.3379399
-676.5879054
-528.5427686
-500.7027397
-583.7408678
-649.2854613
-805.011139
-658.3177078
-564.1696374
-541.5851657
-966.1461337
-619.5018326
-585.8130852
-635.8851319
-685.5227433
-1090.938634
-850.3022805
-652.7162089
-395.3608829
-459.7449363
-603.1626072
-448.5836172
-582.3160494
-535.5542105
-919.8134055
-913.3138999
-1396.957486
-1007.289766
-572.1701375
-884.0579274
-1111.556007
-962.6556735
-952.7571035
-954.2200378
-645.5073975
-515.5391434
-870.952878
-438.8181273
-554.2361839
-538.3001131
-714.0622265
-414.2279118
-896.2285343
-475.3872563
-850.4845648
-655.5555161
-859.2661493
-976.4187383
-434.0236764
-601.5123967
-457.1118785
-499.3806513
-722.9350249
-532.0475192
-684.1635856
-773.1090637
-825.855278
-842.5502939
-452.4500424
-1209.400899
-1001.536263
-301.1862484
-1584.801455
-693.6115931
-593.6837426
-952.7899429
-755.0225536
-618.0433786
-410.3935355
-608.4702827
-538.2452268
-496.284294
-583.4522195
-429.0897885
-938.5571668
-957.6557923
-856.598064
-1542.66058
-602.6883873
-463.2743746
-748.6166253
-448.0594859
-840.3609345
-1022.899496
-506.786025
-643.2838536
-688.8500103
-512.7189512
-705.5044192
-647.200957
-674.7712389
-944.6799761
-598.7925907
-752.1081904
-669.3349881
-509.1474175
-699.1305664
-546.0312235
-594.4821157
-982.9717114
-722.1664136
-404.3168168
-594.9578209
-402.3437506
-539.8484277
-723.5011582
-580.8107933
-838.7542286
-886.6162089
-393.8703871
-723.8150232
-683.516025
-421.404804
-475.2606437
-951.7497639
-365.2044921
-857.7322851
-433.6845593
-753.4897018
-412.7612077
-516.9387656
-409.2832558
-594.9436809
-765.0113138
-461.4653795
-645.3819053
-464.3139017
-546.6313689
-727.0935237
-335.5335813
-897.3197908
-1035.65161
-543.5567803
-637.7929697
-734.1045094
-548.2690689
-655.3250944
-339.7365979
-740.2437133
-505.657688
-658.0244588
-1357.89684
-761.726446
-771.9137973
-573.5503004
-460.7546946
-799.7890017
-403.8814147
-482.983057
-470.7116584
-580.1762227
-742.0306337
-683.6826623
-487.5090955
-570.6931021
-564.5862049
-1105.086187
-647.4346759
-658.4855449
-666.6505687
-663.0150096
-535.4085781
-528.0233908
-414.3770214
-635.9263727
-677.8847865
-798.97688
-640.4059938
-657.0552173
-779.4392597
-580.7514211
-438.5951562
-518.0990489
-537.6473218
-442.793077
-1306.33718
-424.4292444
-1009.996119
-460.607957
-653.3317256
-349.6588302
-634.407628
-446.8037045
-350.0820695
-708.5754451
-582.579399
-449.0379338
-778.7885391
-782.7571247
-499.9722117
-598.4707411
-412.2771665
-514.8219977
-752.4899951
-883.6121492
-573.5644524
-422.7375363
-1001.277966
-873.5701097
-633.1894169
-1302.743837
-593.2525947
-856.8325964
-453.4430725
-449.4766133
-364.7109193
-810.5293323
-739.6665443
-854.6052297
-691.6009356
-726.0101713
-778.6189317
-467.425734
-494.1426744
-894.0369833
-647.5423757
-649.6507935
-603.1866521
-1147.417886
-640.7808317
-1049.859926
-703.9288411
-760.8748729
-604.6944092
-509.6137796
-864.8947699
-545.7586057
-403.3432908
-733.0707432
-500.8990525
-780.8872049
-407.3551169
-532.9400402
-841.0997375
-340.4156914
-690.6138329
-668.5814936
-668.7219415
-377.583272
-735.2023915
-1131.36699
-544.7392264
-741.3434965
-640.9086609
-540.8331041
-424.9638882
-741.4934282
-573.0931315
-479.5628247
-541.7008706
-1040.321261
-587.1570029
-487.2723677
-1024.417471
-775.1886471
-580.1912651
-673.0190722
-704.3855277
-672.7697215
-674.9241227
-750.9064204
-1057.722283
-399.9846916
-892.7733441
-573.7215278
-330.1242838
-447.1733789
-564.6272357
-584.8350615
-1123.896598
-590.3719122
-856.2495198
-819.7594766
-483.0181775
-926.4348124
-511.6427276
-695.5356847
-462.5823257
-824.6681402
-480.3007889
-548.0872491
-669.2508936
-888.7490147
-743.0837001
-584.0944308
-530.8611927
-927.0564533
-600.043186
-623.4166509
-475.1160745
-704.6521061
-633.2378519
-514.9678787
-610.5688776
-991.63932
-682.9410336
-519.6690092
-469.0998979
-552.5140707
-433.6813295
-676.150532
-553.1540528
-551.2067406
-678.2224196
-730.1684566
-482.2537993
-806.8715158
-664.1678741
-578.8255345
-507.6265497
-950.0049491
-603.5153555
-707.7554888
-615.9323708
-443.8354126
-498.3129882
-540.2648719
-693.1589827
-841.1957649
-989.2355218
-426.5471107
-612.5291638
-653.8776572
-777.916364
-501.1299429
-841.0664743
-621.2555579
-531.683751
-534.6991755
-649.3362178
-532.4687258
-466.8935415
-526.3541129
-543.3372094
-545.4088705
-557.8254794
-547.8222836
-527.5134556
-691.8914464
-608.2852402
-796.9425394
-725.6580959
-527.584881
-838.4845372
-554.024443
-326.2389146
-560.3509057
-420.4687731
-598.2944011
-539.9708079
-651.7533021
-753.117609
-596.1947596
-861.0337305
-889.0930529
-675.9012283
-560.3162684
-790.8882298
-547.5573118
-803.8793126
-470.367272
-676.2045687
-531.4124267
-808.484163
-408.0717189
-707.5895552
-790.5532404
-542.8372004
-630.6163805
-766.6543573
-713.7842749
-764.2000499
-545.8616283
-690.8372146
-762.7600227
-741.172659
-456.1147868
-706.1991385
-646.4431437
-613.9487873
-346.0101336
-859.1177759
-548.3182139
-509.479365
-473.9306317
-589.9215427
-531.3478157
-751.2332082
-428.5835568
-496.202977
-527.6305021
-707.8187162
-731.305471
-599.5075529
-364.9014507
-671.3923501
-407.5825467
-464.5444116
-574.1315674
-920.0610972
-819.0072511
-680.4977535
-524.0705249
-567.4422661
-578.477329
-357.7270258
-480.7488822
-1277.567199
-722.347049
-538.2993074
-575.9292264
-517.616289
-591.1467749
-1579.643622
-463.8669927
-574.2227992
-826.3969837
-473.5299341
-877.1413575
-649.688667
-1172.559154
-830.8156012
-640.234168
-749.2008787
-469.8208416
-1029.867247
-392.1057206
-583.4780192
-972.1933
-1404.904774
-617.2224579
-454.5437588
-717.8443147
-495.2999158
-949.2002707
-655.776874
-643.2495894
-489.858471
-594.3342207
-817.4218415
-1470.385601
-425.8568726
-489.0584454
-1047.448955
-355.3817154
-560.1791856
-605.6183721
-532.6691707
-632.8594496
-537.6442764
-986.3198451
-449.4543057
-490.2159705
-458.6673534
-827.6301998
-609.353609
-850.9244627
-444.131214
-448.7233125
-602.8100634
-704.466697
-765.5663863
-651.8706969
-897.6325344
-843.7566658
-713.7106285
-533.0580839
-580.8559095
-744.3466338
-539.5930554
-822.7013935
-1674.739332
-932.7498307
-684.5389715
-569.6656727
-811.0757603
-859.2639234
-835.848282
-715.0193069
-606.6418498
-735.8401008
-579.5894387
-390.1095918
-597.5537933
-431.2112049
-592.6989364
-954.1415759
-419.461689
-688.4645598
-800.5349316
-894.8254225
-767.787248
-500.8471365
-571.7351578
-470.0589009
-620.9714921
-712.7005963
-808.923953
-721.4506557
-721.1623743
-465.3457172
-881.4524071
-858.5335782
-965.9970268
-677.3369861
-553.908706
-684.4698718
-565.0809396
-575.6612651
-933.7536541
-629.2324994
-498.345483
-502.7938581
-766.5750742
-550.0465431
-515.7214508
-664.1172972
-695.0437886
-704.0805299
-1523.451691
-775.4730186
-779.6510656
-659.419624
-518.7685192
-628.6371887
-684.7967525
-325.2411696
-1087.72082
-782.2456487
-469.7163941
-753.6125095
-709.6387585
-491.2770728
-500.3094045
-1149.45924
-717.5852493
-718.5527664
-490.0123014
-394.4848201
-736.1763891
-754.264046
-542.8537682
-845.6925722
-475.2173041
-534.1576326
-724.4310923
-564.5099308
-513.2764924
-875.0745774
-599.8842808
-625.8394632
-465.8956999
-669.6187693
-557.8930811
-971.1371316
-547.2975103
-527.0527183
-899.2370343
-948.0513546
-574.2900138
-680.4976089
-674.2110501
-583.3234305
-910.0197437
-681.4348202
-611.9963067
-743.7180672
-561.4429878
-586.7158644
-916.1316287
-877.2176018
-495.7349951
-735.4543234
-1384.717152
-533.2522393
-368.5785892
-449.8977597
-368.9061055
-487.877172
-1000.582745
-520.8256332
-665.8764067
-631.432495
-564.3903039
-376.9300459
-699.4448216
-577.7757268
-544.994021
-584.4852743
-640.981794
-807.3580604
-635.5598808
-641.0474705
-718.2567887
-500.906127
-516.2983915
-404.9354877
-747.6522021
-878.4213483
-543.4967298
-653.0187787
-573.3196586
-669.7729529
-951.5975134
-602.9733424
-435.8702974
-395.4620431
-436.8665702
-446.0182041
-1026.400919
-646.1719798
-396.6724612
-503.8757282
-444.2804123
-581.2194101
-427.1545344
-783.0177169
-1048.843006
-539.6580635
-526.8840094
-422.4051341
-444.0042868
-650.9163631
-447.0452997
-737.1347165
-728.9419955
-851.4582511
-598.0197267
-1101.150572
-1059.821114
-685.9246123
-758.5382303
-528.4119855
-764.8617271
-820.4409527
-438.9315165
-417.255282
-513.1557891
-1002.144548
-544.1485254
-529.6335624
-581.4086906
-778.067768
-375.9648376
-422.1104853
-469.2079617
-746.7154944
-323.6322487
-331.3756038
-529.5093192
-382.1286689
-774.4179771
-554.7822665
-464.3207151
-890.5128302
-819.380343
-426.2300858
-491.8944792
-659.5400643
-662.9811371
-645.4368275
-327.4740815
-530.2654893
-568.3771225
-719.807495
-687.0782005
-622.2159398
-728.7421395
-782.9885187
-643.324035
-546.6456965
-882.5485306
-572.812222
-538.6439191
-486.6879196
-980.5515904
-688.1786525
-634.036194
-1137.688622
-694.6305984
-557.0174059
-759.4893723
-748.1575625
-762.7377925
-396.8612454
-668.9923217
-755.3477988
-580.0067556
-516.7223988
-771.2326161
-459.1733608
-314.6118953
-567.2117922
-977.3729895
-669.2990027
-506.7697276
-398.2180383
-405.2345561
-770.4629347
-767.8904588
-558.1881322
-882.05713
-658.0412427
-357.9223575
-561.7888558
-572.5083187
-547.6628679
-864.1757163
-565.3768665
-524.240092
-550.0251732
-771.3640609
-1191.742397
-1046.589935
-741.1794296
-679.2656169
-484.7329117
-697.2693574
-426.516202
-722.7240108
-365.9164459
-759.2065654
-785.0993877
-483.0601646
-750.2031525
-479.4989292
-550.6897511
-992.6735682
-681.5975798
-480.3914554
-410.4586156
-676.6378283
-600.9984016
-815.8678022
-723.159027
-652.9114606
-814.5443994
-726.3162948
-890.3842968
-531.0496871
-1020.059545
-1026.519486
-898.9226399
-626.7165364
-700.3265404
-568.5172138
-529.0205073
-557.0486635
-792.064198
-558.6807631
-693.5600665
-855.2869343
-584.9994377
-475.70773
-503.2705769
-693.8423175
-410.8629752
-552.9924877
-605.8217863
-333.8982758
-848.4988512
-654.2661301
-980.50466
-833.5778801
-1187.155918
-531.9709708
-360.7242381
-574.0222193
-655.2391365
-722.3338797
-702.4246105
-369.1487809
-490.559469
-905.7816714
-952.283901
-464.0913191
-546.4896898
-752.3357407
-851.3024402
-722.4847916
-687.209759
-934.7036106
-651.2081042
-909.8813656
-312.5026976
-390.1663088
-1007.770719
-713.734128
-489.3024217
-661.9598224
-638.778348
-470.6660979
-855.6795145
-870.8119068
-450.5368566
-863.6971366
-699.3387534
-681.0246355
-702.5192763
-1033.351375
-711.3828855
-593.6282177
-731.1349452
-980.4899254
-772.2245902
-729.5393127
-444.9097582
-789.2978533
-493.0271568
-683.818766
-551.1915053
-504.7270816
-648.5957749
-766.5605652
-519.3735077
-377.8935616
-792.8504755
-846.2726168
-489.0360898
-852.9258845
-590.1612081
-948.9787599
-609.8351324
-747.8627599
-542.6332683
-475.4456304
-467.0395845
-420.0042068
-641.9519323
-484.166385
-439.033968
-521.7051933
-1043.778357
-764.0189471
-994.4645316
-272.4035932
-793.131153
-901.8074029
-423.3220658
-523.5846709
-733.6709653
-540.7179537
-486.7943051
-535.9697222
-439.2851248
-449.5941369
-761.5355875
-1054.212744
-587.1562502
-557.4576137
-739.0808828
-575.8916874
-1351.098148
-601.6637492
-898.830049
-459.7384385
-528.2914306
-950.4733692
-589.1640417
-529.9517004
-773.8551583
-721.9489684
-533.0230771
-549.0308681
-947.8441275
-606.6549419
-607.0651947
-484.3403755
-817.879073
-694.9581613
-587.0305021
-1025.875309
-979.6296645
-522.232328
-709.2544376
-516.6898647
-561.2311772
-585.2752191
-492.4463724
-995.7547178
-591.3574317
-520.5837331
-556.1375831
-524.2612297
-656.9909398
-540.3979433
-777.8381955
-757.8407494
-431.734672
-1008.48462
-375.2379189
-562.851469
-589.1101386
-635.9091693
-655.1794584
-955.3539932
-996.3810854
-568.284496
-438.1711521
-491.3610548
-1177.979644
-657.5293354
-775.1036366
-694.1987553
-509.6424965
-698.2240602
-990.0000121
-647.2520383
-661.7224215
-1041.227888
-771.4514314
-430.9693114
-619.4287988
-511.3374576
-893.1261053
-942.0204712
-503.94892
-577.1805557
-745.6821161
-826.2083207
-488.1063224
-446.3988914
-1025.418454
-660.6270181
-730.6168999
-619.7716792
-696.5436831
-482.8198806
-882.9420463
-698.3344497
-664.3733021
-923.2095302
-826.7676112
-531.0224319
-400.6540136
-425.2250526
-312.4786982
-577.395684
-684.7197585
-783.184776
-699.2669441
-453.6707514
-828.9463707
-424.4423057
-468.2201365
-870.0131154
-735.6686174
-765.7301938
-473.7382045
-799.638854
-510.3444576
-1057.185181
-698.3580926
-1398.049678
-979.9507728
-772.8268864
-752.9220378
-658.9865736
-447.7992474
-475.96364
-681.7642199
-378.0810411
-671.4919432
-285.5773705
-377.2519382
-519.4155054
-425.95811
-568.9028023
-1121.601645
-950.7471133
-647.8721476
-722.8457294
-1017.119308
-487.2596168
-793.5587007
-545.6965141
-800.3641857
-757.2837408
-528.3976468
-510.4156889
-991.5123058
-533.0874519
-352.6204868
-833.7920472
-442.8098681
-500.7994666
-544.1698038
-664.0412984
-534.8954665
-838.641468
-747.5858357
-735.88321
-463.8025467
-720.3385176
-527.4398784
-622.434505
-483.8823989
-508.1403767
-826.7823086
-503.3356987
-545.4710768
-481.8384608
-832.9652451
-698.0288368
-347.1691513
-595.3362682
-704.6470753
-573.6712635
-702.7693972
-856.0947632
-839.8065008
-958.2868238
-672.2612883
-799.9961773
-898.2338289
-706.1373547
-785.5307277
-786.5078628
-871.0398074
-768.1086891
-919.8002823
-1001.968074
-838.4740287
-793.4986483
-601.212912
-580.0611307
-599.9240331
-1159.978915
-1105.198031
-996.6986066
-588.1417858
-685.0378288
-574.2008821
-738.3813061
-591.5072288
-806.9110553
-873.0589407
-678.9486189
-415.6803852
-715.7273824
-813.9164784
-598.0355184
-534.9861484
-898.6551959
-574.7363375
-465.5120638
-571.0574601
-673.7384036
-634.0136289
-450.1668506
-721.1590291
-516.8787312
-552.7590107
-941.408328
-808.564742
-502.9044295
-526.7959845
-749.0967333
-654.6411286
-880.5882925
-640.2401433
-959.0152062
-495.4802038
-726.2423223
-815.3473116
-377.2261319
-808.7884903
-854.3833878
-1184.735081
-1061.312284
-570.4969759
-735.3628018
-617.4400775
-710.2222745
-785.7094723
-582.8750583
-814.993533
-1156.787235
-596.2478296
-466.9444264
-444.1382635
-820.198009
-849.658075
-634.8227708
-582.2710877
-545.1657985
-621.3321109
-690.786624
-860.3021469
-643.1717062
-495.5879652
-1048.513517
-767.1089587
-575.3793139
-456.0642726
-1109.221955
-1135.144886
-452.1476907
-583.5949067
-798.7501432
-1064.32452
-651.5515107
-931.1029786
-608.6280611
-1134.726442
-683.8166172
-763.5891543
-532.7946285
-950.3756731
-626.279388
-466.3772541
-535.1392437
-598.2677786
-686.9943334
-667.5597557
-976.2776697
-788.8661424
-719.3819485
-735.4406663
-679.6714428
-533.8385677
-713.684614
-560.3044647
-611.625958
-621.380058
-591.9184033
-432.8957002
-551.1029193
-728.5297733
-860.085494
-654.9982873
-519.3567971
-369.9913751
-467.8406749
-650.627273
-591.0444939
-498.2490472
-645.687532
-623.755195
-1385.940621
-603.4419741
-764.2631634
-1082.596835
-1070.388731
-485.3673238
-525.3112066
-1036.423045
-859.7353859
-673.2253372
-509.0467164
-590.2017193
-620.6329748
-842.6817156
-459.1039948
-899.9102542
-626.3447887
-927.4280602
-1630.422342
-606.9610284
-696.921923
-711.1618426
-964.7144308
-502.0537627
-476.5675787
-641.6567426
-563.8959961
-540.4676154
-518.0394383
-740.443016
-887.897041
-795.7447852
-453.4050115
-615.9358236
-398.4087417
-327.7657122
-600.7705156
-735.7199861
-633.3182725
-838.0896152
-683.8869295
-510.476706
-749.2559454
-804.6522662
-710.5653681
-559.7043075
-824.5749982
-1140.36333
-490.4239998
-476.3209973
-533.6124248
-620.3074108
-471.7152243
-492.2042862
-332.4744052
-613.0188254
-896.6878964
-562.4866756
-435.4263358
-1183.932341
-513.3472796
-521.2871223
-715.1089029
-823.7015093
-517.8662141
-856.4157855
-575.3121184
-1113.33215
-701.2217125
-447.8503972
-706.6876793
-1056.440551
-644.8785575
-1026.666004
-583.7920582
-926.2382361
-544.3715441
-790.9483784
-637.9620021
-381.4756095
-853.3989689
-554.5233852
-1365.440054
-956.9208452
-680.7229123
-658.3786925
-780.8568728
-924.7157564
-623.9552916
-538.1926625
-904.1876969
-821.8950537
-639.9215313
-516.797711
-429.0614746
-403.7195727
-592.1148455
-559.0049717
-572.1338222
-640.0890688
-714.4547288
-524.7220817
-468.5821112
-469.4667889
-674.4351976
-916.5694532
-406.6409164
-1186.385052
-495.8291116
-367.7693896
-811.7979123
-641.7650112
-562.0684944
-924.2936986
-889.6117178
-629.0188066
-825.4800899
-682.1153101
-682.8906635
-764.1436318
-485.9588143
-1445.740633
-849.7697701
-816.1161886
-1028.330412
-473.5995336
-536.4940165
-446.1251919
-1035.011176
-1003.827873
-828.3264427
-812.7049495
-849.64012
-559.569599
-391.733859
-788.8733708
-496.9429366
-622.748511
-534.3891883
-803.849101
-411.979847
-533.2382545
-585.1121639
-511.326271
-640.4299482
-779.661854
-342.7447978
-689.0008567
-542.3985039
-826.2264377
-730.1294986
-487.7517285
-509.4524828
-532.8022027
-1113.204604
-607.5481953
-1430.684829
-967.462137
-619.6972717
-650.7195332
-699.1984668
-661.3366506
-892.116287
-422.8563771
-526.1228324
-661.7056845
-647.2852546
-639.6568422
-453.8941073
-405.1008485
-834.2039392
-522.1041951
-761.8108147
-522.9654317
-284.3804781
-1008.494657
-732.6976627
-444.480249
-514.4967047
-492.4788078
-752.4373993
-354.7538203
-594.8725746
-528.9350502
-713.8632986
-1094.503878
-977.2829775
-806.7075786
-613.116826
-501.6142101
-702.8132571
-724.45359
-799.2824635
-622.628173
-433.1382383
-573.8106555
-622.3029613
-681.7289792
-602.2863311
-442.0971291
-605.1055015
-669.3592685
-892.8531915
-468.6756445
-654.2769209
-846.0751355
-582.7859727
-519.7014773
-313.3260943
-734.0563184
-813.4966155
-508.8974969
-778.1588276
-827.5054726
-658.7277912
-798.3454547
-501.0773023
-677.4286769
-589.7796655
-509.2060809
-706.0968826
-512.9204796
-941.6496523
-710.4069606
-653.9996787
-481.3766234
-677.8553551
-532.3063015
-1078.74683
-606.1632933
-559.7912105
-735.8962223
-1567.489983
-367.9928407
-641.3944393
-721.1770317
-651.7179701
-911.2126168
-503.4202183
-590.5416254
-431.8314901
-578.3672593
-582.4051506
-481.1375633
-840.0685415
-659.9597042
-832.3150665
-519.7608293
-582.9364003
-499.5585261
-643.4963504
-665.199881
-526.6835255
-338.475838
-596.494319
-916.8891788
-822.7208206
-1088.694103
-489.349079
-1217.495333
-706.6152015
-474.887669
-769.3093832
-478.4864136
-511.7671831
-358.9033637
-843.8156349
-498.2591698
-918.7145912
-555.1119728
-433.9216055
-672.3751881
-710.4111729
-671.7638702
-436.4374479
-681.083082
-730.5965395
-364.6823774
-530.0626671
-687.1463115
-420.8003815
-742.2660711
-671.4646348
-796.9608364
-464.741681
-1032.351728
-1119.550683
-948.6349575
-717.8634259
-736.5245043
-854.6531238
-569.8260696
-1242.307402
-611.4310178
-488.8853354
-650.0908907
-405.9046832
-700.496701
-435.7133797
-801.2629461
-554.244356
-477.2468928
-519.6300558
-448.5913215
-654.7916901
-711.8111391
-806.163455
-449.7807602
-390.2761775
-771.0481845
-650.6131423
-608.1988697
-652.9460015
-436.3334322
-456.3216725
-417.8058994
-491.5093789
-468.0948722
-861.8057527
-680.0083872
-640.4695432
-408.4823763
-876.5995556
-994.5637664
-571.035202
-505.5667653
-545.5171349
-513.8793026
-614.3139967
-755.2520741
-1078.997378
-666.1078169
-671.249523
-609.5751093
-726.1889546
-635.4232207
-446.0853959
-546.4774274
-694.830468
-775.2083185
-684.7337816
-542.9036541
-591.8480227
-689.8299553
-380.0289366
-658.2281855
-494.5826929
-543.2979069
-515.9291
-744.92643
-572.7607374
-569.6100469
-401.3442525
-360.9282043
-920.478546
-1110.411356
-720.1831259
-629.4396287
-436.6087382
-690.9450797
-837.638275
-440.543068
-458.7098233
-641.3432532
-495.3587764
-453.5671784
-597.8941065
-555.5686472
-867.8907842
-448.6172598
-474.3390043
-590.3511414
-641.1066874
-693.4730575
-579.8752464
-1412.380924
-623.4299014
-777.0198324
-564.0215407
-722.7285029
-755.4517985
-642.8909987
-618.3099484
-760.7324844
-744.1976408
-460.3363538
-384.1214846
-470.819185
-819.7172578
-528.4795806
-485.2459671
-630.0614403
-438.7509416
-588.0380279
-519.9750536
-635.1689871
-919.781133
-606.8354235
-1097.218532
-714.0680412
-673.3759881
-733.2786059
-762.3197299
-579.429772
-505.512111
-474.6553857
-1425.652711
-309.6790186
-557.0844742
-463.3714902
-751.6197208
-605.1679697
-470.1604046
-580.1577978
-529.1016163
-558.9921372
-527.8512643
-646.1099354
-596.4465926
-607.379685
-780.6352413
-727.1004435
-607.3175818
-602.7329502
-629.6574557
-595.4333993
-496.0345506
-846.3002225
-631.1139812
-575.4980483
-534.723995
-742.6338081
-692.8677848
-763.774066
-654.6094539
-481.4855553
-955.3168876
-570.4401944
-427.1412389
-631.0301941
-490.7016892
-602.4163089
-822.2886867
-1162.919082
-428.8800232
-569.7723129
-1239.798981
-733.9144993
-706.4092567
-997.6972117
-522.4471784
-668.0829958
-845.9319485
-785.4258315
-604.5119485
-587.8946796
-902.2769525
-797.1249307
-444.0982369
-566.5964691
-555.0497479
-1014.843413
-889.9239751
-428.9930035
-643.5337853
-362.6739803
-380.9878472
-380.4984838
-523.3183811
-599.3291068
-412.785088
-1189.523908
-737.2914306
-728.7053677
-435.452852
-658.6860949
-590.2447024
-550.5017983
-601.2403879
-891.5702522
-669.4788008
-920.9390169
-718.8063687
-523.2712672
-439.2117343
-732.9594827
-1057.615301
-798.9178569
-798.1231718
-476.8689757
-610.5444414
-865.2103528
-729.842876
-433.9861049
-587.6879512
-723.7148578
-728.3375343
-646.729181
-621.5907951
-741.6748787
-812.5698483
-718.7778813
-627.4876003
-601.8141634
-775.9769347
-449.7146066
-904.8991074
-697.2156504
-757.8484058
-794.4621346
-1047.086659
-428.397114
-401.5253914
-879.5591594
-732.9340455
-1075.254095
-598.5106316
-606.6424123
-495.0670641
-867.6779695
-1036.484862
-653.9418945
-649.0189429
-680.9192676
-973.3843908
-631.5319403
-655.6297795
-1423.820632
-406.2712964
-1099.890472
-548.5350962
-751.8136931
-930.2455026
-557.1373323
-837.2401687
-850.5936704
-1093.453258
-480.3695825
-683.433424
-754.9144567
-1143.07564
-497.1761694
-1120.100332
-712.2938397
-556.9005817
-381.1572454
-853.0813229
-1099.175908
-984.7244409
-518.8633554
-965.0137522
-795.7843304
-1227.03984
-805.0099896
-712.5009238
-471.4161699
-424.7724806
-560.7591308
-394.0727069
-526.9232435
-554.0899697
-523.2049802
-413.094378
-765.9131683
-1008.641538
-329.9808873
-654.3280656
-581.4303843
-525.4071148
-641.1975837
-441.2819921
-325.5758937
-553.6731494
-415.9597997
-703.0896452
-687.6663924
-408.3639839
-773.0814749
-530.1901279
-527.1350517
-582.5984017
-456.4564557
-579.4521527
-350.4514219
-490.8634091
-508.2396202
-592.1432662
-402.5284455
-661.1095852
-968.0997645
-420.3642865
-1213.464039
-848.656989
-736.2738255
-800.9065643
-758.8203657
-531.9456462
-768.119757
-834.3595486
-687.2795302
-465.7248504
-647.4649011
-428.5263963
-615.2863581
-353.4321592
-677.4840579
-370.5448372
-946.6082726
-841.9670258
-684.3712218
-802.6962334
-509.0607498
-489.1311091
-591.569391
-553.2196139
-565.3153355
-497.5080491
-847.2348299
-737.2440462
-744.1499015
-748.8762484
-417.2256835
-525.8080591
-518.377868
-510.0796752
-704.4946468
-712.6447845
-650.4589641
-384.1295997
-693.7201467
-1128.091582
-864.5686233
-860.5102208
-381.5207059
-516.1145452
-803.1499242
-903.6267684
-680.9000323
-681.4869285
-893.5272909
-814.8782433
-491.1884899
-631.1372685
-841.6927184
-556.8526927
-446.9749742
-580.0540112
-981.4300593
-704.4427053
-386.9179329
-553.5775637
-687.0577214
-525.5147266
-685.8479367
-530.1561471
-778.6480368
-718.8297733
-534.991734
-805.5862874
-681.40601
-549.8977224
-520.3325843
-726.7711509
-640.807918
-813.4898054
-519.3167954
-495.1769981
-945.1661912
-644.7540026
-677.7713158
-442.8093598
-478.5134276
-597.1775062
-789.5122635
-789.7822577
-616.0245458
-661.8278188
-469.6344833
-689.7056042
-734.2950446
-589.7437272
-568.3270816
-545.558523
-744.2862777
-1093.640758
-546.5069187
-755.2663657
-640.586731
-464.1897207
-665.2113755
-562.2319344
-869.5040372
-887.4966003
-425.2358684
-504.4724895
-500.4135346
-623.1611087
-943.8446398
-401.9909131
-485.4925273
-1180.960375
-350.411538
-562.2511753
-936.4938631
-710.3672081
-509.9402205
-506.3355299
-572.1946714
-721.5873173
-566.9322479
-568.0140045
-521.6750672
-614.3227119
-586.0830788
-705.0869105
-562.4082432
-835.6982139
-767.4303912
-528.3739814
-651.0970433
-548.376943
-330.3591694
-876.5307735
-379.0135481
-484.6005112
-1135.257276
-641.207521
-721.6647013
-592.468956
-602.7462362
-620.163606
-471.0850582
-653.5426553
-510.3614409
-575.7602124
-557.5775433
-559.9379751
-531.3874862
-743.8116369
-380.2323535
-397.590334
-465.0691422
-514.5872441
-465.3016376
-700.8682257
-513.3989482
-366.4026118
-758.0353774
-1192.649553
-608.6927602
-1018.375027
-886.8914466
-1169.136676
-735.2090546
-896.6970323
-647.0134914
-776.3432241
-617.4595172
-888.1929749
-820.0383185
-856.5351055
-800.0506091
-610.0304821
-642.5628156
-405.8612941
-533.217943
-811.0734542
-696.6362166
-725.1174391
-827.2681965
-780.229123
-1138.032554
-561.681222
-595.5256436
-842.7766343
-530.6914022
-843.9470784
-696.8834037
-402.4007131
-753.9134658
-867.4320269
-783.7451848
-698.5616326
-556.2666919
-910.0738944
-549.4731201
-748.1893331
-383.3493368
-617.5739559
-512.6786579
-529.8515548
-754.76122
-634.79351
-372.8996869
-569.3375878
-635.990907
-758.7089702
-561.2129384
-759.9338
-633.5993231
-549.4123958
-527.5634486
-609.5485171
-503.9876676
-749.2853415
-532.2453112
-556.0494466
-596.8928065
-546.277004
-526.8982411
-611.4549683
-529.1404582
-645.7041387
-760.3637512
-505.4385114
-668.7159105
-787.9434337
-933.6934978
-518.2992458
-383.608202
-555.7884519
-623.5276329
-964.7972146
-892.8440736
-523.3807741
-1063.506876
-982.2987086
-1545.734612
-766.4325339
-600.7005846
-601.9402977
-504.6178317
-690.7169767
-761.159335
-520.9806969
-536.3402722
-801.5450601
-263.1028041
-394.4736205
-548.4621789
-619.3256582
-735.9794317
-674.1386134
-566.1590772
-813.0232843
-425.1547543
-787.2971638
-947.2023928
-428.9728304
-973.4109551
-470.6207287
-452.8915193
-640.390604
-430.6984878
-635.3065357
-549.046314
-486.3354316
-641.8861408
-703.7963346
-880.0702665
-605.067114
-512.9744803
-633.5362265
-641.4794863
-644.1390739
-536.6982792
-663.6867413
-477.0420595
-637.0458351
-650.4064276
-673.3128469
-536.7462835
-561.7680859
-455.6184493
-461.2836778
-682.2652188
-741.1516692
-603.4228397
-785.8708132
-699.2523436
-593.7490347
-356.0682873
-402.1935202
-599.5507245
-613.9968493
-741.6682659
-1413.034135
-1286.980638
-691.489479
-836.6180117
-638.6046842
-625.4447056
-533.0450347
-704.4160498
-476.1703645
-653.4747211
-518.7595173
-736.2863877
-644.9185522
-493.9732463
-525.1314288
-502.3637788
-777.6450129
-479.9777622
-378.1820728
-395.0887743
-499.2981375
-892.029276
-686.3111303
-523.5561126
-665.3646164
-969.2544918
-393.4913227
-769.5529818
-619.3375278
-716.4862273
-645.8497816
-782.6431863
-564.6581812
-616.7208883
-670.5542443
-465.8175154
-683.1401205
-835.8647325
-811.5807039
-818.977996
-393.6228126
-718.5565668
-682.2670504
-1018.918936
-658.1177252
-823.4703662
-791.7118423
-468.131698
-776.2521265
-442.8473952
-770.2288876
-525.9705818
-699.8408809
-837.3949076
-509.2785237
-262.133635
-684.1487363
-513.7862387
-609.2093498
-1237.183302
-502.8552355
-737.5027475
-771.2831367
-559.530967
-1020.348276
-759.9178445
-852.4866354
-319.0435811
-639.6453074
-555.0186464
-484.6007699
-702.0274879
-795.5789005
-280.780095
-1280.932164
-845.4211553
-849.6801068
-513.930282
-527.6524573
-766.7595875
-922.9345304
-928.1307604
-833.2354213
-883.4549486
-650.2347154
-374.7347688
-613.5913703
-478.6956393
-650.4764027
-527.2755449
-825.7156759
-494.8559738
-989.1355964
-1337.33102
-930.2765326
-823.7832161
-552.9550387
-437.6732717
-433.5209016
-620.141258
-552.2509266
-521.6765798
-779.0480366
-462.661578
-551.9587971
-563.1050931
-422.2613353
-422.9292735
-675.0611469
-525.1913925
-660.2200354
-572.5691107
-502.2168136
-773.1805632
-435.0321661
-865.0269368
-581.0827877
-498.1461292
-456.0204327
-400.5818914
-493.954649
-498.4438173
-622.5035044
-534.9547408
-380.9615057
-581.4736403
-577.4931925
-509.4546518
-819.0884844
-567.66716
-464.5475361
-863.2762583
-463.144264
-676.5608221
-491.6623617
-516.6024488
-938.4438957
-407.8037979
-637.0857081
-904.1223223
-442.3558399
-1181.821689
-547.7939695
-624.1561928
-758.6807947
-307.8264676
-580.0098888
-819.998716
-613.5151621
-742.7243457
-587.1155613
-1061.283654
-548.0570919
-698.2231265
-317.6365661
-301.4689176
-446.5527895
-582.6738465
-408.3548706
-417.2906393
-607.4050898
-1040.003515
-624.8953867
-542.484227
-467.613792
-670.7217944
-1114.391629
-616.4465199
-442.1025256
-572.6166765
-925.4739073
-515.8362431
-485.1044861
-522.8961239
-412.0893504
-538.707913
-752.7900051
-580.2110176
-700.9677551
-663.0134692
-853.9673998
-755.8100672
-463.5956314
-495.5109961
-898.8481771
-483.0930393
-598.7754139
-664.6215346
-831.9569354
-557.868395
-427.9683159
-694.5839833
-376.1680336
-757.0059559
-658.6688867
-719.3763361
-606.6129507
-352.3284918
-877.3142813
-762.8701447
-637.9274277
-553.6867949
-621.9271117
-572.9221979
-615.19543
-511.1801258
-715.1379082
-728.4446886
-447.8458043
-500.3605674
-1409.040294
-613.3591108
-622.0110282
-924.6954808
-566.14562
-471.4897485
-1175.985566
-754.7608061
-966.7015079
-895.3946481
-435.6956544
-484.396754
-503.4553461
-694.6114894
-573.8411229
-403.4098299
-555.6957229
-673.6280881
-420.2060077
-601.1165949
-814.2649041
-820.4555353
-596.2692002
-344.6751376
-721.4567834
-359.8278778
-801.8219212
-476.0330859
-458.683485
-527.0673979
-652.2939292
-1033.931973
-656.5969012
-466.8733641
-482.1663075
-1025.243825
-1248.267832
-464.5379741
-419.1234548
-547.0740016
-1380.245031
-503.8879281
-366.8099798
-1212.032855
-833.9305213
-492.7633876
-522.5997145
-422.2144956
-402.4963164
-517.1523703
-314.805847
-815.7279789
-759.8976955
-979.2584189
-1028.878323
-651.1138802
-569.9075986
-597.613908
-822.0546501
-512.4629764
-777.6895342
-575.9842485
-608.9791734
-743.9113396
-1092.773155
-568.3074359
-836.3873605
-761.7302541
-504.7364637
-1474.462962
-1649.116401
-477.0254158
-976.9158423
-575.2989096
-709.4017096
-557.739344
-524.4475923
-530.5529919
-596.8206861
-421.398936
-765.2627477
-417.5265499
-813.2327041
-479.8129652
-764.4231583
-447.0281096
-691.5419302
-1081.316951
-816.0158926
-448.1405129
-639.1829445
-341.6897259
-601.9178617
-593.093653
-750.7411151
-576.5723066
-782.6765213
-599.9898915
-1059.719037
-588.9254752
-681.887861
-950.0011486
-535.6719047
-858.3370474
-421.6784306
-487.5442526
-556.395984
-503.3014706
-638.7275688
-1050.708444
-538.5185534
-584.7559957
-558.3507463
-707.0956379
-816.9619935
-723.7798482
-1000.731972
-490.459808
-534.4802348
-661.0008084
-623.9115541
-751.0528073
-648.2417762
-996.5428682
-801.1626799
-554.7449521
-539.8891494
-955.3860114
-677.3892867
-484.8394563
-924.5502459
-668.0630864
-740.6029639
-825.7164291
-607.2540835
-808.2697027
-473.8074567
-832.2201307
-521.5100825
-504.4726116
-542.0854342
-620.6445161
-520.0769183
-830.1409677
-1003.30395
-886.2529209
-842.9485824
-340.4323959
-613.8228791
-731.721083
-440.8875767
-618.2579897
-704.7632133
-697.5654352
-503.7491683
-587.1879057
-890.3068668
-590.2191242
-306.4475261
-375.7523056
-675.5489244
-683.6471449
-781.9471124
-333.0828488
-1031.374378
-536.8770989
-720.0190059
-380.1077699
-770.9163566
-494.8100151
-687.6846958
-665.0554094
-625.9077344
-539.3358921
-675.1052377
-463.1833656
-564.071931
-646.7450654
-545.0518815
-585.432814
-680.6315994
-513.4585993
-633.8657184
-417.517485
-349.6813866
-654.2805632
-592.4038923
-422.4867001
-452.836664
-526.2998862
-914.6621205
-615.6591635
-504.0484583
-476.054961
-955.6033798
-544.2363991
-667.3656413
-766.6500682
-534.5207519
-699.2251193
-603.4689995
-663.6791393
-766.2619026
-641.7837901
-741.8456577
-758.2451639
-474.6298598
-534.9197894
-597.1192151
-626.7363015
-1321.743464
-638.5642607
-550.4536899
-622.5846474
-762.3507481
-611.7555633
-530.5632068
-608.4947603
-475.383738
-830.8394852
-905.9579993
-684.3450957
-802.6597659
-842.280973
-1007.920589
-889.7326916
-1038.100318
-514.4522344
-324.1872394
-451.0432309
-658.0844769
-555.178534
-1209.29945
-669.9088153
-957.6203547
-627.0632099
-820.3557861
-680.3763881
-655.8955857
-565.3429532
-541.5131711
-749.9101872
-662.9367133
-1456.146097
-448.2502108
-1393.021088
-734.4807553
-724.5516364
-595.4254759
-732.5291714
-963.2326273
-709.1346006
-959.1629902
-942.4001184
-458.2969176
-726.1103346
-521.0213692
-859.6626201
-566.2060648
-521.9368192
-1359.172583
-455.1958142
-863.3604056
-434.3495472
-874.8307703
-390.7996179
-488.364318
-501.4873791
-594.5612569
-508.6843431
-401.3262368
-666.4867595
-679.2961803
-719.1824392
-1114.728245
-808.1692145
-695.839647
-492.4007513
-621.1615373
-706.1927799
-759.2527576
-427.4279318
-739.4559592
-429.7349558
-630.1725447
-769.0685623
-720.4328739
-552.7986238
-486.6261308
-566.6665786
-404.2066923
-762.5926576
-731.3825485
-535.3774882
-514.6016378
-597.0079887
-731.4014045
-669.9181801
-702.9906976
-481.7806006
-516.4119117
-697.7871974
-634.2200605
-725.6597859
-360.6830272
-1055.392544
-603.4288938
-957.4053406
-624.4969657
-474.8337238
-528.7845036
-988.4421661
-588.582369
-950.2801373
-496.0934234
-976.2731156
-725.9321837
-929.9707729
-469.0333541
-609.9231825
-440.5131851
-548.3687274
-651.2955474
-551.4635162
-617.49161
-586.2420654
-651.0602963
-711.6178709
-742.1000204
-626.4523518
-879.8229456
-859.0144581
-772.1297454
-693.0547714
-716.6573824
-607.1984414
-495.6934781
-510.261507
-764.0320772
-1021.607312
-984.374331
-455.7621514
-540.647041
-757.9600473
-473.6481229
-710.428078
-578.7308332
-343.9865282
-412.8276802
-759.6084087
-903.7198395
-707.1869355
-579.4703186
-739.6428973
-330.4467936
-550.9970154
-605.9934835
-874.9094215
-978.5728693
-708.4422957
-658.2004511
-651.1869983
-709.0925675
-695.0644204
-575.9239414
-527.7477931
-651.4270111
-520.8885252
-601.4611402
-716.8164239
-624.9807525
-688.7175835
-545.9536152
-886.7222068
-1732.783344
-840.2968185
-690.5399761
-482.4501716
-654.3671306
-841.5572755
-615.641185
-605.9880549
-528.4503149
-530.0628016
-890.9484412
-690.5530585
-818.3745767
-553.6225309
-579.3065015
-548.9889919
-366.5757533
-404.7848618
-505.6220576
-598.855576
-628.8636604
-702.4737234
-865.306002
-702.7533827
-484.2737673
-462.2122187
-890.6097962
-636.9448351
-509.4454438
-585.3758375
-539.4385474
-811.645583
-535.9351531
-723.9595742
-508.5587933
-760.8840559
-570.6839058
-558.4033686
-816.45487
-621.2926533
-1074.180026
-430.288762
-571.5114729
-702.9266076
-440.0297793
-626.5242547
-612.182937
-633.1334335
-659.6648975
-804.6063863
-478.1389267
-352.6014105
-1069.459441
-551.2881024
-1131.908395
-612.0319068
-743.7300479
-500.4950123
-520.0782123
-391.1845391
-751.1546857
-1497.127921
-348.5553799
-707.2240756
-859.751121
-672.998608
-765.2639304
-866.1980125
-392.0133943
-651.2381576
-748.03303
-602.4141435
-466.8516736
-619.5724557
-481.0249332
-596.747716
-835.0521825
-724.9372935
-621.0567555
-893.2214471
-856.4274093
-560.7049484
-671.4882488
-573.852055
-381.5874673
-535.3849179
-469.3278525
-683.3358009
-464.5771935
-594.4266314
-681.0068173
-521.0402904
-767.1368896
-918.9526512
-448.472985
-647.1457127
