0
12
49
81
113
64
7
127
9
102
119
99
19
42
60
130
137
104
97
139
2
120
107
99
2
75
64
81
99
28
90
134
53
2
143
8
111
51
111
138
28
139
31
24
0
91
64
129
24
121
136
118
130
8
118
143
56
105
143
70
67
119
37
91
98
137
66
51
143
127
78
10
136
19
77
128
57
128
118
9
37
28
134
38
141
80
89
126
112
86
67
56
80
25
63
136
106
83
28
104
51
5
57
112
137
49
28
93
54
81
35
8
88
106
49
8
113
110
50
42
130
122
103
29
92
40
74
26
118
65
61
13
61
124
105
18
78
13
31
56
25
135
23
104
64
115
46
19
103
27
83
130
123
109
90
88
36
104
52
27
43
8
107
65
69
136
78
25
40
91
70
89
43
123
128
47
142
70
39
38
55
67
21
53
91
126
53
89
58
65
132
21
38
110
44
83
140
16
16
142
25
19
21
130
134
101
23
61
87
61
138
19
107
142
79
80
74
16
105
115
101
137
20
87
68
76
114
11
25
38
117
46
33
115
93
0
139
27
85
38
129
58
98
74
121
138
141
62
89
117
58
30
123
96
127
0
123
71
56
87
54
117
46
20
35
6
54
82
63
1
36
26
97
57
56
21
21
9
38
50
108
105
57
16
50
58
81
81
46
115
139
106
81
82
2
33
73
79
105
99
12
50
69
41
91
70
1
67
119
60
39
68
139
107
78
139
106
108
98
3
52
81
1
75
3
133
76
6
138
82
14
67
76
66
0
119
73
70
50
110
26
1
101
1
27
50
104
104
6
137
141
125
116
65
136
117
41
70
21
32
119
80
26
33
48
68
137
122
97
122
42
13
104
95
130
98
129
69
52
65
118
123
65
44
30
116
41
69
98
60
131
71
139
122
45
59
64
126
97
57
56
139
107
138
102
100
72
109
18
60
127
16
58
10
14
14
23
107
23
61
16
3
30
17
75
53
87
24
69
72
20
1
108
94
139
17
27
61
3
103
2
117
20
19
30
3
23
117
69
66
51
122
110
120
66
126
13
34
59
52
142
48
14
120
96
140
123
91
143
136
16
140
94
91
59
41
14
41
92
64
8
51
63
78
82
14
126
127
110
112
2
19
112
21
24
115
10
59
35
117
55
11
74
138
117
14
79
35
128
70
20
3
21
59
3
35
139
125
16
56
85
81
60
21
57
14
2
74
77
59
87
50
121
10
67
70
60
14
103
93
125
2
43
77
116
65
23
60
116
61
125
89
106
24
79
69
66
124
142
19
134
3
123
98
69
10
33
45
34
37
80
37
28
131
93
123
140
28
59
81
57
47
60
128
24
31
51
91
2
142
56
24
106
73
29
110
138
9
132
133
101
140
50
133
138
134
7
3
49
48
1
66
133
95
106
73
10
25
38
30
80
67
33
11
13
43
119
131
2
74
126
53
125
131
73
83
127
44
36
56
21
21
21
125
49
83
97
28
6
136
60
68
60
65
59
103
91
99
97
128
44
126
90
85
28
47
99
28
10
128
6
56
91
11
92
11
42
14
97
105
61
3
87
26
79
109
18
68
105
111
85
136
125
117
15
22
21
116
10
71
128
62
15
111
106
46
114
82
97
70
32
103
67
136
141
56
33
18
136
11
5
107
46
79
113
100
106
124
78
41
70
122
92
91
97
46
95
61
26
43
56
41
58
84
53
80
82
59
48
81
83
48
76
81
19
8
51
35
2
128
84
5
37
117
25
2
109
132
85
82
34
54
123
24
106
22
113
118
92
19
11
62
106
58
24
24
71
126
130
109
2
82
86
100
106
90
71
12
54
92
50
43
28
33
111
128
36
136
111
134
28
105
31
121
26
87
142
127
127
30
79
32
71
8
72
79
119
75
95
65
97
35
42
3
43
14
131
16
86
115
54
67
37
134
22
27
30
32
94
66
131
131
47
95
117
36
136
48
2
52
32
112
108
114
90
60
5
56
137
89
108
132
36
141
89
40
5
143
47
111
49
45
41
116
10
80
42
77
123
33
37
116
107
42
16
2
46
105
95
28
5
95
106
117
117
106
97
34
95
94
69
104
92
77
60
10
4
84
58
23
69
93
53
90
31
112
58
38
1
137
1
75
72
73
82
137
53
138
25
36
76
52
41
101
32
126
0
105
143
81
53
15
14
93
18
58
44
68
1
39
75
41
101
10
67
103
30
14
41
92
132
107
62
125
26
9
45
125
11
101
93
30
90
53
34
12
30
84
58
114
42
118
27
2
47
134
30
103
129
92
32
128
67
87
66
39
105
102
96
75
18
128
128
89
64
58
61
118
7
116
23
121
139
53
96
87
135
30
40
40
41
4
140
134
23
118
2
1
40
40
21
15
133
36
108
135
63
1
104
63
136
7
13
25
50
26
49
86
134
114
90
89
136
65
1
114
75
4
18
130
24
49
12
88
31
99
50
84
90
129
7
11
115
65
71
18
18
55
114
58
62
33
133
100
33
100
60
35
4
97
65
66
55
29
68
59
13
56
64
23
28
128
66
36
64
52
139
114
39
77
5
23
72
102
91
64
47
65
113
39
24
130
45
15
62
130
95
120
62
16
94
32
33
19
46
113
110
80
1
126
31
84
60
9
37
113
104
52
46
44
108
96
111
116
47
56
61
55
111
3
108
31
112
69
14
84
82
85
133
66
76
84
121
129
118
95
35
96
127
97
64
87
14
35
63
77
107
96
32
53
135
51
83
117
13
130
118
88
61
13
85
102
121
26
63
106
24
29
33
80
27
32
139
98
97
115
135
81
66
115
35
15
5
41
67
53
75
31
63
142
18
90
118
143
117
28
129
26
41
134
13
38
9
33
136
46
9
74
4
15
49
53
39
54
52
42
136
85
73
83
117
136
49
46
109
54
31
51
130
7
99
60
79
49
49
27
56
43
47
108
128
48
124
54
29
0
73
97
110
64
134
128
28
69
19
53
16
93
44
20
110
128
16
93
15
107
105
20
98
139
4
109
69
103
99
56
32
135
62
10
140
11
106
33
2
4
47
58
41
97
102
38
30
83
74
56
99
23
137
109
17
118
131
109
140
50
100
30
110
141
45
141
131
104
128
102
40
41
142
1
22
55
3
97
100
76
64
6
54
26
54
75
11
42
60
142
52
66
4
79
24
6
114
102
140
47
1
88
90
110
77
103
33
64
48
54
100
67
35
138
137
75
51
47
51
39
31
22
79
2
12
102
109
109
7
95
89
0
143
126
104
46
112
143
124
109
91
83
83
84
105
24
141
59
46
58
46
126
47
49
35
9
107
142
79
74
0
132
74
55
140
47
128
100
40
8
49
15
111
14
55
5
128
102
42
132
143
41
0
107
89
93
14
108
56
40
54
84
116
21
24
87
131
75
132
46
87
72
14
5
115
60
73
90
41
118
118
135
46
73
60
62
121
19
1
79
119
22
138
8
8
36
78
12
84
120
54
87
35
20
5
100
40
25
40
92
11
13
118
142
47
132
35
0
52
43
110
69
70
101
110
93
65
62
5
84
1
16
111
13
34
142
46
15
110
60
20
130
36
132
11
100
127
30
14
74
83
131
27
15
74
57
89
50
78
92
78
84
129
25
33
107
17
88
83
88
105
103
135
18
134
128
101
142
103
84
101
143
119
70
124
121
106
78
85
94
28
115
85
92
35
40
107
107
45
32
117
62
25
70
39
33
9
25
90
76
70
17
63
6
116
25
35
93
70
89
128
15
72
32
35
12
31
61
106
61
138
127
53
116
65
32
57
117
141
47
28
29
20
18
82
99
7
124
124
77
85
39
132
81
121
123
11
110
121
4
126
95
39
76
50
21
35
140
9
77
1
76
77
118
95
69
18
69
110
51
122
66
106
138
101
53
104
76
105
101
0
77
9
92
1
84
134
9
60
106
18
18
44
104
45
91
12
55
112
90
32
32
88
73
8
12
133
56
23
108
78
93
127
104
60
29
9
73
106
108
22
104
108
122
11
78
143
110
13
68
73
26
134
86
136
112
102
33
120
127
133
143
35
36
61
0
87
89
60
22
120
93
10
90
13
138
107
51
117
91
72
30
83
117
10
108
12
128
115
87
135
24
10
62
25
7
70
3
23
98
116
31
135
118
97
51
137
53
72
138
141
106
18
80
84
124
90
85
100
52
13
133
62
66
70
72
32
136
118
44
43
13
117
30
100
113
53
100
118
98
63
8
34
134
53
115
48
34
80
115
16
128
47
134
91
33
21
114
88
21
26
92
43
46
33
9
64
47
109
116
138
37
51
70
62
113
135
52
99
36
45
47
36
52
46
133
7
67
27
19
41
120
74
96
89
24
101
21
74
80
114
35
7
90
134
21
75
91
28
92
17
114
66
131
35
37
17
35
130
89
15
47
68
26
105
123
27
123
58
16
25
45
35
0
113
82
97
65
60
64
31
55
7
17
89
131
30
30
82
96
124
8
92
53
136
58
5
28
28
73
102
48
77
105
43
39
93
9
89
95
30
48
125
0
136
101
101
105
143
130
123
61
9
2
91
92
41
101
94
92
79
48
104
56
142
111
117
37
26
48
83
114
46
56
22
47
136
140
99
6
64
108
27
81
92
42
46
0
134
120
62
15
43
140
82
14
139
109
63
37
99
134
88
32
77
67
85
3
55
6
67
119
139
50
94
56
78
74
58
77
95
92
61
41
69
61
111
57
118
81
1
95
53
88
124
74
85
38
105
137
62
61
83
45
130
142
15
15
63
120
137
47
48
77
81
27
103
27
42
65
134
142
113
67
53
99
95
124
7
3
46
127
59
49
63
18
53
130
75
19
103
4
28
134
83
10
23
28
46
59
37
67
75
70
53
75
135
88
136
138
51
64
28
75
140
67
118
8
5
105
140
68
132
64
5
97
85
60
75
69
26
36
55
20
8
37
123
10
106
39
127
112
84
136
135
124
49
19
15
30
123
38
84
27
14
136
27
44
30
30
76
88
17
7
25
88
6
1
74
34
65
76
100
114
69
10
0
63
101
49
2
38
11
93
98
25
85
127
61
4
91
1
18
14
26
1
49
130
54
84
98
34
66
125
77
87
137
18
137
138
30
73
59
131
6
124
36
93
49
110
64
102
13
79
39
129
111
130
118
137
34
14
7
116
104
137
94
140
104
30
44
123
104
35
57
140
44
81
1
39
141
39
55
74
92
27
3
20
59
42
105
98
95
86
20
95
136
40
65
65
121
81
25
136
86
75
25
97
57
137
95
13
94
46
71
81
79
40
141
19
44
92
75
109
132
105
40
103
116
9
5
87
5
122
100
97
78
103
140
14
99
81
129
65
29
140
112
16
61
16
19
22
100
37
18
135
52
94
34
84
61
45
1
67
45
105
25
97
69
131
46
136
65
41
15
82
35
101
66
1
143
93
20
73
142
18
68
96
91
41
119
60
85
12
111
60
55
12
142
106
54
87
118
15
133
66
119
0
67
81
122
133
9
12
112
11
122
61
37
10
84
104
67
1
55
84
102
139
47
112
30
140
135
9
56
140
98
31
33
29
81
99
29
17
128
30
66
106
53
66
11
12
120
97
27
50
134
110
99
83
123
18
117
124
82
18
116
21
143
83
129
2
28
54
69
143
112
126
117
128
11
60
116
100
8
135
85
82
131
132
108
36
80
143
131
143
28
104
119
104
20
17
106
17
20
106
56
80
50
131
73
36
143
82
73
65
120
19
101
118
34
78
67
129
117
114
29
102
142
63
74
47
45
117
24
101
128
132
107
8
118
129
110
8
26
67
8
92
4
118
111
118
80
35
45
35
45
7
61
32
121
118
124
118
11
70
14
129
91
123
91
109
4
14
101
49
131
3
33
11
135
129
6
76
121
129
36
4
65
34
35
121
21
74
139
22
109
3
128
20
121
99
120
115
112
89
12
136
32
44
35
2
34
135
66
62
140
33
92
110
20
92
130
86
91
77
112
66
50
60
100
20
61
5
11
117
81
106
39
109
108
132
121
106
134
86
92
103
3
71
20
56
5
112
29
117
89
111
79
102
55
108
62
31
44
62
53
29
28
72
117
117
30
76
7
90
61
102
83
76
29
80
14
37
14
94
96
20
17
86
26
96
23
134
12
33
7
81
66
98
79
54
10
138
91
62
142
69
60
8
96
62
55
89
116
132
92
5
5
83
70
14
125
33
85
45
5
61
50
118
97
84
33
89
54
127
54
72
109
111
56
136
104
91
16
119
40
59
111
92
137
84
62
105
22
131
110
16
62
71
8
124
81
62
60
82
19
34
36
70
85
136
47
76
4
132
140
100
73
130
8
84
94
67
17
103
61
133
78
38
51
124
0
73
35
119
133
94
134
123
98
102
132
86
41
84
82
128
32
87
24
42
118
75
3
30
53
65
63
72
126
27
69
81
82
71
42
135
41
109
17
24
133
6
139
22
140
97
0
32
25
47
121
78
28
93
140
36
136
74
140
90
44
23
120
66
106
97
83
106
101
28
138
17
97
31
69
36
67
81
102
78
9
28
41
28
91
31
52
95
45
37
143
143
79
107
95
0
135
77
74
11
28
11
97
90
78
61
49
59
100
127
46
141
143
85
10
81
10
109
55
51
3
97
24
29
95
88
103
35
92
35
116
41
25
16
76
97
28
55
28
120
55
44
23
54
55
132
100
66
109
139
16
130
141
31
49
11
41
139
84
100
97
116
61
18
97
69
127
36
45
21
110
40
34
85
1
57
139
1
8
67
139
56
86
139
62
4
25
17
141
39
119
39
114
90
110
4
5
16
44
125
141
44
101
122
112
66
69
129
55
84
54
71
101
102
112
111
116
139
8
28
56
114
90
50
11
115
55
60
105
112
110
82
16
95
114
13
97
136
50
114
93
104
130
105
60
91
19
60
60
38
90
38
41
12
1
9
114
68
74
60
27
106
143
21
86
101
130
67
39
40
70
103
35
114
95
86
130
84
113
79
23
127
70
127
101
71
73
121
129
52
45
25
9
134
117
61
53
12
57
126
4
95
133
62
11
32
49
50
133
143
102
127
113
120
133
85
74
64
76
109
94
19
131
115
31
88
75
34
118
83
130
55
46
41
40
0
11
3
73
79
103
81
34
18
80
37
39
100
48
28
141
55
8
31
31
3
55
87
126
48
23
110
84
130
6
66
62
33
100
105
84
75
64
1
125
69
61
120
84
138
56
36
13
18
129
7
123
41
11
61
68
62
71
131
42
30
136
107
25
119
47
113
34
34
78
97
107
28
18
81
123
48
18
88
135
78
130
10
140
118
22
84
87
135
34
90
129
4
22
10
18
108
63
56
36
110
11
29
62
28
78
11
136
21
37
129
11
109
96
42
31
115
28
91
25
126
1
142
74
124
126
120
51
141
48
127
124
34
109
122
108
17
94
111
118
129
64
48
128
18
126
130
42
67
11
78
108
74
16
41
99
143
73
4
70
135
125
11
25
101
118
126
106
88
14
2
77
130
39
0
4
72
135
141
28
77
116
12
48
120
88
120
129
98
57
19
136
137
116
100
22
63
114
130
13
141
24
135
102
75
143
59
71
0
98
61
115
58
12
16
20
143
111
92
83
123
142
21
101
75
12
80
1
91
12
83
70
90
63
90
1
137
41
85
96
114
37
114
26
129
40
123
75
34
35
137
119
31
12
107
112
10
6
82
67
142
132
63
21
57
74
103
89
136
49
67
17
81
118
79
116
62
53
19
10
124
112
67
111
116
35
135
48
14
112
57
116
6
56
41
32
6
135
132
97
41
128
10
1
46
12
142
132
29
120
110
86
2
41
131
87
41
19
12
42
23
53
61
95
135
34
116
60
51
0
142
82
86
9
57
116
17
110
87
106
22
9
112
56
25
39
126
86
27
125
68
82
41
41
123
130
123
56
89
96
22
87
79
59
16
3
21
97
50
70
50
40
62
20
58
112
58
138
73
60
140
68
138
12
65
50
4
42
71
39
9
106
106
0
41
97
110
109
36
92
50
34
24
69
10
82
84
124
88
111
140
65
57
126
82
34
40
102
81
35
139
21
82
76
87
13
133
23
41
57
61
143
121
62
143
51
127
0
106
99
131
110
45
30
96
76
99
92
70
10
50
32
49
42
19
41
32
31
123
78
92
87
142
92
84
73
127
91
126
112
138
99
31
63
107
68
16
40
70
34
57
99
74
106
133
121
63
10
3
48
22
83
34
61
101
19
69
121
66
7
8
94
126
74
119
100
54
62
74
66
140
13
57
41
52
137
20
34
138
41
124
28
13
71
106
74
118
129
121
3
1
23
80
143
43
21
112
105
3
63
103
112
42
119
114
65
0
23
22
3
54
136
77
120
33
31
0
35
0
34
15
22
98
106
33
33
98
100
43
4
66
52
15
66
46
25
29
34
109
4
2
134
93
123
70
131
57
9
110
14
114
26
70
30
40
29
20
80
72
100
43
30
76
64
6
6
117
48
69
13
103
61
108
102
29
89
57
112
40
5
129
59
13
43
132
116
74
72
125
90
0
51
5
105
14
141
50
9
102
1
6
104
25
61
12
49
116
59
132
121
48
47
14
12
111
12
116
45
15
95
96
9
29
27
101
69
128
5
40
5
92
69
0
127
83
133
24
19
139
87
139
91
93
28
85
12
138
11
135
94
24
126
102
51
140
60
8
40
120
67
138
39
75
33
140
19
139
51
7
132
56
56
115
1
11
10
54
118
98
60
126
32
93
36
113
74
112
78
59
88
74
4
4
88
139
135
28
113
120
118
68
108
3
18
92
38
43
38
43
0
60
58
106
85
120
58
34
60
9
33
25
123
20
73
121
0
142
3
7
122
102
116
116
49
141
9
103
27
123
100
33
128
55
68
20
22
122
142
140
136
114
140
138
90
17
112
114
90
120
114
103
103
93
129
115
69
8
50
21
22
44
76
23
87
42
4
136
76
140
90
60
99
89
9
122
99
139
139
21
88
72
20
43
16
62
137
33
48
94
88
92
55
12
55
34
24
100
118
3
68
84
85
122
47
90
23
30
9
143
97
68
27
107
33
3
138
116
6
129
121
30
94
76
101
90
6
23
70
97
2
25
15
107
26
78
105
99
30
11
131
99
2
105
117
115
55
5
117
105
131
61
88
94
76
49
18
80
68
91
86
67
76
6
15
94
89
91
66
19
41
95
62
41
99
42
30
41
33
102
107
43
11
115
1
47
48
34
97
19
89
69
86
73
141
56
130
26
89
31
37
91
31
94
31
52
41
106
100
56
85
46
83
94
76
10
119
27
64
110
101
142
125
69
140
61
22
39
116
10
70
122
140
142
72
2
117
22
73
24
98
77
117
115
116
113
88
21
11
73
47
34
101
56
67
140
67
64
39
19
8
130
67
14
122
111
77
123
40
37
61
93
102
88
83
57
107
35
141
93
32
101
17
73
90
110
69
43
46
132
90
0
8
131
19
110
114
24
115
87
12
8
66
57
116
83
133
141
5
137
19
70
75
124
132
47
83
30
14
83
33
42
125
10
125
42
116
49
21
29
55
46
46
113
84
125
30
137
68
68
113
107
72
123
61
32
139
62
7
139
101
111
79
104
141
94
74
11
94
14
58
74
0
96
100
54
33
140
55
24
22
90
76
42
59
125
74
84
33
110
48
51
7
85
65
61
2
137
57
42
96
87
12
87
130
46
136
102
126
42
21
37
90
130
92
110
113
51
10
106
89
86
24
122
101
21
82
85
20
95
80
21
124
109
82
138
72
11
109
121
19
108
97
97
76
67
82
61
8
16
53
7
55
138
138
5
63
114
47
140
65
61
32
60
33
30
126
73
128
22
106
9
10
7
12
108
105
8
121
48
19
36
36
108
22
56
55
19
104
112
48
131
17
120
71
52
19
19
91
101
124
133
124
36
40
72
109
114
47
97
70
58
99
91
58
41
75
23
78
58
32
17
91
17
93
54
138
32
107
36
60
9
120
54
109
133
93
133
26
9
37
15
75
6
43
99
52
19
43
27
24
106
11
16
60
0
122
26
26
107
138
0
24
73
102
47
52
23
79
137
82
113
70
128
94
59
121
114
84
93
94
100
125
1
32
130
83
112
10
21
86
83
13
140
60
130
4
59
33
34
108
42
21
116
84
64
129
105
129
50
96
31
122
108
86
82
82
13
65
102
76
101
48
130
1
82
53
137
110
56
142
86
134
75
31
74
69
77
89
4
80
93
74
37
47
127
79
92
93
41
69
33
84
107
26
15
23
23
118
74
27
64
121
92
12
29
102
33
54
134
76
50
130
142
28
67
122
97
62
137
74
96
9
6
33
138
92
74
15
140
59
28
73
5
60
130
23
110
3
140
119
14
21
57
4
68
124
82
53
65
127
54
79
121
43
54
14
88
61
30
68
137
90
11
76
68
43
138
115
40
9
106
113
18
112
51
55
103
91
106
66
129
61
14
143
130
55
19
28
14
28
62
124
37
83
99
3
64
58
42
62
81
82
23
42
48
64
96
123
76
14
17
26
116
9
36
26
26
59
36
115
124
59
134
109
137
20
118
57
119
123
94
52
47
99
123
50
19
82
114
87
102
125
137
28
133
25
83
27
92
34
43
82
95
100
27
82
25
60
35
36
122
49
16
8
19
23
61
0
7
85
112
72
6
112
33
89
102
51
65
82
3
76
91
58
114
123
21
85
49
16
1
133
32
89
124
59
95
126
89
1
124
97
16
30
113
3
39
126
49
37
49
136
27
131
59
105
45
143
136
69
4
52
8
139
8
114
15
8
15
81
60
30
64
31
9
8
19
92
123
42
99
41
61
51
72
52
109
93
59
125
120
143
54
69
116
97
101
61
138
95
142
123
121
7
129
125
3
43
106
18
134
54
6
129
89
92
12
118
118
58
60
14
120
113
134
94
94
100
81
119
131
108
52
25
110
113
24
102
41
121
108
127
138
46
103
21
25
138
81
54
129
115
100
29
37
83
30
128
55
93
81
84
37
102
138
98
78
34
38
119
30
73
68
138
98
60
58
2
33
84
5
12
97
65
93
103
53
10
117
128
35
34
30
108
23
80
17
112
128
106
40
87
117
84
16
141
10
81
141
122
52
34
6
139
12
84
15
73
142
131
34
88
6
139
69
70
112
64
140
131
88
59
94
17
106
125
81
38
32
64
103
95
112
67
95
66
33
139
89
80
102
115
121
70
122
69
102
85
38
25
63
99
115
85
69
14
141
100
64
48
115
1
35
80
133
101
13
102
124
65
40
1
133
69
10
12
6
139
94
100
53
101
66
130
115
76
66
53
77
92
69
26
24
92
131
30
65
130
43
117
105
33
103
80
143
21
13
117
100
32
130
103
35
59
11
108
117
133
114
131
13
85
50
37
35
143
88
9
10
36
84
10
109
6
24
16
28
107
28
47
2
76
112
39
14
30
10
56
95
21
51
56
63
107
33
63
136
102
5
126
123
116
100
12
84
28
102
26
97
100
77
107
59
95
126
86
66
6
44
135
36
109
44
118
96
25
60
83
34
115
0
66
93
87
86
72
33
66
80
103
60
33
12
115
30
121
115
123
92
119
46
33
90
21
37
41
75
34
17
63
45
119
6
100
25
52
15
56
57
137
29
115
125
136
107
74
26
90
99
27
48
23
107
102
27
18
16
37
66
68
114
128
118
35
110
20
125
125
140
120
84
37
16
78
46
84
111
23
19
107
58
44
108
24
142
74
89
44
48
50
26
54
140
103
9
119
134
123
33
57
15
107
124
5
33
56
115
98
9
119
93
29
102
123
57
32
123
95
34
48
100
53
107
10
137
19
103
64
55
77
55
114
137
94
3
10
113
125
79
98
131
8
59
74
57
37
137
34
64
120
107
55
41
81
142
58
18
47
98
75
112
143
128
64
23
105
121
130
121
38
35
38
101
133
52
1
65
23
108
117
1
16
73
34
93
83
32
126
57
63
26
73
99
35
55
39
6
69
10
19
29
130
105
105
57
41
43
108
110
68
50
137
50
143
74
40
98
57
102
30
55
129
26
117
41
43
87
137
135
109
98
118
70
37
89
55
40
128
127
136
57
82
90
134
105
68
63
51
109
97
142
86
51
68
51
61
114
13
68
39
48
103
92
32
36
89
19
95
24
24
78
24
139
15
116
112
113
106
47
70
82
58
33
80
80
54
101
36
110
66
1
140
90
105
45
138
4
62
77
89
3
54
105
71
133
140
64
95
5
136
64
60
41
61
126
75
56
74
46
131
29
74
10
126
94
104
133
105
18
52
93
82
40
85
122
122
41
137
103
97
141
4
5
18
87
45
61
77
92
78
67
50
7
133
31
142
103
50
90
49
46
17
55
115
87
91
125
56
120
63
23
40
0
3
46
77
115
75
7
11
85
50
79
33
142
105
120
117
97
126
88
113
36
102
113
94
138
37
88
115
101
28
30
57
33
94
19
101
113
84
20
59
126
6
52
136
93
20
88
108
89
45
70
48
89
58
113
139
46
110
133
66
58
33
109
121
107
110
131
142
121
65
93
30
49
134
62
14
52
40
85
74
83
62
42
140
7
57
77
115
139
7
7
79
72
100
116
39
131
106
119
55
7
50
103
59
119
42
119
41
116
27
52
41
141
109
9
36
16
124
57
46
36
36
99
51
107
124
141
66
35
109
112
134
36
59
87
110
110
46
4
134
123
134
56
130
106
70
142
23
41
98
38
116
34
22
75
142
46
44
126
37
43
54
89
65
131
72
115
110
9
30
66
4
122
6
76
133
16
60
134
136
19
59
112
78
39
140
23
142
8
122
38
88
88
65
112
124
44
74
18
10
130
18
88
59
82
86
53
100
15
23
53
53
9
126
25
138
80
26
129
112
134
138
41
86
99
39
53
48
137
112
77
23
71
95
41
16
82
99
51
65
67
57
119
114
29
20
71
23
114
21
98
71
66
82
12
59
39
66
137
85
81
83
63
14
0
65
102
9
11
69
120
137
36
130
45
136
84
139
139
76
68
77
81
19
21
122
19
122
24
4
134
71
139
100
67
0
