     139.9151751      34.44337932      9.523349501      14.64584754      5.128158435      4.465686133      3.049465562      7.839242354      2.003860629       1.29461867     0.9605454832      1.322102496                1      0.448173916     0.3385980613     0.5092356768     0.9267904943      0.831725862     0.4731181468      1.176498932      1.468467485     0.8472628898      1.221960613      1.062056032     0.5684375234     0.7652954524      1.012906618     0.4432556543     0.1532463918     0.2176162115     0.1902696936    0.03949152518    0.03773084539    0.03311332446      0.221348029 
    0.7413693873     0.7881257049      1.252004483      3.140402048      1.638559652      2.216321488      2.282393795     0.6374633649      0.960193079     0.9076781783     0.7756775709     0.9683711426                1      1.471510582     0.6272773782     0.7515055262      3.502972156       2.26990757      2.462045783      4.033917052        2.4231466     0.7858920503     0.5082473357    0.08919883713    0.08176594482     0.1305500825    0.08992396774    0.08591446332    0.01178163992   0.006048050833   0.004713547637   0.001843304986   0.005311751803   0.002261492861   0.007892132202 
    0.8386530982     0.9180491386     0.6801027027     0.6288295057     0.7672711344     0.5416689767     0.6921592985     0.7796752684     0.7115044829      1.890495243      1.333146926      1.345829666                1      1.175369131      2.023714934      1.276939593      2.315517101     0.9077831099      1.931260287      1.430585211     0.9071697168     0.3168464005      0.390203184     0.5119456876      1.009831814     0.1552615135     0.3043856025     0.5509450384     0.3537442158     0.1596586253     0.1397433718     0.0523451652    0.03149461692    0.02429049909    0.01776950732 
     0.534578413     0.8148810599     0.3913290613     0.3576780862      0.729207807     0.8358795256     0.5572591995      1.498593046     0.7610187802      1.988440359      1.840387843     0.9544751875                1      1.121600223      1.398186231      1.777199243      2.682569663      0.702350205     0.5155796508      0.482675662     0.2572057219     0.2110422558    0.04013851065    0.09239400078     0.1473911845     0.3865070253    0.09495561352     0.2947425622     0.4190066152      1.383506266     0.8099858447     0.8461777702     0.1952681884     0.1274027241     0.1610248755 
     1.027626652     0.2887724729      1.113220155      1.044842383       1.08461965     0.3315983023     0.3371542696     0.4815476291     0.5513421494      1.222892777     0.6882421971      1.228410525                1     0.6402406973     0.7721414513     0.4649609521     0.6889001053     0.3590496963     0.1012781317    0.05839160676    0.03893435706    0.04692616489    0.04200387765    0.05243899653    0.02725046874    0.05410517146    0.01856583436     0.0110727473   0.006101022717   0.003765116649    0.09356778489     0.4346198432    0.03170548877    0.01628812638   0.003540230613 
    0.1224221843     0.2061441785     0.1777738699     0.5078462512     0.4539104537     0.2502720469     0.8483507637     0.6848705399     0.6212879315      1.372536016      1.019069998     0.7939731328                1      1.254724834     0.8464628983     0.9592259315     0.5412509411      1.362484304     0.7173542058     0.5753967279      0.435160214      0.300868369      0.241705239     0.5762884177     0.0971444473      0.165422654    0.02814308295     0.0131535298    0.01464777221    0.01099197465   0.002095564034    0.00777405922     0.0106705927    0.01992522992   0.006825493709 
    0.3009449918     0.2865612011     0.3414953176     0.1858972822     0.3039293589     0.8937311626      2.128031946      1.457818291     0.9466299171      0.754569239      0.775744959     0.7416460547                1     0.7840381992     0.8177597971     0.8116130623     0.7222925131     0.4746377819      1.287584499      1.379313533     0.8161944044     0.7262764981     0.3924036903     0.3530862927     0.2142581765     0.1868291207     0.2036597951    0.03088681023    0.02896914916   0.006342034485   0.008256399448     0.0149950856    0.01030427701    0.01301163424   0.008813705434 
    0.5321935486      1.075056065     0.5138911628      1.282446352     0.3955583709     0.4327226852      0.737377295     0.9723579814     0.5011421202     0.7571645759     0.8886054304      0.963376252                1     0.6272276816     0.5667307396     0.8851999513     0.4948744847      0.888885123     0.3521642827     0.2168363847    0.07241211774     0.1064572857    0.04626200642    0.02600416547    0.01992545004    0.01208681039   0.004122472335   0.004744295548    0.00340361368   0.001488468061  0.0009026129207  0.0007517880367  0.0002884798444  0.0005407645317   0.001539647089 
    0.0490195602     0.1544757037     0.6149209121      0.595453768     0.9343654735     0.6795206956      1.231383071     0.9873304853     0.7851301042      0.492876414     0.8568096354      0.616814332                1      1.008541441      1.262105904     0.9669763709      0.965834869      0.715563167     0.9309107624       1.12318337     0.9524057095     0.5659723917      0.180066655     0.1191225395    0.08219060489     0.4757749673    0.04225272748     0.3949948795      1.090389951    0.08514454693    0.09842193606    0.04548674037     0.0391508737    0.02718143869    0.00333825997 
     1.880934662      1.141705814     0.2971706145     0.3822335774      1.752962468      2.244844319      2.617831987      1.451864781      4.740436188      6.301275571      1.939323417      1.671704004                1      3.001244551      2.383713205      3.294517107      4.934353658      5.744385397       1.97075933       3.54073865      1.694751547      1.739104385      1.649572679     0.8666243505      2.085740131      1.251937277     0.4119004215     0.4355725232      1.168018374      6.260460806     0.5614022205    0.06993327624   0.007288054649   0.004703176097   0.002890999705 
   0.09110942438    0.08736639725     0.2668262649      1.510442028      1.186215126      1.876077404      0.813247805      5.232019237      7.940785337       2.48340681     0.9787674474      1.522243232                1       1.71474525      1.291267247      1.121698911      1.112724346      2.326959549     0.8759796239      1.152831793      4.314572178      1.295143149      0.953864344      10.57506564      3.638369129      4.990890231      2.417220515      1.199736915     0.5648669433     0.1392735997    0.05327026856    0.09866232534    0.09445917161    0.06083753943    0.09755043631 
    0.1132749749     0.3633886541     0.4294090069     0.5571021762     0.2489379636      0.205050042     0.4236891685     0.5772858714      0.750230256     0.7511319739      2.134603111      1.386144539                1     0.8292927441     0.5353731113      0.401757273     0.8306861006     0.7786734305      1.689262147      4.120930856     0.6959371784     0.3543030886    0.05640764992    0.02758983903    0.06122040074    0.02808827141    0.01213934241    0.00699584859   0.002848419539    0.00120460353  0.0006294823758   0.001062438832  0.0005483888211  0.0004930958292  0.0004276793858 
   0.03793867292    0.06384023236    0.06020133664     0.0974554209     0.1336158051     0.2337599518     0.1640518425     0.3421499447     0.3484480365     0.3210190984     0.8079832627     0.9050273477                1      1.116846855     0.7212172201      1.038658499     0.4483659633     0.4698247242      0.387961101     0.5705287112     0.6420660184     0.1519652481    0.05387475482    0.05011230305    0.03568894594    0.07703199448    0.05479677338    0.01815677946   0.006559811092    0.00539644102   0.004415749849   0.004242172034   0.002550237463    0.00125422659   0.002523146299 
     0.265043947     0.2341065639     0.1751799584     0.2997506527     0.2723167572     0.1905299468     0.2664975613      0.429822822      0.527094064     0.3823808073     0.9745151165     0.9358910137                1     0.7856897539     0.6420663157      2.140119866       3.94728466      3.477152956      4.779690408      1.897851126      1.165902481      4.984414909     0.8153219508      0.314359715     0.1185745214    0.04598791798    0.05679691516    0.05712191645     0.0352500359     0.0791770441      0.421039293    0.04690887306     0.1457671699     0.1436906212     0.1059224767 
   0.08588044347    0.07073169524    0.08218254786     0.1106211961     0.9940196203     0.9904988315      2.703508207      2.366630379      2.033729659      1.710360123     0.7616366992      1.779294133                1      1.293196051     0.4100812019     0.4907814589     0.7066377205     0.2477160995     0.2856078473     0.1335473606     0.1095890651    0.09435480546    0.08208629915    0.05717293807    0.08405209769    0.06142398261     0.2405678212     0.1470242306     0.0144567313   0.006062297905    0.00588525329    0.01147760904   0.002159495588   0.002924763918   0.001056890983 
     1.170130305       1.27321108     0.5224658984     0.7574602842      0.344558371     0.9730508267     0.5115006522     0.3946913751     0.6054150795     0.8923501354     0.6236628036     0.6592543945                1     0.7753387656     0.4465304899     0.6291720368     0.3452464363     0.1635427933     0.3598803754     0.3723258358     0.4324997292      1.973212211     0.5026675021     0.3958397875      2.133029539     0.3873002813     0.9478574364    0.04084180775      0.107628144    0.02563754594   0.007589610233   0.009921835343   0.002441793751   0.007251574282   0.002884675864 
      2.56528577      1.804806807      2.265533225      1.050748852      1.951122731      1.380301931      1.318395727     0.7401164287     0.7755726556      0.701802799     0.5706459577     0.6375066816                1     0.8377445918     0.6390906106     0.3215508571     0.7601592605      0.572081381      1.101903305     0.3060579019     0.8533795924     0.4204995954     0.1401007061     0.1143361748    0.07826327077    0.09747651621    0.05025154156   0.006102463024  0.0009598530063  0.0005563781605  0.0003898789392  0.0002207532785  0.0001956374231  3.057718186e-05  4.668007612e-05 
    0.1331847245     0.1452076422     0.1286404404     0.1662904778     0.1075352163     0.1249406407     0.3008229346     0.4571470466     0.9447324888     0.5176694835     0.5100783358      1.249048129                1     0.7584975371     0.6008488369     0.5385755658     0.4817784952     0.4309486636     0.3778996154    0.09875833316     0.3135969118     0.7462161569     0.4985400342     0.1461516798     0.1504330542    0.07194913118     0.1348953424     0.1463206016    0.09229069385    0.05699032721    0.02076879289    0.02146616858      0.018353081    0.09396912883     0.1812414804 
    0.3390223518     0.8061431033     0.8084363274      0.919724882     0.6889522293      2.555633379      1.255274292      1.095869413      1.141848974      2.257208036       1.16349968     0.9557705059                1      1.084159633     0.6647593594     0.6408900706     0.6377581762     0.3970711029     0.2641463376      0.152708171     0.2595791648     0.2756115226    0.04316706791     0.1214303729    0.06937513198    0.02525017543     0.0235091967    0.02361653213   0.009915225732   0.005694047601   0.001838517679   0.002051796765   0.002200953159   0.003787824866   0.001717573889 
   0.08535183375     0.1437550817     0.1191048375      0.332178447     0.4667933959      1.491922807      1.424159945      1.237258038        1.7109088      1.623605222      2.390292772      1.072469844                1     0.9061252734      1.285592036       1.05811526     0.4044171638     0.2105159394     0.2100326049    0.05284488228     0.0252351972     0.0398881541    0.01031702357    0.01068970013   0.004605643021   0.003667435746   0.001521636857   0.001594113056  0.0005849131047   0.001087206362   0.000531621365  0.0006068518995  0.0003462441643  8.367452768e-05  5.976010569e-05 
   0.09527000228      0.123279121    0.07565795716    0.08123598499     0.1100321558     0.1967422104     0.2204874725     0.3358537732     0.4459423172     0.8610553016     0.8627327656      0.948608248                1      1.489147221      1.514673213      1.635464033      1.682343918      1.202061502     0.5864542989      1.055080142     0.3347142955     0.6874518581     0.1548849169     0.4499681439    0.09802043369    0.05629198686    0.03900116024    0.04623368615    0.02551014552   0.007880981744    0.00529864402    0.02046351702   0.003447181891   0.003453101537   0.007499983616 
   0.09748053119     0.2092590364     0.2258501761     0.4187535641     0.7060799309     0.1913870953     0.5088263228     0.6165312828     0.5585777041      2.166642386      1.453604427      1.388425779                1      0.796413998     0.8590896721     0.7453868765     0.8864888399     0.8977020079     0.9756099134     0.2994512091     0.2250200491     0.3567027825     0.2978252675     0.1616163738    0.05245336762    0.05489441612    0.03562071072    0.04229481419    0.01852941937    0.01168634677   0.005479085693    0.00438697549   0.004744911248   0.002758344525  0.0008625183986 
   0.01189706003     0.0098449458   0.007094123832    0.01205905493    0.04116666306    0.05052136059    0.05630484455     0.2004428249     0.2425106891     0.2504107105     0.3481175022     0.4609114473                1      0.697070293     0.6944191868     0.4669221807     0.3184907195     0.7628024484     0.1798443805    0.06964822198    0.04865561191    0.02437497296    0.03421885951   0.008324980688    0.01104906706    0.01346421211   0.001630663723    0.00427957172   0.002506881683    0.05396154306    0.02606556423   0.008888287055   0.005420246491   0.005879849519   0.002634452309 
   0.01154945489    0.04468354054    0.09962953754    0.07483158392     0.2322933591     0.1613468713     0.1001095905      0.464600407     0.4891935831     0.3428233194     0.4834172739     0.5235403672                1     0.7086542773     0.5475821871     0.3009321372     0.2239775381     0.2211610483     0.5537322128     0.4236098033     0.1470119404     0.3129474564     0.2824650297     0.1002119237    0.04577010631    0.07374361631    0.01806757873     0.0197364124    0.02149414258    0.03128396871     0.0182048843    0.01079107809   0.008780436625   0.005024970617   0.008991754518 
    0.6446076213     0.7470738704      0.601289338     0.5311618562     0.9940879443     0.7770465578      0.622355919     0.9765517102     0.3172989561      1.300357074     0.7004155537     0.9726440195                1     0.6558040117       1.19554997     0.5535308235     0.2493206501     0.8547450173     0.2598909594     0.6746782894     0.5184825105      0.202173179    0.08998917416     0.1005017794     0.1450698738    0.06541074644    0.05164133978    0.01887053304    0.01279520305   0.004103696183     0.0036080248   0.002955205467   0.002510207087   0.003731577697   0.005625915942 
    0.3614265786     0.1217581464     0.2854243845     0.1624263454     0.3310139681     0.3439027128     0.4025524392     0.5812538233     0.8204571587     0.6229505579     0.4522718488     0.9911499453                1     0.6658901934     0.4217961589     0.2896702855     0.4865157635      1.481572334     0.4702805199     0.1488957091      0.131311821     0.2489998332    0.05408878369     0.1068679021    0.02421658652    0.02431303468     0.0253736243   0.008038325911   0.004081430071   0.003122499376   0.002441388163   0.001827755306   0.001590748473   0.002342073218  0.0002776076081 
    0.6205455953      0.438552233     0.1706760055     0.3008483425     0.1786146214     0.3209537774     0.1914846192     0.3364283942     0.2285103164     0.5269373241     0.8237885143      1.149537385                1      1.793564197     0.7445509097     0.8046150137     0.9500341724     0.9480850615     0.6944795341      1.110580429     0.8865530204     0.3171478351     0.2542243694    0.07022267978   0.009949586501   0.005302022331   0.002952806131   0.003519256757    0.00209061883  0.0007448146917   0.001639583854  0.0009058144507  0.0005882688883   0.001643615237  0.0005275599237 
      10.1708855      4.012646466      3.855242369      3.797388171      1.473501737      1.082770751      1.456743522      2.936908329      4.965037174      1.282972296      2.093965079      1.500374914                1     0.9931353906      1.005669605      1.702426926     0.9489723522     0.8842113068     0.7208355563     0.5207615038     0.2681583968     0.3574808097    0.06054352323     0.1567311166    0.02043774093      0.028345051    0.01117357627    0.01003561044   0.007563645007   0.003903341383    0.01105006394   0.003341655991   0.002458723654   0.004119106129    0.02194650237 
   0.04000833419    0.07499588015     0.2323121741     0.8390805331     0.1839903094    0.09783260902     0.5620174512       4.68225476      2.537946187      1.342215301     0.9402557719       1.38416182                1     0.9589205879       1.23687958      1.664590804      2.211786709      3.514614666       1.46424107     0.6330027743      1.155878299      2.453180918      1.745638133      1.917382635      2.404912957      4.852561273      11.70013465      2.346895237     0.2598441404    0.03999055126    0.03713688891    0.05423376594    0.01308729917   0.004977718798  0.0009565008305 
    0.3480417385     0.8378984932      0.511591681     0.3131649089     0.7016105369     0.2911134658     0.3262106441     0.3504429178     0.4414962632     0.7159325933     0.4856948462     0.7896966563                1     0.7804860078       0.60741102      0.303746165     0.3500501708     0.2721400058     0.3361555574     0.4540574959     0.4306885606     0.3058950139     0.1021010816     0.1362163329     0.1863878286     0.1071296381    0.02322913726    0.03192394166    0.01847334389    0.04343212623    0.04574364522    0.08979048345    0.01567656558    0.01540737323    0.04198425645 
   0.01334072344    0.02735415208    0.02732227058    0.06611956008     0.1236180645     0.4214516803     0.3250841903     0.9502229789      1.545627955      3.202640535      2.133220026        1.1892341                1     0.8714579648     0.9586954165     0.2425701519     0.2560020787     0.4092029062     0.1926840425    0.08698947811     0.0445161025    0.05418317765    0.02473084246    0.07845486439    0.02711530145    0.01081198183    0.01142658734   0.002671018926    0.00551371582   0.003413406561   0.007720331875   0.002438745491   0.003587648397   0.001582470349   0.001319896728 
     0.110801923    0.09447811593     0.1399939715     0.1605433336     0.1594696217     0.1767183827      0.199702311     0.1970130911     0.3863596058     0.4733009855     0.5554547324     0.8945464629                1      1.065386518     0.7698455336        0.3551186     0.6507516765     0.3157445347     0.6019508962     0.1763633894     0.2027993561     0.2367295492     0.2294953603     0.1383959438    0.09038993359    0.05784634488     0.6250821634      3.675281139      2.608323563     0.8963008723     0.4523730679     0.1860629843     0.2880253243     0.5675665874    0.03759050801 
  0.005038232121   0.004082145865    0.05297871633    0.05833308803     0.1863134758     0.2911330963     0.3983404667     0.4115389374     0.3245656872     0.7451860976      1.290169732      1.003512637                1     0.7213174258     0.7500125482     0.4218637767     0.2933506898      0.318102793     0.2864657642     0.2803989511     0.4054070793     0.3729585143     0.1061844842     0.1328609898    0.07097867274     0.1375321397    0.09153066978    0.05175496222     0.1958134838     0.1550111834    0.07175882967     0.1366399775     0.1427140392    0.01402268369   0.007398972873 
   0.09547653885     0.0618324003    0.01520265188    0.07198352103    0.06645590802    0.03836746285    0.08241692885    0.06340853301     0.3403967716     0.2583846498     0.5052504971     0.7763644492                1     0.5368213945     0.8511141722     0.3727971904     0.2234669562    0.08532562245     0.1647684003     0.1637371017    0.09125609893     0.2539889864    0.08901513871     0.1141764992     0.3259090787    0.05482020751    0.02207632528   0.008341361388   0.002407204968   0.002093766095   0.002253534179   0.004137185401   0.002862168318   0.003056186834    0.01162491183 
     1.156990517     0.7160806969      3.289576933     0.9964963359      1.174367879      1.751230712      3.157384014      4.717749501      1.522695481      2.092060337      1.237824069      1.196723459                1      2.919593281       1.79616798      1.818152278      1.925161878      1.446099366      1.355143184     0.6323386931     0.5773005933     0.2828637367     0.5217941217     0.5508014938     0.2401950795     0.1357245646    0.02172100621    0.08692332361     0.1210025705     0.1268111787    0.05265397649    0.02995388533    0.01312620759   0.004110045214    0.01068778403 
    0.1248766983    0.06266974128    0.05715301208    0.07065106964    0.04969883405    0.09312428101     0.1535587794     0.1894263372     0.3733137032     0.3830094683      1.029748782      1.527847539                1      1.153829602     0.9739075413     0.7707673909      1.067918131     0.5809493973     0.2836836874     0.3293603662     0.3682719155     0.4958674282     0.2096645745     0.3856952946     0.3449750299     0.1831818177     0.1443795367     0.1248935957     0.1517774569     0.1020319621    0.04192114363      0.032597674    0.01929508294    0.01745605125   0.006557947574 
   0.08082969582     0.1935542988    0.06889739509     0.2983993403     0.2420719726     0.9698976446     0.8611661645     0.2496453701     0.3567039025     0.2885735899     0.4971507209      0.731780127                1     0.6136489297      1.124639015      1.699152525      2.550883773       1.52814527      1.600395851      1.296947902      6.509331555      7.561450314      7.452386822     0.8051951532     0.2703047175     0.1773889504     0.0737883655     0.1871807496    0.05221952163     0.4768487502     0.3850221426     0.4960381278     0.3606280031     0.3680937026     0.2122479295 
   0.02662555972    0.02997572458    0.01810319847    0.03182331828     0.1360585162     0.1146042482     0.1402067974     0.1174745203     0.1880095655     0.2290559993     0.3835845505     0.8843286016                1     0.6621352266      0.974745041     0.5486929865     0.3285602312     0.5672105365     0.1921074458      0.237254037    0.06826454902    0.03900822822    0.02318116671     0.0198139372    0.02033762007    0.03121567638    0.03375054389    0.02345614244     0.1269410956    0.05039555627    0.03954181042    0.01452881736    0.01516693549   0.008643953981   0.006396600866 
    0.1318175379      0.353599825     0.3328396972     0.1952943899     0.2961628804     0.3605745197      1.018242252     0.5268886968      1.038416967     0.5646924665      1.080559679      1.130838375                1     0.8520413184     0.9505094449      1.396909194     0.6960066001     0.7027250615     0.9608709756     0.2823023887     0.5291258094     0.3887841651     0.1954605564     0.1742704956     0.1688420295    0.02659978057   0.009901721664    0.00124380544   0.008178878098    0.01422170359    0.01577726649   0.009970380571   0.004170214587   0.002680109415   0.002434849878 
   0.06569526832    0.09312196843     0.1169314747    0.07444223288    0.06366704118    0.07679169255    0.07232685116      0.154146811      0.219749985      0.243073171     0.4130487012     0.7209677402                1     0.5120799668     0.5909273152     0.2135803215     0.3565722501     0.1866871968     0.2443715148     0.2656412914    0.08176547843    0.07618617034    0.03979837962    0.01688929397    0.04906962572     0.1853614226     0.0968040471    0.06226385148     0.1019532315    0.06588696678     0.1170890285    0.05872311421   0.008212308756   0.002029042532   0.003450239045 
      0.22945883     0.5836103018      1.240821231      2.050560048      4.425462032      1.164895944     0.4761222739      0.363330022     0.4848274112     0.3186477813      0.415840839     0.7023691152                1       1.27625199     0.5224792551     0.5378188975     0.5687533908     0.5299925461     0.5198481278     0.2547486114     0.2098688077     0.1919980786     0.1692267743    0.09956661164     0.2132717241    0.07422500254    0.02924262306    0.01682162714    0.01493816252   0.006759285282    0.00190395928   0.002672587869   0.004402383129   0.002290307146      0.003611314 
    0.3327072555    0.07391790447    0.05398464122    0.04753329582     0.1590462593      0.124343543     0.1606652812     0.2039021415     0.2631241556     0.3527954708     0.5801466058     0.5131281641                1       0.53434125     0.6189420754     0.3493698539     0.1709024563     0.2756482136     0.3316338018      1.016580701     0.5943336273      0.254124324     0.1968572792     0.3142914465     0.1567242769     0.5346290973     0.5084635964     0.6296946726     0.2246462096     0.3757755555    0.06216193524    0.09888757415     0.1902041833    0.09080356094     0.3948623202 
   0.07443723012    0.06797715204     0.1467288732      0.238436316     0.7122820639      1.144833087      1.933916291      1.382661501      2.045214711      1.002555699      1.775502563      2.022734197                1      1.002701912      1.538551942     0.4830251494      0.235095027     0.6495689053     0.4027538017     0.5833926903     0.5996887016      3.242865886      3.233849422      1.723991265      1.951192198      0.133121521     0.2787042505     0.2106529507     0.2762592196     0.1508087878     0.4403225124    0.02585947551     0.1098116109     0.1453001846    0.09096145967 
   0.08153978727     0.1710401261      0.321975233     0.2921453228      0.802090147      1.101401229      1.488028718      0.701001784      1.091449113      0.646512994     0.8789577649      1.177411889                1      1.446908912     0.5230509431     0.6687175157     0.4810865638     0.3061484292     0.3229852016     0.3110119325     0.5738003657     0.4625620345    0.08829128628     0.1189282724     0.1974329119     0.0563163961     0.0859994807    0.04923532149    0.04893344773    0.05293445059    0.03551024296    0.01589912817    0.01011145684    0.01014938239   0.005860016598 
    0.1356143678    0.04748710868    0.03668400148    0.05816937763     0.2466351972     0.1439860873    0.09624603502      0.436246984     0.2446939654     0.3261913276     0.7541113682     0.4767668574                1     0.7384613184     0.7320479812     0.5670354926     0.5693871462     0.4637216252     0.1002382294     0.2227114366     0.2222648826     0.2982087208      0.627013394     0.5076279254    0.04758601538     0.3982022631     0.3208916391     0.2165040776    0.03076918004     0.1083417225     0.1364121424      0.090310096    0.04403980442   0.004137733885   0.009935578536 
   0.03708046586     0.0675872005      0.108482354     0.1092057399      0.372051544     0.4220898907     0.8726365312     0.6353751614     0.4862343959     0.5146316427      0.532858781      0.580053459                1     0.4432031484     0.5594638203     0.2498742986     0.4042669963     0.3650783986     0.2636989152     0.5118971602     0.1444726017     0.4088691939     0.4539858002       0.30856226     0.1260548588     0.0989478029    0.09480843189    0.08588216577     0.0822116131     0.0593350845    0.01430068298   0.004971144907   0.001476874156   0.001633952513   0.001382720723 
   0.02469924607    0.06607610124    0.02154031136    0.06430318079    0.04135128503    0.06199797621     0.1204685956     0.5247286491     0.7084972811     0.6436641792     0.5480541642     0.5602381914                1      1.057196631      1.362303528      1.897090673      3.955693462      1.829242072      3.723932089      29.74989286      53.48647539       28.0919349      32.10873785      9.986670475       2.38932116      2.280518899       1.22139711       6.69051395      9.241591938      9.463609371      1.033432724     0.6103810783      1.600497072     0.4259173031     0.2817157051 
      5.89844891      10.41658764      10.33910883        33.886436      30.32612367      10.15868659       2.34673188      10.38548906      5.587403146      5.503220764      3.826757865      1.626056129                1       1.54973509       1.12789846      1.717469187      1.259427001      1.178655488     0.7571131903     0.4393710991     0.3411010252     0.5548712383     0.4508902068     0.4126090534     0.2060183362     0.6080104595     0.3923669981     0.2730333312     0.2879123665     0.3768762362     0.3407297965     0.5315223186     0.8983484218     0.4595319321     0.3195924894 
   0.04507230061    0.06000035447    0.02317245944    0.08697673989     0.3073071919     0.3815054302     0.6062967857      1.132620786      0.804919702     0.8127153333      1.787350218      1.670386365                1      1.262224303      0.904075821      1.342082501      6.381920561      2.406004043      1.512317203     0.6293105968     0.4186290185     0.1675634414     0.1259068042    0.06652017944    0.06509894647     0.0316144829    0.04727543453     0.0215589789   0.007498957831    0.03887173787    0.03691912003    0.01031305379    0.08169134931    0.03559265619    0.04740774704 
    0.3862674352     0.1909796734     0.1562186489     0.1657775979     0.1089410842     0.2443606186      1.074071122      1.138896955      0.807975015      1.508247709      2.059898421      1.941284732                1      2.708943928      4.012853309       3.08610172      16.58655399      5.745664537       5.68684585      3.111829462      2.408723437     0.7537430463      1.014167464     0.4569833513        0.3403526     0.7246481849     0.4975618482     0.3418656865     0.3266551418     0.3183632076     0.1904484796    0.06421365784     0.1039552426     0.1209466854    0.07460158429 
   0.08331720842    0.06631882479     0.1607472023    0.06272554595     0.1257957688     0.1842801651     0.3097271483     0.5343798469     0.4085620095     0.7471478697      1.054251445     0.5899914707                1     0.7639643457       1.28939341      1.048420846      1.338919184     0.8237117017      1.045356892      1.660845914     0.8997907973     0.4270141793      0.240937748     0.4326195773     0.5458471628     0.4518905227     0.1305301532    0.05890644722    0.08478221923    0.03149724632     0.0470905241     0.4560068681     0.2037688782     0.2874141637      2.638040925 
    0.1381634686    0.07772589308     0.2052782438     0.2098285227     0.2093141912     0.2555705892     0.6784925106     0.6302052822     0.9645148135       1.10605447     0.8881394419     0.7987290801                1     0.8900280449     0.5796483535     0.6669596592      0.203997285     0.2795522287     0.2357112589     0.2611288721    0.07620544394    0.04720268981    0.06906829106     0.3308681365     0.1265390665     0.1222386198    0.05807717999    0.05469403459    0.07946334498    0.00821675324   0.006006206065   0.001963286061   0.003598563711  0.0006576028229  0.0005190125135 
    0.9784975176      4.232075934      9.496636012      11.68001325       9.38305053      1.540721332     0.6053306487      0.482589382     0.9681595408      1.937765902      1.187261363      1.185916937                1     0.8651278945      0.444604218     0.6415248559     0.3889174012       1.34435099     0.2409999194     0.3882950876     0.2241166225     0.4900343784      1.449625946      1.706379728     0.8003726953        1.7076189     0.5199967941     0.3812514576      0.120876211     0.0755646898     0.1152626533    0.06519564214    0.05609728128    0.07822325507     0.0691164621 
   0.01958724978    0.02018885187    0.06633821687     0.1621311071     0.2462347792     0.2064290116     0.4150302566      1.257471652     0.8655442919      1.362897509       2.04882666      1.904675555                1      1.298743779      1.221470264      0.458942911     0.7386053624     0.7168794913     0.5211165737     0.4993022423      0.194761982     0.2184395735     0.7557850784     0.3307356771     0.3128916434     0.4631678305    0.04734031239    0.07276287667    0.02415058581     0.0152903411    0.02304583796    0.01457622545    0.01871366382    0.01799766443    0.01136857718 
     0.102791564    0.09260585647     0.1740425025     0.3127107652      1.024026523     0.3209086706     0.5017363245     0.6566538382      1.852847881     0.3598586186     0.4996659512     0.7406736699                1     0.9370502324     0.4613681794     0.3855982373     0.4022317097     0.1327420915     0.1757879473     0.3287815067     0.2745139455      0.123267416     0.1328187223    0.04129018289    0.02957588042    0.01267033389    0.01655070516    0.02729606607   0.003235309553    0.01689168646    0.01710200883   0.004028068175    0.02704251981    0.01432687375    0.00439821148 
    0.0263683188    0.02643050748    0.02449449683    0.04346575747    0.08911984482     0.1368207797     0.2692865787      0.499281274     0.6722366594      1.470094094     0.5422483693     0.6797318672                1     0.4266972734     0.9183170396     0.5507311948      0.465492722     0.2767631795     0.3090716463     0.2055803949     0.2682112477     0.7623979312     0.3232635036     0.3618020866    0.07051950549     0.1011533638    0.03988835871    0.09236529009    0.01155292199   0.004934757313  0.0009866093175   0.001813479402  0.0007794486461   0.005659152346   0.006334887482 
   0.07028022599    0.08879398829     0.1055108145    0.09644221146     0.2079566857     0.3489827944     0.2399066348     0.4435469359     0.5173481072     0.2724959422     0.4305025984     0.8772440918                1      1.041784664      2.519338003      1.015420333      1.170072405     0.9547198231     0.7478140928     0.5321304797      0.243287401      0.690012705     0.3654221818     0.3322413684     0.0969640954    0.07942007723    0.03335286983    0.05353109821    0.02409433545     0.0140637448    0.00507752954   0.006904304708   0.004511440635   0.002344078808   0.001899662308 
     1.108374209      2.207327192      3.649333082      4.898662645     0.8538873008      1.019870103     0.8301307468     0.4914225438      0.554912288     0.3825298077     0.7213106345     0.7174672324                1     0.5192677227     0.6336612133     0.5846233495     0.6105808157      0.298565879     0.2446908607     0.2738606186       0.23525447     0.1423819357    0.06830616245     0.1689300652    0.03992399154    0.04613433509    0.02250492059    0.01671801707   0.005138433411    0.02544647587    0.04048603533     0.4093847674      0.987448054     0.3403519903      1.153335721 
    0.2498906944     0.2031897955     0.3599558379     0.5720198659     0.1295918554     0.2653320494     0.5781557293     0.3316752387     0.2899747628     0.6831958978     0.4972205633     0.3948666055                1     0.9288264297      1.174346235      1.288354015      0.811945375     0.9963388534     0.8648647788     0.7857567862      0.166673071    0.06445477163     0.0868136241    0.08325146249    0.07101771609     0.1475574492    0.07420084296     0.0703869264    0.06904590224     0.0580714891     0.0805143119    0.07928949653    0.05228884265    0.09315697666    0.05901120264 
    0.0430134596    0.09960748595    0.04307742867     0.1827584982     0.1515109892    0.09307480325     0.2353769034    0.08998100029     0.1811308892     0.5902502513     0.6157285752     0.7100680293                1      1.408066682      1.924697827      2.708329341      2.572389574      5.854689482       5.92845551     0.6874760575      1.545380352     0.5077763417     0.6786351738     0.9881600389      2.479237643      2.179348097     0.4646173374     0.2016951814     0.1452477892     0.1530752348    0.05533947802    0.02032435486   0.007339459755    0.01369180884    0.01082339538 
     1.205450301      1.523315085      1.099597955      1.196798752     0.6958097951      0.864616805     0.7463512853     0.7125185704     0.6932898256       1.48360302      1.022305471      1.014520574                1     0.7271424727     0.6667183658     0.5795977304     0.5583735879     0.2616790225     0.2576276782     0.1398170613     0.1694880017     0.2738595944    0.09510966419     0.2101064092     0.0434534027    0.02840806054    0.02814889612   0.008013852559    0.01530068367    0.02240381967    0.02158070565    0.07396542059    0.01877943818    0.01961458716    0.05101505622 
    0.3583300876      0.942391167      1.307877363      0.564532668     0.3923985444     0.6018131308     0.5262813484      1.254080468       2.03569858      3.789795826      1.743226726      1.228179633                1      1.335445621      2.106459317       1.82376419      1.476636454      1.847644971      1.367685497     0.4839719878     0.2739673694      0.379697739     0.2612373993      0.273911757     0.3951395768     0.3105702655     0.8193781106     0.7870769086      1.167086578     0.2504305995      0.310565234      0.137055425    0.08081113152    0.02929271124    0.03975867917 
    0.8818350813      1.008968636      1.467803468      1.062448497      1.427405107     0.8341311475     0.6327186216     0.3517815046     0.5992251352     0.5220011494     0.9247060474     0.9457981504                1     0.8747807344     0.8860571738      1.156991066      4.530204434      1.935524706      4.011161541       1.86763383      2.510928746     0.5468198423     0.5117680488     0.3085291242     0.1406608478     0.3032203564     0.2033642039     0.3904909647     0.1665246462     0.1310337043     0.4457547627      0.362485827    0.09992823303     0.2281267928      0.048661415 
     1.761006204      3.114097163      2.831801993       1.35849899      1.784855089     0.7200344604     0.6222172976     0.3354752536     0.8415620198     0.6064132216      1.181137378      1.100231605                1      1.087097883      1.015501811     0.8552151165     0.7246768843       1.41568959      0.292795102     0.4672834203      1.340325268     0.2471642602     0.6239030644     0.4523734506     0.7288823037      1.717824428      2.783373152      1.674122725     0.2923794415     0.1802695392     0.1601151978     0.0507229651     0.1172900727    0.01177763884    0.01343327638 
   0.07179437925    0.09244270368     0.2760567798     0.1293461419     0.1302769907     0.1259120876      1.011022024     0.3179698704     0.5575266483     0.8528812901      1.039097425      1.409586555                1      1.024004518      1.115344356      0.785483605     0.5135286569     0.2271594105     0.1753034799     0.1284819156     0.1041271815     0.1495647086    0.03495413701    0.02813770976    0.01933567167    0.02883969725    0.02343587264    0.00839766241    0.04615793712    0.08960831083    0.05968370806     0.1275507446     0.2356694068     0.1309482404     0.1885768201 
    0.1098788686    0.04849617374     0.1590874222     0.2185266371     0.2285841415       0.56157787      2.391822888     0.4778393673     0.7201138963     0.4422967262     0.3776353744     0.6589463574                1     0.4424600547     0.3799691111      1.011338795      2.091524854     0.6089620643     0.5131863304     0.8767804716      1.155798293      0.757426017     0.1258786463     0.0429256043    0.08122188122    0.07208750301    0.01531936734    0.01608328395     0.1075573011    0.01761409636    0.02694395885    0.03135303132    0.01310486602    0.01967523922    0.03649343473 
   0.05752527283     0.4073879351     0.2866268538     0.7291384458     0.6513646839     0.2723240739     0.9973162361     0.6662532669     0.8714253043     0.5446540727     0.6136027053      1.192556816                1     0.5514448086     0.3180669416     0.3357858245     0.4079068534     0.7886823177      1.168673239     0.4860691975     0.6459902628     0.5504620294     0.3491665318     0.4042891098     0.1420667502     0.1076850014     0.1256026462    0.08441847206    0.07700779647     0.2625571733      0.397226592    0.05373114066    0.02388719892    0.02857394196     0.0102245522 
    0.4190559052      0.510464764      2.096874027      1.113232565     0.7932431813      0.184965622      1.089604242     0.6700333083     0.9554432095      1.203877854      1.517086967     0.8381784258                1     0.5558273184     0.7079817893     0.7658540406      1.295781824      1.661955117      1.276015354      1.249961347      1.419431433      3.964840635      0.841688493     0.7066728285     0.7037398806     0.3340334343     0.4606392204     0.8928846743     0.6580190709     0.0818832341     0.1134527836    0.05667463733    0.04554459821    0.08910771813     0.1930062399 
   0.06217878561    0.06814947676     0.2592715276     0.3279534105      0.233981565      2.173629457     0.3068663182      1.162531491     0.4444807976     0.7637008997     0.6983169081     0.7815906484                1     0.4421612344     0.4880698491     0.3475357605     0.2638674895     0.1994970944     0.1894118671     0.2104843059    0.06966274715     0.1005566009     0.1717813875    0.09378139141      0.120974653    0.05384596276     0.1070752821    0.01418401224    0.01545168541    0.01295620555    0.02207465685    0.01209936889    0.02163885024   0.004841276262   0.009815011727 
    0.3787309952      0.172997562     0.1040021341     0.1943462814    0.05105914058     0.2746183443     0.3522090218     0.7430460699       0.50697942     0.6105392703      1.022036973     0.8217578203                1      1.145280574      1.414975732      2.167996909      3.545332234     0.7476725157     0.4436644944     0.2418514703     0.2342355069     0.4093726749     0.3965189062       0.15098061       0.13050482     0.1705205014     0.1819688334     0.0546482584    0.03667323736     0.0341937564    0.02574716695    0.02228326149     0.1324846593    0.01709072616    0.01495074597 
   0.09293679421    0.09891069331     0.2000422602     0.2023841207     0.6172235053     0.7490966017     0.4874847762     0.2732886241     0.8682128288      1.124890975     0.7619477904      1.062705887                1     0.9060729883     0.8695335962     0.6730452403     0.7729423758      1.234137234     0.3866807658     0.1506662284     0.4632878164     0.3668595038     0.2644269715     0.1388549317     0.1187597827    0.07849447446    0.06277034722    0.09043564381    0.04386673054    0.08267805229    0.04184206563    0.06066523121    0.02443695887    0.03866477174    0.04133568655 
    0.3457199784     0.2078726903     0.4042560243     0.4370228394     0.4127340191      1.211059651      1.700345902     0.6368861258      1.159895888      1.067336206      1.393370179      1.180847174                1      1.367785852      1.144427534      1.848708536      1.958886918      3.139426087      1.122744925      1.079707308      1.356024424     0.5638239431     0.6439968181     0.4465913567     0.1416788113     0.1401270222     0.0436505866     0.0272635342    0.02084368625    0.01994525731    0.03255850624    0.04915677418     0.1797441424     0.1258559089    0.08468748194 
   0.04869516978     0.1809564303     0.2265007133     0.2182862486      0.670172107     0.5063560481     0.7145126516     0.7669481779       1.33737173      1.929688731      1.049850129      1.382173908                1     0.6729290625     0.4768257568     0.5414829741      0.610927056      0.524180937     0.9686793834     0.1792911666     0.1141420467    0.05068295565    0.08184979927    0.05262977813    0.05352742426     0.1758195055     0.3218985531      0.124257215      1.145270123     0.6585897153      1.754720884     0.5230077062    0.07693705855    0.01160662801   0.002672512976 
    0.0472341413    0.08435927042     0.1183890994      0.109357481     0.2452134403     0.2001973095     0.4908563175      3.854476525     0.5336556523      1.161580811     0.7911173442     0.9389002578                1     0.6120299375     0.4076131782     0.4870784994     0.3175584355     0.1985352748      0.312835023     0.1201845176     0.2625126068     0.3052047694     0.3242325373     0.2171525786     0.1932667703     0.0439462018    0.04508058767    0.02300969267   0.007949281311   0.006653703791   0.002337495018  0.0007276986491   0.000799054898   0.003138650558    0.00110151881 
    0.2249013521       1.01983383      1.366496412     0.3837677074     0.2932410068     0.3699746991     0.3547112444     0.2271431748     0.3719334254     0.9660868134      1.454454625     0.9155294219                1      0.554813957     0.3954522496     0.5607729657     0.6940869819      0.105851981    0.08899939802    0.07340416288     0.0253796095    0.02617344712    0.02718239269    0.01390614441   0.006925783082   0.005533618979   0.001659466176  0.0009711364703   0.001778796699   0.001188688088   0.003414762183    0.00180287173   0.001196532283   0.002563248712   0.001501956045 
     4.071476736      1.753120308      2.269963503     0.4064304851     0.8312468082     0.6014692434     0.4224340709     0.4764459285     0.3550089603     0.9216605421       1.16713817      1.208329176                1      1.590755111      1.057718112     0.8209902584     0.6926356651     0.8433913131     0.7669123738     0.5397185115     0.7092893829     0.9857460276     0.3217129875     0.2859328424     0.3081833681      1.001988358     0.3719665347     0.2505574709    0.08187564827    0.08000967042    0.02086928243    0.03307355637    0.05715608308    0.02433684801    0.03976189265 
   0.01221824556    0.02770005362    0.05204567519     0.1020049611     0.2641312421      0.430471705     0.6414461235       1.65216108      1.851890421      1.457097503     0.8338531022      1.038592125                1     0.7038667246      1.591374378      1.070135505      1.163818984     0.6967797284     0.4179631327     0.8479534887      0.346240913     0.2207000786     0.2307741386     0.2671871614     0.3224711183     0.1421911044     0.1420593215     0.1324880542    0.07405423651    0.08450164809     0.0558656249     0.0760768192    0.03212816505    0.02269313503        0.0182202 
   0.04634232792    0.04095206307    0.08471073767     0.0690911776     0.2735384592     0.3754478328     0.1807841195     0.2049799646     0.2466892786     0.3767934131     0.4872393418      1.136884123                1      1.033368107      1.131401302      2.614705582      4.321940683      2.495793299       2.23173921     0.3035390683      1.180080216      2.460081356      3.920318711      1.168216615       2.51631645      1.719021145     0.8608122455      1.738896593     0.1860095063     0.2269391279     0.4308101597      1.259836203     0.3130172888    0.06474879808    0.06246427695 
     7.770095231      4.731619273     0.5231931659      0.349879175     0.4531416469     0.1750378019     0.3290826789     0.3971760737     0.5808305231     0.5133269311     0.7565236075     0.7618967773                1      1.175586994      1.039749815     0.6869614509     0.7708721907     0.4262000073     0.9300965181     0.9518360037      0.857894976      9.439727568      10.05582495      1.656524133      6.628175948      2.656022564      5.888839286      1.246251705      9.569276501     0.3498428306      1.545759245     0.1650411931     0.1441720843    0.03424502747    0.00761873233 
      1.22980534      0.942269462     0.8877399811     0.5778722024     0.5195484543     0.5276525461     0.5091784943     0.8423929975     0.8188006938     0.4661878771     0.6588296608     0.6982462812                1     0.7483169922     0.8239860505     0.5011087886     0.3084456973     0.3680408179     0.6965539245     0.5477296687     0.6524590377      0.400202178     0.5746368365     0.3041539196     0.4080694157     0.3738136963     0.1174608197     0.1978716949     0.2238034704     0.1996989917     0.1183039445    0.02733836728    0.01526389245    0.01935314161    0.09299067651 
     0.129498172     0.1951025462      0.129332982     0.1344208626     0.2580413073     0.4008354524     0.3838490291      1.719039433      1.212526975      2.055335493      1.454027883     0.5825085137                1     0.4733896523      1.011661152      1.164656261     0.6022918351      5.695240704      3.689285249      2.089405647      7.636740595      9.105388883      6.091858576      4.427050862      1.733948994      3.240901897      2.378553942     0.4248428608      1.144483607      0.342789534     0.2151884854     0.3613406773     0.1720824293     0.5394300486     0.3318994414 
   0.05344587539     0.0268932911    0.02596165941    0.06756572162    0.08399323435     0.1050865282       0.16035229      0.189655075     0.5001991782     0.4235782825     0.3905871464     0.7675983398                1      1.439540014      1.049962118      1.251079485      2.317478869     0.7900262114     0.8074379693     0.7105021054     0.2418186082     0.2284080759     0.1354903441    0.06051809856    0.04354585638     0.1655319993     0.1810469862     0.1350070976    0.05126792555    0.03949699156    0.03102472318   0.006449987935   0.004881703015    0.01415006333   0.007373730296 
   0.03937896442    0.03478704396     0.1236057199     0.1584718782     0.2607108378     0.2993392921      1.313288718     0.9176598856     0.5503685538     0.6628587027     0.7080416375     0.9637862383                1     0.6741024082     0.1919260466     0.3226409735     0.3909463018      0.491815181     0.2177285639       0.83395127      0.162918136    0.03834389138    0.01609609397     0.0585237598    0.02203192009    0.01805423522    0.01982915027   0.009222178118   0.008688619721   0.004942100645   0.002208234947   0.001447362242   0.001109226349  0.0006914515936  0.0003864514638 
    0.0134519307    0.01849970404    0.02486050819    0.02370604864     0.0213875724    0.04863031646     0.0659900396     0.1317722763     0.1754372911     0.3771800553     0.8480851101     0.7479701035                1       1.10649002     0.7930047274     0.3785828697     0.4220749667      1.280131359     0.4677258716     0.1516258753     0.0488435003      0.051928664    0.02541327693    0.04906076316    0.07897562182      0.016391894     0.0135900868    0.01230890719    0.01474348423   0.004807099536   0.005154538988  0.0008549030165  0.0004625679447  0.0002166022544  0.0001695353353 
     0.417443962     0.6130999392     0.4547401036     0.5207988084     0.6152522678     0.8721819928     0.9697757773     0.9686332543      0.886888419       1.51608884      1.123354811      1.082189047                1      1.002736049     0.7237546607     0.9510788921     0.5001025433     0.4425577498     0.6057139348     0.2637868801     0.2338277247      0.217897606    0.05790762618     0.1231126481    0.06105435432    0.06190142368     0.1604183728     0.1739910774    0.06035555721    0.03331542965   0.009437028098   0.008376573596   0.007151901104   0.001331604873  0.0007688682522 
     0.118207251     0.1200174638    0.07465005191     0.1033724702     0.2094642057     0.3285977869     0.6515827582     0.5174326673     0.6037530968     0.6954588338      1.597836695     0.6753275996                1     0.6368120566      0.575883788     0.3228422113     0.3318897879     0.2115148015     0.1424857882     0.2077887025      0.137046986     0.2000434172     0.1764988255     0.3980676251     0.1891934794    0.03224616776    0.06393682987    0.02991999171     0.1396418253     0.1451431448     0.1041551765    0.04513129791    0.01200799704    0.02047256635   0.002541103953 
    0.1981067556     0.1488144863      1.707697767      1.259348872     0.5164655335     0.3527757378     0.3856723548     0.3402710482     0.5240122399      1.099385007      1.151622032     0.8333379043                1     0.6526469355     0.9640425098      1.135389821      1.294002739     0.9742943546        0.5871637     0.3087716359     0.2015694565     0.1126863387     0.1097380608    0.05573749494     0.1373371208    0.03675773073     0.0325497396     0.0190349361   0.006850937392    0.00244100102   0.004805492986   0.001575502907   0.001652708747    0.00102049207  0.0006514701646 
    0.1195444181    0.08807421403     0.1194011437     0.3352044419     0.1885396734     0.1333646116     0.6101927637     0.8114320206     0.4913225796     0.6280582134     0.7561993654      0.575732834                1     0.4323200918     0.5777168538     0.6115225519     0.6817423163     0.4031144296     0.6492143308     0.3887111716     0.1828740655     0.2144113849     0.1897997147    0.09707379173    0.07125323294    0.03356418172    0.01494519418    0.01250403322    0.01448377867    0.00489420336   0.005219361316    0.01383610506    0.01469268702    0.02203131756    0.01796639324 
   0.06162334947     0.1527922967     0.2074766001     0.1863100969     0.1646413012     0.2832102938     0.3849946286     0.6064401604      0.374432013     0.6089284637      1.276588294      1.225718426                1      0.867674459     0.4185563649     0.2253323043     0.1981130172     0.2732538402      0.232668456     0.1692771437     0.5187469248     0.1656138841     0.0564083742    0.05228170773    0.03937116036    0.01143122817    0.01885037553    0.01148970742    0.02050929366    0.01213177527   0.005441485678    0.01017298363    0.02156666881   0.005578861744   0.002820397121 
   0.01886088801    0.03439208907    0.01892771838    0.04534407214    0.03952768242    0.09708088923     0.5858841864     0.5687034746      1.981244828      2.515313049      1.335245011      1.716404062                1     0.8447095605      1.549866503      2.431575585      1.049211408     0.4888348111    0.09334432693    0.04572694461    0.03294552995    0.01413738316    0.01139090886    0.01912451554    0.01491192588    0.01242221871   0.002725672021   0.004163857682   0.002226526633   0.002999142001  0.0002805795817  0.0001623638728  9.210299501e-05  6.209671981e-05  3.529375231e-05 
   0.08222913248    0.06168547065     0.1097206791      0.327039324     0.3585474887     0.3228722825     0.5929186011     0.8472459837     0.9818287087      1.729065524      1.145537996     0.7346579336                1      1.311397881     0.7866755331     0.2903062487     0.7361171911     0.8869889073     0.3499262456     0.4190930323     0.1423744617     0.1029957983     0.0270127529    0.02614987158    0.04314136166    0.01518930324    0.01003421407    0.01358941868   0.003285059603    0.00173056506   0.000716185067  0.0005762836752  0.0005058983476  0.0002592151985  0.0003245349479 
   0.09829772117     0.1443953531     0.1912669566     0.2687713834     0.1833198662     0.2304856832     0.1532081283     0.3724067678     0.5268569825     0.3683665568     0.6831940447     0.6146766348                1     0.7032873281      0.270590975     0.2927274849    0.09536577981     0.1036012938     0.1781324618    0.06875874528     0.1330751174    0.08238055653     0.1868277547     0.3543125823      1.286618693       0.59693319     0.6148688702     0.7723666786     0.2792567212     0.3789372372     0.1629676458    0.08222293657     0.2899227966     0.1353738947     0.1757962792 
    0.1385495143      0.107214063    0.09397042721     0.2199980048     0.1751488243     0.2557132226     0.3174958329     0.7871430655     0.6140334211      0.850326156     0.5917047491     0.9837377402                1     0.8739982012      1.109224993      1.001755628     0.9998879081      1.482557287      1.616754751      1.060578838     0.3271929366      1.206448038      2.670252032      3.862603339      1.207244383     0.3476771699     0.1718108788     0.1178599874     0.0532193838     0.1311927299   0.009021711478   0.002983168878   0.006089908867   0.003938459028    0.00205860529 
    0.1930589591    0.07481324558     0.2447730568     0.1385437307     0.3953649737     0.2865837128     0.2062311452     0.3550749054     0.3403813618     0.3671408765      0.932399088     0.9313172402                1      1.106695986     0.9443569426     0.4956517362      1.102167202      1.518686214      1.001106496      1.107947096      1.136310008     0.3697535503      1.053040986     0.2656168225     0.1935614878     0.1157419567    0.07161705315    0.06983426177    0.09866972899    0.05188577782    0.04414922067   0.007452699672   0.003798520545   0.001633579361   0.001059983724 
   0.02585357281    0.04030447057    0.06101889105     0.4612108673      1.128820687     0.7792800662     0.2891517773     0.2728888984     0.3500660215      0.504415944      0.506746174     0.5137374316                1      0.861268582     0.3888256077     0.4322705891     0.8568630626     0.5002995368     0.3127957779     0.2297879456     0.2976249425     0.1571984029     0.2594820074    0.09654256655    0.07938382025       0.04776779    0.04104211738    0.05621657073    0.02449533828   0.006385357965   0.004507116195   0.003905693389   0.002865710444   0.001873879145   0.001874428297 
    0.1003732232     0.1727633497     0.1316664421     0.2295692101     0.1294859757     0.2528573691     0.2013973425     0.1806036828      0.693481769     0.8050211222     0.7057533932      1.212730689                1      0.555080959     0.6898174282      2.875187342      2.580526429     0.3308004878     0.1726108997    0.06733268363     0.1130207178     0.1116251183     0.3179568664     0.1507785703     0.1584171364        0.3282379    0.06989706094      0.410464411     0.1553075852    0.02181515542    0.01819789653     0.0209982358    0.01134202332   0.009256953566   0.006671924128 
   0.05853679612     0.1103107846     0.2552633897      1.115595978      1.182726865      1.221016246      1.169925628     0.1991917535     0.2842998201     0.4781158394     0.4554936374     0.8760430234                1        1.2241165      1.178936543     0.7501201201     0.7723714073     0.5050149312     0.2609073732     0.3527428337     0.1994834673     0.2346550587     0.3739835542     0.1242931199     0.1226505163    0.07980897809     0.0560929275    0.01133420415    0.01393892103   0.005421564358   0.004090545311   0.008528647888   0.003651018655   0.004909948838   0.003540456718 
    0.3487480572      0.963661627      0.206784876     0.2103846023     0.3290124274     0.5128159361     0.5838289541      1.020780785      1.009045497       1.27529494      1.320517057      2.497780199                1     0.6145966934     0.5253982959     0.8273547584     0.4830152603     0.2507282836     0.1678445384     0.4112485311      0.110429386     0.1193667679     0.0480133271     0.1700402856    0.03568733366    0.03665796325    0.02376019089    0.01637756121   0.004696690069    0.00435227022   0.004224961996   0.003870566116   0.005439909827    0.03996618182     0.1349906069 
   0.04365519082     0.1322699279     0.3120296568     0.4223011847     0.1313580938     0.1942286607     0.5374942614     0.2218434381     0.1537132872     0.2336310819     0.4313486846     0.6333387246                1     0.7752462559     0.5773858782     0.4742249888     0.3148078115     0.3249877323     0.2105408537     0.1834896772    0.07467160116    0.04380188767    0.01473839332   0.005353620044    0.01404507668    0.02004830383    0.01353575425    0.01625936859    0.01564691796    0.07349096522    0.01294062103    0.05141548644    0.01153610383   0.003922031653   0.002325625584 
     2.102966897     0.9410649767     0.9139562466     0.5467166915      2.544974624      1.755732461     0.4579340947     0.9419358172     0.8326130719     0.4705557573      1.178304297      1.631859199                1      1.109789051      1.059291453     0.7919369458     0.3908225218     0.5729955897     0.2703694182      1.178629671    0.08997097759    0.03416102274    0.02209683025    0.01623087648   0.007048249725   0.007276682048    0.01027671564    0.01844355448   0.009322188693    0.01893754162    0.00143066946  0.0005638903289  0.0003253922102   0.001313904513   0.006936257796 
    0.2656164944     0.2710106051     0.2616588725     0.3584448318     0.4579132941     0.3789475136     0.1171489916     0.2741097185     0.2420438189     0.3094053173     0.3036541005     0.5587524863                1     0.3154943633     0.3580368318     0.3234269937      1.083589507     0.6042569057     0.4960063919     0.2545120919     0.0442842031    0.03802653931    0.02672106765    0.01912707437     0.0191921277    0.04197456269    0.05114268629    0.01066951361    0.04327910109     0.0498463056     0.3277724649    0.04572682922   0.004576727049   0.003692534575   0.006060063774 
    0.8147405788     0.9317043677     0.5706897638     0.8851266162       1.29597299     0.4979588756     0.5973074355     0.5776695856      0.579142633     0.4895661724     0.6085195916     0.9357161074                1     0.9676291328     0.6432103605      1.160317658      1.236824412      1.128568599      1.045891637     0.4902878473     0.8168415968     0.4256001635     0.2440821387     0.2573843376    0.06044414048    0.02441080248    0.02232477724   0.009598249685   0.005501677758   0.005558079371    0.00429410255   0.009292838754   0.001876249711     0.0019910285   0.002503809987 
    0.1349104875     0.1038023225    0.05033929241    0.06073041402     0.1172836847     0.1796580574     0.2838347884     0.2350539513     0.4646003505      1.174189389     0.6890520049     0.6341388398                1     0.8717787715      0.839654833     0.6763132637     0.6566279566     0.4133326106     0.4021072242     0.2270867076    0.05927200412     0.1035149464    0.06909766307     0.1233533454    0.06223382379    0.04972432507    0.09620950521    0.01610862469    0.02724731715    0.02808983046    0.03031952617    0.03894238197   0.003718527737   0.002172783358   0.001412228018 
      5.92011288     0.7136809036       2.36863478      7.082470123      1.981002605     0.5154942535     0.7420798953     0.5330820866     0.8649155795      1.312458288      1.787579878      1.432868271                1      0.883670582     0.6505080618     0.8181995884     0.3973073453     0.6961413577      0.509245291     0.3589947626     0.5973460317     0.8739174952     0.2243588946     0.1859787893    0.09307493349     0.4189513391     0.7045919929     0.3196748706    0.06510626332    0.03456697608    0.08753018864      0.119576251    0.04441900653   0.009497427368    0.00307465422 
    0.5717987921      1.260633958     0.8502090938      1.579826537      1.439148043      3.171292982     0.9051854546      1.029157518      1.426081882     0.7769283225      1.200723188     0.6779893164                1     0.7364361875      0.739887961     0.6681395917     0.2494266332     0.2177237183     0.1560285787     0.1842808867     0.2196791546     0.3605137261    0.08593999537     0.2188411888    0.07142126631    0.08045019567    0.07321836561    0.07823234741    0.03128305688     0.1598609551    0.03988562167    0.01159547343    0.01700551936     0.0107580939   0.009322151952 
   0.06865618669    0.07654547264     0.1856424341      0.251948564     0.4071169094     0.6001413859      1.210782741      1.466467954     0.6863835765     0.6277908134     0.7739715776     0.9446260918                1      1.355014633      1.133730439      1.392110383     0.8274113575      0.649988661     0.2567316253     0.4610268032     0.3643674431     0.4918637126     0.3215533918     0.2291843404     0.1211132638    0.05278650495     0.0209167151    0.04588593814    0.07126902229   0.006219337844    0.00277813075   0.003664898082   0.006354098655    0.04022693013   0.007266775706 
  0.008150728977    0.01452016341    0.06602437622     0.0923028833    0.08674118624    0.09542761839     0.4150187665     0.7392188441     0.6440189765      1.239725317     0.5726420614     0.6141197656                1     0.9971258633      1.104371719     0.9392917602     0.5219424636      0.381654296     0.1396660527     0.2493090908     0.1525831842     0.0964248769    0.08853959962     0.1934583388     0.4128563127       0.26370348      1.278517044      1.655004764      3.859359697     0.8268920526      0.547685403    0.03670990161    0.03178730861    0.01398959708   0.009061487952 
    0.2907919024    0.08592311678      0.154588344     0.2743674357      0.203042258     0.3231779682     0.8216705343     0.7982485604     0.7085981952     0.6831949987     0.7335928026     0.7022011602                1     0.3840943906     0.3079973504      0.181169129     0.1672533159    0.04836382499     0.0761157138    0.03753768779    0.02684802988    0.05540285102    0.03314746848    0.04483168776   0.009243204323   0.006123924172   0.003897262313   0.003108003431   0.001798631453  0.0007844518003  0.0006212583823  0.0009612940991  0.0003366796353  0.0002065370007  0.0001694590547 
    0.2444193543     0.3094445339     0.3150114083     0.4828203527     0.9583887944     0.6527978571     0.3506143737     0.4151156723      0.664881517     0.4235246169     0.5174340379     0.5340629121                1      1.866280469     0.8578908413     0.7514234134     0.7507606906     0.5435427364     0.8271719289     0.5931871976     0.1654872276     0.5555726251    0.09379585595    0.02637809326   0.009260802694   0.007510647065    0.00422623522   0.003651615853   0.004487551615   0.002322499515   0.001296809146  0.0004502988814  0.0005933311591  0.0006837551242   0.002237178477 
    0.1021625306     0.4111567475     0.1563667089     0.2102898755     0.1829801127     0.1553971184     0.3557511882     0.3858456762      0.453580264     0.8833121837     0.5106474706      1.001629693                1      1.274713152      1.364263647      1.302917599      2.148874425      2.841714228      9.952244023      16.38214629      3.526430575      3.908557472     0.9108565888     0.6830212199     0.3473792873     0.2087324919     0.1121207397      0.196726171    0.08246757509    0.09071735554     0.1083771542     0.1145679979    0.02767470181    0.02555832968    0.01876813427 
    0.3174416701     0.5228432346      0.272057051     0.2769594586     0.4474631098     0.7957398569     0.9516529414      1.661472464     0.8300278061     0.6164372975     0.6938328062     0.4786941406                1     0.8921946641     0.9274336239     0.5219029694     0.4287427224     0.5800834158     0.5018936884     0.2499943741    0.07971333754    0.06596968963    0.05891535424    0.08264684435    0.04397322993    0.01818594381    0.01480373361    0.01827030481    0.01658732023   0.008191499449   0.001225451396   0.001442158909   0.001319685876  0.0003953203306  0.0002990681316 
     7.448468437      2.687592283      7.300214439      5.886122358      45.34650866      6.041002858      11.65317326      7.765731712      5.597931461      2.301876174     0.6506722217     0.9035998926                1     0.7207565449     0.8285096885     0.8687155148       1.75721291      3.219680422      0.673421698     0.6565888668     0.2881887239     0.2065841943     0.3669715364     0.1323609253     0.0849342615      0.058150622    0.02593943085    0.02067884701    0.02768208041     0.0520037841      0.093196831    0.03982020482    0.02613304451     0.2170652998     0.1362634621 
    0.1929071274    0.08121053014    0.05975442525     0.1518661758     0.1319156574     0.7659105299       1.29519033      1.080506737       1.10709462     0.8582026528      1.994980067      1.136250684                1     0.7300276387     0.4662467789       0.86944535     0.9368598961     0.3564547449     0.4583591191     0.4407525193     0.1621481826     0.1611717609     0.1483902029    0.08850383146     0.1042614047    0.04238142747     0.1186367075     0.1908053794    0.06888637893    0.02075159804    0.03885555129   0.005530408069   0.007432269888   0.003060695544   0.007514709148 
     3.107240544     0.7489644537     0.7519393527     0.2303886923     0.7331239272     0.5685126402     0.3217086339     0.4182747702     0.6928126545     0.6344662162      1.109026727     0.9065666602                1     0.6806621367     0.8983494958     0.9326069345     0.9307723532     0.7315450944     0.1881029164     0.1662332677     0.2107457569     0.2382520146     0.1701338181    0.06969836253    0.03853075848    0.02421414308    0.03030668613    0.01497835367    0.00478045158   0.008181769519   0.004253253539     0.0014738125   0.000580893608   0.004021950256   0.001856657953 
    0.1708305839     0.1692233116      0.106532829     0.4047836814     0.1357510645     0.1129867275    0.09134021977     0.2414121417     0.2683796698     0.3846908826     0.4408588107     0.4227216055                1     0.5850797969     0.4441787418     0.8817717744     0.5431516826     0.4141311931     0.3503008219     0.5464089443     0.4772782083     0.1828962845     0.1593306669     0.1307439215     0.1025084926    0.04644212835    0.03812048312    0.01137772576   0.005641158139   0.005717694167   0.004888772811   0.001473869332   0.002317300727  0.0006795632135  0.0004108046019 
    0.0624713277    0.05618989646     0.0436987566     0.2414082057      0.127998683     0.1385403284     0.4692661167     0.4503367627     0.4456988686     0.5146846115     0.4532578975     0.4967193652                1     0.8809015039      1.535909233     0.3845666701      1.518969869     0.7725436768      1.603452103      1.198851059      3.064482221      1.217101133     0.7138597961     0.1681047566     0.1783232099     0.2175703196    0.08635699314    0.01730713088    0.01631456715   0.003218613251   0.003847591819   0.001788100958   0.002346909828   0.002613433732   0.002258660627 
    0.5981665726     0.2566123277     0.5354952706      1.419601647      4.613805582      3.143093171      4.514819357      1.337435909     0.8393803222     0.5052028928     0.3092812933     0.6750801016                1     0.5262190801     0.4407780068      0.547360707     0.4729530992      0.341023528     0.4345756198     0.7513149166      0.274531656     0.5677652563     0.1150245509     0.2646955193    0.07335007945    0.04125780663    0.02611395606    0.01976652992   0.004564471484   0.005625568348   0.005787331903   0.001679635061   0.006933509607  0.0006902962927  9.265470333e-05 
    0.3763670086     0.2633036539     0.7530344551       6.78214158     0.4485414414      2.098882318       5.36863543      1.446151595      1.087366307     0.7871685485     0.7248612224       1.08457026                1     0.7441663359     0.7880152322       0.72812669     0.9830248056     0.1997741991     0.4955331118     0.2898953963     0.7745754067     0.2345631807    0.08223516298    0.07947293087     0.1591400015      0.119395998    0.01869085913     0.0284975611   0.008256007263   0.006648086744   0.002792344124   0.001400779702   0.001458489097  0.0007093630974  0.0007287829462 
   0.05213551388    0.05041758111    0.08551848383     0.4028169368     0.1464654698      1.682589367     0.7873110689      2.672258692     0.6359058843     0.2750712141     0.3981798031     0.5818013945                1      1.258089607     0.5285473368     0.4905458497     0.2673311647     0.8527755715     0.8605207691     0.3313992981     0.1862093154    0.07848796173    0.02863039802    0.02634790572    0.01874822124    0.03493411011    0.01134758655    0.01055427759    0.00490445607    0.01772477781   0.002913238813    0.01158802216    0.01117937481   0.002431762943   0.001497831793 
    0.1665999048       0.34176291     0.2933873765     0.5354907088      0.482353086     0.6576332462     0.7497346719     0.5736000916     0.6099733137     0.6761562397      1.217647686      1.490118414                1     0.9787351074     0.9382522673     0.6265667804     0.7136895768     0.5479283091     0.3242918292     0.1896482166      0.126366707     0.2483491364     0.3791819126    0.09755479713    0.02338342228    0.02528430213    0.01332059514   0.008527354291   0.004562623374   0.008019520048   0.004422866524   0.005401203308   0.004477477267   0.002041377983    0.00216151348 
   0.06488356285    0.03576382693    0.08301201412    0.06376017093     0.2618880428     0.3076499256     0.1790510084     0.4132527849      1.012926511      1.278043458      1.286626873     0.9969879199                1      3.725201543      1.795395305      1.384586242      1.533221074      1.516033016      1.051642735     0.5182127511     0.5687249468      1.003430784     0.5417431645     0.4560609502     0.6811898208     0.7397029961     0.7632187714      3.122585497      4.220006379      14.89754258      5.120780128       12.3206173      11.15103374      10.65599943      5.620644795 
    0.2978233125     0.1380176538    0.07397939769     0.1437233282     0.3763165871     0.3543768812     0.7509007479     0.6211166845     0.7970785875      1.488609263      2.239524328      2.057661473                1      1.386152566      1.534140403      1.095210563      1.772116925      1.878079443      1.703614772       4.45710455      4.849361048      4.229189664      4.053096555      1.009349001     0.1251823536    0.04786300677    0.03592072742      0.119436402    0.04578959988    0.06654622292    0.03129329753     0.0204750834    0.01927892522     0.0242358204    0.04764709297 
     1.464265602     0.6658182121     0.6743635384      3.398055537     0.7749596261     0.6437458804       1.71097919     0.6830397107      2.164234706       1.16591624     0.6324127535       1.35431998                1      1.119843328      1.076359347      1.147535046      1.191251829     0.7577782214      0.265373118     0.3406234619     0.1944154507     0.2093470376    0.06902590628    0.03417909797    0.03126362332     0.0235205541     0.0186873911    0.03720111021     0.1036496403     0.1069550528   0.009502489253    0.01423701088   0.009952209568    0.01112966217   0.008991930398 
   0.09520221404     0.2338602112      0.151856622     0.1197147264     0.1682190067     0.3570196477     0.7842235551     0.5798359376     0.7356859406     0.5599928906      1.324234215      1.298620176                1      1.364425598      1.079520992     0.5732080666     0.9234333898     0.8005955151     0.4319544888     0.5218773548     0.1491983475     0.5920830556     0.5411588029     0.0829416593    0.05209622022    0.07616319222    0.02209762039    0.01370135512   0.009509607435   0.007708405429   0.005503380481   0.002524257854   0.004401364923   0.006704375562   0.004468781458 
   0.01279527317    0.05258599151     0.1165572712    0.07287339992    0.09416896186     0.3440232371      3.209242425       2.16424784     0.8532408068     0.5206732628     0.7104760562     0.7882809316                1      1.496967191      0.949819948     0.4199730652     0.3030109596     0.1995488835     0.2051138597     0.1490603896    0.09573410611    0.02539571868    0.00959372309   0.005544132453    0.00336139887   0.004382977821   0.001876350384   0.001664590377  0.0009017745185    0.00123435723   0.001011734993  0.0004002915788  0.0001689005119  0.0002457346199  0.0004280739007 
     0.168604363    0.04224762353     0.1704826623     0.2210777326    0.04864091495     0.6211458632      0.201483763     0.3344531339     0.7230935376      0.516846236       1.23488852     0.7682359004                1     0.5307328398     0.6372146907     0.3615467002      0.392228135     0.2739467908     0.4991658444     0.5301893767     0.4725512062     0.1256093965    0.09420255439    0.06211002951    0.09200608943     0.4634785899     0.1267873643    0.09772463743     0.1441610558     0.2313673185      0.242584248    0.06616913207    0.05731231455      0.111434866    0.09863788736 
