1 1 0
2 0.843544 0.00735939
3 0.750977 0.00964125
4 0.686973 0.0142699
5 0.676793 0.029444
6 0.644463 0.0364009
7 0.599712 0.0290226
8 0.581598 0.0404281
9 0.500827 0.0337399
10 0.495521 0.0497441
11 0.487302 0.0486408
12 0.452896 0.0598175
13 0.473193 0.105692
14 0.579036 0.176541
15 0.443269 0.176917
16 0.31803 0.0566568
17 0.363142 0.0997183
18 0.290086 0.072349
19 0.409061 0.195126
20 0.332664 0.212043
21 0.669104 0.541962
22 0.202601 0.0783854
23 0.141279 0.0398745
24 0.232761 0.153106
25 0.0964068 0.0346922
26 0.120013 0.0513781
27 0.085046 0.0313608
28 0.0965529 0.0395061
29 0.0634092 0.0214948
30 0.0420744 0.0147699
31 0.0548114 0.0289176
32 0.0500125 0.0219871
33 0.0894146 0.066808
34 0.0446224 0.0194314
35 0.0354478 0.0139829
