-4739.043141
-8808.354966
-1042.015382
-4158.820679
-420.2349412
-1609.450689
-5174.884664
-458.4366112
-1326.597429
-2314.781723
-2433.578661
-456.2610919
-2154.357566
-916.1329315
-533.5220384
-6986.884851
-737.6970587
-261.9898946
-731.9486398
-759.1237468
-448.259675
-744.6172269
-2813.883119
-7226.72624
-542.9985194
-4509.273792
-2155.89979
-2777.946479
-2075.323443
-1249.007517
-4501.566339
-864.4356543
-1956.657897
-1455.491857
-3668.889141
-268.0342413
-333.4070736
-1530.077196
-216.0207163
-1778.354354
-409.4564099
-5578.385857
-5514.601751
-420.8007548
-1322.834794
-1725.30559
-1041.213791
-515.1261486
-522.935178
-1622.544797
-1734.503818
-684.771242
-2129.821471
-10568.0616
-798.0471159
-2974.045623
-506.3995422
-4185.985177
-278.3572413
-3925.074258
-421.3190742
-1292.126137
-82884.39341
-6022.151941
-115.6101727
-2413.178266
-3755.386901
-846.7692495
-52.03993649
-819.8600239
-12891.30921
-780.4257599
-1274.131172
-2616.899822
-307.0371898
-1231.336758
-2774.126509
-522.7950043
-4503.788574
-2373.400998
-849.8171447
-57187.69353
-232.6368972
-233.8435131
-5013.800104
-1224.933442
-578.3950129
-725.7778303
-863.2653506
-983.3970694
-2626.380603
-2398.503728
-166.0694319
-988.5553434
-483.142907
-1883.658075
-498.3950949
-1072.571151
-3085.379703
-858.9586967
-627.5135848
-6455.861731
-835.8802631
-1826.800312
-843.5143107
-2341.15629
-6561.203359
-965.6814976
-5438.803381
-1457.346145
-3920.225208
-463.5871237
-163.9768287
-1756.201723
-21385.16986
-1930.58087
-603.5637266
-796.2310403
-839.5167064
-288.8069131
-2311.084926
-445.1199582
-433.7662282
-4425.236344
-559.4210889
-241.4207311
-527.603341
-119.6647361
-1503.864116
-266.8849113
-874.9272467
-514.4423649
-643.79127
-502.2027473
-116.5827495
-346.7428091
-231.5617088
-1887.538247
-954.7226235
-1058.961278
-698.6572457
-1587.141403
-985.1511815
-6331.431057
-440.7590493
-84.16105666
-929.9223871
-1567.391128
-860.441796
-669.2338979
-2119.175036
-261.9302826
-934.435215
-272.3202543
-1251.25588
-94.87537301
-1297.133699
-863.4612544
-1484.540214
-1629.311393
-950.464178
-577.2196122
-2973.917878
-2431.572436
-250.6035501
-690.7563315
-331.9913113
-510.1536922
-3815.629586
-6753.65942
-184.5447506
-91.13974835
-1093.532799
-1527.901414
-1257.669096
-1777.88377
-825.8311928
-6568.331192
-1357.99525
-681.2736372
-1501.779102
-2917.53449
-2436.361749
-2126.238442
-570.0352588
-271.3846041
-1238.39351
-551.0399461
-438.5283865
-1489.443402
-945.612552
-891.4309085
-240.9206223
-5453.347447
-8076.014089
-29210.52366
-973.8067676
-1054.386363
-584.1403971
-2873.871783
-2432.009211
-1539.333068
-5268.571509
-642.2249494
-556.9968224
-1110.37859
-3156.737274
-872.022164
-4288.177356
-604.1887446
-377.5357977
-110.7614092
-963.673304
-230.1418279
-4993.725294
-7811.8681
-738.3950149
-486.9686542
-1967.930231
-855.3031427
-8098.20947
-223.5344131
-4619.203594
-667.8323919
-1402.801481
-864.2192076
-662.4641444
-3839.584558
-2848.069582
-151405.3999
-2511.707802
-2299.309503
-520.8514319
-1075.266664
-427.3975991
-974.9154427
-320.6811912
-821.5649745
-243.8453558
-18528.164
-669.8743516
-615.9550719
-783.0894929
-1022.888766
-875.1060535
-1747.128434
-1070.435314
-587.0744837
-995.1476675
-1673.678634
-733.1218646
-417.3048027
-452.8936013
-856.8125076
-1567.649113
-850.9236931
-2020.702394
-2425.813414
-1523.029228
-3704.873304
-658.9250372
-579.4500744
-4229.280752
-497.3878915
-1172.339359
-71262.35292
-2008.050964
-893.7752541
-2946.410064
-2339.584912
-3633.280096
-755.414421
-684.1293389
-494.301453
-1549.317495
-669.1890055
-4717.347951
-1688.861233
-416.6211265
-349.32042
-206.5435491
-440.5917563
-3397.921849
-1480.183119
-527.3926275
-616.4562085
-7990.325331
-178.1552357
-29776.76065
-693.8572163
-2676.745722
-3011.926773
-302.6021684
-1961.677124
-727.3987489
-1728.480966
-186.5991394
-302.081151
-914.0228521
-10379.84701
-634.3722665
-2571.776024
-7916.406429
-3028.160243
-240.8572299
-446.3674545
-749.8754515
-2134.857728
-661.6563454
-512.0669549
-3825.466713
-788.0908979
-1177.804001
-11636.21532
-563.3448958
-149.0225079
-741.5578837
-986.2176163
-1138.761756
-13425.15015
-9236.533592
-636.3370057
-474.157497
-5693.892263
-1226.107071
-808.9877245
-1308.040073
-19063.79089
-1389.145603
-903.7099922
-688.4235369
-1828.207156
-151.4771232
-236.618366
-837.099655
-612.6397393
-1498.649826
-1527.950143
-2014.402649
-365.7414353
-7653.55154
-1602.768521
-3727.036772
-376.2648135
-16636.98821
-495.8010469
-671.7906312
-3445.98539
-1186.971476
-437.0616281
-732.7612343
-981.4768466
-1025.618956
-600.0628679
-2029.533999
-19154.89659
-2510.48424
-793.6346075
-596.1708438
-250.0968788
-476.0634055
-404.6624612
-4793.05748
-6608.272562
-305.541049
-528.2702492
-1199.99113
-705.9652442
-796.0407095
-1522.462542
-3889.566829
-769.2819624
-1277.030087
-2758.650706
-521.8798436
-2853.919276
-877.1916086
-4365.863681
-599.0073789
-697.7521887
-2686.294649
-1288.300857
-1828.138578
-23033.96276
-291.857908
-500.789686
-604.1756237
-744.185195
-633.874582
-497.0769694
-4219.731484
-6334.873092
-409.3903376
-1221.829842
-1802.620487
-801.0584787
-2846.476084
-4137.954069
-595.3536091
-49159.8556
-2937.146142
-2630.572842
-5007.946791
-6059.175115
-495.0309828
-2273.423622
-1500.051877
-678.0587536
-1448.95881
-1323.87432
-841.0897511
-1988.929385
-2897.964777
-2431.31923
-1049.360896
-238.3181052
-478.8328668
-1719.629148
-18363.75769
-933.3901931
-81.43155834
-1944.224534
-1255.443188
-914.0471664
-1527.69544
-1511.709237
-186.7644064
-203.7410546
-439.2102008
-244.451036
-2914.354542
-1698.579284
-1229.760771
-1098.20229
-1564.878616
-5675.996151
-479.5661142
-1320.696419
-1993.41955
-1927.382004
-11856.23934
-2021.685367
-1441.973334
-4739.093857
-954.7162659
-2881.260914
-1302.642261
-1103.013674
-258.0067817
-2032.5575
-6489.498285
-2145.1204
-982.2158841
-5893.085551
-611.7361246
-443.4778316
-7369.485855
-324.1948204
-629.2930844
-709.4731853
-580.276736
-1529.733323
-697.9679771
-1946.420479
-4004.684296
-1078.079681
-893.0950968
-200.7489173
-893.8969016
-1284.458538
-3726.934328
-578.5581937
-1662.97248
-746.2499301
-1208.574824
-638.7832586
-800.5664481
-1942.22165
-669.4766404
-2739.977564
-2067.482593
-46511.91608
-10759.42649
-210.5051925
-3848.923167
-2166.210584
-722.4525351
-194.6747932
-5952.255866
-2141.616725
-4084.599502
-1396.498691
-3095.267051
-850.3410289
-424.8744728
-1001.912702
-1634.194442
-812.0639037
-612.7281665
-1107.837654
-230.5076593
-2291.468228
-491.4421193
-1158.028241
-384.7207206
-1481.536948
-632.6426165
-371.1065032
-511.4791044
-801.199787
-393.027366
-415.8611941
-2318.647619
-3732.166447
-295.5601122
-513.9953689
-376.5606302
-3098.234893
-311.1591121
-1634.261001
-49083.56724
-393.7171506
-936.4228117
-635.5821976
-1546.344402
-416.820792
-2047.575922
-892.915268
-2463.249573
-15784.22591
-62.66200925
-1038.032604
-564.4454485
-2970.030136
-1273.594152
-309.2692055
-890.5461781
-663.0297572
-820.8290904
-904.7082139
-4423.548275
-392.5903816
-298.4718379
-267.5403076
-1091.999483
-178.1567357
-887.7278729
-4806.561755
-2018.670896
-275.2578827
-1880.57251
-941.0966279
-910.9133038
-371.5814406
-1885.04926
-670.4730605
-1648.806921
-1245.32467
-1506.068045
-220.1760773
-171.4497322
-840.0432334
-1184.744739
-1343.659742
-234.4626546
-448.8192212
-2300.36067
-865.5305006
-4474.578263
-144.8298079
-10118.25804
-207.998854
-8821.265355
-4235.726692
-1509.671201
-1465.620098
-11573.31022
-515.2970689
-727.089421
-411.2240229
-1323.997617
-10391.24666
-992.7207975
-274.6973385
-6023.91249
-434.0306411
-1096.315485
-723.3705368
-639.6105669
-763.752259
-12413.89923
-5679.852784
-294.0064021
-2910.186895
-1272.951729
-637.7936036
-27253.11136
-8666.834876
-3344.123478
-95.04195394
-376.2553165
-320.7385103
-3696.258328
-716.8020635
-7607.073579
-680.3537975
-532.8722724
-2687.539822
-355.2266828
-1359.143924
-1567.502954
-1537.97396
-543.9804639
-596.966036
-423.4416387
-928.4163477
-3379.52211
-3810.555317
-2105.33544
-214.6327681
-1044.651866
-161.5708468
-923.3557105
-767.5289463
-3513.928653
-4482.843748
-855.0000798
-1704.568676
-1580.696064
-495.8784616
-15156.53262
-3468.551037
-667.4737634
-2001.388397
-923.0228242
-520.6755818
-523.2861739
-730.6403164
-2506.562428
-306.9709123
-666.741834
-650.632312
-357.6390279
-3379.99234
-561.6928343
-1017.839001
-1506.947841
-541.2003971
-1605.700821
-2578.081365
-687.2828251
-176.8323699
-2090.308049
-984.5055512
-1648.337897
-30944.05644
-430.1121242
-1842.846286
-2855.330734
-732.94065
-113.3655018
-1103.886852
-718.2505455
-4632.36653
-950.0514506
-752.4978082
-238.7300296
-317.470248
-7011.941947
-3398.79436
-1367.171807
-539.1175029
-358.9211791
-3048.57113
-235.8801016
-142.2851594
-446.7334713
-4522.419014
-441.0313805
-458.1763705
-220.371721
-2137.940282
-3697.201718
-904.0598075
-2361.742837
-1865.461654
-4417.049687
-429.8710109
-7838.297231
-4878.743441
-229.8036791
-23184.64369
-322.7941007
-543.9696045
-372.8298035
-769.0470964
-216.2432651
-713.2704823
-1226.33391
-22382.13685
-534.1953678
-2276.916675
-139.4002374
-431.056694
-743.1430263
-2006.086525
-3474.173241
-233.6810568
-848.9030951
-804.3009102
-1891.02774
-13767.35316
-720.6124203
-2128.20323
-1119.684895
-147.9586431
-156.1885677
-5059.687096
-710.0398446
-1572.688002
-1015.371873
-1172.143566
-220.2693998
-1056.497031
-965.4868672
-440.9025811
-3681.787346
-759.461768
-501.6698434
-1683.7477
-2591.290947
-737.8938326
-1495.684848
-3361.910772
-448.6122376
-1207.965912
-675.0974554
-754.2407721
-1046.945513
-283.2610587
-4275.245301
